10 0.3828125 0.357421875 0.23828125 0.357421875 0.23828125 0.474609375 0.3828125 0.474609375 0.3828125 0.357421875
10 0.637822265625 0.6271386718749999 0.378779296875 0.6271386718749999 0.378779296875 0.8171972656250001 0.637822265625 0.8171972656250001 0.637822265625 0.6271386718749999
10 0.175654296875 0.5098828125 0.002314453125 0.5098828125 0.002314453125 0.7616015625 0.175654296875 0.7616015625 0.175654296875 0.5098828125
10 0.737578125 0.254013671875 0.668671875 0.254013671875 0.668671875 0.295791015625 0.737578125 0.295791015625 0.737578125 0.254013671875
10 0.340341796875 0.49237304687499994 0.163095703125 0.49237304687499994 0.163095703125 0.6873144531250001 0.340341796875 0.6873144531250001 0.340341796875 0.49237304687499994
10 0.5763574218749999 0.5546875 0.47930664062500006 0.5546875 0.47930664062500006 0.6083984375 0.5763574218749999 0.6083984375 0.5763574218749999 0.5546875
10 0.42901367187500006 0.70275390625 0.285830078125 0.70275390625 0.285830078125 0.8324023437499999 0.42901367187500006 0.8324023437499999 0.42901367187500006 0.70275390625
10 0.6898535156250001 0.612080078125 0.6226464843749999 0.612080078125 0.6226464843749999 0.674052734375 0.6898535156250001 0.674052734375 0.6898535156250001 0.612080078125
10 0.11256835937500001 0.602734375 0.069931640625 0.602734375 0.069931640625 0.6384765625 0.11256835937500001 0.6384765625 0.11256835937500001 0.602734375
10 0.23743164062500002 0.7645898437499999 0.046748046875 0.7645898437499999 0.046748046875 0.9063085937500001 0.23743164062500002 0.9063085937500001 0.23743164062500002 0.7645898437499999
10 0.41375976562499994 0.20749023437499997 0.40362304687500006 0.20749023437499997 0.40362304687500006 0.21731445312500003 0.41375976562499994 0.21731445312500003 0.41375976562499994 0.20749023437499997
10 0.3430859375 0.7991308593750001 0.294140625 0.7991308593750001 0.294140625 0.8405175781249999 0.3430859375 0.8405175781249999 0.3430859375 0.7991308593750001
10 0.067197265625 0.429794921875 0.022177734375 0.429794921875 0.022177734375 0.483291015625 0.067197265625 0.483291015625 0.067197265625 0.429794921875
10 0.60388671875 0.430244140625 0.59630859375 0.430244140625 0.59630859375 0.440849609375 0.60388671875 0.440849609375 0.60388671875 0.430244140625
10 0.507314453125 0.737919921875 0.48877929687500005 0.737919921875 0.48877929687500005 0.754267578125 0.507314453125 0.754267578125 0.507314453125 0.737919921875
10 0.4905859375 0.1295703125 0.4816015625 0.1295703125 0.4816015625 0.137265625 0.4905859375 0.137265625 0.4905859375 0.1295703125
10 0.50171875 0.8365136718749999 0.339609375 0.8365136718749999 0.339609375 0.9584082031250001 0.50171875 0.9584082031250001 0.50171875 0.8365136718749999
2 0.23046875 0 0.1875 0.041015625 0.171875 0.06640625 0.12109375 0.1015625 0.056640625 0.166015625 0.0078125 0.236328125 0 0.25 0 0.84375 0.111328125 0.94921875 0.171875 0.974609375 0.224609375 0.9765625 0.26953125 0.96484375 0.314453125 0.982421875 0.583984375 0.935546875 0.7109375 0.896484375 0.796875 0.857421875 0.86328125 0.796875 0.9140625 0.7265625 0.93359375 0.6640625 0.9296875 0.572265625 0.9140625 0.517578125 0.880859375 0.45703125 0.8515625 0.353515625 0.814453125 0.275390625 0.7890625 0.236328125 0.72265625 0.173828125 0.490234375 0.0078125 0.474609375 0 0.322265625 0.005859375 0.318359375 0 0.23046875 0