0 0.200361328125 0.59072265625 0.13932617187500002 0.59072265625 0.13932617187500002 0.65615234375 0.200361328125 0.65615234375 0.200361328125 0.59072265625
0 0.590361328125 0.62974609375 0.551240234375 0.62974609375 0.551240234375 0.66908203125 0.590361328125 0.66908203125 0.590361328125 0.62974609375
0 0.10052734375000001 0.66560546875 0.07060546875 0.66560546875 0.07060546875 0.70060546875 0.10052734375000001 0.70060546875 0.10052734375000001 0.66560546875
0 0.86591796875 0.559619140625 0.83818359375 0.559619140625 0.83818359375 0.587841796875 0.86591796875 0.587841796875 0.86591796875 0.559619140625
0 0.7234765624999999 0.783466796875 0.6778906250000001 0.783466796875 0.6778906250000001 0.8317675781249999 0.7234765624999999 0.8317675781249999 0.7234765624999999 0.783466796875
0 0.11548828124999999 0.463359375 0.08447265625 0.463359375 0.08447265625 0.49222656249999996 0.11548828124999999 0.49222656249999996 0.11548828124999999 0.463359375
0 0.315498046875 0.71142578125 0.282666015625 0.71142578125 0.282666015625 0.76513671875 0.315498046875 0.76513671875 0.315498046875 0.71142578125
0 0.46565429687500004 0.7306640625 0.43817382812499994 0.7306640625 0.43817382812499994 0.7673828125 0.46565429687500004 0.7673828125 0.46565429687500004 0.7306640625
0 0.305537109375 0.7125878906249999 0.286259765625 0.7125878906249999 0.286259765625 0.7356542968750001 0.305537109375 0.7356542968750001 0.305537109375 0.7125878906249999
0 0.33255859375 0.607900390625 0.31001953125 0.607900390625 0.31001953125 0.632333984375 0.33255859375 0.632333984375 0.33255859375 0.607900390625
0 0.666220703125 0.5392480468749999 0.648232421875 0.5392480468749999 0.648232421875 0.5584082031250001 0.666220703125 0.5584082031250001 0.666220703125 0.5392480468749999
0 0.9384570312499999 0.5965917968750001 0.9170117187500001 0.5965917968750001 0.9170117187500001 0.6172753906249999 0.9384570312499999 0.6172753906249999 0.9384570312499999 0.5965917968750001
0 0.10496093749999999 0.5806542968749999 0.0853515625 0.5806542968749999 0.0853515625 0.6009863281250001 0.10496093749999999 0.6009863281250001 0.10496093749999999 0.5806542968749999
0 0.368427734375 0.61478515625 0.349345703125 0.61478515625 0.349345703125 0.63619140625 0.368427734375 0.63619140625 0.368427734375 0.61478515625
0 0.6845703125 0.5165429687499999 0.6455078125 0.5165429687499999 0.6455078125 0.5635351562500001 0.6845703125 0.5635351562500001 0.6845703125 0.5165429687499999
0 0.807646484375 0.693095703125 0.790009765625 0.693095703125 0.790009765625 0.718037109375 0.807646484375 0.718037109375 0.807646484375 0.693095703125
0 0.56703125 0.5060449218749999 0.5540625 0.5060449218749999 0.5540625 0.5212988281250001 0.56703125 0.5212988281250001 0.56703125 0.5060449218749999
0 0.434951171875 0.78544921875 0.412705078125 0.78544921875 0.412705078125 0.81416015625 0.434951171875 0.81416015625 0.434951171875 0.78544921875
0 0.4749609375 0.46484375 0.4625390625 0.46484375 0.4625390625 0.481953125 0.4749609375 0.481953125 0.4749609375 0.46484375
0 0.68673828125 0.633271484375 0.67166015625 0.633271484375 0.67166015625 0.649931640625 0.68673828125 0.649931640625 0.68673828125 0.633271484375
0 0.67869140625 0.51908203125 0.66505859375 0.51908203125 0.66505859375 0.53560546875 0.67869140625 0.53560546875 0.67869140625 0.51908203125
0 0.40103515625 0.7606542968750001 0.38607421875000003 0.7606542968750001 0.38607421875000003 0.7793847656249999 0.40103515625 0.7793847656249999 0.40103515625 0.7606542968750001
0 0.340458984375 0.71263671875 0.324111328125 0.71263671875 0.324111328125 0.73169921875 0.340458984375 0.73169921875 0.340458984375 0.71263671875
0 0.489345703125 0.561259765625 0.476474609375 0.561259765625 0.476474609375 0.579365234375 0.489345703125 0.579365234375 0.489345703125 0.561259765625
0 0.3902734375 0.39212890625 0.3773046875 0.39212890625 0.3773046875 0.40474609375000004 0.3902734375 0.40474609375000004 0.3902734375 0.39212890625
0 0.21921875000000002 0.45562500000000006 0.20753906249999998 0.45562500000000006 0.20753906249999998 0.46773437500000004 0.21921875000000002 0.46773437500000004 0.21921875000000002 0.45562500000000006
0 0.11602539062499999 0.733232421875 0.10077148437500001 0.733232421875 0.10077148437500001 0.749189453125 0.11602539062499999 0.749189453125 0.11602539062499999 0.733232421875
0 0.14552734375 0.7021484375 0.13205078125 0.7021484375 0.13205078125 0.7197265625 0.14552734375 0.7197265625 0.14552734375 0.7021484375
0 0.64474609375 0.46614257812500004 0.63259765625 0.46614257812500004 0.63259765625 0.47819335937499996 0.64474609375 0.47819335937499996 0.64474609375 0.46614257812500004
0 0.23470703125 0.295263671875 0.22306640625 0.295263671875 0.22306640625 0.307275390625 0.23470703125 0.307275390625 0.23470703125 0.295263671875
0 0.16103515625 0.47979492187500006 0.15169921875 0.47979492187500006 0.15169921875 0.48993164062499994 0.16103515625 0.48993164062499994 0.16103515625 0.47979492187500006
0 0.46607421875000005 0.79306640625 0.45677734374999995 0.79306640625 0.45677734374999995 0.80751953125 0.46607421875000005 0.80751953125 0.46607421875000005 0.79306640625
0 0.25732421875 0.77345703125 0.23314453125 0.77345703125 0.23314453125 0.79587890625 0.25732421875 0.79587890625 0.25732421875 0.77345703125
0 0.7359082031249999 0.7048925781250001 0.7230761718750001 0.7048925781250001 0.7230761718750001 0.7160058593749999 0.7359082031249999 0.7160058593749999 0.7359082031249999 0.7048925781250001
0 0.36798828125 0.9552734375 0.35419921875 0.9552734375 0.35419921875 0.9724609375 0.36798828125 0.9724609375 0.36798828125 0.9552734375
0 0.2448828125 0.37735351562499997 0.236328125 0.37735351562499997 0.236328125 0.38729492187500003 0.2448828125 0.38729492187500003 0.2448828125 0.37735351562499997
0 0.049501953125 0.47263671875 0.039169921875 0.47263671875 0.039169921875 0.48197265624999996 0.049501953125 0.48197265624999996 0.049501953125 0.47263671875
0 0.265322265625 0.27322265625000003 0.25178710937500004 0.27322265625000003 0.25178710937500004 0.28392578125 0.265322265625 0.28392578125 0.265322265625 0.27322265625000003
0 0.401416015625 0.301376953125 0.391552734375 0.301376953125 0.391552734375 0.31045898437499997 0.401416015625 0.31045898437499997 0.401416015625 0.301376953125
0 0.308359375 0.8304003906249999 0.300546875 0.8304003906249999 0.300546875 0.8404980468750001 0.308359375 0.8404980468750001 0.308359375 0.8304003906249999
0 0.22996093750000002 0.567822265625 0.21925781249999998 0.567822265625 0.21925781249999998 0.586474609375 0.22996093750000002 0.586474609375 0.22996093750000002 0.567822265625
0 0.564970703125 0.812392578125 0.556123046875 0.812392578125 0.556123046875 0.823349609375 0.564970703125 0.823349609375 0.564970703125 0.812392578125
0 0.30845703125 0.37600585937500003 0.29603515625 0.37600585937500003 0.29603515625 0.397939453125 0.30845703125 0.397939453125 0.30845703125 0.37600585937500003
0 0.38162109375000003 0.8877832031249999 0.37376953125 0.8877832031249999 0.37376953125 0.8983496093750001 0.38162109375000003 0.8983496093750001 0.38162109375000003 0.8877832031249999
0 0.310830078125 0.5136035156250001 0.294169921875 0.5136035156250001 0.294169921875 0.5322949218749999 0.310830078125 0.5322949218749999 0.310830078125 0.5136035156250001
0 0.012490234375000001 0.549638671875 0.002861328125 0.549638671875 0.002861328125 0.560712890625 0.012490234375000001 0.560712890625 0.012490234375000001 0.549638671875
0 0.789306640625 0.5747753906249999 0.781982421875 0.5747753906249999 0.781982421875 0.5824511718750001 0.789306640625 0.5824511718750001 0.789306640625 0.5747753906249999
2 0.220703125 0.974609375 0.248046875 0.98828125 0.34765625 0.984375 0.60546875 0.880859375 0.68359375 0.859375 0.814453125 0.7734375 0.8671875 0.71484375 0.998046875 0.6015625 0.998046875 0.572265625 0.884765625 0.552734375 0.84765625 0.53515625 0.76171875 0.466796875 0.638671875 0.396484375 0.51171875 0.357421875 0.3984375 0.296875 0.29296875 0.26953125 0.25390625 0.275390625 0.220703125 0.294921875 0.033203125 0.4453125 0.01171875 0.4765625 0 0.544921875 0.05078125 0.66015625 0.19140625 0.939453125 0.220703125 0.974609375