10 0.65234375 0.544921875 0.275390625 0.544921875 0.275390625 0.7421875 0.65234375 0.7421875 0.65234375 0.544921875
10 0.772216796875 0.453369140625 0.510986328125 0.453369140625 0.510986328125 0.718505859375 0.772216796875 0.718505859375 0.772216796875 0.453369140625
10 0.9883398437500001 0.324775390625 0.8056054687499999 0.324775390625 0.8056054687499999 0.514599609375 0.9883398437500001 0.514599609375 0.9883398437500001 0.324775390625
10 0.297548828125 0.2451171875 0.11456054687499999 0.2451171875 0.11456054687499999 0.5 0.297548828125 0.5 0.297548828125 0.2451171875
10 0.50341796875 0.258369140625 0.34521484375 0.258369140625 0.34521484375 0.366162109375 0.50341796875 0.366162109375 0.50341796875 0.258369140625
10 0.69177734375 0.31841796875 0.51623046875 0.31841796875 0.51623046875 0.43744140624999994 0.69177734375 0.43744140624999994 0.69177734375 0.31841796875
10 0.66541015625 0.45355468749999994 0.53087890625 0.45355468749999994 0.53087890625 0.5425390625000001 0.66541015625 0.5425390625000001 0.66541015625 0.45355468749999994
10 0.516357421875 0.342158203125 0.339111328125 0.342158203125 0.339111328125 0.496708984375 0.516357421875 0.496708984375 0.516357421875 0.342158203125
10 0.208505859375 0.24451171875000002 0.004150390625 0.24451171875000002 0.004150390625 0.41224609375 0.208505859375 0.41224609375 0.208505859375 0.24451171875000002
10 0.8538867187499999 0.249580078125 0.61486328125 0.249580078125 0.61486328125 0.430615234375 0.8538867187499999 0.430615234375 0.8538867187499999 0.249580078125
10 0.394970703125 0.580439453125 0.266669921875 0.580439453125 0.266669921875 0.678349609375 0.394970703125 0.678349609375 0.394970703125 0.580439453125
10 0.7724023437499999 0.47287109374999997 0.6475195312500001 0.47287109374999997 0.6475195312500001 0.57791015625 0.7724023437499999 0.57791015625 0.7724023437499999 0.47287109374999997
10 0.278359375 0.2501953125 0.162578125 0.2501953125 0.162578125 0.361640625 0.278359375 0.361640625 0.278359375 0.2501953125
10 0.735234375 0.188359375 0.5128125 0.188359375 0.5128125 0.35609375 0.735234375 0.35609375 0.735234375 0.188359375
10 0.34638671875 0.178583984375 0.29376953125 0.178583984375 0.29376953125 0.230126953125 0.34638671875 0.230126953125 0.34638671875 0.178583984375
2 0 0.412109375 0.080078125 0.546875 0.142578125 0.607421875 0.24609375 0.654296875 0.443359375 0.78125 0.482421875 0.814453125 0.494140625 0.841796875 0.517578125 0.8515625 0.50390625 0.876953125 0.5078125 0.900390625 0.515625 0.904296875 0.59765625 0.81640625 0.66796875 0.755859375 0.779296875 0.6875 0.8671875 0.64453125 0.982421875 0.498046875 0.9921875 0.451171875 0.982421875 0.392578125 0.982421875 0.369140625 0.994140625 0.34765625 0.9921875 0.314453125 0.982421875 0.279296875 0.958984375 0.251953125 0.8515625 0.1953125 0.71484375 0.150390625 0.525390625 0.072265625 0.5078125 0.072265625 0.5 0.080078125 0.474609375 0.0703125 0.4296875 0.07421875 0.37890625 0.1015625 0.1640625 0.1484375 0.083984375 0.1796875 0.02734375 0.212890625 0 0.236328125 0 0.412109375