0 0.45377929687499996 0.278212890625 0.375869140625 0.278212890625 0.375869140625 0.361201171875 0.45377929687499996 0.361201171875 0.45377929687499996 0.278212890625
0 0.452041015625 0.564677734375 0.397568359375 0.564677734375 0.397568359375 0.630126953125 0.452041015625 0.630126953125 0.452041015625 0.564677734375
0 0.400048828125 0.7047460937500001 0.370458984375 0.7047460937500001 0.370458984375 0.7376367187499999 0.400048828125 0.7376367187499999 0.400048828125 0.7047460937500001
0 0.232412109375 0.695478515625 0.195087890625 0.695478515625 0.195087890625 0.735185546875 0.232412109375 0.735185546875 0.232412109375 0.695478515625
0 0.155546875 0.711669921875 0.1266796875 0.711669921875 0.1266796875 0.748291015625 0.155546875 0.748291015625 0.155546875 0.711669921875
0 0.499365234375 0.124267578125 0.44743164062499996 0.124267578125 0.44743164062499996 0.202646484375 0.499365234375 0.202646484375 0.499365234375 0.124267578125
0 0.40725585937500003 0.4796875 0.36715820312499997 0.4796875 0.36715820312499997 0.526171875 0.40725585937500003 0.526171875 0.40725585937500003 0.4796875
0 0.7217675781249999 0.39583984375000003 0.6952246093750001 0.39583984375000003 0.6952246093750001 0.43083984375 0.7217675781249999 0.43083984375 0.7217675781249999 0.39583984375000003
0 0.639482421875 0.496533203125 0.604658203125 0.496533203125 0.604658203125 0.534716796875 0.639482421875 0.534716796875 0.639482421875 0.496533203125
0 0.344951171875 0.274716796875 0.311298828125 0.274716796875 0.311298828125 0.314658203125 0.344951171875 0.314658203125 0.344951171875 0.274716796875
0 0.7294042968750001 0.4669921875 0.6983300781249999 0.4669921875 0.6983300781249999 0.5022656249999999 0.7294042968750001 0.5022656249999999 0.7294042968750001 0.4669921875
0 0.33640625 0.600146484375 0.3071484375 0.600146484375 0.3071484375 0.640087890625 0.33640625 0.640087890625 0.33640625 0.600146484375
0 0.522099609375 0.65771484375 0.497431640625 0.65771484375 0.497431640625 0.69091796875 0.522099609375 0.69091796875 0.522099609375 0.65771484375
0 0.567548828125 0.37546875 0.544755859375 0.37546875 0.544755859375 0.401875 0.567548828125 0.401875 0.567548828125 0.37546875
0 0.16566406250000001 0.47603515625000004 0.1392578125 0.47603515625000004 0.1392578125 0.50541015625 0.16566406250000001 0.50541015625 0.16566406250000001 0.47603515625000004
0 0.52625 0.28919921875 0.48546875 0.28919921875 0.48546875 0.34361328125 0.52625 0.34361328125 0.52625 0.28919921875
0 0.63908203125 0.346044921875 0.60017578125 0.346044921875 0.60017578125 0.38981445312499996 0.63908203125 0.38981445312499996 0.63908203125 0.346044921875
0 0.25623046875 0.490947265625 0.22572265625000001 0.490947265625 0.22572265625000001 0.521748046875 0.25623046875 0.521748046875 0.25623046875 0.490947265625
0 0.410576171875 0.35927734375 0.37020507812500003 0.35927734375 0.37020507812500003 0.42150390625 0.410576171875 0.42150390625 0.410576171875 0.35927734375
0 0.149404296875 0.30927734375 0.102080078125 0.30927734375 0.102080078125 0.35185546875 0.149404296875 0.35185546875 0.149404296875 0.30927734375
0 0.43747070312499997 0.512421875 0.41409179687500003 0.512421875 0.41409179687500003 0.54421875 0.43747070312499997 0.54421875 0.43747070312499997 0.512421875
0 0.8441015625 0.49017578124999994 0.7896875 0.49017578124999994 0.7896875 0.5684179687500001 0.8441015625 0.5684179687500001 0.8441015625 0.49017578124999994
0 0.487548828125 0.604248046875 0.449951171875 0.604248046875 0.449951171875 0.650634765625 0.487548828125 0.650634765625 0.487548828125 0.604248046875
0 0.3199609375 0.1369921875 0.25671875 0.1369921875 0.25671875 0.21480468749999998 0.3199609375 0.21480468749999998 0.3199609375 0.1369921875
0 0.56201171875 0.49236328125 0.54443359375 0.49236328125 0.54443359375 0.5144726562499999 0.56201171875 0.5144726562499999 0.56201171875 0.49236328125
0 0.684892578125 0.08255859374999999 0.650068359375 0.08255859374999999 0.650068359375 0.11603515625000001 0.684892578125 0.11603515625000001 0.684892578125 0.08255859374999999
0 0.7471289062500001 0.19271484375 0.7128320312499999 0.19271484375 0.7128320312499999 0.22916015625 0.7471289062500001 0.22916015625 0.7471289062500001 0.19271484375
0 0.2755078125 0.44432617187499995 0.2484375 0.44432617187499995 0.2484375 0.47024414062500003 0.2755078125 0.47024414062500003 0.2755078125 0.44432617187499995
0 0.47540039062500006 0.700244140625 0.45233398437499994 0.700244140625 0.45233398437499994 0.731396484375 0.47540039062500006 0.731396484375 0.47540039062500006 0.700244140625
0 0.297138671875 0.5510546875 0.23899414062500002 0.5510546875 0.23899414062500002 0.6159375 0.297138671875 0.6159375 0.297138671875 0.5510546875
0 0.09201171875 0.39211914062500003 0.060214843750000004 0.39211914062500003 0.060214843750000004 0.43065429687499995 0.09201171875 0.43065429687499995 0.09201171875 0.39211914062500003
0 0.6584375 0.266728515625 0.63453125 0.266728515625 0.63453125 0.294326171875 0.6584375 0.294326171875 0.6584375 0.266728515625
0 0.240654296875 0.36986328125 0.219072265625 0.36986328125 0.219072265625 0.39529296875000003 0.240654296875 0.39529296875000003 0.240654296875 0.36986328125
0 0.719189453125 0.302431640625 0.689990234375 0.302431640625 0.689990234375 0.334287109375 0.719189453125 0.334287109375 0.719189453125 0.302431640625
0 0.45852539062500003 0.735205078125 0.42624023437499997 0.735205078125 0.42624023437499997 0.764794921875 0.45852539062500003 0.764794921875 0.45852539062500003 0.735205078125
0 0.363623046875 0.18717773437500002 0.33122070312499996 0.18717773437500002 0.33122070312499996 0.231767578125 0.363623046875 0.231767578125 0.363623046875 0.18717773437500002
0 0.050615234375 0.40852539062500004 0.008134765625 0.40852539062500004 0.008134765625 0.45280273437499996 0.050615234375 0.45280273437499996 0.050615234375 0.40852539062500004
0 0.613291015625 0.40751953125 0.592763671875 0.40751953125 0.592763671875 0.43232421875 0.613291015625 0.43232421875 0.613291015625 0.40751953125
0 0.151298828125 0.41975585937500004 0.126552734375 0.41975585937500004 0.126552734375 0.44403320312499994 0.151298828125 0.44403320312499994 0.151298828125 0.41975585937500004
0 0.4371484375 0.76337890625 0.3968359375 0.76337890625 0.3968359375 0.80400390625 0.4371484375 0.80400390625 0.4371484375 0.76337890625
0 0.751435546875 0.7716406250000001 0.728056640625 0.7716406250000001 0.728056640625 0.7976953124999999 0.751435546875 0.7976953124999999 0.751435546875 0.7716406250000001
0 0.725634765625 0.565869140625 0.699169921875 0.565869140625 0.699169921875 0.590380859375 0.725634765625 0.590380859375 0.725634765625 0.565869140625
0 0.303486328125 0.139990234375 0.264873046875 0.139990234375 0.264873046875 0.17567382812500001 0.303486328125 0.17567382812500001 0.303486328125 0.139990234375
0 0.8305078124999999 0.25380859375 0.7983984375000001 0.25380859375 0.7983984375000001 0.29162109375 0.8305078124999999 0.29162109375 0.8305078124999999 0.25380859375
0 0.533974609375 0.5951953125 0.510947265625 0.5951953125 0.510947265625 0.622578125 0.533974609375 0.622578125 0.533974609375 0.5951953125
0 0.261826171875 0.31451171875 0.22157226562500001 0.31451171875 0.22157226562500001 0.35150390625 0.261826171875 0.35150390625 0.261826171875 0.31451171875
0 0.39144531250000003 0.536298828125 0.35953124999999997 0.536298828125 0.35953124999999997 0.576005859375 0.39144531250000003 0.576005859375 0.39144531250000003 0.536298828125
0 0.75451171875 0.742666015625 0.73474609375 0.742666015625 0.73474609375 0.763193359375 0.75451171875 0.763193359375 0.75451171875 0.742666015625
0 0.193818359375 0.54060546875 0.16239257812500002 0.54060546875 0.16239257812500002 0.58537109375 0.193818359375 0.58537109375 0.193818359375 0.54060546875
0 0.5735449218750001 0.6113964843749999 0.5582910156249999 0.6113964843749999 0.5582910156249999 0.6317675781250001 0.5735449218750001 0.6317675781250001 0.5735449218750001 0.6113964843749999
0 0.24072265625 0.600908203125 0.21021484375 0.600908203125 0.21021484375 0.627607421875 0.24072265625 0.627607421875 0.24072265625 0.600908203125
0 0.137763671875 0.246591796875 0.100869140625 0.246591796875 0.100869140625 0.284189453125 0.137763671875 0.284189453125 0.137763671875 0.246591796875
0 0.27412109375 0.07546875 0.24736328125 0.07546875 0.24736328125 0.101171875 0.27412109375 0.101171875 0.27412109375 0.07546875
0 0.646611328125 0.716796875 0.622919921875 0.716796875 0.622919921875 0.7490234375 0.646611328125 0.7490234375 0.646611328125 0.716796875
0 0.6665234375 0.728837890625 0.6479296875 0.728837890625 0.6479296875 0.753583984375 0.6665234375 0.753583984375 0.6665234375 0.728837890625
0 0.61546875 0.240166015625 0.5915625 0.240166015625 0.5915625 0.26717773437500003 0.61546875 0.26717773437500003 0.61546875 0.240166015625
0 0.43994140625 0.045654296875 0.42189453125 0.045654296875 0.42189453125 0.072314453125 0.43994140625 0.072314453125 0.43994140625 0.045654296875
0 0.319931640625 0.7225976562499999 0.301162109375 0.7225976562499999 0.301162109375 0.7451757812500001 0.319931640625 0.7451757812500001 0.319931640625 0.7225976562499999
0 0.7912890625 0.331357421875 0.762421875 0.331357421875 0.762421875 0.367861328125 0.7912890625 0.367861328125 0.7912890625 0.331357421875
0 0.044775390625 0.8124414062499999 0.021162109374999998 0.8124414062499999 0.021162109374999998 0.8359960937500001 0.044775390625 0.8359960937500001 0.044775390625 0.8124414062499999
0 0.194365234375 0.418544921875 0.17598632812499998 0.418544921875 0.17598632812499998 0.436455078125 0.194365234375 0.436455078125 0.194365234375 0.418544921875
0 0.59365234375 0.8210644531250001 0.57822265625 0.8210644531250001 0.57822265625 0.8400683593749999 0.59365234375 0.8400683593749999 0.59365234375 0.8210644531250001
0 0.363173828125 0.41634765625 0.344833984375 0.41634765625 0.344833984375 0.43572265625 0.363173828125 0.43572265625 0.363173828125 0.41634765625
0 0.7141992187499999 0.000029296875 0.6861914062500001 0.000029296875 0.6861914062500001 0.026533203124999998 0.7141992187499999 0.026533203124999998 0.7141992187499999 0.000029296875
0 0.311630859375 0.8181640625 0.290908203125 0.8181640625 0.290908203125 0.841015625 0.311630859375 0.841015625 0.311630859375 0.8181640625
0 0.5587792968749999 0.25741210937500003 0.5437597656250001 0.25741210937500003 0.5437597656250001 0.273369140625 0.5587792968749999 0.273369140625 0.5587792968749999 0.25741210937500003
0 0.79365234375 0.10589843750000001 0.77763671875 0.10589843750000001 0.77763671875 0.1219921875 0.79365234375 0.1219921875 0.79365234375 0.10589843750000001
0 0.59078125 0.09883789062500001 0.569375 0.09883789062500001 0.569375 0.117958984375 0.59078125 0.117958984375 0.59078125 0.09883789062500001
0 0 0.508515625 0.014374999999999999 0.508515625 0.014374999999999999 0.47585937500000003 0 0.47585937500000003 0 0.508515625
0 0.85572265625 0.13138671875000002 0.83373046875 0.13138671875000002 0.83373046875 0.15037109375 0.85572265625 0.15037109375 0.85572265625 0.13138671875000002
0 0.3692578125 0.652568359375 0.334375 0.652568359375 0.334375 0.682392578125 0.3692578125 0.682392578125 0.3692578125 0.652568359375
0 0.44875976562500003 0.28509765625 0.36471679687499997 0.28509765625 0.36471679687499997 0.43365234375000006 0.44875976562500003 0.43365234375000006 0.44875976562500003 0.28509765625
0 0.782431640625 0.7658984375 0.761513671875 0.7658984375 0.761513671875 0.7887890625 0.782431640625 0.7887890625 0.782431640625 0.7658984375
0 0.80693359375 0.12755859375 0.79072265625 0.12755859375 0.79072265625 0.14099609375 0.80693359375 0.14099609375 0.80693359375 0.12755859375
0 0.035732421874999996 0.7545800781249999 0.000244140625 0.7545800781249999 0.000244140625 0.8049902343750001 0.035732421874999996 0.8049902343750001 0.035732421874999996 0.7545800781249999
0 0.76486328125 0.455966796875 0.75173828125 0.455966796875 0.75173828125 0.468837890625 0.76486328125 0.468837890625 0.76486328125 0.455966796875
0 0.87548828125 0.45407226562499997 0.85791015625 0.45407226562499997 0.85791015625 0.474169921875 0.87548828125 0.474169921875 0.87548828125 0.45407226562499997
0 0.399833984375 0.00009765625 0.36629882812500003 0.00009765625 0.36629882812500003 0.02138671875 0.399833984375 0.02138671875 0.399833984375 0.00009765625
0 0.64521484375 0.48892578125 0.59111328125 0.48892578125 0.59111328125 0.5882226562499999 0.64521484375 0.5882226562499999 0.64521484375 0.48892578125
0 0.362978515625 0.820078125 0.349912109375 0.820078125 0.349912109375 0.8332421875 0.362978515625 0.8332421875 0.362978515625 0.820078125
0 0.269423828125 0.054013671875 0.24963867187500002 0.054013671875 0.24963867187500002 0.07415039062499999 0.269423828125 0.07415039062499999 0.269423828125 0.054013671875
0 0.12740234374999998 0.668330078125 0.10259765624999999 0.668330078125 0.10259765624999999 0.689091796875 0.12740234374999998 0.689091796875 0.12740234374999998 0.668330078125
0 0.40592773437499996 0.13033203124999998 0.386572265625 0.13033203124999998 0.386572265625 0.15287109375000002 0.40592773437499996 0.15287109375000002 0.40592773437499996 0.13033203124999998
0 0.680546875 0.76279296875 0.66125 0.76279296875 0.66125 0.77822265625 0.680546875 0.77822265625 0.680546875 0.76279296875
2 0.3046875 0 0.255859375 0.064453125 0.19921875 0.109375 0.125 0.1875 0.087890625 0.2578125 0 0.451171875 0 0.8359375 0.166015625 0.892578125 0.216796875 0.8984375 0.32421875 0.865234375 0.421875 0.87109375 0.45703125 0.859375 0.591796875 0.861328125 0.62890625 0.85546875 0.69140625 0.837890625 0.76953125 0.787109375 0.8125 0.732421875 0.837890625 0.673828125 0.853515625 0.546875 0.904296875 0.37109375 0.92578125 0.248046875 0.97265625 0.244140625 0.978515625 0.228515625 0.892578125 0.189453125 0.861328125 0.138671875 0.810546875 0.08984375 0.736328125 0 0.3046875 0