10 0.50390625 0.318359375 0.26171875 0.318359375 0.26171875 0.4375 0.50390625 0.4375 0.50390625 0.318359375
10 0.8133593749999999 0.179814453125 0.5176953125 0.179814453125 0.5176953125 0.417373046875 0.8133593749999999 0.417373046875 0.8133593749999999 0.179814453125
10 0.665654296875 0.11963867187499999 0.424189453125 0.11963867187499999 0.424189453125 0.311533203125 0.665654296875 0.311533203125 0.665654296875 0.11963867187499999
10 0.5693359375 0.462646484375 0.3486328125 0.462646484375 0.3486328125 0.632080078125 0.5693359375 0.632080078125 0.5693359375 0.462646484375
10 0.8992285156250001 0.4453125 0.6515527343749999 0.4453125 0.6515527343749999 0.6669921875 0.8992285156250001 0.6669921875 0.8992285156250001 0.4453125
10 0.7197265625 0.00732421875 0.498046875 0.00732421875 0.498046875 0.16041015625 0.7197265625 0.16041015625 0.7197265625 0.00732421875
10 0.677490234375 0.47784179687500006 0.495361328125 0.47784179687500006 0.495361328125 0.6725488281249999 0.677490234375 0.6725488281249999 0.677490234375 0.47784179687500006
10 0.6841406250000001 0.0027148437500000002 0.5375390624999999 0.0027148437500000002 0.5375390624999999 0.07291015625 0.6841406250000001 0.07291015625 0.6841406250000001 0.0027148437500000002
10 0.48094726562499995 0.5259472656249999 0.45901367187500003 0.5259472656249999 0.45901367187500003 0.5424121093750001 0.48094726562499995 0.5424121093750001 0.48094726562499995 0.5259472656249999
10 0.46751953124999995 0.28702148437499997 0.45533203125000005 0.28702148437499997 0.45533203125000005 0.29989257812500003 0.46751953124999995 0.29989257812500003 0.46751953124999995 0.28702148437499997
10 0.6590234374999999 0.44923828125 0.6437109375000001 0.44923828125 0.6437109375000001 0.46384765625 0.6590234374999999 0.46384765625 0.6590234374999999 0.44923828125
10 0.41485351562500006 0.45708984375000006 0.223818359375 0.45708984375000006 0.223818359375 0.6454492187499999 0.41485351562500006 0.6454492187499999 0.41485351562500006 0.45708984375000006
10 0.48591796875000004 0.277490234375 0.47357421874999994 0.277490234375 0.47357421874999994 0.290869140625 0.48591796875000004 0.290869140625 0.48591796875000004 0.277490234375
2 0.587890625 0 0.517578125 0.0234375 0.4375 0.09375 0.3828125 0.123046875 0.341796875 0.162109375 0.314453125 0.21484375 0.23046875 0.314453125 0.184244140625 0.386068359375 0.16015625 0.408203125 0.091796875 0.43359375 0.08203125 0.4453125 0.1875 0.517578125 0.234375 0.599609375 0.28515625 0.66015625 0.33203125 0.73828125 0.3828125 0.77734375 0.490234375 0.818359375 0.57421875 0.818359375 0.60546875 0.806640625 0.65234375 0.8046875 0.6796875 0.791015625 0.814453125 0.6640625 0.908203125 0.5390625 0.953125 0.49609375 0.970703125 0.455078125 0.96484375 0.451171875 0.970703125 0.419921875 0.96484375 0.3984375 0.861328125 0.275390625 0.73828125 0.103515625 0.6484375 0.01171875 0.615234375 0 0.587890625 0