0 0.702001953125 0.651484375 0.636279296875 0.651484375 0.636279296875 0.7290234375 0.702001953125 0.7290234375 0.702001953125 0.651484375
0 0.760126953125 0.51923828125 0.732060546875 0.51923828125 0.732060546875 0.55400390625 0.760126953125 0.55400390625 0.760126953125 0.51923828125
0 0.38087890625 0.51814453125 0.33884765625 0.51814453125 0.33884765625 0.57365234375 0.38087890625 0.57365234375 0.38087890625 0.51814453125
0 0.4635546875 0.8224511718749999 0.4402734375 0.8224511718749999 0.4402734375 0.8543066406250001 0.4635546875 0.8543066406250001 0.4635546875 0.8224511718749999
0 0.31033203125000003 0.7520410156249999 0.26146484375 0.7520410156249999 0.26146484375 0.8348730468750001 0.31033203125000003 0.8348730468750001 0.31033203125000003 0.7520410156249999
0 0.51796875 0.750029296875 0.46203125 0.750029296875 0.46203125 0.812470703125 0.51796875 0.812470703125 0.51796875 0.750029296875
0 0.707958984375 0.769404296875 0.676806640625 0.769404296875 0.676806640625 0.8126269531249999 0.707958984375 0.8126269531249999 0.707958984375 0.769404296875
0 0.164189453125 0.588369140625 0.13905273437500001 0.588369140625 0.13905273437500001 0.617685546875 0.164189453125 0.617685546875 0.164189453125 0.588369140625
0 0.191552734375 0.525859375 0.157314453125 0.525859375 0.157314453125 0.56203125 0.191552734375 0.56203125 0.191552734375 0.525859375
0 0.465244140625 0.401806640625 0.429287109375 0.401806640625 0.429287109375 0.440498046875 0.465244140625 0.440498046875 0.465244140625 0.401806640625
0 0.14951171875 0.7295800781249999 0.13173828125 0.7295800781249999 0.13173828125 0.7547949218750001 0.14951171875 0.7547949218750001 0.14951171875 0.7295800781249999
0 0.3909375 0.602177734375 0.3673828125 0.602177734375 0.3673828125 0.631220703125 0.3909375 0.631220703125 0.3909375 0.602177734375
0 0.42022460937500006 0.5032324218750001 0.369814453125 0.5032324218750001 0.369814453125 0.5651269531249999 0.42022460937500006 0.5651269531249999 0.42022460937500006 0.5032324218750001
0 0.676591796875 0.50734375 0.636884765625 0.50734375 0.636884765625 0.54734375 0.676591796875 0.54734375 0.676591796875 0.50734375
0 0.44447265625 0.31027343749999997 0.40076171875 0.31027343749999997 0.40076171875 0.35769531250000003 0.44447265625 0.35769531250000003 0.44447265625 0.31027343749999997
0 0.8883496093750001 0.581826171875 0.8675097656249999 0.581826171875 0.8675097656249999 0.602744140625 0.8883496093750001 0.602744140625 0.8883496093750001 0.581826171875
0 0.23966796875 0.623095703125 0.21689453125 0.623095703125 0.21689453125 0.651318359375 0.23966796875 0.651318359375 0.23966796875 0.623095703125
0 0.31810546875 0.46511718750000003 0.29861328125000003 0.46511718750000003 0.29861328125000003 0.48996093749999997 0.31810546875 0.48996093749999997 0.31810546875 0.46511718750000003
0 0.47982421875 0.69189453125 0.44107421875 0.69189453125 0.44107421875 0.73486328125 0.47982421875 0.73486328125 0.47982421875 0.69189453125
0 0.32140625 0.302958984375 0.2708984375 0.302958984375 0.2708984375 0.352822265625 0.32140625 0.352822265625 0.32140625 0.302958984375
0 0.370986328125 0.71923828125 0.346318359375 0.71923828125 0.346318359375 0.75146484375 0.370986328125 0.75146484375 0.370986328125 0.71923828125
0 0.845703125 0.5038183593750001 0.7939453125 0.5038183593750001 0.7939453125 0.5616113281249999 0.845703125 0.5616113281249999 0.845703125 0.5038183593750001
0 0.33662109375 0.8358105468750001 0.31474609375 0.8358105468750001 0.31474609375 0.8624316406249999 0.33662109375 0.8624316406249999 0.33662109375 0.8358105468750001
0 0.58515625 0.7005273437499999 0.557421875 0.7005273437499999 0.557421875 0.7369726562500001 0.58515625 0.7369726562500001 0.58515625 0.7005273437499999
0 0.622099609375 0.55986328125 0.605439453125 0.55986328125 0.605439453125 0.58076171875 0.622099609375 0.58076171875 0.622099609375 0.55986328125
0 0.370830078125 0.38272460937499997 0.332294921875 0.38272460937499997 0.332294921875 0.430751953125 0.370830078125 0.430751953125 0.370830078125 0.38272460937499997
0 0.54267578125 0.29580078125 0.52177734375 0.29580078125 0.52177734375 0.31701171875 0.54267578125 0.31701171875 0.54267578125 0.29580078125
0 0.427822265625 0.21322265625 0.38272460937499997 0.21322265625 0.38272460937499997 0.28287109374999997 0.427822265625 0.28287109374999997 0.427822265625 0.21322265625
0 0.235927734375 0.310615234375 0.207431640625 0.310615234375 0.207431640625 0.347119140625 0.235927734375 0.347119140625 0.235927734375 0.310615234375
0 0.1315625 0.620869140625 0.108671875 0.620869140625 0.108671875 0.656474609375 0.1315625 0.656474609375 0.1315625 0.620869140625
0 0.42179687499999996 0.377451171875 0.37703125000000004 0.377451171875 0.37703125000000004 0.42383789062500005 0.42179687499999996 0.42383789062500005 0.42179687499999996 0.377451171875
0 0.716787109375 0.47659179687500003 0.689462890625 0.47659179687500003 0.689462890625 0.504384765625 0.716787109375 0.504384765625 0.716787109375 0.47659179687500003
0 0.5899316406249999 0.545771484375 0.5731542968750001 0.545771484375 0.5731542968750001 0.565556640625 0.5899316406249999 0.565556640625 0.5899316406249999 0.545771484375
0 0.54052734375 0.21947265625 0.50732421875 0.21947265625 0.50732421875 0.25685546875 0.54052734375 0.25685546875 0.54052734375 0.21947265625
0 0.544921875 0.654013671875 0.5234375 0.654013671875 0.5234375 0.681923828125 0.544921875 0.681923828125 0.544921875 0.654013671875
0 0.15736328125000001 0.624833984375 0.13634765625 0.624833984375 0.13634765625 0.653486328125 0.15736328125000001 0.653486328125 0.15736328125000001 0.624833984375
0 0.722294921875 0.6266015625 0.705439453125 0.6266015625 0.705439453125 0.6478125 0.722294921875 0.6478125 0.722294921875 0.6266015625
0 0.3884375 0.44365234375 0.371328125 0.44365234375 0.371328125 0.46505859374999997 0.3884375 0.46505859374999997 0.3884375 0.44365234375
0 0.169765625 0.375625 0.1280859375 0.375625 0.1280859375 0.4261328125 0.169765625 0.4261328125 0.169765625 0.375625
0 0.27841796875 0.5931738281250001 0.26017578124999996 0.5931738281250001 0.26017578124999996 0.6197167968749999 0.27841796875 0.6197167968749999 0.27841796875 0.5931738281250001
0 0.4486328125 0.74443359375 0.433203125 0.74443359375 0.433203125 0.76728515625 0.4486328125 0.76728515625 0.4486328125 0.74443359375
0 0.583955078125 0.22388671875 0.542021484375 0.22388671875 0.542021484375 0.26099609375 0.583955078125 0.26099609375 0.583955078125 0.22388671875
0 0.08353515624999999 0.631298828125 0.06845703125 0.631298828125 0.06845703125 0.652880859375 0.08353515624999999 0.652880859375 0.08353515624999999 0.631298828125
0 0.166328125 0.32326171875 0.136171875 0.32326171875 0.136171875 0.34619140625 0.166328125 0.34619140625 0.166328125 0.32326171875
0 0.6566015625 0.370048828125 0.619765625 0.370048828125 0.619765625 0.412685546875 0.6566015625 0.412685546875 0.6566015625 0.370048828125
0 0.37359375 0.791025390625 0.3573828125 0.791025390625 0.3573828125 0.811513671875 0.37359375 0.811513671875 0.37359375 0.791025390625
0 0.355888671875 0.5909765625000001 0.33797851562500003 0.5909765625000001 0.33797851562500003 0.6189843749999999 0.355888671875 0.6189843749999999 0.355888671875 0.5909765625000001
0 0.8568457031250001 0.693310546875 0.8345605468749999 0.693310546875 0.8345605468749999 0.719775390625 0.8568457031250001 0.719775390625 0.8568457031250001 0.693310546875
0 0.2103515625 0.46549804687499996 0.194921875 0.46549804687499996 0.194921875 0.485205078125 0.2103515625 0.485205078125 0.2103515625 0.46549804687499996
0 0.102587890625 0.58279296875 0.083466796875 0.58279296875 0.083466796875 0.60470703125 0.102587890625 0.60470703125 0.102587890625 0.58279296875
0 0.10438476562500001 0.554462890625 0.084599609375 0.554462890625 0.084599609375 0.573466796875 0.10438476562500001 0.573466796875 0.10438476562500001 0.554462890625
0 0.351875 0.6851953125 0.3205078125 0.6851953125 0.3205078125 0.7191015625 0.351875 0.7191015625 0.351875 0.6851953125
0 0.423212890625 0.8663378906249999 0.406865234375 0.8663378906249999 0.406865234375 0.8865917968750001 0.423212890625 0.8865917968750001 0.423212890625 0.8663378906249999
0 0.6926171875 0.43067382812500005 0.6765234375 0.43067382812500005 0.6765234375 0.44920898437499995 0.6926171875 0.44920898437499995 0.6926171875 0.43067382812500005
0 0.26880859375 0.27566406250000003 0.22849609375000002 0.27566406250000003 0.22849609375000002 0.3254296875 0.26880859375 0.3254296875 0.26880859375 0.27566406250000003
0 0.663623046875 0.2768359375 0.643994140625 0.2768359375 0.643994140625 0.29640625 0.663623046875 0.29640625 0.663623046875 0.2768359375
0 0.13001953125000001 0.42966796875 0.11423828124999999 0.42966796875 0.11423828124999999 0.44923828125 0.13001953125000001 0.44923828125 0.13001953125000001 0.42966796875
0 0.443671875 0.599580078125 0.426953125 0.599580078125 0.426953125 0.617216796875 0.443671875 0.617216796875 0.443671875 0.599580078125
0 0.48757812500000003 0.47982421875 0.46554687499999997 0.47982421875 0.46554687499999997 0.5123632812500001 0.48757812500000003 0.5123632812500001 0.48757812500000003 0.47982421875
0 0.474658203125 0.8756738281249999 0.456005859375 0.8756738281249999 0.456005859375 0.8948339843750001 0.474658203125 0.8948339843750001 0.474658203125 0.8756738281249999
0 0.282568359375 0.1983984375 0.25309570312499996 0.1983984375 0.25309570312499996 0.2198046875 0.282568359375 0.2198046875 0.282568359375 0.1983984375
0 0.48603515625 0.222568359375 0.47001953125 0.222568359375 0.47001953125 0.243017578125 0.48603515625 0.243017578125 0.48603515625 0.222568359375
0 0.7259863281250001 0.56154296875 0.7017480468749999 0.56154296875 0.7017480468749999 0.58396484375 0.7259863281250001 0.58396484375 0.7259863281250001 0.56154296875
0 0.17521484375000002 0.2126953125 0.14951171875 0.2126953125 0.14951171875 0.23410156249999997 0.17521484375000002 0.23410156249999997 0.17521484375000002 0.2126953125
0 0.269189453125 0.47056640625 0.250849609375 0.47056640625 0.250849609375 0.48841796875 0.269189453125 0.48841796875 0.269189453125 0.47056640625
0 0.276220703125 0.350400390625 0.257958984375 0.350400390625 0.257958984375 0.389833984375 0.276220703125 0.389833984375 0.276220703125 0.350400390625
0 0.26920898437499996 0.6814843749999999 0.256689453125 0.6814843749999999 0.256689453125 0.6964453125000001 0.26920898437499996 0.6964453125000001 0.26920898437499996 0.6814843749999999
0 0.232998046875 0.91291015625 0.216220703125 0.91291015625 0.216220703125 0.93181640625 0.232998046875 0.93181640625 0.232998046875 0.91291015625
0 0.158505859375 0.86693359375 0.142041015625 0.86693359375 0.142041015625 0.88892578125 0.158505859375 0.88892578125 0.158505859375 0.86693359375
0 0.54560546875 0.6012500000000001 0.53349609375 0.6012500000000001 0.53349609375 0.6145703124999999 0.54560546875 0.6145703124999999 0.54560546875 0.6012500000000001
0 0.242998046875 0.229013671875 0.225009765625 0.229013671875 0.225009765625 0.243408203125 0.242998046875 0.243408203125 0.242998046875 0.229013671875
0 0.6170312499999999 0.30884765625 0.6007421875000001 0.30884765625 0.6007421875000001 0.32642578125 0.6170312499999999 0.32642578125 0.6170312499999999 0.30884765625
0 0.7767675781250001 0.38436523437500003 0.7124902343749999 0.38436523437500003 0.7124902343749999 0.459384765625 0.7767675781250001 0.459384765625 0.7767675781250001 0.38436523437500003
0 0.9098046875 0.622451171875 0.884140625 0.622451171875 0.884140625 0.638291015625 0.9098046875 0.638291015625 0.9098046875 0.622451171875
0 0.24857421875000002 0.35989257812500003 0.19748046875 0.35989257812500003 0.19748046875 0.42526367187499997 0.24857421875000002 0.42526367187499997 0.24857421875000002 0.35989257812500003
0 0.35489257812499997 0.15861328125000002 0.327255859375 0.15861328125000002 0.327255859375 0.17392578125 0.35489257812499997 0.17392578125 0.35489257812499997 0.15861328125000002
0 0.12890625 0.19837890625000001 0.1121875 0.19837890625000001 0.1121875 0.21228515625000002 0.12890625 0.21228515625000002 0.12890625 0.19837890625000001
0 0.802001953125 0.44463867187500006 0.761474609375 0.44463867187500006 0.761474609375 0.48360351562500004 0.802001953125 0.48360351562500004 0.802001953125 0.44463867187500006
0 0.42967773437499995 0.657392578125 0.40872070312500003 0.657392578125 0.40872070312500003 0.684404296875 0.42967773437499995 0.684404296875 0.42967773437499995 0.657392578125
0 0.012529296875000002 0.93626953125 0.000048828125 0.93626953125 0.000048828125 0.95826171875 0.012529296875000002 0.95826171875 0.012529296875000002 0.93626953125
0 0.577900390625 0.43173828125 0.565654296875 0.43173828125 0.565654296875 0.44716796875 0.577900390625 0.44716796875 0.577900390625 0.43173828125
0 0.395869140625 0.40819335937499995 0.380498046875 0.40819335937499995 0.380498046875 0.42629882812500003 0.395869140625 0.42629882812500003 0.395869140625 0.40819335937499995
0 0.41763671875 0.22716796874999998 0.40416015625 0.22716796874999998 0.40416015625 0.24134765625000001 0.41763671875 0.24134765625000001 0.41763671875 0.22716796874999998
0 0.548095703125 0.480556640625 0.537841796875 0.480556640625 0.537841796875 0.493076171875 0.548095703125 0.493076171875 0.548095703125 0.480556640625
0 0.33083984375000003 0.5854296875 0.31564453124999997 0.5854296875 0.31564453124999997 0.5981640625 0.33083984375000003 0.5981640625 0.33083984375000003 0.5854296875
0 0.430927734375 0.65302734375 0.417705078125 0.65302734375 0.417705078125 0.67021484375 0.430927734375 0.67021484375 0.430927734375 0.65302734375
0 0.423759765625 0.77001953125 0.403388671875 0.77001953125 0.403388671875 0.80126953125 0.423759765625 0.80126953125 0.423759765625 0.77001953125
0 0.605361328125 0.50232421875 0.576279296875 0.50232421875 0.576279296875 0.53087890625 0.605361328125 0.53087890625 0.605361328125 0.50232421875
0 0.083486328125 0.258681640625 0.07350585937500001 0.258681640625 0.07350585937500001 0.269638671875 0.083486328125 0.269638671875 0.083486328125 0.258681640625
2 0.150390625 0.8984375 0.197265625 0.923828125 0.23828125 0.935546875 0.279296875 0.935546875 0.353515625 0.9140625 0.443359375 0.91015625 0.556640625 0.876953125 0.658203125 0.86328125 0.73046875 0.806640625 0.7734375 0.783203125 0.8203125 0.734375 0.873046875 0.697265625 0.93359375 0.681640625 0.998046875 0.67578125 0.998046875 0.66015625 0.974609375 0.634765625 0.88671875 0.55859375 0.853515625 0.51953125 0.779296875 0.416015625 0.736328125 0.328125 0.703125 0.2890625 0.517578125 0.197265625 0.396484375 0.16796875 0.3359375 0.162109375 0.16796875 0.16796875 0.083984375 0.212890625 0.06640625 0.25 0.05078125 0.482421875 0.05078125 0.654296875 0.08203125 0.783203125 0.12890625 0.876953125 0.150390625 0.8984375