0 0.3669921875 0.39973632812500004 0.2738671875 0.39973632812500004 0.2738671875 0.506943359375 0.3669921875 0.506943359375 0.3669921875 0.39973632812500004
0 0.719453125 0.45767578125 0.6291796875 0.45767578125 0.6291796875 0.5569726562499999 0.719453125 0.5569726562499999 0.719453125 0.45767578125
0 0.4390625 0.4365234375 0.37199218749999996 0.4365234375 0.37199218749999996 0.541015625 0.4390625 0.541015625 0.4390625 0.4365234375
0 0.36075195312499997 0.6136816406250001 0.29842773437500003 0.6136816406250001 0.29842773437500003 0.6978417968749999 0.36075195312499997 0.6978417968749999 0.36075195312499997 0.6136816406250001
0 0.6115136718749999 0.30544921875000003 0.5720800781250001 0.30544921875000003 0.5720800781250001 0.35568359374999997 0.6115136718749999 0.35568359374999997 0.6115136718749999 0.30544921875000003
0 0.363095703125 0.24658203125 0.302451171875 0.24658203125 0.302451171875 0.30126953125 0.363095703125 0.30126953125 0.363095703125 0.24658203125
0 0.53322265625 0.63888671875 0.48630859375 0.63888671875 0.48630859375 0.70193359375 0.53322265625 0.70193359375 0.53322265625 0.63888671875
0 0.82548828125 0.495498046875 0.78779296875 0.495498046875 0.78779296875 0.541611328125 0.82548828125 0.541611328125 0.82548828125 0.495498046875
0 0.48349609375 0.22025390625000002 0.40470703124999996 0.22025390625000002 0.40470703124999996 0.28806640625 0.48349609375 0.28806640625 0.48349609375 0.22025390625000002
0 0.248974609375 0.4100390625 0.20829101562500002 0.4100390625 0.20829101562500002 0.4566796875 0.248974609375 0.4566796875 0.248974609375 0.4100390625
0 0.617451171875 0.66189453125 0.572001953125 0.66189453125 0.572001953125 0.71896484375 0.617451171875 0.71896484375 0.617451171875 0.66189453125
0 0.52322265625 0.34855468749999996 0.49044921874999997 0.34855468749999996 0.49044921874999997 0.38484375000000004 0.52322265625 0.38484375000000004 0.52322265625 0.34855468749999996
0 0.699755859375 0.317177734375 0.654736328125 0.317177734375 0.654736328125 0.359111328125 0.699755859375 0.359111328125 0.699755859375 0.317177734375
0 0.753310546875 0.397255859375 0.716416015625 0.397255859375 0.716416015625 0.435283203125 0.753310546875 0.435283203125 0.753310546875 0.397255859375
0 0.22472656249999998 0.5702539062499999 0.1817578125 0.5702539062499999 0.1817578125 0.6504492187500001 0.22472656249999998 0.6504492187500001 0.22472656249999998 0.5702539062499999
0 0.762724609375 0.43375976562499996 0.716767578125 0.43375976562499996 0.716767578125 0.481787109375 0.762724609375 0.481787109375 0.762724609375 0.43375976562499996
0 0.30646484375 0.23310546875 0.26728515625 0.23310546875 0.26728515625 0.27568359375 0.30646484375 0.27568359375 0.30646484375 0.23310546875
0 0.23253906249999998 0.5040234375 0.1973828125 0.5040234375 0.1973828125 0.5448046875 0.23253906249999998 0.5448046875 0.23253906249999998 0.5040234375
0 0.7303515625 0.235283203125 0.6973828125 0.235283203125 0.6973828125 0.27010742187500003 0.7303515625 0.27010742187500003 0.7303515625 0.235283203125
0 0.7579980468749999 0.3341796875 0.7234472656250001 0.3341796875 0.7234472656250001 0.3684765625 0.7579980468749999 0.3684765625 0.7579980468749999 0.3341796875
0 0.634716796875 0.1739453125 0.591845703125 0.1739453125 0.591845703125 0.219140625 0.634716796875 0.219140625 0.634716796875 0.1739453125
0 0.69013671875 0.36390625 0.65654296875 0.36390625 0.65654296875 0.3978125 0.69013671875 0.3978125 0.69013671875 0.36390625
0 0.491630859375 0.644404296875 0.462978515625 0.644404296875 0.462978515625 0.686650390625 0.491630859375 0.686650390625 0.491630859375 0.644404296875
0 0.685771484375 0.2273046875 0.657001953125 0.2273046875 0.657001953125 0.2578125 0.685771484375 0.2578125 0.685771484375 0.2273046875
0 0.5684179687500001 0.75515625 0.5136132812499999 0.75515625 0.5136132812499999 0.789765625 0.5684179687500001 0.789765625 0.5684179687500001 0.75515625
0 0.455498046875 0.45748046875000004 0.435634765625 0.45748046875000004 0.435634765625 0.48294921874999996 0.455498046875 0.48294921874999996 0.455498046875 0.45748046875000004
0 0.199697265625 0.491826171875 0.171904296875 0.491826171875 0.171904296875 0.520869140625 0.199697265625 0.520869140625 0.199697265625 0.491826171875
0 0.255078125 0.49468750000000006 0.2300390625 0.49468750000000006 0.2300390625 0.5267968749999999 0.255078125 0.5267968749999999 0.255078125 0.49468750000000006
0 0.8050195312499999 0.41087890624999995 0.7828710937500001 0.41087890624999995 0.7828710937500001 0.43728515625000003 0.8050195312499999 0.43728515625000003 0.8050195312499999 0.41087890624999995
0 0.47173828125000006 0.13919921875000002 0.43646484374999994 0.13919921875000002 0.43646484374999994 0.17744140625 0.47173828125000006 0.17744140625 0.47173828125000006 0.13919921875000002
0 0.8701171875 0.6219140624999999 0.806640625 0.6219140624999999 0.806640625 0.6681250000000001 0.8701171875 0.6681250000000001 0.8701171875 0.6219140624999999
0 0.55689453125 0.60435546875 0.53490234375 0.60435546875 0.53490234375 0.63001953125 0.55689453125 0.63001953125 0.55689453125 0.60435546875
0 0.3196484375 0.31087890625000003 0.2975390625 0.31087890625000003 0.2975390625 0.33658203124999997 0.3196484375 0.33658203124999997 0.3196484375 0.31087890625000003
0 0.8303417968750001 0.5998046875 0.8044238281249999 0.5998046875 0.8044238281249999 0.63359375 0.8303417968750001 0.63359375 0.8303417968750001 0.5998046875
0 0.364130859375 0.6055273437500001 0.340478515625 0.6055273437500001 0.340478515625 0.6327539062499999 0.364130859375 0.6327539062499999 0.364130859375 0.6055273437500001
0 0.444072265625 0.29524414062500004 0.42069335937499996 0.29524414062500004 0.42069335937499996 0.32194335937499996 0.444072265625 0.32194335937499996 0.444072265625 0.29524414062500004
0 0.5967675781249999 0.5682714843750001 0.5780371093750001 0.5682714843750001 0.5780371093750001 0.5909082031249999 0.5967675781249999 0.5909082031249999 0.5967675781249999 0.5682714843750001
0 0.841767578125 0.44361328125000005 0.818388671875 0.44361328125000005 0.818388671875 0.46849609374999995 0.841767578125 0.46849609374999995 0.841767578125 0.44361328125000005
0 0.277705078125 0.48974609375 0.257451171875 0.48974609375 0.257451171875 0.51220703125 0.277705078125 0.51220703125 0.277705078125 0.48974609375
0 0.9797265625 0.506396484375 0.9558203125 0.506396484375 0.9558203125 0.534619140625 0.9797265625 0.534619140625 0.9797265625 0.506396484375
0 0.82392578125 0.3648046875 0.80302734375 0.3648046875 0.80302734375 0.3866796875 0.82392578125 0.3866796875 0.82392578125 0.3648046875
0 0.77625 0.374697265625 0.756953125 0.374697265625 0.756953125 0.395810546875 0.77625 0.395810546875 0.77625 0.374697265625
0 0.21543945312499999 0.27987304687500003 0.192294921875 0.27987304687500003 0.192294921875 0.30508789062499997 0.21543945312499999 0.30508789062499997 0.21543945312499999 0.27987304687500003
0 0.3576171875 0.13832031250000001 0.3196484375 0.13832031250000001 0.3196484375 0.16953125 0.3576171875 0.16953125 0.3576171875 0.13832031250000001
0 0.5395703125 0.379677734375 0.52390625 0.379677734375 0.52390625 0.399619140625 0.5395703125 0.399619140625 0.5395703125 0.379677734375
0 0.49953125 0.5079003906249999 0.48046875 0.5079003906249999 0.48046875 0.5301855468750001 0.49953125 0.5301855468750001 0.49953125 0.5079003906249999
0 0.409287109375 0.58060546875 0.39102539062499997 0.58060546875 0.39102539062499997 0.60201171875 0.409287109375 0.60201171875 0.409287109375 0.58060546875
0 0.15266601562499998 0.40432617187500003 0.126162109375 0.40432617187500003 0.126162109375 0.43407226562499995 0.15266601562499998 0.43407226562499995 0.15266601562499998 0.40432617187500003
0 0.29541015625 0.3762890625 0.27736328125 0.3762890625 0.27736328125 0.39765625 0.29541015625 0.39765625 0.29541015625 0.3762890625
0 0.8409765625000001 0.5658984375 0.8221093749999999 0.5658984375 0.8221093749999999 0.59328125 0.8409765625000001 0.59328125 0.8409765625000001 0.5658984375
0 0.713330078125 0.5961328124999999 0.692919921875 0.5961328124999999 0.692919921875 0.6196875000000001 0.713330078125 0.6196875000000001 0.713330078125 0.5961328124999999
0 0.999892578125 0.5821191406249999 0.973740234375 0.5821191406249999 0.973740234375 0.6229589843750001 0.999892578125 0.6229589843750001 0.999892578125 0.5821191406249999
0 0.23595703124999998 0.230078125 0.20470703124999998 0.230078125 0.20470703124999998 0.26625 0.23595703124999998 0.26625 0.23595703124999998 0.230078125
0 0.5486425781250001 0.487197265625 0.5304589843749999 0.487197265625 0.5304589843749999 0.506474609375 0.5486425781250001 0.506474609375 0.5486425781250001 0.487197265625
0 0.381083984375 0.241875 0.357705078125 0.241875 0.357705078125 0.26644531250000003 0.381083984375 0.26644531250000003 0.381083984375 0.241875
0 0.311650390625 0.739794921875 0.287958984375 0.739794921875 0.287958984375 0.763134765625 0.311650390625 0.763134765625 0.311650390625 0.739794921875
0 0.780615234375 0.348095703125 0.762353515625 0.348095703125 0.762353515625 0.368232421875 0.780615234375 0.368232421875 0.780615234375 0.348095703125
0 0.47955078125000006 0.512470703125 0.44380859375000004 0.512470703125 0.44380859375000004 0.560771484375 0.47955078125000006 0.560771484375 0.47955078125000006 0.512470703125
0 0.55703125 0.306875 0.5435546875 0.306875 0.5435546875 0.32253906250000003 0.55703125 0.32253906250000003 0.55703125 0.306875
0 0.4473828125 0.778037109375 0.426171875 0.778037109375 0.426171875 0.798134765625 0.4473828125 0.798134765625 0.4473828125 0.778037109375
0 0.393818359375 0.56080078125 0.382080078125 0.56080078125 0.382080078125 0.57689453125 0.393818359375 0.57689453125 0.393818359375 0.56080078125
0 0.58861328125 0.373974609375 0.57544921875 0.373974609375 0.57544921875 0.388251953125 0.58861328125 0.388251953125 0.58861328125 0.373974609375
0 0.9501074218750001 0.5897558593750001 0.9375878906249999 0.5897558593750001 0.9375878906249999 0.6036035156249999 0.9501074218750001 0.6036035156249999 0.9501074218750001 0.5897558593750001
0 0.4818359375 0.38771484375 0.468359375 0.38771484375 0.468359375 0.40380859375 0.4818359375 0.40380859375 0.4818359375 0.38771484375
0 0.206875 0.278759765625 0.1319921875 0.278759765625 0.1319921875 0.362373046875 0.206875 0.362373046875 0.206875 0.278759765625
0 0.315908203125 0.560302734375 0.303232421875 0.560302734375 0.303232421875 0.575439453125 0.315908203125 0.575439453125 0.315908203125 0.560302734375
0 0.39638671875 0.691787109375 0.38341796875 0.691787109375 0.38341796875 0.707626953125 0.39638671875 0.707626953125 0.39638671875 0.691787109375
0 0.657265625 0.190126953125 0.6425390625 0.190126953125 0.6425390625 0.208818359375 0.657265625 0.208818359375 0.657265625 0.190126953125
0 0.500244140625 0.12237304687499999 0.387451171875 0.12237304687499999 0.387451171875 0.227236328125 0.500244140625 0.227236328125 0.500244140625 0.12237304687499999
0 0.905908203125 0.51353515625 0.894873046875 0.51353515625 0.894873046875 0.52650390625 0.905908203125 0.52650390625 0.905908203125 0.51353515625
0 0.541455078125 0.10833007812499999 0.497607421875 0.10833007812499999 0.497607421875 0.156826171875 0.541455078125 0.156826171875 0.541455078125 0.10833007812499999
0 0.378212890625 0.39814453125 0.367880859375 0.39814453125 0.367880859375 0.40947265625 0.378212890625 0.40947265625 0.378212890625 0.39814453125
0 0.6182519531249999 0.723798828125 0.5604589843750001 0.723798828125 0.5604589843750001 0.772294921875 0.6182519531249999 0.772294921875 0.6182519531249999 0.723798828125
0 0.50439453125 0.378642578125 0.48681640625 0.378642578125 0.48681640625 0.41288085937499996 0.50439453125 0.41288085937499996 0.50439453125 0.378642578125
0 0.44268554687500006 0.389638671875 0.43426757812499994 0.389638671875 0.43426757812499994 0.398447265625 0.44268554687500006 0.398447265625 0.44268554687500006 0.389638671875
0 0.577392578125 0.407177734375 0.568115234375 0.407177734375 0.568115234375 0.418994140625 0.577392578125 0.418994140625 0.577392578125 0.407177734375
0 0.555859375 0.204501953125 0.506640625 0.204501953125 0.506640625 0.22764648437499999 0.555859375 0.22764648437499999 0.555859375 0.204501953125
0 0.251728515625 0.2780859375 0.21604492187500002 0.2780859375 0.21604492187500002 0.3093359375 0.251728515625 0.3093359375 0.251728515625 0.2780859375
2 0.291015625 0.75 0.3671875 0.787109375 0.42578125 0.796875 0.556640625 0.78125 0.775390625 0.6875 0.875 0.634765625 0.998046875 0.623046875 0.998046875 0.55078125 0.806640625 0.2890625 0.72265625 0.2109375 0.658203125 0.16796875 0.52734375 0.1015625 0.4765625 0.08984375 0.4140625 0.08984375 0.34375 0.123046875 0.220703125 0.2265625 0.150390625 0.31640625 0.119140625 0.369140625 0.119140625 0.4296875 0.171875 0.5390625 0.2109375 0.646484375 0.291015625 0.75