10 0.595703125 0.427734375 0.427734375 0.427734375 0.427734375 0.720703125 0.595703125 0.720703125 0.595703125 0.427734375
10 0.9019140625000001 0.327333984375 0.7191796874999999 0.327333984375 0.7191796874999999 0.48321289062500006 0.9019140625000001 0.48321289062500006 0.9019140625000001 0.327333984375
10 0.5209374999999999 0.18351562500000002 0.3696875 0.18351562500000002 0.3696875 0.3033203125 0.5209374999999999 0.3033203125 0.5209374999999999 0.18351562500000002
10 0.40576171875 0.41791015624999994 0.27099609375 0.41791015624999994 0.27099609375 0.5068945312500001 0.40576171875 0.5068945312500001 0.40576171875 0.41791015624999994
10 0.9466601562499999 0.3360546875 0.67541015625 0.3360546875 0.67541015625 0.6698046875 0.9466601562499999 0.6698046875 0.9466601562499999 0.3360546875
10 0.36214843750000003 0.5128515625000001 0.25113281249999997 0.5128515625000001 0.25113281249999997 0.5916406249999999 0.36214843750000003 0.5916406249999999 0.36214843750000003 0.5128515625000001
10 0.49639648437500006 0.6693457031250001 0.44598632812499994 0.6693457031250001 0.44598632812499994 0.7173730468749999 0.49639648437500006 0.7173730468749999 0.49639648437500006 0.6693457031250001
10 0.274755859375 0.258193359375 0.192783203125 0.258193359375 0.192783203125 0.299423828125 0.274755859375 0.299423828125 0.274755859375 0.258193359375
10 0.45559570312500003 0.16734374999999999 0.41014648437499995 0.16734374999999999 0.41014648437499995 0.1951953125 0.45559570312500003 0.1951953125 0.45559570312500003 0.16734374999999999
10 0.5015527343749999 0.764970703125 0.458916015625 0.764970703125 0.458916015625 0.8053417968750001 0.5015527343749999 0.8053417968750001 0.5015527343749999 0.764970703125
10 0.168818359375 0.29763671875000003 0.098994140625 0.29763671875000003 0.098994140625 0.35470703124999997 0.168818359375 0.35470703124999997 0.168818359375 0.29763671875000003
10 0.29362304687499996 0.313291015625 0.227392578125 0.313291015625 0.227392578125 0.344443359375 0.29362304687499996 0.344443359375 0.29362304687499996 0.313291015625
10 0.3120703125 0.13873046875 0.2553125 0.13873046875 0.2553125 0.16548828124999998 0.3120703125 0.16548828124999998 0.3120703125 0.13873046875
10 0.821357421875 0.35376953125 0.812431640625 0.35376953125 0.812431640625 0.36205078125 0.821357421875 0.36205078125 0.821357421875 0.35376953125
2 0.20703125 0 0.208984375 0.064453125 0.185546875 0.126953125 0.138671875 0.1875 0.056640625 0.2578125 0.009765625 0.337890625 0 0.375 0.005859375 0.439453125 0.072265625 0.595703125 0.103515625 0.646484375 0.140625 0.6875 0.1953125 0.73046875 0.3125 0.796875 0.42578125 0.837890625 0.419921875 0.87109375 0.431640625 0.87890625 0.478515625 0.873046875 0.498046875 0.84765625 0.576171875 0.830078125 0.6484375 0.791015625 0.810546875 0.734375 0.94140625 0.669921875 0.974609375 0.623046875 0.990234375 0.537109375 0.986328125 0.50390625 0.91015625 0.357421875 0.876953125 0.31640625 0.71484375 0.193359375 0.64453125 0.1640625 0.4765625 0.1171875 0.39453125 0.0859375 0.3125 0.044921875 0.25390625 0 0.20703125 0