0 0.44162109374999997 0.538623046875 0.34982421874999997 0.538623046875 0.34982421874999997 0.647470703125 0.44162109374999997 0.647470703125 0.44162109374999997 0.538623046875
0 0.7151171875 0.5260351562500001 0.6501171875 0.5260351562500001 0.6501171875 0.6058007812499999 0.7151171875 0.6058007812499999 0.7151171875 0.5260351562500001
0 0.44973632812500003 0.459384765625 0.37252929687499997 0.459384765625 0.37252929687499997 0.5406152343749999 0.44973632812500003 0.5406152343749999 0.44973632812500003 0.459384765625
0 0.397578125 0.321328125 0.3353515625 0.321328125 0.3353515625 0.410625 0.397578125 0.410625 0.397578125 0.321328125
0 0.637431640625 0.44388671874999996 0.575458984375 0.44388671874999996 0.575458984375 0.51072265625 0.637431640625 0.51072265625 0.637431640625 0.44388671874999996
0 0.16220703125 0.553203125 0.12466796875 0.553203125 0.12466796875 0.60109375 0.16220703125 0.60109375 0.16220703125 0.553203125
0 0.462744140625 0.278994140625 0.40885742187499996 0.278994140625 0.40885742187499996 0.334287109375 0.462744140625 0.334287109375 0.462744140625 0.278994140625
0 0.153125 0.38333007812500003 0.1054296875 0.38333007812500003 0.1054296875 0.43209960937499997 0.153125 0.43209960937499997 0.153125 0.38333007812500003
0 0.672197265625 0.307734375 0.611982421875 0.307734375 0.611982421875 0.399296875 0.672197265625 0.399296875 0.672197265625 0.307734375
0 0.305419921875 0.217470703125 0.267822265625 0.217470703125 0.267822265625 0.258857421875 0.305419921875 0.258857421875 0.305419921875 0.217470703125
0 0.342265625 0.5252050781250001 0.309609375 0.5252050781250001 0.309609375 0.5646386718749999 0.342265625 0.5646386718749999 0.342265625 0.5252050781250001
0 0.570927734375 0.344189453125 0.498408203125 0.344189453125 0.498408203125 0.470771484375 0.570927734375 0.470771484375 0.570927734375 0.344189453125
0 0.79783203125 0.551865234375 0.74513671875 0.551865234375 0.74513671875 0.613173828125 0.79783203125 0.613173828125 0.79783203125 0.551865234375
0 0.69328125 0.45877929687499996 0.65046875 0.45877929687499996 0.65046875 0.507548828125 0.69328125 0.507548828125 0.69328125 0.45877929687499996
0 0.7217675781249999 0.467431640625 0.6981542968750001 0.467431640625 0.6981542968750001 0.498388671875 0.7217675781249999 0.498388671875 0.7217675781249999 0.467431640625
0 0.502578125 0.79490234375 0.48328125 0.79490234375 0.48328125 0.8203320312500001 0.502578125 0.8203320312500001 0.502578125 0.79490234375
0 0.66185546875 0.696650390625 0.63794921875 0.696650390625 0.63794921875 0.726201171875 0.66185546875 0.726201171875 0.66185546875 0.696650390625
0 0.2995703125 0.42629882812500003 0.2165625 0.42629882812500003 0.2165625 0.531708984375 0.2995703125 0.531708984375 0.2995703125 0.42629882812500003
0 0.4841796875 0.23850585937500002 0.46066406249999997 0.23850585937500002 0.46066406249999997 0.263447265625 0.4841796875 0.263447265625 0.4841796875 0.23850585937500002
0 0.802294921875 0.47427734375 0.741650390625 0.47427734375 0.741650390625 0.5501367187499999 0.802294921875 0.5501367187499999 0.802294921875 0.47427734375
0 0.18202148437500001 0.64607421875 0.153681640625 0.64607421875 0.153681640625 0.69279296875 0.18202148437500001 0.69279296875 0.18202148437500001 0.64607421875
0 0.515390625 0.6571386718750001 0.5012109375 0.6571386718750001 0.5012109375 0.6739160156249999 0.515390625 0.6739160156249999 0.515390625 0.6571386718750001
0 0.26720703125 0.6964746093749999 0.24306640625 0.6964746093749999 0.24306640625 0.7293066406250001 0.26720703125 0.7293066406250001 0.26720703125 0.6964746093749999
0 0.46507812499999995 0.74900390625 0.44265625000000003 0.74900390625 0.44265625000000003 0.77638671875 0.46507812499999995 0.77638671875 0.46507812499999995 0.74900390625
0 0.54740234375 0.52275390625 0.52193359375 0.52275390625 0.52193359375 0.55634765625 0.54740234375 0.55634765625 0.54740234375 0.52275390625
0 0.5546875 0.7588671875 0.533203125 0.7588671875 0.533203125 0.792890625 0.5546875 0.792890625 0.5546875 0.7588671875
0 0.246650390625 0.32429687500000004 0.220146484375 0.32429687500000004 0.220146484375 0.35832031249999996 0.246650390625 0.35832031249999996 0.246650390625 0.32429687500000004
0 0.37421875 0.2676953125 0.3474609375 0.2676953125 0.3474609375 0.2948046875 0.37421875 0.2948046875 0.37421875 0.2676953125
0 0.612666015625 0.719697265625 0.592412109375 0.719697265625 0.592412109375 0.750029296875 0.612666015625 0.750029296875 0.612666015625 0.719697265625
0 0.159892578125 0.34203125 0.139169921875 0.34203125 0.139169921875 0.3640234375 0.159892578125 0.3640234375 0.159892578125 0.34203125
0 0.346240234375 0.4565625 0.32614257812499997 0.4565625 0.32614257812499997 0.4809375 0.346240234375 0.4809375 0.346240234375 0.4565625
0 0.383662109375 0.320380859375 0.361962890625 0.320380859375 0.361962890625 0.342705078125 0.383662109375 0.342705078125 0.383662109375 0.320380859375
0 0.510087890625 0.277763671875 0.49284179687499996 0.277763671875 0.49284179687499996 0.298408203125 0.510087890625 0.298408203125 0.510087890625 0.277763671875
0 0.631318359375 0.29020507812499996 0.605986328125 0.29020507812499996 0.605986328125 0.316748046875 0.631318359375 0.316748046875 0.631318359375 0.29020507812499996
0 0.095703125 0.426689453125 0.07421875 0.426689453125 0.07421875 0.453701171875 0.095703125 0.453701171875 0.095703125 0.426689453125
0 0.187724609375 0.6196875000000001 0.17020507812500002 0.6196875000000001 0.17020507812500002 0.6410546874999999 0.187724609375 0.6410546874999999 0.187724609375 0.6196875000000001
0 0.43583984375 0.44413085937499996 0.41330078124999997 0.44413085937499996 0.41330078124999997 0.474345703125 0.43583984375 0.474345703125 0.43583984375 0.44413085937499996
0 0.24134765625000001 0.43783203125 0.21814453125000002 0.43783203125 0.21814453125000002 0.46697265625 0.24134765625000001 0.46697265625 0.24134765625000001 0.43783203125
0 0.49333007812499996 0.41527343749999995 0.474951171875 0.41527343749999995 0.474951171875 0.43777343750000003 0.49333007812499996 0.43777343750000003 0.49333007812499996 0.41527343749999995
0 0.28629882812499996 0.385947265625 0.27229492187500004 0.385947265625 0.27229492187500004 0.40459960937500006 0.28629882812499996 0.40459960937500006 0.28629882812499996 0.385947265625
0 0.47359375000000004 0.776982421875 0.45953125000000006 0.776982421875 0.45953125000000006 0.797236328125 0.47359375000000004 0.797236328125 0.47359375000000004 0.776982421875
0 0.413837890625 0.2125 0.399169921875 0.2125 0.399169921875 0.2298828125 0.413837890625 0.2298828125 0.413837890625 0.2125
0 0.34681640625 0.40140624999999996 0.33091796875 0.40140624999999996 0.33091796875 0.4252734375 0.34681640625 0.4252734375 0.34681640625 0.40140624999999996
0 0.529677734375 0.725224609375 0.517197265625 0.725224609375 0.517197265625 0.743525390625 0.529677734375 0.743525390625 0.529677734375 0.725224609375
0 0.3515234375 0.48830078125 0.335 0.48830078125 0.335 0.50974609375 0.3515234375 0.50974609375 0.3515234375 0.48830078125
0 0.510966796875 0.310537109375 0.489033203125 0.310537109375 0.489033203125 0.339853515625 0.510966796875 0.339853515625 0.510966796875 0.310537109375
0 0.62412109375 0.2555078125 0.59951171875 0.2555078125 0.59951171875 0.2811328125 0.62412109375 0.2811328125 0.62412109375 0.2555078125
0 0.490322265625 0.65478515625 0.477451171875 0.65478515625 0.477451171875 0.67236328125 0.490322265625 0.67236328125 0.490322265625 0.65478515625
0 0.327431640625 0.41751953124999996 0.309794921875 0.41751953124999996 0.309794921875 0.43892578125000004 0.327431640625 0.43892578125000004 0.327431640625 0.41751953124999996
0 0.22877929687499998 0.25778320312499997 0.20797851562499997 0.25778320312499997 0.20797851562499997 0.285693359375 0.22877929687499998 0.285693359375 0.22877929687499998 0.25778320312499997
0 0.108154296875 0.47197265625 0.092900390625 0.47197265625 0.092900390625 0.48896484375 0.108154296875 0.48896484375 0.108154296875 0.47197265625
0 0.422294921875 0.73375 0.409267578125 0.73375 0.409267578125 0.7516015625 0.422294921875 0.7516015625 0.422294921875 0.73375
0 0.3849609375 0.180849609375 0.3689453125 0.180849609375 0.3689453125 0.201220703125 0.3849609375 0.201220703125 0.3849609375 0.180849609375
0 0.46050781250000006 0.81712890625 0.44332031250000004 0.81712890625 0.44332031250000004 0.83130859375 0.46050781250000006 0.83130859375 0.46050781250000006 0.81712890625
0 0.20006835937499998 0.27604492187499996 0.177861328125 0.27604492187499996 0.177861328125 0.29622070312500004 0.20006835937499998 0.29622070312500004 0.20006835937499998 0.27604492187499996
0 0.434013671875 0.20497070312500001 0.420009765625 0.20497070312500001 0.420009765625 0.22081054687499999 0.434013671875 0.22081054687499999 0.434013671875 0.20497070312500001
0 0.440517578125 0.80375 0.430107421875 0.80375 0.430107421875 0.8163671875 0.440517578125 0.8163671875 0.440517578125 0.80375
0 0.43365234375000006 0.7328515624999999 0.39935546875 0.7328515624999999 0.39935546875 0.7817968750000001 0.43365234375000006 0.7817968750000001 0.43365234375000006 0.7328515624999999
0 0.15845703125 0.39203125 0.060917968749999996 0.39203125 0.060917968749999996 0.5288671875000001 0.15845703125 0.5288671875000001 0.15845703125 0.39203125
0 0.9016894531249999 0.526904296875 0.8649121093750001 0.526904296875 0.8649121093750001 0.561962890625 0.9016894531249999 0.561962890625 0.9016894531249999 0.526904296875
0 0.696396484375 0.43802734374999996 0.686416015625 0.43802734374999996 0.686416015625 0.44966796875000004 0.696396484375 0.44966796875000004 0.696396484375 0.43802734374999996
0 0.086064453125 0.48365234375000005 0.074951171875 0.48365234375000005 0.074951171875 0.49583984374999995 0.086064453125 0.49583984374999995 0.086064453125 0.48365234375000005
0 0.514208984375 0.4760546875 0.502392578125 0.4760546875 0.502392578125 0.49124999999999996 0.514208984375 0.49124999999999996 0.514208984375 0.4760546875
0 0.074189453125 0.30374023437500003 0.056552734375000004 0.30374023437500003 0.056552734375000004 0.323720703125 0.074189453125 0.323720703125 0.074189453125 0.30374023437500003
0 0.27185546875 0.7537890625 0.26232421875 0.7537890625 0.26232421875 0.7676953125 0.27185546875 0.7676953125 0.27185546875 0.7537890625
0 0.5054394531249999 0.5081640625 0.495537109375 0.5081640625 0.495537109375 0.5240625 0.5054394531249999 0.5240625 0.5054394531249999 0.5081640625
0 0.494853515625 0.5319140625000001 0.48514648437499996 0.5319140625000001 0.48514648437499996 0.5452343749999999 0.494853515625 0.5452343749999999 0.494853515625 0.5319140625000001
0 0.206962890625 0.43187499999999995 0.196591796875 0.43187499999999995 0.196591796875 0.44312500000000005 0.206962890625 0.44312500000000005 0.206962890625 0.43187499999999995
0 0.36072265625 0.7052734375 0.35169921875 0.7052734375 0.35169921875 0.7166015625 0.36072265625 0.7166015625 0.36072265625 0.7052734375
0 0.726533203125 0.397998046875 0.716826171875 0.397998046875 0.716826171875 0.40915039062499997 0.726533203125 0.40915039062499997 0.726533203125 0.397998046875
0 0.43182617187499994 0.181494140625 0.42266601562500006 0.181494140625 0.42266601562500006 0.192529296875 0.43182617187499994 0.192529296875 0.43182617187499994 0.181494140625
0 0.060781249999999995 0.397802734375 0.052500000000000005 0.397802734375 0.052500000000000005 0.406884765625 0.060781249999999995 0.406884765625 0.060781249999999995 0.397802734375
2 0.23828125 0.796875 0.330078125 0.8515625 0.37890625 0.849609375 0.451171875 0.826171875 0.5078125 0.818359375 0.546875 0.80078125 0.7421875 0.65625 0.85546875 0.5546875 0.869140625 0.546875 0.8984375 0.548828125 0.8828125 0.529296875 0.8388671875 0.529296875 0.80859375 0.515625 0.755859375 0.416015625 0.681640625 0.32421875 0.640625 0.28515625 0.62109375 0.251953125 0.58203125 0.228515625 0.51171875 0.205078125 0.474609375 0.1796875 0.408203125 0.154296875 0.361328125 0.154296875 0.244140625 0.201171875 0.0703125 0.3046875 0.05078125 0.333984375 0.0390625 0.380859375 0.048828125 0.43359375 0.16015625 0.701171875 0.23828125 0.796875