0 0.757548828125 0.43229492187499996 0.655810546875 0.43229492187499996 0.655810546875 0.496533203125 0.757548828125 0.496533203125 0.757548828125 0.43229492187499996
0 0.7115820312500001 0.337939453125 0.6458398437499999 0.337939453125 0.6458398437499999 0.389599609375 0.7115820312500001 0.389599609375 0.7115820312500001 0.337939453125
0 0.628935546875 0.40139648437500003 0.562470703125 0.40139648437500003 0.562470703125 0.45211914062499997 0.628935546875 0.45211914062499997 0.628935546875 0.40139648437500003
0 0.9041015625 0.56501953125 0.8517578125 0.56501953125 0.8517578125 0.60978515625 0.9041015625 0.60978515625 0.9041015625 0.56501953125
0 0.7926367187500001 0.5486718749999999 0.7298242187499999 0.5486718749999999 0.7298242187499999 0.5978125000000001 0.7926367187500001 0.5978125000000001 0.7926367187500001 0.5486718749999999
0 0.5631445312500001 0.45632812500000003 0.48177734375 0.45632812500000003 0.48177734375 0.5090234375 0.5631445312500001 0.5090234375 0.5631445312500001 0.45632812500000003
0 0.3804296875 0.57712890625 0.3168359375 0.57712890625 0.3168359375 0.62501953125 0.3804296875 0.62501953125 0.3804296875 0.57712890625
0 0.335888671875 0.7066992187500001 0.298408203125 0.7066992187500001 0.298408203125 0.7395898437499999 0.335888671875 0.7395898437499999 0.335888671875 0.7066992187500001
0 0.41897460937500003 0.45755859374999996 0.377431640625 0.45755859374999996 0.377431640625 0.49802734375 0.41897460937500003 0.49802734375 0.41897460937500003 0.45755859374999996
0 0.580673828125 0.6289941406249999 0.529677734375 0.6289941406249999 0.529677734375 0.6590917968750001 0.580673828125 0.6590917968750001 0.580673828125 0.6289941406249999
0 0.602158203125 0.32703125 0.564833984375 0.32703125 0.564833984375 0.3590234375 0.602158203125 0.3590234375 0.602158203125 0.32703125
0 0.505087890625 0.7402929687500001 0.45049804687500006 0.7402929687500001 0.45049804687500006 0.7938867187499999 0.505087890625 0.7938867187499999 0.505087890625 0.7402929687500001
0 0.926220703125 0.7423437500000001 0.885302734375 0.7423437500000001 0.885302734375 0.7742578124999999 0.926220703125 0.7742578124999999 0.926220703125 0.7423437500000001
0 0.634052734375 0.8407617187499999 0.574931640625 0.8407617187499999 0.574931640625 0.8897070312500001 0.634052734375 0.8897070312500001 0.634052734375 0.8407617187499999
0 0.53369140625 0.696162109375 0.49951171875 0.696162109375 0.49951171875 0.725712890625 0.53369140625 0.725712890625 0.53369140625 0.696162109375
0 0.46807617187500006 0.692626953125 0.42645507812499994 0.692626953125 0.42645507812499994 0.729248046875 0.46807617187500006 0.729248046875 0.46807617187500006 0.692626953125
0 0.44576171875000004 0.9127832031249999 0.42388671875000006 0.9127832031249999 0.42388671875000006 0.9309667968750001 0.44576171875000004 0.9309667968750001 0.44576171875000004 0.9127832031249999
0 0.919404296875 0.52265625 0.868681640625 0.52265625 0.868681640625 0.565234375 0.919404296875 0.565234375 0.919404296875 0.52265625
0 0.6161230468750001 0.7858984375 0.5840722656249999 0.7858984375 0.5840722656249999 0.808828125 0.6161230468750001 0.808828125 0.6161230468750001 0.7858984375
0 0.702373046875 0.6558300781249999 0.673603515625 0.6558300781249999 0.673603515625 0.6801074218750001 0.702373046875 0.6801074218750001 0.702373046875 0.6558300781249999
0 0.9450878906250001 0.6775781249999999 0.9191699218749999 0.6775781249999999 0.9191699218749999 0.7120703125000001 0.9450878906250001 0.7120703125000001 0.9450878906250001 0.6775781249999999
0 0.8897070312500001 0.625 0.8407617187499999 0.625 0.8407617187499999 0.6640625 0.8897070312500001 0.6640625 0.8897070312500001 0.625
0 0.61916015625 0.67048828125 0.57126953125 0.67048828125 0.57126953125 0.70939453125 0.61916015625 0.70939453125 0.61916015625 0.67048828125
0 0.8300585937499999 0.658857421875 0.78029296875 0.658857421875 0.78029296875 0.695634765625 0.8300585937499999 0.695634765625 0.8300585937499999 0.658857421875
0 0.51423828125 0.29386718749999996 0.47794921874999996 0.29386718749999996 0.47794921874999996 0.3296875 0.51423828125 0.3296875 0.51423828125 0.29386718749999996
0 0.43732421875 0.800791015625 0.40595703125 0.800791015625 0.40595703125 0.828115234375 0.43732421875 0.828115234375 0.43732421875 0.800791015625
0 0.852568359375 0.6939062500000001 0.812470703125 0.6939062500000001 0.812470703125 0.7240624999999999 0.852568359375 0.7240624999999999 0.852568359375 0.6939062500000001
0 0.30477539062500003 0.7891210937500001 0.27237304687499997 0.7891210937500001 0.27237304687499997 0.8270898437499999 0.30477539062500003 0.8270898437499999 0.30477539062500003 0.7891210937500001
0 0.49748046874999996 0.5158203125 0.45271484375000004 0.5158203125 0.45271484375000004 0.5525390625 0.49748046874999996 0.5525390625 0.49748046874999996 0.5158203125
0 0.5662109375 0.82115234375 0.53046875 0.82115234375 0.53046875 0.86048828125 0.5662109375 0.86048828125 0.5662109375 0.82115234375
0 0.7625 0.8548046875 0.7248046875 0.8548046875 0.7248046875 0.8825 0.7625 0.8825 0.7625 0.8548046875
0 0.8461328124999999 0.543779296875 0.8140234375000001 0.543779296875 0.8140234375000001 0.570478515625 0.8461328124999999 0.570478515625 0.8461328124999999 0.543779296875
0 0.45528320312500004 0.25890625 0.42706054687500006 0.25890625 0.42706054687500006 0.291875 0.45528320312500004 0.291875 0.45528320312500004 0.25890625
0 0.6295507812500001 0.60640625 0.5911523437499999 0.60640625 0.5911523437499999 0.63578125 0.6295507812500001 0.63578125 0.6295507812500001 0.60640625
0 0.35103515625 0.638623046875 0.32720703125 0.638623046875 0.32720703125 0.660205078125 0.35103515625 0.660205078125 0.35103515625 0.638623046875
0 0.7391015624999999 0.760712890625 0.7032812500000001 0.760712890625 0.7032812500000001 0.789091796875 0.7391015624999999 0.789091796875 0.7391015624999999 0.760712890625
0 0.788818359375 0.683125 0.752197265625 0.683125 0.752197265625 0.7143359375 0.788818359375 0.7143359375 0.788818359375 0.683125
0 0.6432519531249999 0.39423828125 0.46709960937500006 0.39423828125 0.46709960937500006 0.5515820312499999 0.6432519531249999 0.5515820312499999 0.6432519531249999 0.39423828125
0 0.8496972656249999 0.8093457031250001 0.8212011718750001 0.8093457031250001 0.8212011718750001 0.8429980468749999 0.8496972656249999 0.8429980468749999 0.8496972656249999 0.8093457031250001
0 0.5670800781249999 0.8027929687500001 0.5413183593750001 0.8027929687500001 0.5413183593750001 0.8241601562499999 0.5670800781249999 0.8241601562499999 0.5670800781249999 0.8027929687500001
0 0.6745019531249999 0.83544921875 0.6379980468750001 0.83544921875 0.6379980468750001 0.85791015625 0.6745019531249999 0.85791015625 0.6745019531249999 0.83544921875
0 0.58083984375 0.372998046875 0.55392578125 0.372998046875 0.55392578125 0.400439453125 0.58083984375 0.400439453125 0.58083984375 0.372998046875
0 0.786376953125 0.884169921875 0.757568359375 0.884169921875 0.757568359375 0.906845703125 0.786376953125 0.906845703125 0.786376953125 0.884169921875
0 0.8550000000000001 0.7794140625 0.8285937499999999 0.7794140625 0.8285937499999999 0.7987109375 0.8550000000000001 0.7987109375 0.8550000000000001 0.7794140625
0 0.51759765625 0.549677734375 0.49119140625 0.549677734375 0.49119140625 0.570439453125 0.51759765625 0.570439453125 0.51759765625 0.549677734375
0 0.410693359375 0.831123046875 0.38766601562499997 0.831123046875 0.38766601562499997 0.845634765625 0.410693359375 0.845634765625 0.410693359375 0.831123046875
0 0.457138671875 0.6287499999999999 0.436416015625 0.6287499999999999 0.436416015625 0.6476171875000001 0.457138671875 0.6476171875000001 0.457138671875 0.6287499999999999
0 0.8788183593750001 0.875068359375 0.8545800781249999 0.875068359375 0.8545800781249999 0.895439453125 0.8788183593750001 0.895439453125 0.8788183593750001 0.875068359375
0 0.5298437500000001 0.642216796875 0.5131249999999999 0.642216796875 0.5131249999999999 0.658564453125 0.5298437500000001 0.658564453125 0.5298437500000001 0.642216796875
0 0.79552734375 0.75998046875 0.77576171875 0.75998046875 0.77576171875 0.77517578125 0.79552734375 0.77517578125 0.79552734375 0.75998046875
0 0.890654296875 0.67744140625 0.873017578125 0.67744140625 0.873017578125 0.69462890625 0.890654296875 0.69462890625 0.890654296875 0.67744140625
0 0.6742578124999999 0.7792089843750001 0.6489843750000001 0.7792089843750001 0.6489843750000001 0.8018457031249999 0.6742578124999999 0.8018457031249999 0.6742578124999999 0.7792089843750001
0 0.4173828125 0.765625 0.4009765625 0.765625 0.4009765625 0.783203125 0.4173828125 0.783203125 0.4173828125 0.765625
0 0.7569042968749999 0.313603515625 0.7382128906250001 0.313603515625 0.7382128906250001 0.329951171875 0.7569042968749999 0.329951171875 0.7569042968749999 0.313603515625
0 0.41631835937500006 0.405888671875 0.395205078125 0.405888671875 0.395205078125 0.432509765625 0.41631835937500006 0.432509765625 0.41631835937500006 0.405888671875
0 0.3137109375 0.6505078125 0.25613281250000003 0.6505078125 0.25613281250000003 0.680546875 0.3137109375 0.680546875 0.3137109375 0.6505078125
0 0.475849609375 0.8128515625 0.463603515625 0.8128515625 0.463603515625 0.8258203125 0.475849609375 0.8258203125 0.475849609375 0.8128515625
0 0.8034472656249999 0.9425683593749999 0.783466796875 0.9425683593749999 0.783466796875 0.9578222656250001 0.8034472656249999 0.9578222656250001 0.8034472656249999 0.9425683593749999
0 0.5274609375 0.44130859375 0.51453125 0.44130859375 0.51453125 0.45322265625 0.5274609375 0.45322265625 0.5274609375 0.44130859375
0 0.29154296875 0.7762890625 0.25876953125 0.7762890625 0.25876953125 0.8145312499999999 0.29154296875 0.8145312499999999 0.29154296875 0.7762890625
0 0.45946289062499995 0.578935546875 0.44534179687500003 0.578935546875 0.44534179687500003 0.591962890625 0.45946289062499995 0.591962890625 0.45946289062499995 0.578935546875
0 0.45624023437499994 0.165791015625 0.44661132812500004 0.165791015625 0.44661132812500004 0.185771484375 0.45624023437499994 0.185771484375 0.45624023437499994 0.165791015625
0 0.256337890625 0.680439453125 0.24221679687500003 0.680439453125 0.24221679687500003 0.699443359375 0.256337890625 0.699443359375 0.256337890625 0.680439453125
0 0.709208984375 0.6190625 0.698017578125 0.6190625 0.698017578125 0.6299609375 0.709208984375 0.6299609375 0.709208984375 0.6190625
0 0.513193359375 0.10711914062500001 0.45899414062500005 0.10711914062500001 0.45899414062500005 0.186591796875 0.513193359375 0.186591796875 0.513193359375 0.10711914062500001
0 0.779736328125 1 0.779736328125 0.9910546874999999 0.760302734375 0.9910546874999999 0.760302734375 1 0.779736328125 1
0 0.881943359375 0.9673828125 0.861220703125 0.9673828125 0.861220703125 0.9828125 0.881943359375 0.9828125 0.881943359375 0.9673828125
2 0.37890625 0.90625 0.494140625 0.9453125 0.6875 0.9609375 0.83984375 0.994140625 0.873046875 0.994140625 0.8828125 0.986328125 0.87890625 0.970703125 0.8365878906249999 0.95703125 0.826171875 0.935546875 0.86328125 0.904296875 0.908203125 0.849609375 0.927734375 0.810546875 0.943359375 0.748046875 0.931640625 0.587890625 0.904296875 0.482421875 0.8515625 0.40625 0.740234375 0.314453125 0.52734375 0.20703125 0.501953125 0.15234375 0.453125 0.103515625 0.4453125 0.11328125 0.451171875 0.228515625 0.435546875 0.267578125 0.396484375 0.30859375 0.345703125 0.390625 0.328125 0.4453125 0.30859375 0.470703125 0.255859375 0.578125 0.2421875 0.623046875 0.2421875 0.72265625 0.251953125 0.765625 0.314453125 0.849609375 0.37890625 0.90625