0 0.8582324218749999 0.43229492187499996 0.794697265625 0.43229492187499996 0.794697265625 0.505205078125 0.8582324218749999 0.505205078125 0.8582324218749999 0.43229492187499996
0 0.227841796875 0.300986328125 0.163994140625 0.300986328125 0.163994140625 0.346005859375 0.227841796875 0.346005859375 0.227841796875 0.300986328125
0 0.377666015625 0.20978515625 0.330849609375 0.20978515625 0.330849609375 0.24455078125 0.377666015625 0.24455078125 0.377666015625 0.20978515625
0 0.76375 0.5458105468750001 0.720625 0.5458105468750001 0.720625 0.5811425781249999 0.76375 0.5811425781249999 0.76375 0.5458105468750001
0 0.732041015625 0.302685546875 0.671279296875 0.302685546875 0.671279296875 0.344306640625 0.732041015625 0.344306640625 0.732041015625 0.302685546875
0 0.30373046875 0.49283203125 0.25486328125 0.49283203125 0.25486328125 0.5345117187499999 0.30373046875 0.5345117187499999 0.30373046875 0.49283203125
0 0.215732421875 0.37663085937499996 0.146572265625 0.37663085937499996 0.146572265625 0.42317382812500004 0.215732421875 0.42317382812500004 0.215732421875 0.37663085937499996
0 0.23507812499999997 0.431982421875 0.18167968750000002 0.431982421875 0.18167968750000002 0.47184570312499996 0.23507812499999997 0.47184570312499996 0.23507812499999997 0.431982421875
0 0.23122070312499998 0.20407226562499997 0.189677734375 0.20407226562499997 0.189677734375 0.23366210937499998 0.23122070312499998 0.23366210937499998 0.23122070312499998 0.20407226562499997
0 0.27271484375 0.372490234375 0.22779296875 0.372490234375 0.22779296875 0.407314453125 0.27271484375 0.407314453125 0.27271484375 0.372490234375
0 0.65478515625 0.29490234375 0.54638671875 0.29490234375 0.54638671875 0.35599609375 0.65478515625 0.35599609375 0.65478515625 0.29490234375
0 0.50724609375 0.398388671875 0.47224609375000004 0.398388671875 0.47224609375000004 0.426337890625 0.50724609375 0.426337890625 0.50724609375 0.398388671875
0 0.5232617187499999 0.6589941406250001 0.47431640625 0.6589941406250001 0.47431640625 0.7003808593749999 0.5232617187499999 0.7003808593749999 0.5232617187499999 0.6589941406250001
0 0.29951171875 0.7679101562499999 0.19611328125 0.7679101562499999 0.19611328125 0.8268164062500001 0.29951171875 0.8268164062500001 0.29951171875 0.7679101562499999
0 0.430712890625 0.4395703125 0.370068359375 0.4395703125 0.370068359375 0.479375 0.430712890625 0.479375 0.430712890625 0.4395703125
0 0.38583007812500003 0.344345703125 0.35342773437499997 0.344345703125 0.35342773437499997 0.370498046875 0.38583007812500003 0.370498046875 0.38583007812500003 0.344345703125
0 0.704228515625 0.5249609375000001 0.612177734375 0.5249609375000001 0.612177734375 0.5785546874999999 0.704228515625 0.5785546874999999 0.704228515625 0.5249609375000001
0 0.48728515625 0.8625 0.43216796874999996 0.8625 0.43216796874999996 0.905078125 0.48728515625 0.905078125 0.48728515625 0.8625
0 0.27682617187499997 0.404736328125 0.23489257812500003 0.404736328125 0.23489257812500003 0.437568359375 0.27682617187499997 0.437568359375 0.27682617187499997 0.404736328125
0 0.526826171875 0.453984375 0.48879882812500003 0.453984375 0.48879882812500003 0.4844921875 0.526826171875 0.4844921875 0.526826171875 0.453984375
0 0.433125 0.03556640625 0.396953125 0.03556640625 0.396953125 0.06232421875000001 0.433125 0.06232421875000001 0.433125 0.03556640625
0 0.522021484375 0.358134765625 0.483837890625 0.358134765625 0.483837890625 0.384052734375 0.522021484375 0.384052734375 0.522021484375 0.358134765625
0 0.2396875 0.6664453124999999 0.1655859375 0.6664453124999999 0.1655859375 0.7134375000000001 0.2396875 0.7134375000000001 0.2396875 0.6664453124999999
0 0.523818359375 0.7639453125 0.478134765625 0.7639453125 0.478134765625 0.8034375 0.523818359375 0.8034375 0.523818359375 0.7639453125
0 0.73630859375 0.615478515625 0.70509765625 0.615478515625 0.70509765625 0.644287109375 0.73630859375 0.644287109375 0.73630859375 0.615478515625
0 0.46859375 0.5010351562500001 0.37222656249999997 0.5010351562500001 0.37222656249999997 0.5585351562499999 0.46859375 0.5585351562499999 0.46859375 0.5010351562500001
0 0.296201171875 0.08533203125 0.254580078125 0.08533203125 0.254580078125 0.11537109375000001 0.296201171875 0.11537109375000001 0.296201171875 0.08533203125
0 0.27639648437500003 0.5298046875 0.240712890625 0.5298046875 0.240712890625 0.561015625 0.27639648437500003 0.561015625 0.27639648437500003 0.5298046875
0 0.140380859375 0.864794921875 0.089970703125 0.864794921875 0.089970703125 0.907666015625 0.140380859375 0.907666015625 0.140380859375 0.864794921875
0 0.7508886718750001 0.787568359375 0.6836816406249999 0.787568359375 0.6836816406249999 0.855986328125 0.7508886718750001 0.855986328125 0.7508886718750001 0.787568359375
0 0.136650390625 0.710888671875 0.07268554687499999 0.710888671875 0.07268554687499999 0.752978515625 0.136650390625 0.752978515625 0.136650390625 0.710888671875
0 0.35388671875 0.7220800781250001 0.29064453125 0.7220800781250001 0.29064453125 0.7701074218749999 0.35388671875 0.7701074218749999 0.35388671875 0.7220800781250001
0 0.20631835937499998 0.144404296875 0.169423828125 0.144404296875 0.169423828125 0.171025390625 0.20631835937499998 0.171025390625 0.20631835937499998 0.144404296875
0 0.487158203125 0.068701171875 0.43522460937499996 0.068701171875 0.43522460937499996 0.116728515625 0.487158203125 0.116728515625 0.487158203125 0.068701171875
0 0.32766601562500003 0.29099609375 0.26510742187499997 0.29099609375 0.26510742187499997 0.33302734375 0.32766601562500003 0.33302734375 0.32766601562500003 0.29099609375
0 0.618671875 0.7269921874999999 0.580546875 0.7269921874999999 0.580546875 0.7622656250000001 0.618671875 0.7622656250000001 0.618671875 0.7269921874999999
0 0.43133789062499994 0.741376953125 0.389951171875 0.741376953125 0.389951171875 0.776201171875 0.43133789062499994 0.776201171875 0.43133789062499994 0.741376953125
0 0.53513671875 0.176953125 0.51076171875 0.176953125 0.51076171875 0.194140625 0.53513671875 0.194140625 0.53513671875 0.176953125
0 0.301875 0.67033203125 0.2474609375 0.67033203125 0.2474609375 0.71345703125 0.301875 0.71345703125 0.301875 0.67033203125
0 0.13013671875 0.752763671875 0.09666015624999999 0.752763671875 0.09666015624999999 0.779462890625 0.13013671875 0.779462890625 0.13013671875 0.752763671875
0 0.09107421875 0.394169921875 0.06333984375 0.394169921875 0.06333984375 0.412978515625 0.09107421875 0.412978515625 0.09107421875 0.394169921875
0 0.6178320312500001 0.607939453125 0.5169335937499999 0.607939453125 0.5169335937499999 0.676240234375 0.6178320312500001 0.676240234375 0.6178320312500001 0.607939453125
0 0.771982421875 0.6997265625 0.747548828125 0.6997265625 0.747548828125 0.7221484375 0.771982421875 0.7221484375 0.771982421875 0.6997265625
0 0.4039453125 0.2897265625 0.371953125 0.2897265625 0.371953125 0.31429687500000003 0.4039453125 0.31429687500000003 0.4039453125 0.2897265625
0 0.34366210937499997 0.8670214843749999 0.31063476562500003 0.8670214843749999 0.31063476562500003 0.8937207031250001 0.34366210937499997 0.8937207031250001 0.34366210937499997 0.8670214843749999
0 0.12771484375 0.35689453125 0.10228515625000001 0.35689453125 0.10228515625000001 0.37650390625 0.12771484375 0.37650390625 0.12771484375 0.35689453125
0 0.673505859375 0.6952246093750001 0.633134765625 0.6952246093750001 0.633134765625 0.7237207031249999 0.673505859375 0.7237207031249999 0.673505859375 0.6952246093750001
0 0.523974609375 0.8323632812499999 0.472119140625 0.8323632812499999 0.472119140625 0.8707617187500001 0.523974609375 0.8707617187500001 0.523974609375 0.8323632812499999
0 0.39713867187499996 0.2531640625 0.35188476562500004 0.2531640625 0.35188476562500004 0.29519531250000003 0.39713867187499996 0.29519531250000003 0.39713867187499996 0.2531640625
0 0.8126660156250001 0.75703125 0.787919921875 0.75703125 0.787919921875 0.778125 0.8126660156250001 0.778125 0.8126660156250001 0.75703125
0 0.67822265625 0.44035156249999996 0.61474609375 0.44035156249999996 0.61474609375 0.49375 0.67822265625 0.49375 0.67822265625 0.44035156249999996
0 0.46675781250000004 0.7073046875 0.43949218749999996 0.7073046875 0.43949218749999996 0.7321484375 0.46675781250000004 0.7321484375 0.46675781250000004 0.7073046875
0 0.39657226562500003 0.061611328124999996 0.36709960937499997 0.061611328124999996 0.36709960937499997 0.08131835937500001 0.39657226562500003 0.08131835937500001 0.39657226562500003 0.061611328124999996
0 0.45630859375000005 0.655302734375 0.41236328125000005 0.655302734375 0.41236328125000005 0.697236328125 0.45630859375000005 0.697236328125 0.45630859375000005 0.655302734375
0 0.7718359375 0.5191308593749999 0.7476953125 0.5191308593749999 0.7476953125 0.5375097656250001 0.7718359375 0.5375097656250001 0.7718359375 0.5191308593749999
0 0.540361328125 0.132265625 0.503583984375 0.132265625 0.503583984375 0.164375 0.540361328125 0.164375 0.540361328125 0.132265625
0 0.81849609375 0.40824218749999996 0.79966796875 0.40824218749999996 0.79966796875 0.42476562500000004 0.81849609375 0.42476562500000004 0.81849609375 0.40824218749999996
0 0.4619140625 0.77650390625 0.431640625 0.77650390625 0.431640625 0.80357421875 0.4619140625 0.80357421875 0.4619140625 0.77650390625
0 0.5731640625 0.904189453125 0.545 0.904189453125 0.545 0.925888671875 0.5731640625 0.925888671875 0.5731640625 0.904189453125
0 0.8265722656250001 0.6859765624999999 0.8042871093749999 0.6859765624999999 0.8042871093749999 0.7026953125000001 0.8265722656250001 0.7026953125000001 0.8265722656250001 0.6859765624999999
0 0.619521484375 0.8693359375 0.585556640625 0.8693359375 0.585556640625 0.8943359375 0.619521484375 0.8943359375 0.619521484375 0.8693359375
0 0.455966796875 0.9323925781250001 0.429306640625 0.9323925781250001 0.429306640625 0.9494433593749999 0.455966796875 0.9494433593749999 0.455966796875 0.9323925781250001
0 0.27830078125 0.88693359375 0.15970703125000002 0.88693359375 0.15970703125000002 0.93435546875 0.27830078125 0.93435546875 0.27830078125 0.88693359375
0 0.8027929687500001 0.723271484375 0.7792382812499999 0.723271484375 0.7792382812499999 0.739619140625 0.8027929687500001 0.739619140625 0.8027929687500001 0.723271484375
0 0.592900390625 0.23399414062499999 0.574091796875 0.23399414062499999 0.574091796875 0.25772460937499997 0.592900390625 0.25772460937499997 0.592900390625 0.23399414062499999
0 0.57798828125 0.871796875 0.54115234375 0.871796875 0.54115234375 0.8987109375 0.57798828125 0.8987109375 0.57798828125 0.871796875
0 0.611201171875 0.777373046875 0.586064453125 0.777373046875 0.586064453125 0.797822265625 0.611201171875 0.797822265625 0.611201171875 0.777373046875
0 0.39608398437500003 0.542890625 0.31192382812499997 0.542890625 0.31192382812499997 0.5987109375 0.39608398437500003 0.5987109375 0.39608398437500003 0.542890625
0 0.601826171875 0.383173828125 0.556376953125 0.383173828125 0.556376953125 0.428857421875 0.601826171875 0.428857421875 0.601826171875 0.383173828125
0 0.47315429687500005 0.501220703125 0.308603515625 0.501220703125 0.308603515625 0.614990234375 0.47315429687500005 0.614990234375 0.47315429687500005 0.501220703125
0 0.6348535156249999 0.14552734375 0.5692480468750001 0.14552734375 0.5692480468750001 0.19822265625 0.6348535156249999 0.19822265625 0.6348535156249999 0.14552734375
0 0.29459960937499996 0.8406933593750001 0.226416015625 0.8406933593750001 0.226416015625 0.8653613281249999 0.29459960937499996 0.8653613281249999 0.29459960937499996 0.8406933593750001
0 0.740771484375 0.88138671875 0.713330078125 0.88138671875 0.713330078125 0.89791015625 0.740771484375 0.89791015625 0.740771484375 0.88138671875
0 0.030986328125 0.8541015625 0.0050683593749999995 0.8541015625 0.0050683593749999995 0.87734375 0.030986328125 0.87734375 0.030986328125 0.8541015625
0 0.7047753906249999 0.68185546875 0.5637792968750001 0.68185546875 0.5637792968750001 0.77419921875 0.7047753906249999 0.77419921875 0.7047753906249999 0.68185546875
0 0.43680664062499996 0.188427734375 0.408427734375 0.188427734375 0.408427734375 0.208056640625 0.43680664062499996 0.208056640625 0.43680664062499996 0.188427734375
0 0.056142578124999995 0.586181640625 0.000537109375 0.586181640625 0.000537109375 0.689208984375 0.056142578124999995 0.689208984375 0.056142578124999995 0.586181640625
0 0.6941796874999999 0.8487988281250001 0.6290625000000001 0.8487988281250001 0.6290625000000001 0.8963183593749999 0.6941796874999999 0.8963183593749999 0.6941796874999999 0.8487988281250001
2 0.37890625 0 0.328125 0.04296875 0.240234375 0.099609375 0.12109375 0.19921875 0.08984375 0.234375 0.0625 0.298828125 0.01171875 0.37109375 0 0.396484375 0 0.849609375 0.072265625 0.904296875 0.1328125 0.92578125 0.419921875 0.947265625 0.615234375 0.9375 0.69140625 0.923828125 0.72265625 0.896484375 0.744140625 0.89453125 0.775390625 0.87890625 0.8203125 0.83984375 0.845703125 0.798828125 0.876953125 0.72265625 0.8828125 0.68359375 0.8671875 0.498046875 0.84765625 0.443359375 0.8359375 0.373046875 0.8046875 0.322265625 0.76953125 0.2890625 0.68359375 0.232421875 0.576171875 0.146484375 0.455078125 0 0.37890625 0