0 0.402939453125 0.5473046874999999 0.308544921875 0.5473046874999999 0.308544921875 0.6526562499999999 0.402939453125 0.6526562499999999 0.402939453125 0.5473046874999999
0 0.824462890625 0.482041015625 0.751708984375 0.482041015625 0.751708984375 0.543349609375 0.824462890625 0.543349609375 0.824462890625 0.482041015625
0 0.57609375 0.497890625 0.5371875 0.497890625 0.5371875 0.5411718750000001 0.57609375 0.5411718750000001 0.57609375 0.497890625
0 0.8721582031249999 0.257626953125 0.7723730468750001 0.257626953125 0.7723730468750001 0.374208984375 0.8721582031249999 0.374208984375 0.8721582031249999 0.257626953125
0 0.7542382812499999 0.43833984375 0.6881445312500001 0.43833984375 0.6881445312500001 0.49427734375 0.7542382812499999 0.49427734375 0.7542382812499999 0.43833984375
0 0.564990234375 0.380625 0.526806640625 0.380625 0.526806640625 0.43531250000000005 0.564990234375 0.43531250000000005 0.564990234375 0.380625
0 0.7392578125 0.5704003906249999 0.6669921875 0.5704003906249999 0.6669921875 0.6346777343750001 0.7392578125 0.6346777343750001 0.7392578125 0.5704003906249999
0 0.3157421875 0.653349609375 0.2375 0.653349609375 0.2375 0.729462890625 0.3157421875 0.729462890625 0.3157421875 0.653349609375
0 0.419521484375 0.8460546875 0.372978515625 0.8460546875 0.372978515625 0.9000390625 0.419521484375 0.9000390625 0.419521484375 0.8460546875
0 0.46097656249999996 0.40970703124999996 0.4291796875 0.40970703124999996 0.4291796875 0.44724609375 0.46097656249999996 0.44724609375 0.46097656249999996 0.40970703124999996
0 0.45708984375000006 0.25407226562499996 0.40033203124999994 0.25407226562499996 0.40033203124999994 0.353857421875 0.45708984375000006 0.353857421875 0.45708984375000006 0.25407226562499996
0 0.972138671875 0.25545898437500003 0.923369140625 0.25545898437500003 0.923369140625 0.288994140625 0.972138671875 0.288994140625 0.972138671875 0.25545898437500003
0 0.2044921875 0.634111328125 0.159296875 0.634111328125 0.159296875 0.684248046875 0.2044921875 0.684248046875 0.2044921875 0.634111328125
0 0 0.673095703125 0.0897265625 0.673095703125 0.0897265625 0.553466796875 0 0.553466796875 0 0.673095703125
0 0.1252734375 0.50236328125 0.09640625 0.50236328125 0.09640625 0.53962890625 0.1252734375 0.53962890625 0.1252734375 0.50236328125
0 0.22000976562500002 0.31405273437500003 0.189677734375 0.31405273437500003 0.189677734375 0.35782226562499997 0.22000976562500002 0.35782226562499997 0.22000976562500002 0.31405273437500003
0 0.21046874999999998 0.487216796875 0.1869921875 0.487216796875 0.1869921875 0.5225488281249999 0.21046874999999998 0.5225488281249999 0.21046874999999998 0.487216796875
0 0.33744140625 0.179287109375 0.28025390625 0.179287109375 0.28025390625 0.235751953125 0.33744140625 0.235751953125 0.33744140625 0.179287109375
0 0.16325195312500002 0.507275390625 0.13655273437499998 0.507275390625 0.13655273437499998 0.537646484375 0.16325195312500002 0.537646484375 0.16325195312500002 0.507275390625
0 0.150849609375 0.7280078125 0.12723632812500002 0.7280078125 0.12723632812500002 0.7534375 0.150849609375 0.7534375 0.150849609375 0.7280078125
0 0.143466796875 0.45355468749999994 0.112158203125 0.45355468749999994 0.112158203125 0.48347656250000004 0.143466796875 0.48347656250000004 0.143466796875 0.45355468749999994
0 0.636513671875 0.573291015625 0.610556640625 0.573291015625 0.610556640625 0.607373046875 0.636513671875 0.607373046875 0.636513671875 0.573291015625
0 0.18677734375 0.704560546875 0.14939453125 0.704560546875 0.14939453125 0.738798828125 0.18677734375 0.738798828125 0.18677734375 0.704560546875
0 0.21511718750000003 0.39338867187500004 0.19359375 0.39338867187500004 0.19359375 0.42008789062499996 0.21511718750000003 0.42008789062499996 0.21511718750000003 0.39338867187500004
0 0.25126953125 0.44917968750000004 0.23017578125 0.44917968750000004 0.23017578125 0.47171874999999996 0.25126953125 0.47171874999999996 0.25126953125 0.44917968750000004
0 0.4185546875 0.2759765625 0.38273437499999996 0.2759765625 0.38273437499999996 0.32218749999999996 0.4185546875 0.32218749999999996 0.4185546875 0.2759765625
0 0.46246093750000006 0.26571289062500003 0.43988281249999994 0.26571289062500003 0.43988281249999994 0.29581054687499997 0.46246093750000006 0.29581054687499997 0.46246093750000006 0.26571289062500003
0 0.435390625 0.24900390625000002 0.40640625 0.24900390625000002 0.40640625 0.28712890625 0.435390625 0.28712890625 0.435390625 0.24900390625000002
0 0.366513671875 0.4073828125 0.338564453125 0.4073828125 0.338564453125 0.4461328125 0.366513671875 0.4461328125 0.366513671875 0.4073828125
0 0.63806640625 0.35982421875 0.61876953125 0.35982421875 0.61876953125 0.38236328125 0.63806640625 0.38236328125 0.63806640625 0.35982421875
0 0.6038183593750001 0.485791015625 0.5856347656249999 0.485791015625 0.5856347656249999 0.5059277343749999 0.6038183593750001 0.5059277343749999 0.6038183593750001 0.485791015625
0 0.63560546875 0.41032226562499996 0.61439453125 0.41032226562499996 0.61439453125 0.433935546875 0.63560546875 0.433935546875 0.63560546875 0.41032226562499996
0 0.147197265625 0.41527343749999995 0.128193359375 0.41527343749999995 0.128193359375 0.43875000000000003 0.147197265625 0.43875000000000003 0.147197265625 0.41527343749999995
0 0.165556640625 0.7728906249999999 0.140849609375 0.7728906249999999 0.140849609375 0.8023046875000001 0.165556640625 0.8023046875000001 0.165556640625 0.7728906249999999
0 0.13863281249999998 0.65888671875 0.1024609375 0.65888671875 0.1024609375 0.68876953125 0.13863281249999998 0.68876953125 0.13863281249999998 0.65888671875
0 0.31355468750000004 0.255732421875 0.29777343749999996 0.255732421875 0.29777343749999996 0.284814453125 0.31355468750000004 0.284814453125 0.31355468750000004 0.255732421875
0 0.665625 0.319287109375 0.6478515625 0.319287109375 0.6478515625 0.339423828125 0.665625 0.339423828125 0.665625 0.319287109375
0 0.584013671875 0.296318359375 0.542939453125 0.296318359375 0.542939453125 0.322822265625 0.584013671875 0.322822265625 0.584013671875 0.296318359375
0 0.5872460937499999 0.24095703125 0.5631445312500001 0.24095703125 0.5631445312500001 0.26736328125000003 0.5872460937499999 0.26736328125000003 0.5872460937499999 0.24095703125
0 0.514140625 0.38255859375 0.495625 0.38255859375 0.495625 0.40455078125000005 0.514140625 0.40455078125000005 0.514140625 0.38255859375
0 0.042060546875 0.4695703125 0.0029394531250000002 0.4695703125 0.0029394531250000002 0.5372656250000001 0.042060546875 0.5372656250000001 0.042060546875 0.4695703125
0 0.22530273437499998 0.8257031250000001 0.20731445312500002 0.8257031250000001 0.20731445312500002 0.8471484374999999 0.22530273437499998 0.8471484374999999 0.22530273437499998 0.8257031250000001
0 0.43130859375 0.78935546875 0.41392578125 0.78935546875 0.41392578125 0.81025390625 0.43130859375 0.81025390625 0.43130859375 0.78935546875
0 0.235439453125 0.5971875 0.204521484375 0.5971875 0.204521484375 0.6283984375 0.235439453125 0.6283984375 0.235439453125 0.5971875
0 0.319443359375 0.7797265624999999 0.300673828125 0.7797265624999999 0.300673828125 0.8023046875000001 0.319443359375 0.8023046875000001 0.319443359375 0.7797265624999999
0 0.676513671875 0.5439453125 0.661376953125 0.5439453125 0.661376953125 0.5615234375 0.676513671875 0.5615234375 0.676513671875 0.5439453125
0 0.5184960937499999 0.8385449218750001 0.49712890625000006 0.8385449218750001 0.49712890625000006 0.8655566406249999 0.5184960937499999 0.8655566406249999 0.5184960937499999 0.8385449218750001
0 0.47080078125 0.48358398437499994 0.44619140625 0.48358398437499994 0.44619140625 0.5125097656250001 0.47080078125 0.5125097656250001 0.47080078125 0.48358398437499994
0 0.3296875 0.798857421875 0.31535156249999996 0.798857421875 0.31535156249999996 0.816376953125 0.3296875 0.816376953125 0.3296875 0.798857421875
0 0.5609667968750001 0.306025390625 0.5454785156249999 0.306025390625 0.5454785156249999 0.320927734375 0.5609667968750001 0.320927734375 0.5609667968750001 0.306025390625
0 0.45279296875 0.178154296875 0.43541015625 0.178154296875 0.43541015625 0.198330078125 0.45279296875 0.198330078125 0.45279296875 0.178154296875
0 0.5133203125 0.5397363281249999 0.49546875 0.5397363281249999 0.49546875 0.5608496093750001 0.5133203125 0.5608496093750001 0.5133203125 0.5397363281249999
0 0.598251953125 0.676953125 0.552138671875 0.676953125 0.552138671875 0.7234375 0.598251953125 0.7234375 0.598251953125 0.676953125
0 0.625361328125 0.253544921875 0.610966796875 0.253544921875 0.610966796875 0.269892578125 0.625361328125 0.269892578125 0.625361328125 0.253544921875
2 0.14453125 0.806640625 0.240234375 0.8828125 0.3125 0.921875 0.359375 0.93359375 0.458984375 0.927734375 0.537109375 0.890625 0.63671875 0.787109375 0.724609375 0.72265625 0.771484375 0.66015625 0.837890625 0.537109375 0.998046875 0.318359375 0.998046875 0.255859375 0.896484375 0.26953125 0.859375 0.259765625 0.80859375 0.232421875 0.6953125 0.203125 0.6328125 0.197265625 0.51171875 0.205078125 0.416015625 0.162109375 0.357421875 0.166015625 0.271484375 0.21484375 0.234375 0.25 0.19140625 0.30859375 0.052734375 0.443359375 0.009765625 0.513671875 0 0.560546875 0.005859375 0.6171875 0.0234375 0.666015625 0.14453125 0.806640625