0 0.323603515625 0.41927734375 0.25651367187499996 0.41927734375 0.25651367187499996 0.48958984375 0.323603515625 0.48958984375 0.323603515625 0.41927734375
0 0.418369140625 0.33780273437499997 0.35604492187500003 0.33780273437499997 0.35604492187500003 0.403408203125 0.418369140625 0.403408203125 0.418369140625 0.33780273437499997
0 0.34515625 0.8585546875000001 0.2749609375 0.8585546875000001 0.2749609375 0.9305078124999999 0.34515625 0.9305078124999999 0.34515625 0.8585546875000001
0 0.170634765625 0.419091796875 0.10866210937500001 0.419091796875 0.10866210937500001 0.475947265625 0.170634765625 0.475947265625 0.170634765625 0.419091796875
0 0.330361328125 0.1950390625 0.274638671875 0.1950390625 0.274638671875 0.26101562500000003 0.330361328125 0.26101562500000003 0.330361328125 0.1950390625
0 0.393408203125 0.7061328125 0.36100585937499996 0.7061328125 0.36100585937499996 0.7450390625 0.393408203125 0.7450390625 0.393408203125 0.7061328125
0 0.475390625 0.397099609375 0.4455078125 0.397099609375 0.4455078125 0.423720703125 0.475390625 0.423720703125 0.475390625 0.397099609375
0 0.66580078125 0.38373046875 0.56369140625 0.38373046875 0.56369140625 0.47271484375000006 0.66580078125 0.47271484375000006 0.66580078125 0.38373046875
0 0.653515625 0.67478515625 0.6111328125 0.67478515625 0.6111328125 0.71681640625 0.653515625 0.71681640625 0.653515625 0.67478515625
0 0.491767578125 0.10930664062499999 0.408154296875 0.10930664062499999 0.408154296875 0.193662109375 0.491767578125 0.193662109375 0.491767578125 0.10930664062499999
0 0.57458984375 0.06873046875 0.50353515625 0.06873046875 0.50353515625 0.12232421874999999 0.57458984375 0.12232421874999999 0.57458984375 0.06873046875
0 0.748583984375 0.19494140625 0.727001953125 0.19494140625 0.727001953125 0.21595703125000001 0.748583984375 0.21595703125000001 0.748583984375 0.19494140625
0 0.176240234375 0.250966796875 0.140166015625 0.250966796875 0.140166015625 0.280283203125 0.176240234375 0.280283203125 0.176240234375 0.250966796875
0 0.690947265625 0.3051171875 0.624482421875 0.3051171875 0.624482421875 0.375546875 0.690947265625 0.375546875 0.690947265625 0.3051171875
0 0.48223632812500006 0.043300781249999996 0.45186523437500004 0.043300781249999996 0.45186523437500004 0.07255859375 0.48223632812500006 0.07255859375 0.48223632812500006 0.043300781249999996
0 0.6653417968750001 0.457470703125 0.6061425781249999 0.457470703125 0.6061425781249999 0.5127636718749999 0.6653417968750001 0.5127636718749999 0.6653417968750001 0.457470703125
0 0.659560546875 0.52892578125 0.607041015625 0.52892578125 0.607041015625 0.58728515625 0.659560546875 0.58728515625 0.659560546875 0.52892578125
0 0.296630859375 0.496337890625 0.267822265625 0.496337890625 0.267822265625 0.525146484375 0.296630859375 0.525146484375 0.296630859375 0.496337890625
0 0.29055664062500003 0.714716796875 0.186982421875 0.714716796875 0.186982421875 0.8126269531249999 0.29055664062500003 0.8126269531249999 0.29055664062500003 0.714716796875
0 0.500029296875 0.646748046875 0.46922851562499995 0.646748046875 0.46922851562499995 0.676494140625 0.500029296875 0.676494140625 0.500029296875 0.646748046875
0 0.25027343750000003 0.34712890625 0.22457031249999998 0.34712890625 0.22457031249999998 0.37064453125 0.25027343750000003 0.37064453125 0.25027343750000003 0.34712890625
0 0.64697265625 0.306455078125 0.56005859375 0.306455078125 0.56005859375 0.388857421875 0.64697265625 0.388857421875 0.64697265625 0.306455078125
0 0.45901367187500003 0.79185546875 0.42672851562499997 0.79185546875 0.42672851562499997 0.83998046875 0.45901367187500003 0.83998046875 0.45901367187500003 0.79185546875
0 0.359677734375 0.223095703125 0.331728515625 0.223095703125 0.331728515625 0.251748046875 0.359677734375 0.251748046875 0.359677734375 0.223095703125
0 0.7120703125000001 0.25458984375 0.6170312499999999 0.25458984375 0.6170312499999999 0.32892578125 0.7120703125000001 0.32892578125 0.7120703125000001 0.25458984375
0 0.19951171875 0.23313476562500002 0.17623046874999998 0.23313476562500002 0.17623046874999998 0.253701171875 0.19951171875 0.253701171875 0.19951171875 0.23313476562500002
0 0.6712304687499999 0.25654296875 0.6217382812500001 0.25654296875 0.6217382812500001 0.29716796875 0.6712304687499999 0.29716796875 0.6712304687499999 0.25654296875
0 0.8031445312500001 0.199287109375 0.77986328125 0.199287109375 0.77986328125 0.240673828125 0.8031445312500001 0.240673828125 0.8031445312500001 0.199287109375
0 0.49806640625 0.48884765625000004 0.47458984375 0.48884765625000004 0.47458984375 0.51701171875 0.49806640625 0.51701171875 0.49806640625 0.48884765625000004
0 0.417587890625 0.468349609375 0.394912109375 0.468349609375 0.394912109375 0.492587890625 0.417587890625 0.492587890625 0.417587890625 0.468349609375
0 0.555556640625 0.697119140625 0.529404296875 0.697119140625 0.529404296875 0.723779296875 0.555556640625 0.723779296875 0.555556640625 0.697119140625
0 0.19541015625 0.629853515625 0.17080078125 0.629853515625 0.17080078125 0.662138671875 0.19541015625 0.662138671875 0.19541015625 0.629853515625
0 0.7657812500000001 0.115927734375 0.7342187499999999 0.115927734375 0.7342187499999999 0.154111328125 0.7657812500000001 0.154111328125 0.7657812500000001 0.115927734375
0 0.188994140625 0.33525390625 0.12666992187499998 0.33525390625 0.12666992187499998 0.39326171875 0.188994140625 0.39326171875 0.188994140625 0.33525390625
0 0.2722265625 0.277734375 0.241953125 0.277734375 0.241953125 0.30234375 0.2722265625 0.30234375 0.2722265625 0.277734375
0 0.09987304687500001 0.5348437500000001 0.079072265625 0.5348437500000001 0.079072265625 0.5569531249999999 0.09987304687500001 0.5569531249999999 0.09987304687500001 0.5348437500000001
0 0.45168945312500003 0.581923828125 0.43260742187499995 0.581923828125 0.43260742187499995 0.604599609375 0.45168945312500003 0.604599609375 0.45168945312500003 0.581923828125
0 0.50021484375 0.883798828125 0.47294921875 0.883798828125 0.47294921875 0.910146484375 0.50021484375 0.910146484375 0.50021484375 0.883798828125
0 0.410263671875 0.196865234375 0.39004882812499997 0.196865234375 0.39004882812499997 0.216962890625 0.410263671875 0.216962890625 0.410263671875 0.196865234375
0 0.25228515625000003 0.38673828125 0.23673828125 0.38673828125 0.23673828125 0.40283203125 0.25228515625000003 0.40283203125 0.25228515625000003 0.38673828125
0 0.39846679687500003 0.8605078125000001 0.362783203125 0.8605078125000001 0.362783203125 0.9099999999999999 0.39846679687500003 0.9099999999999999 0.39846679687500003 0.8605078125000001
0 0.1428515625 0.5770898437499999 0.06796875 0.5770898437499999 0.06796875 0.6973242187500001 0.1428515625 0.6973242187500001 0.1428515625 0.5770898437499999
0 0.2832421875 0.661865234375 0.1872265625 0.661865234375 0.1872265625 0.743408203125 0.2832421875 0.743408203125 0.2832421875 0.661865234375
0 0.58044921875 0.071474609375 0.48888671875 0.071474609375 0.48888671875 0.204892578125 0.58044921875 0.204892578125 0.58044921875 0.071474609375
0 0.693818359375 0.00154296875 0.622587890625 0.00154296875 0.622587890625 0.04853515625 0.693818359375 0.04853515625 0.693818359375 0.00154296875
0 0.49353515625 0.349013671875 0.47033203125 0.349013671875 0.47033203125 0.371220703125 0.49353515625 0.371220703125 0.49353515625 0.349013671875
0 0.72091796875 0.057451171875 0.68826171875 0.057451171875 0.68826171875 0.077666015625 0.72091796875 0.077666015625 0.72091796875 0.057451171875
0 0.4723046875 0.841025390625 0.45640625 0.841025390625 0.45640625 0.860146484375 0.4723046875 0.860146484375 0.4723046875 0.841025390625
0 0.253916015625 0.4525390625 0.237060546875 0.4525390625 0.237060546875 0.4703125 0.253916015625 0.4703125 0.253916015625 0.4525390625
0 0.18599609374999998 0.3103515625 0.17044921875000002 0.3103515625 0.17044921875000002 0.3263671875 0.18599609374999998 0.3263671875 0.18599609374999998 0.3103515625
0 0.42716796874999996 0.022109375 0.36240234375 0.022109375 0.36240234375 0.055703125 0.42716796874999996 0.055703125 0.42716796874999996 0.022109375
0 0.6015234375 0.5034863281249999 0.5859765625 0.5034863281249999 0.5859765625 0.5199511718750001 0.6015234375 0.5199511718750001 0.6015234375 0.5034863281249999
0 0.37936523437499997 0.30427734375000004 0.36184570312500003 0.30427734375000004 0.36184570312500003 0.32267578124999996 0.37936523437499997 0.32267578124999996 0.37936523437499997 0.30427734375000004
0 0.529619140625 0.5836816406249999 0.512373046875 0.5836816406249999 0.512373046875 0.6018652343750001 0.529619140625 0.6018652343750001 0.529619140625 0.5836816406249999
0 0.472392578125 0.724560546875 0.45487304687499996 0.724560546875 0.45487304687499996 0.743212890625 0.472392578125 0.743212890625 0.472392578125 0.724560546875
0 0.48762695312500004 0.947216796875 0.46745117187499996 0.947216796875 0.46745117187499996 0.965869140625 0.48762695312500004 0.965869140625 0.48762695312500004 0.947216796875
0 0.486484375 0.764033203125 0.47203125 0.764033203125 0.47203125 0.780888671875 0.486484375 0.780888671875 0.486484375 0.764033203125
0 0.46480468750000004 0.308359375 0.43804687500000006 0.308359375 0.43804687500000006 0.3386328125 0.46480468750000004 0.3386328125 0.46480468750000004 0.308359375
0 0.37447265625 0.759794921875 0.35794921875 0.759794921875 0.35794921875 0.777314453125 0.37447265625 0.777314453125 0.37447265625 0.759794921875
0 0.72310546875 0.11192382812499999 0.70951171875 0.11192382812499999 0.70951171875 0.126474609375 0.72310546875 0.126474609375 0.72310546875 0.11192382812499999
0 0.311328125 0.288388671875 0.28195312499999997 0.288388671875 0.28195312499999997 0.335634765625 0.311328125 0.335634765625 0.311328125 0.288388671875
0 0.055322265625 0.431767578125 0.038857421875 0.431767578125 0.038857421875 0.448115234375 0.055322265625 0.448115234375 0.055322265625 0.431767578125
0 0.45265625 0.9623437499999999 0.410625 0.9623437499999999 0.410625 0.9966406250000001 0.45265625 0.9966406250000001 0.45265625 0.9623437499999999
0 0.7551855468750001 0.3871484375 0.7409082031249999 0.3871484375 0.7409082031249999 0.3980078125 0.7551855468750001 0.3980078125 0.7551855468750001 0.3871484375
0 0.747724609375 0.3279296875 0.723955078125 0.3279296875 0.723955078125 0.3634765625 0.747724609375 0.3634765625 0.747724609375 0.3279296875
0 0.20947265625 0.79203125 0.19189453125 0.79203125 0.19189453125 0.8085546875 0.20947265625 0.8085546875 0.20947265625 0.79203125
2 0.642578125 0 0.57421875 0.05078125 0.513671875 0.068359375 0.46484375 0.017578125 0.453125 0.013671875 0.431640625 0.01171875 0.421875 0.0234375 0.361328125 0.04296875 0.279296875 0.111328125 0.23828125 0.16796875 0.119140625 0.259765625 0.109375 0.275390625 0.0703125 0.287109375 0.0390625 0.419921875 0.03515625 0.5 0.041015625 0.537109375 0.0546875 0.552734375 0.107421875 0.701171875 0.158203125 0.775390625 0.345703125 0.982421875 0.369140625 0.998046875 0.400390625 0.998046875 0.419921875 0.966796875 0.439453125 0.9609375 0.455078125 0.97265625 0.474609375 0.97265625 0.52734375 0.953125 0.623046875 0.8828125 0.6875 0.80859375 0.734375 0.73828125 0.783203125 0.591796875 0.79296875 0.416015625 0.822265625 0.349609375 0.82421875 0.31640625 0.80078125 0.177734375 0.796875 0.076171875 0.775390625 0 0.642578125 0