0 0.323603515625 0.584189453125 0.25651367187499996 0.584189453125 0.25651367187499996 0.657880859375 0.323603515625 0.657880859375 0.323603515625 0.584189453125
0 0.666142578125 0.6776757812499999 0.631708984375 0.6776757812499999 0.631708984375 0.7236914062500001 0.666142578125 0.7236914062500001 0.666142578125 0.6776757812499999
0 0.6287207031250001 0.687041015625 0.5656152343749999 0.687041015625 0.5656152343749999 0.760224609375 0.6287207031250001 0.760224609375 0.6287207031250001 0.687041015625
0 0.8366894531250001 0.497431640625 0.776591796875 0.497431640625 0.776591796875 0.589482421875 0.8366894531250001 0.589482421875 0.8366894531250001 0.497431640625
0 0.7840625 0.4150390625 0.7286328125 0.4150390625 0.7286328125 0.5029296875 0.7840625 0.5029296875 0.7840625 0.4150390625
0 0.371767578125 0.651640625 0.337216796875 0.651640625 0.337216796875 0.684296875 0.371767578125 0.684296875 0.371767578125 0.651640625
0 0.6325097656249999 0.36744140625 0.5559667968750001 0.36744140625 0.5559667968750001 0.46314453125000005 0.6325097656249999 0.46314453125000005 0.6325097656249999 0.36744140625
0 0.81955078125 0.727861328125 0.77908203125 0.727861328125 0.77908203125 0.773115234375 0.81955078125 0.773115234375 0.81955078125 0.727861328125
0 0.44763671875 0.752490234375 0.41173828125 0.752490234375 0.41173828125 0.804150390625 0.44763671875 0.804150390625 0.44763671875 0.752490234375
0 0.6050683593749999 0.28304687500000003 0.5209082031250001 0.28304687500000003 0.5209082031250001 0.36832031249999997 0.6050683593749999 0.36832031249999997 0.6050683593749999 0.28304687500000003
0 0.3416796875 0.8689550781250001 0.2774609375 0.8689550781250001 0.2774609375 0.9396386718749999 0.3416796875 0.9396386718749999 0.3416796875 0.8689550781250001
0 0.578369140625 0.469462890625 0.538818359375 0.469462890625 0.538818359375 0.525185546875 0.578369140625 0.525185546875 0.578369140625 0.469462890625
0 0.5204199218750001 0.8765234375000001 0.488369140625 0.8765234375000001 0.488369140625 0.9144921874999999 0.5204199218750001 0.9144921874999999 0.5204199218750001 0.8765234375000001
0 0.52009765625 0.73009765625 0.49552734374999996 0.73009765625 0.49552734374999996 0.76990234375 0.52009765625 0.76990234375 0.52009765625 0.73009765625
0 0.370078125 0.8241601562499999 0.34625 0.8241601562499999 0.34625 0.8565039062500001 0.370078125 0.8565039062500001 0.370078125 0.8241601562499999
0 0.6539941406249999 0.221689453125 0.6018652343750001 0.221689453125 0.6018652343750001 0.270732421875 0.6539941406249999 0.270732421875 0.6539941406249999 0.221689453125
0 0.18869140625 0.7608300781249999 0.11673828125 0.7608300781249999 0.11673828125 0.8368261718750001 0.18869140625 0.8368261718750001 0.18869140625 0.7608300781249999
0 0.6726660156250001 0.13111328125 0.5841699218749999 0.13111328125 0.5841699218749999 0.21802734375 0.6726660156250001 0.21802734375 0.6726660156250001 0.13111328125
0 0.404765625 0.086728515625 0.3418359375 0.086728515625 0.3418359375 0.150458984375 0.404765625 0.150458984375 0.404765625 0.086728515625
0 0.8128320312499999 0.66189453125 0.7613867187500001 0.66189453125 0.7613867187500001 0.73068359375 0.8128320312499999 0.73068359375 0.8128320312499999 0.66189453125
0 0.6037011718749999 0.787568359375 0.5720800781250001 0.787568359375 0.5720800781250001 0.833525390625 0.6037011718749999 0.833525390625 0.6037011718749999 0.787568359375
0 0.54462890625 0.40396484375 0.51591796875 0.40396484375 0.51591796875 0.43978515625 0.54462890625 0.43978515625 0.54462890625 0.40396484375
0 0.46029296875 0.2391015625 0.39322265624999997 0.2391015625 0.39322265624999997 0.30386718749999997 0.46029296875 0.30386718749999997 0.46029296875 0.2391015625
0 0.147763671875 0.5125097656250001 0.077822265625 0.5125097656250001 0.077822265625 0.5851464843749999 0.147763671875 0.5851464843749999 0.147763671875 0.5125097656250001
0 0.7058691406250001 0.30514648437499997 0.6779199218749999 0.30514648437499997 0.6779199218749999 0.33645507812500003 0.7058691406250001 0.33645507812500003 0.7058691406250001 0.30514648437499997
0 0.9445214843749999 0.33783203125 0.8396582031250001 0.33783203125 0.8396582031250001 0.43853515625000006 0.9445214843749999 0.43853515625000006 0.9445214843749999 0.33783203125
0 0.21005859375 0.39811523437499996 0.13224609375000002 0.39811523437499996 0.13224609375000002 0.494970703125 0.21005859375 0.494970703125 0.21005859375 0.39811523437499996
0 0.166904296875 0.45439453125 0.131689453125 0.45439453125 0.131689453125 0.49873046875 0.166904296875 0.49873046875 0.166904296875 0.45439453125
0 0.412578125 0.8236425781250001 0.388203125 0.8236425781250001 0.388203125 0.8560449218749999 0.412578125 0.8560449218749999 0.412578125 0.8236425781250001
0 0.480810546875 0.698779296875 0.46110351562499996 0.698779296875 0.46110351562499996 0.725048828125 0.480810546875 0.725048828125 0.480810546875 0.698779296875
0 0.225341796875 0.8233984375000001 0.200673828125 0.8233984375000001 0.200673828125 0.8523828124999999 0.225341796875 0.8523828124999999 0.225341796875 0.8233984375000001
0 0.309443359375 0.186005859375 0.284306640625 0.186005859375 0.284306640625 0.21926757812500003 0.309443359375 0.21926757812500003 0.309443359375 0.186005859375
0 0.47774414062500004 0.329580078125 0.45440429687500006 0.329580078125 0.45440429687500006 0.357919921875 0.47774414062500004 0.357919921875 0.47774414062500004 0.329580078125
0 0.6749609375000001 0.41012695312499997 0.6560937499999999 0.41012695312499997 0.6560937499999999 0.438037109375 0.6749609375000001 0.438037109375 0.6749609375000001 0.41012695312499997
0 0.789580078125 0.389287109375 0.769013671875 0.389287109375 0.769013671875 0.414423828125 0.789580078125 0.414423828125 0.789580078125 0.389287109375
0 0.8065527343750001 0.6612207031249999 0.7813378906249999 0.6612207031249999 0.7813378906249999 0.6913183593750001 0.8065527343750001 0.6913183593750001 0.8065527343750001 0.6612207031249999
0 0.43362304687500003 0.18327148437500002 0.399892578125 0.18327148437500002 0.399892578125 0.218603515625 0.43362304687500003 0.218603515625 0.43362304687500003 0.18327148437500002
0 0.562138671875 0.24215820312499997 0.539423828125 0.24215820312499997 0.539423828125 0.27249023437500003 0.562138671875 0.27249023437500003 0.562138671875 0.24215820312499997
0 0.7947363281250001 0.28349609375 0.7706933593749999 0.28349609375 0.7706933593749999 0.31076171874999997 0.7947363281250001 0.31076171874999997 0.7947363281250001 0.28349609375
0 0.455078125 0.38791015624999997 0.438984375 0.38791015624999997 0.438984375 0.40603515625000003 0.455078125 0.40603515625000003 0.455078125 0.38791015624999997
0 0.350087890625 0.06278320312499999 0.31448242187500003 0.06278320312499999 0.31448242187500003 0.09967773437500001 0.350087890625 0.09967773437500001 0.350087890625 0.06278320312499999
0 0.7123339843750001 0.472880859375 0.6958691406249999 0.472880859375 0.6958691406249999 0.492939453125 0.7123339843750001 0.492939453125 0.7123339843750001 0.472880859375
0 0.798564453125 0.16412109375 0.776630859375 0.16412109375 0.776630859375 0.19185546874999998 0.798564453125 0.19185546874999998 0.798564453125 0.16412109375
0 0.643720703125 0.555693359375 0.622880859375 0.555693359375 0.622880859375 0.579072265625 0.643720703125 0.579072265625 0.643720703125 0.555693359375
0 0.44261718749999995 0.6712109374999999 0.41335937500000003 0.6712109374999999 0.41335937500000003 0.7018359375000001 0.44261718749999995 0.7018359375000001 0.44261718749999995 0.6712109374999999
0 0.514814453125 0.5646093750000001 0.478857421875 0.5646093750000001 0.478857421875 0.6160546874999999 0.514814453125 0.6160546874999999 0.514814453125 0.5646093750000001
0 0.910791015625 0.46534179687500005 0.887060546875 0.46534179687500005 0.887060546875 0.49071289062499995 0.910791015625 0.49071289062499995 0.910791015625 0.46534179687500005
0 0.836279296875 0.434521484375 0.806298828125 0.434521484375 0.806298828125 0.473212890625 0.836279296875 0.473212890625 0.836279296875 0.434521484375
0 0.116826171875 0.62658203125 0.10145507812500001 0.62658203125 0.10145507812500001 0.64587890625 0.116826171875 0.64587890625 0.116826171875 0.62658203125
0 0.3301171875 0.139453125 0.3046484375 0.139453125 0.3046484375 0.1671875 0.3301171875 0.1671875 0.3301171875 0.139453125
0 0.19017578125 0.8417089843750001 0.15333984375 0.8417089843750001 0.15333984375 0.8838769531249999 0.19017578125 0.8838769531249999 0.19017578125 0.8417089843750001
0 0.48283203124999996 0.443671875 0.44783203125000004 0.443671875 0.44783203125000004 0.4796875 0.48283203124999996 0.4796875 0.48283203124999996 0.443671875
0 0.658720703125 0.7500390625 0.641083984375 0.7500390625 0.641083984375 0.7714453125 0.658720703125 0.7714453125 0.658720703125 0.7500390625
0 0.3123046875 0.477939453125 0.28683593749999997 0.477939453125 0.28683593749999997 0.5054589843749999 0.3123046875 0.5054589843749999 0.3123046875 0.477939453125
0 0.2391796875 0.17619140625000002 0.1770703125 0.17619140625000002 0.1770703125 0.22958984375 0.2391796875 0.22958984375 0.2391796875 0.17619140625000002
0 0.575322265625 0.594404296875 0.558466796875 0.594404296875 0.558466796875 0.614580078125 0.575322265625 0.614580078125 0.575322265625 0.594404296875
0 0.187314453125 0.546015625 0.159365234375 0.546015625 0.159365234375 0.57703125 0.187314453125 0.57703125 0.187314453125 0.546015625
0 0.949453125 0.506083984375 0.93140625 0.506083984375 0.93140625 0.525166015625 0.949453125 0.525166015625 0.949453125 0.506083984375
0 0.6495996093749999 0.13748046875 0.6082128906250001 0.13748046875 0.6082128906250001 0.17623046874999998 0.6495996093749999 0.17623046874999998 0.6495996093749999 0.13748046875
0 0.302236328125 0.7691113281249999 0.28420898437500003 0.7691113281249999 0.28420898437500003 0.7865527343750001 0.302236328125 0.7865527343750001 0.302236328125 0.7691113281249999
0 0.266220703125 0.031718750000000004 0.224755859375 0.031718750000000004 0.224755859375 0.0809375 0.266220703125 0.0809375 0.266220703125 0.031718750000000004
0 0.69908203125 0.67646484375 0.68177734375 0.67646484375 0.68177734375 0.69755859375 0.69908203125 0.69755859375 0.69908203125 0.67646484375
0 0.317646484375 0.47073242187500003 0.258525390625 0.47073242187500003 0.258525390625 0.535126953125 0.317646484375 0.535126953125 0.317646484375 0.47073242187500003
0 0.479248046875 0.0594921875 0.400634765625 0.0594921875 0.400634765625 0.11066406250000001 0.479248046875 0.11066406250000001 0.479248046875 0.0594921875
0 0.738984375 0.38723632812500003 0.7170703125 0.38723632812500003 0.7170703125 0.40916992187499995 0.738984375 0.40916992187499995 0.738984375 0.38723632812500003
0 0.17533203125000002 0.41298828125 0.16013671875 0.41298828125 0.16013671875 0.43029296875 0.17533203125000002 0.43029296875 0.17533203125000002 0.41298828125
0 0.35435546875 0.275927734375 0.33705078125 0.275927734375 0.33705078125 0.29586914062499997 0.35435546875 0.29586914062499997 0.35435546875 0.275927734375
0 0.7474609375 0.7193066406249999 0.73203125 0.7193066406249999 0.73203125 0.7367480468750001 0.7474609375 0.7367480468750001 0.7474609375 0.7193066406249999
0 0.1458203125 0.669208984375 0.1273828125 0.669208984375 0.1273828125 0.689189453125 0.1458203125 0.689189453125 0.1458203125 0.669208984375
0 0.172861328125 0.24949218750000002 0.095458984375 0.24949218750000002 0.095458984375 0.3398828125 0.172861328125 0.3398828125 0.172861328125 0.24949218750000002
0 0.9293652343750001 0.530634765625 0.9173144531249999 0.530634765625 0.9173144531249999 0.547490234375 0.9293652343750001 0.547490234375 0.9293652343750001 0.530634765625
0 0.8963574218750001 0.544443359375 0.8848925781249999 0.544443359375 0.8848925781249999 0.560048828125 0.8963574218750001 0.560048828125 0.8963574218750001 0.544443359375
0 0.46871093750000004 0.448798828125 0.45171875000000006 0.448798828125 0.45171875000000006 0.465263671875 0.46871093750000004 0.465263671875 0.46871093750000004 0.448798828125
0 0.4432421875 0.88837890625 0.4293359375 0.88837890625 0.4293359375 0.90654296875 0.4432421875 0.90654296875 0.4432421875 0.88837890625
0 0.347705078125 0.5629003906250001 0.320263671875 0.5629003906250001 0.320263671875 0.5904199218749999 0.347705078125 0.5904199218749999 0.347705078125 0.5629003906250001
0 0.554462890625 0.37003906249999996 0.541240234375 0.37003906249999996 0.541240234375 0.384375 0.554462890625 0.384375 0.554462890625 0.37003906249999996
0 0.793115234375 0.24070312500000002 0.781103515625 0.24070312500000002 0.781103515625 0.25417968750000003 0.793115234375 0.25417968750000003 0.793115234375 0.24070312500000002
0 0.076416015625 0.6675683593749999 0.058701171875 0.6675683593749999 0.058701171875 0.7084082031250001 0.076416015625 0.7084082031250001 0.076416015625 0.6675683593749999
0 0.359423828125 0.42171875 0.299755859375 0.42171875 0.299755859375 0.4694140625 0.359423828125 0.4694140625 0.359423828125 0.42171875
0 0.43271484375 0.073232421875 0.41787109375 0.073232421875 0.41787109375 0.087783203125 0.43271484375 0.087783203125 0.43271484375 0.073232421875
0 0.40022460937500004 0.8416113281250001 0.387392578125 0.8416113281250001 0.387392578125 0.8566308593749999 0.40022460937500004 0.8566308593749999 0.40022460937500004 0.8416113281250001
0 0.34445312499999997 0.018173828125 0.3318359375 0.018173828125 0.3318359375 0.034638671875 0.34445312499999997 0.034638671875 0.34445312499999997 0.018173828125
0 0.4109375 0.9224511718749999 0.40011718749999997 0.9224511718749999 0.40011718749999997 0.9349707031250001 0.4109375 0.9349707031250001 0.4109375 0.9224511718749999
0 0.37418945312499996 0.5675 0.31721679687500004 0.5675 0.31721679687500004 0.6268359375 0.37418945312499996 0.6268359375 0.37418945312499996 0.5675
0 0.31841796875 0.326669921875 0.25677734375 0.326669921875 0.25677734375 0.397470703125 0.31841796875 0.397470703125 0.31841796875 0.326669921875
0 0.317763671875 0.853759765625 0.282822265625 0.853759765625 0.282822265625 0.885498046875 0.317763671875 0.885498046875 0.317763671875 0.853759765625
0 0.48888671875 0.855439453125 0.42666015625 0.855439453125 0.42666015625 0.919951171875 0.48888671875 0.919951171875 0.48888671875 0.855439453125
0 0.24185546875 0.8445410156250001 0.17587890625 0.8445410156250001 0.17587890625 0.9171777343749999 0.24185546875 0.9171777343749999 0.24185546875 0.8445410156250001
0 0.46685546875000006 0.476162109375 0.38763671875 0.476162109375 0.38763671875 0.5648535156250001 0.46685546875000006 0.5648535156250001 0.46685546875000006 0.476162109375
0 0.14447265625 0.6483789062499999 0.07037109375 0.6483789062499999 0.07037109375 0.7617773437500001 0.14447265625 0.7617773437500001 0.14447265625 0.6483789062499999
0 0.28854492187499997 0.36483398437500003 0.277392578125 0.36483398437500003 0.277392578125 0.376884765625 0.28854492187499997 0.376884765625 0.28854492187499997 0.36483398437500003
0 0.521513671875 0.5536523437499999 0.41793945312499997 0.5536523437499999 0.41793945312499997 0.6690039062500001 0.521513671875 0.6690039062500001 0.521513671875 0.5536523437499999
0 0.1642578125 0.17442382812499999 0.13921875 0.17442382812499999 0.13921875 0.201083984375 0.1642578125 0.201083984375 0.1642578125 0.17442382812499999
0 0.8571484375 0.657236328125 0.8342578125 0.657236328125 0.8342578125 0.677724609375 0.8571484375 0.677724609375 0.8571484375 0.657236328125
0 0.53974609375 0.45306640624999994 0.52080078125 0.45306640624999994 0.52080078125 0.46392578125000006 0.53974609375 0.46392578125000006 0.53974609375 0.45306640624999994
2 0.19140625 0.916015625 0.23828125 0.935546875 0.404296875 0.943359375 0.51171875 0.91796875 0.6484375 0.845703125 0.748046875 0.810546875 0.80859375 0.779296875 0.998046875 0.58203125 0.998046875 0.451171875 0.939453125 0.39453125 0.9140625 0.35546875 0.857421875 0.2265625 0.779296875 0.158203125 0.55859375 0.0625 0.376953125 0.015625 0.3046875 0.015625 0.234375 0.041015625 0.18359375 0.078125 0.15625 0.12890625 0.138671875 0.193359375 0.115234375 0.212890625 0.08203125 0.337890625 0.056640625 0.5625 0.064453125 0.701171875 0.095703125 0.802734375 0.146484375 0.873046875 0.19140625 0.916015625