0 0.465927734375 0.443134765625 0.384541015625 0.443134765625 0.384541015625 0.503466796875 0.465927734375 0.503466796875 0.465927734375 0.443134765625
0 0.7073632812499999 0.60080078125 0.6197851562500001 0.60080078125 0.6197851562500001 0.67556640625 0.7073632812499999 0.67556640625 0.7073632812499999 0.60080078125
0 0.8627050781250001 0.669169921875 0.7876855468749999 0.669169921875 0.7876855468749999 0.724384765625 0.8627050781250001 0.724384765625 0.8627050781250001 0.669169921875
0 0.789501953125 0.5515722656250001 0.746630859375 0.5515722656250001 0.746630859375 0.5880761718749999 0.789501953125 0.5880761718749999 0.789501953125 0.5515722656250001
0 0.497021484375 0.438388671875 0.455634765625 0.438388671875 0.455634765625 0.468369140625 0.497021484375 0.468369140625 0.497021484375 0.438388671875
0 0.408056640625 0.63244140625 0.34928710937499996 0.63244140625 0.34928710937499996 0.69666015625 0.408056640625 0.69666015625 0.408056640625 0.63244140625
0 0.8633691406249999 0.590849609375 0.8094824218750001 0.590849609375 0.8094824218750001 0.635712890625 0.8633691406249999 0.635712890625 0.8633691406249999 0.590849609375
0 0.6559472656249999 0.38763671875 0.6077246093750001 0.38763671875 0.6077246093750001 0.41755859375000004 0.6559472656249999 0.41755859375000004 0.6559472656249999 0.38763671875
0 0.398388671875 0.418193359375 0.342353515625 0.418193359375 0.342353515625 0.45145507812499996 0.398388671875 0.45145507812499996 0.398388671875 0.418193359375
0 0.432529296875 0.163388671875 0.37606445312500003 0.163388671875 0.37606445312500003 0.20723632812499998 0.432529296875 0.20723632812499998 0.432529296875 0.163388671875
0 0.3178125 0.423916015625 0.254453125 0.423916015625 0.254453125 0.469169921875 0.3178125 0.469169921875 0.3178125 0.423916015625
0 0.1595703125 0.63994140625 0.087734375 0.63994140625 0.087734375 0.68427734375 0.1595703125 0.68427734375 0.1595703125 0.63994140625
0 0.53318359375 0.7341894531250001 0.48048828125 0.7341894531250001 0.48048828125 0.7755761718749999 0.53318359375 0.7755761718749999 0.53318359375 0.7341894531250001
0 0.35734374999999996 0.4689453125 0.316015625 0.4689453125 0.316015625 0.5032421874999999 0.35734374999999996 0.5032421874999999 0.35734374999999996 0.4689453125
0 0.495830078125 0.26725585937499996 0.42752929687499996 0.26725585937499996 0.42752929687499996 0.31379882812500004 0.495830078125 0.31379882812500004 0.495830078125 0.26725585937499996
0 0.75509765625 0.486328125 0.69412109375 0.486328125 0.69412109375 0.5205078125 0.75509765625 0.5205078125 0.75509765625 0.486328125
0 0.7430761718750001 0.567822265625 0.6993066406249999 0.567822265625 0.6993066406249999 0.605029296875 0.7430761718750001 0.605029296875 0.7430761718750001 0.567822265625
0 0.5333984375 0.6278125 0.4900390625 0.6278125 0.4900390625 0.6563671875 0.5333984375 0.6563671875 0.5333984375 0.6278125
0 0.451884765625 0.5740624999999999 0.410419921875 0.5740624999999999 0.410419921875 0.6105078125000001 0.451884765625 0.6105078125000001 0.451884765625 0.5740624999999999
0 0.137880859375 0.48993164062499994 0.038759765625 0.48993164062499994 0.038759765625 0.5481542968750001 0.137880859375 0.5481542968750001 0.137880859375 0.48993164062499994
0 0.67716796875 0.6026171875 0.63240234375 0.6026171875 0.63240234375 0.636640625 0.67716796875 0.636640625 0.67716796875 0.6026171875
0 0.9033007812499999 0.494716796875 0.8457226562500001 0.494716796875 0.8457226562500001 0.5218847656250001 0.9033007812499999 0.5218847656250001 0.9033007812499999 0.494716796875
0 0.5477636718750001 0.587763671875 0.5079003906249999 0.587763671875 0.5079003906249999 0.615361328125 0.5477636718750001 0.615361328125 0.5477636718750001 0.587763671875
0 0.48529296874999994 0.61544921875 0.35259765625 0.61544921875 0.35259765625 0.70876953125 0.48529296874999994 0.70876953125 0.48529296874999994 0.61544921875
0 0.8430957031249999 0.7628515625000001 0.8033886718750001 0.7628515625000001 0.8033886718750001 0.7947656249999999 0.8430957031249999 0.7947656249999999 0.8430957031249999 0.7628515625000001
0 0.2926171875 0.572919921875 0.24597656250000002 0.572919921875 0.24597656250000002 0.603837890625 0.2926171875 0.603837890625 0.2926171875 0.572919921875
0 0.20107421875 0.816513671875 0.14806640625 0.816513671875 0.14806640625 0.858291015625 0.20107421875 0.858291015625 0.20107421875 0.816513671875
0 0.32458984375 0.220224609375 0.23498046874999998 0.220224609375 0.23498046874999998 0.269267578125 0.32458984375 0.269267578125 0.32458984375 0.220224609375
0 0.9278222656249999 0.534892578125 0.8758886718750001 0.534892578125 0.8758886718750001 0.564716796875 0.9278222656249999 0.564716796875 0.9278222656249999 0.534892578125
0 0.75556640625 0.45584960937499996 0.73271484375 0.45584960937499996 0.73271484375 0.482158203125 0.75556640625 0.482158203125 0.75556640625 0.45584960937499996
0 0 0.70912109375 0.037666015625 0.70912109375 0.037666015625 0.67173828125 0 0.67173828125 0 0.70912109375
0 0.72587890625 0.7001074218750001 0.69208984375 0.7001074218750001 0.69208984375 0.7325097656249999 0.72587890625 0.7325097656249999 0.72587890625 0.7001074218750001
0 0.818779296875 0.5011328125000001 0.7945019531249999 0.5011328125000001 0.7945019531249999 0.5174218749999999 0.818779296875 0.5174218749999999 0.818779296875 0.5011328125000001
0 0.695458984375 0.337685546875 0.671728515625 0.337685546875 0.671728515625 0.355205078125 0.695458984375 0.355205078125 0.695458984375 0.337685546875
0 0.22615234375 0.43355468750000004 0.18888671875000002 0.43355468750000004 0.18888671875000002 0.45902343749999996 0.22615234375 0.45902343749999996 0.22615234375 0.43355468750000004
0 0.63435546875 0.33004882812499997 0.59708984375 0.33004882812499997 0.59708984375 0.349169921875 0.63435546875 0.349169921875 0.63435546875 0.33004882812499997
0 0.605322265625 0.6541015625 0.574365234375 0.6541015625 0.574365234375 0.67890625 0.605322265625 0.67890625 0.605322265625 0.6541015625
0 0.084970703125 0.365849609375 0.037646484375 0.365849609375 0.037646484375 0.397353515625 0.084970703125 0.397353515625 0.084970703125 0.365849609375
0 0.277236328125 0.5316503906250001 0.24280273437500002 0.5316503906250001 0.24280273437500002 0.5523339843749999 0.277236328125 0.5523339843749999 0.277236328125 0.5316503906250001
0 0.277890625 0.24093749999999997 0.2367578125 0.24093749999999997 0.2367578125 0.26980468750000003 0.277890625 0.26980468750000003 0.277890625 0.24093749999999997
0 0.323486328125 0.5817187500000001 0.291748046875 0.5817187500000001 0.291748046875 0.6116406249999999 0.323486328125 0.6116406249999999 0.323486328125 0.5817187500000001
0 0.8126269531249999 0.405673828125 0.790888671875 0.405673828125 0.790888671875 0.424912109375 0.8126269531249999 0.424912109375 0.8126269531249999 0.405673828125
0 0.9345703125 0.522822265625 0.7939453125 0.522822265625 0.7939453125 0.645146484375 0.9345703125 0.645146484375 0.9345703125 0.522822265625
0 0.177470703125 0.386474609375 0.130380859375 0.386474609375 0.130380859375 0.426025390625 0.177470703125 0.426025390625 0.177470703125 0.386474609375
0 0.505986328125 0.33444335937499997 0.477919921875 0.33444335937499997 0.477919921875 0.35500976562500003 0.505986328125 0.35500976562500003 0.505986328125 0.33444335937499997
0 0.47130859375 0.371220703125 0.43447265625 0.371220703125 0.43447265625 0.398818359375 0.47130859375 0.398818359375 0.47130859375 0.371220703125
0 0.472724609375 0.170498046875 0.446220703125 0.170498046875 0.446220703125 0.186455078125 0.472724609375 0.186455078125 0.472724609375 0.170498046875
0 0.40899414062500006 0.602392578125 0.384482421875 0.602392578125 0.384482421875 0.623193359375 0.40899414062500006 0.623193359375 0.40899414062500006 0.602392578125
0 0.5546875 0.1705078125 0.53515625 0.1705078125 0.53515625 0.1869140625 0.5546875 0.1869140625 0.5546875 0.1705078125
0 0.033271484375 0.594755859375 0.000009765625 0.594755859375 0.000009765625 0.642548828125 0.033271484375 0.642548828125 0.033271484375 0.594755859375
0 0.7239355468750001 0.7335546875000001 0.6852441406249999 0.7335546875000001 0.6852441406249999 0.7576562499999999 0.7239355468750001 0.7576562499999999 0.7239355468750001 0.7335546875000001
0 0.523291015625 0.223193359375 0.500146484375 0.223193359375 0.500146484375 0.24043945312499998 0.523291015625 0.24043945312499998 0.523291015625 0.223193359375
0 0.293876953125 0.47490234375 0.271552734375 0.47490234375 0.271552734375 0.49384765625 0.293876953125 0.49384765625 0.293876953125 0.47490234375
0 0.6798437500000001 0.84037109375 0.6365624999999999 0.84037109375 0.6365624999999999 0.85689453125 0.6798437500000001 0.85689453125 0.6798437500000001 0.84037109375
0 0.22694335937500001 0.36776367187500003 0.182744140625 0.36776367187500003 0.182744140625 0.39883789062499997 0.22694335937500001 0.39883789062499997 0.22694335937500001 0.36776367187500003
0 0.784765625 0.6166113281250001 0.7669921875 0.6166113281250001 0.7669921875 0.6333886718749999 0.784765625 0.6333886718749999 0.784765625 0.6166113281250001
0 0.5030175781249999 0.8345605468749999 0.482333984375 0.8345605468749999 0.482333984375 0.8529394531250001 0.5030175781249999 0.8529394531250001 0.5030175781249999 0.8345605468749999
0 0.47658203125 0.2137890625 0.45017578125 0.2137890625 0.45017578125 0.2298046875 0.47658203125 0.2298046875 0.47658203125 0.2137890625
0 0.648212890625 0.7801953125 0.592998046875 0.7801953125 0.592998046875 0.8184374999999999 0.648212890625 0.8184374999999999 0.648212890625 0.7801953125
0 0.37609375 0.7893945312499999 0.3412109375 0.7893945312499999 0.3412109375 0.8219335937500001 0.37609375 0.8219335937500001 0.37609375 0.7893945312499999
0 0.35075195312499996 0.8383984375000001 0.324560546875 0.8383984375000001 0.324560546875 0.8666796874999999 0.35075195312499996 0.8666796874999999 0.35075195312499996 0.8383984375000001
0 0.206630859375 0.62611328125 0.175205078125 0.62611328125 0.175205078125 0.65025390625 0.206630859375 0.65025390625 0.206630859375 0.62611328125
0 0.4099609375 0.848525390625 0.387890625 0.848525390625 0.387890625 0.864365234375 0.4099609375 0.864365234375 0.4099609375 0.848525390625
0 0.34455078125 0.30355468750000003 0.32783203125 0.30355468750000003 0.32783203125 0.31851562499999997 0.34455078125 0.31851562499999997 0.34455078125 0.30355468750000003
0 0.597802734375 0.432197265625 0.577001953125 0.432197265625 0.577001953125 0.445263671875 0.597802734375 0.445263671875 0.597802734375 0.432197265625
0 0.36505859375 0.292919921875 0.19013671875 0.292919921875 0.19013671875 0.388251953125 0.36505859375 0.388251953125 0.36505859375 0.292919921875
0 0.6011328125000001 0.741171875 0.5873437499999999 0.741171875 0.5873437499999999 0.7539453125 0.6011328125000001 0.7539453125 0.6011328125000001 0.741171875
0 0.311533203125 0.57546875 0.152841796875 0.57546875 0.152841796875 0.6676953125 0.311533203125 0.6676953125 0.311533203125 0.57546875
0 0.2413671875 0.91109375 0.22789062499999999 0.91109375 0.22789062499999999 0.92484375 0.2413671875 0.92484375 0.2413671875 0.91109375
0 0.690322265625 0.875771484375 0.678818359375 0.875771484375 0.678818359375 0.885947265625 0.690322265625 0.885947265625 0.690322265625 0.875771484375
0 0.290078125 0.9520605468750001 0.2631640625 0.9520605468750001 0.2631640625 0.9756738281249999 0.290078125 0.9756738281249999 0.290078125 0.9520605468750001
0 0.693330078125 0.45181640625 0.506083984375 0.45181640625 0.506083984375 0.59021484375 0.693330078125 0.59021484375 0.693330078125 0.45181640625
2 0 0.7109375 0.166015625 0.900390625 0.205078125 0.95703125 0.2421875 0.98828125 0.267578125 0.998046875 0.4140625 0.998046875 0.7109375 0.892578125 0.78515625 0.865234375 0.92578125 0.796875 0.9765625 0.751953125 0.998046875 0.712890625 0.998046875 0.626953125 0.974609375 0.5859375 0.884765625 0.48828125 0.826171875 0.3984375 0.736328125 0.314453125 0.68359375 0.23828125 0.642578125 0.154296875 0.603515625 0.11328125 0.513671875 0.095703125 0.45703125 0.1015625 0.3359375 0.14453125 0.25 0.19921875 0.0078125 0.298828125 0 0.3046875 0 0.7109375