10 0.34375 0.5546875 0.27734375 0.5546875 0.27734375 0.634765625 0.34375 0.634765625 0.34375 0.5546875
10 0.7752734375 0.46505859374999997 0.71984375 0.46505859374999997 0.71984375 0.49443359375 0.7752734375 0.49443359375 0.7752734375 0.46505859374999997
10 0.28275390625 0.130615234375 0.21115234374999997 0.130615234375 0.21115234374999997 0.180673828125 0.28275390625 0.180673828125 0.28275390625 0.130615234375
10 0.483837890625 0.228447265625 0.386787109375 0.228447265625 0.386787109375 0.28573242187500003 0.483837890625 0.28573242187500003 0.483837890625 0.228447265625
10 0.46949218750000005 0.5551171874999999 0.38453125 0.5551171874999999 0.38453125 0.6060156250000001 0.46949218750000005 0.6060156250000001 0.46949218750000005 0.5551171874999999
10 0.5545703125 0.3235546875 0.3868359375 0.3235546875 0.3868359375 0.46015625 0.5545703125 0.46015625 0.5545703125 0.3235546875
10 0.5846582031249999 0.178837890625 0.48760742187500006 0.178837890625 0.48760742187500006 0.256474609375 0.5846582031249999 0.256474609375 0.5846582031249999 0.178837890625
10 0.325498046875 0.1337890625 0.157158203125 0.1337890625 0.157158203125 0.3076171875 0.325498046875 0.3076171875 0.325498046875 0.1337890625
10 0.729033203125 0.008857421875 0.609833984375 0.008857421875 0.609833984375 0.067080078125 0.729033203125 0.067080078125 0.729033203125 0.008857421875
10 0.249912109375 0.38416015625 0.194189453125 0.38416015625 0.194189453125 0.42494140625 0.249912109375 0.42494140625 0.249912109375 0.38416015625
10 0.81138671875 0.466015625 0.77748046875 0.466015625 0.77748046875 0.4958984375 0.81138671875 0.4958984375 0.81138671875 0.466015625
10 0.60869140625 0.289892578125 0.55927734375 0.289892578125 0.55927734375 0.31217773437499996 0.60869140625 0.31217773437499996 0.60869140625 0.289892578125
10 0.198955078125 0.4901171875 0.176279296875 0.4901171875 0.176279296875 0.5040234375 0.198955078125 0.5040234375 0.198955078125 0.4901171875
2 0.056640625 0.57421875 0.0859375 0.646484375 0.14453125 0.74609375 0.193359375 0.794921875 0.2421875 0.828125 0.27734375 0.8671875 0.3046875 0.92578125 0.3046875 0.94921875 0.318359375 0.986328125 0.3359375 0.98046875 0.34375 0.9609375 0.41015625 0.892578125 0.611328125 0.751953125 0.783203125 0.60546875 0.91015625 0.4375 0.921875 0.400390625 0.96484375 0.3203125 0.962890625 0.298828125 0.916015625 0.19921875 0.833984375 0.1328125 0.783203125 0.115234375 0.427734375 0.060546875 0.330078125 0.060546875 0.283203125 0.080078125 0.205078125 0.09375 0.171875 0.109375 0.115234375 0.15625 0.072265625 0.205078125 0.05078125 0.25 0.048828125 0.419921875 0.056640625 0.4765625 0.05078125 0.55078125 0.056640625 0.57421875