0 0.6759765625 0.338974609375 0.592890625 0.338974609375 0.592890625 0.40458007812499996 0.6759765625 0.40458007812499996 0.6759765625 0.338974609375
0 0.31513671875 0.1780078125 0.24494140625 0.1780078125 0.24494140625 0.2277734375 0.31513671875 0.2277734375 0.31513671875 0.1780078125
0 0.478857421875 0.236025390625 0.42594726562499996 0.236025390625 0.42594726562499996 0.267880859375 0.478857421875 0.267880859375 0.478857421875 0.236025390625
0 0.43820312499999997 0.12126953124999999 0.38308593750000003 0.12126953124999999 0.38308593750000003 0.17388671875 0.43820312499999997 0.17388671875 0.43820312499999997 0.12126953124999999
0 0.7992578124999999 0.4919921875 0.7495703125000001 0.4919921875 0.7495703125000001 0.520703125 0.7992578124999999 0.520703125 0.7992578124999999 0.4919921875
0 0.30328125 0.26882812500000003 0.2680078125 0.26882812500000003 0.2680078125 0.293203125 0.30328125 0.293203125 0.30328125 0.26882812500000003
0 0.725126953125 0.344833984375 0.669404296875 0.344833984375 0.669404296875 0.37540039062499997 0.725126953125 0.37540039062499997 0.725126953125 0.344833984375
0 0.7958105468750001 0.36744140625 0.7080957031249999 0.36744140625 0.7080957031249999 0.43091796875000005 0.7958105468750001 0.43091796875000005 0.7958105468750001 0.36744140625
0 0.24044921874999997 0.30038085937500003 0.20291015625000003 0.30038085937500003 0.20291015625000003 0.32266601562499997 0.24044921874999997 0.32266601562499997 0.24044921874999997 0.30038085937500003
0 0.5974609375 0.750517578125 0.5431640625 0.750517578125 0.5431640625 0.799287109375 0.5974609375 0.799287109375 0.5974609375 0.750517578125
0 0.1677734375 0.42345703125 0.1212890625 0.42345703125 0.1212890625 0.46228515625 0.1677734375 0.46228515625 0.1677734375 0.42345703125
0 0.3712890625 0.394267578125 0.258125 0.394267578125 0.258125 0.45291992187499996 0.3712890625 0.45291992187499996 0.3712890625 0.394267578125
0 0.49572265625 0.40615234375 0.46181640625 0.40615234375 0.46181640625 0.42736328125 0.49572265625 0.42736328125 0.49572265625 0.40615234375
0 0.16091796875 0.389423828125 0.12279296875000001 0.389423828125 0.12279296875000001 0.414794921875 0.16091796875 0.414794921875 0.16091796875 0.389423828125
0 0.26408203124999996 0.642548828125 0.22080078125 0.642548828125 0.22080078125 0.675810546875 0.26408203124999996 0.675810546875 0.26408203124999996 0.642548828125
0 0.39602539062500003 0.1121484375 0.35202148437499997 0.1121484375 0.35202148437499997 0.144921875 0.39602539062500003 0.144921875 0.39602539062500003 0.1121484375
0 0.647412109375 0.5925976562499999 0.607470703125 0.5925976562499999 0.607470703125 0.6232226562500001 0.647412109375 0.6232226562500001 0.647412109375 0.5925976562499999
0 0.5048144531250001 0.341201171875 0.460537109375 0.341201171875 0.460537109375 0.366337890625 0.5048144531250001 0.366337890625 0.5048144531250001 0.341201171875
0 0.28523437500000004 0.46947265624999995 0.2469921875 0.46947265624999995 0.2469921875 0.49732421875000005 0.28523437500000004 0.49732421875000005 0.28523437500000004 0.46947265624999995
0 0.189931640625 0.48546875 0.153583984375 0.48546875 0.153583984375 0.512578125 0.189931640625 0.512578125 0.189931640625 0.48546875
0 0.40345703125 0.8064746093749999 0.34509765625 0.8064746093749999 0.34509765625 0.8400097656250001 0.40345703125 0.8400097656250001 0.40345703125 0.8064746093749999
0 0.2152734375 0.5384863281250001 0.09503906250000001 0.5384863281250001 0.09503906250000001 0.5913964843749999 0.2152734375 0.5913964843749999 0.2152734375 0.5384863281250001
0 0.629228515625 0.520986328125 0.585615234375 0.520986328125 0.585615234375 0.550302734375 0.629228515625 0.550302734375 0.629228515625 0.520986328125
0 0.19905273437499998 0.456201171875 0.169853515625 0.456201171875 0.169853515625 0.479853515625 0.19905273437499998 0.479853515625 0.19905273437499998 0.456201171875
0 0.19345703125 0.335 0.16740234375000002 0.335 0.16740234375000002 0.354453125 0.19345703125 0.354453125 0.19345703125 0.335
0 0.5080859375 0.151552734375 0.44113281249999997 0.151552734375 0.44113281249999997 0.204658203125 0.5080859375 0.204658203125 0.5080859375 0.151552734375
0 0.563994140625 0.5738183593749999 0.533662109375 0.5738183593749999 0.533662109375 0.6000097656250001 0.563994140625 0.6000097656250001 0.563994140625 0.5738183593749999
0 0.114404296875 0.6314160156249999 0.083837890625 0.6314160156249999 0.083837890625 0.6537402343750001 0.114404296875 0.6537402343750001 0.114404296875 0.6314160156249999
0 0.334365234375 0.4903515625 0.281845703125 0.4903515625 0.281845703125 0.5311328125 0.334365234375 0.5311328125 0.334365234375 0.4903515625
0 0.7242773437500001 0.481669921875 0.6917382812499999 0.481669921875 0.6917382812499999 0.506142578125 0.7242773437500001 0.506142578125 0.7242773437500001 0.481669921875
0 0.401474609375 0.320048828125 0.37051757812499997 0.320048828125 0.37051757812499997 0.340107421875 0.401474609375 0.340107421875 0.401474609375 0.320048828125
0 0.7268749999999999 0.5949121093749999 0.6969531250000001 0.5949121093749999 0.6969531250000001 0.6150488281250001 0.7268749999999999 0.6150488281250001 0.7268749999999999 0.5949121093749999
0 0.47412109375 0.7690625 0.43994140625 0.7690625 0.43994140625 0.8002734374999999 0.47412109375 0.8002734374999999 0.47412109375 0.7690625
0 0.5552734375 0.31884765625 0.5306640625 0.31884765625 0.5306640625 0.33986328125 0.5552734375 0.33986328125 0.5552734375 0.31884765625
0 0.09740234375 0.370361328125 0.057402343749999994 0.370361328125 0.057402343749999994 0.412841796875 0.09740234375 0.412841796875 0.09740234375 0.370361328125
0 0.38737304687499996 0.6910937500000001 0.361181640625 0.6910937500000001 0.361181640625 0.7161328124999999 0.38737304687499996 0.7161328124999999 0.38737304687499996 0.6910937500000001
0 0.23817382812500001 0.6724511718749999 0.202490234375 0.6724511718749999 0.202490234375 0.6947363281250001 0.23817382812500001 0.6947363281250001 0.23817382812500001 0.6724511718749999
0 0.342783203125 0.7907421875 0.306162109375 0.7907421875 0.306162109375 0.819609375 0.342783203125 0.819609375 0.342783203125 0.7907421875
0 0.260693359375 0.5348535156249999 0.228095703125 0.5348535156249999 0.228095703125 0.5637792968750001 0.260693359375 0.5637792968750001 0.260693359375 0.5348535156249999
0 0.61267578125 0.700390625 0.55529296875 0.700390625 0.55529296875 0.741015625 0.61267578125 0.741015625 0.61267578125 0.700390625
0 0.18779296875 0.66755859375 0.15693359375 0.66755859375 0.15693359375 0.68888671875 0.18779296875 0.68888671875 0.18779296875 0.66755859375
0 0.5531347656250001 0.681982421875 0.5279199218749999 0.681982421875 0.5279199218749999 0.705712890625 0.5531347656250001 0.705712890625 0.5531347656250001 0.681982421875
0 0.24224609375 0.6990234375 0.20650390624999998 0.6990234375 0.20650390624999998 0.7267578125 0.24224609375 0.7267578125 0.24224609375 0.6990234375
0 0.7505078125 0.5484375 0.7280078125 0.5484375 0.7280078125 0.56484375 0.7505078125 0.56484375 0.7505078125 0.5484375
0 0.397275390625 0.338876953125 0.369833984375 0.338876953125 0.369833984375 0.358896484375 0.397275390625 0.358896484375 0.397275390625 0.338876953125
0 0.7920800781249999 0.593310546875 0.7665136718750001 0.593310546875 0.7665136718750001 0.615673828125 0.7920800781249999 0.615673828125 0.7920800781249999 0.593310546875
0 0.381484375 0.72490234375 0.3494921875 0.72490234375 0.3494921875 0.75166015625 0.381484375 0.75166015625 0.381484375 0.72490234375
0 0.489619140625 0.74001953125 0.464482421875 0.74001953125 0.464482421875 0.76388671875 0.489619140625 0.76388671875 0.489619140625 0.74001953125
0 0.5462304687499999 0.8458984375 0.5143164062500001 0.8458984375 0.5143164062500001 0.88359375 0.5462304687499999 0.88359375 0.5462304687499999 0.8458984375
0 0.7935546875 0.5586621093749999 0.7689453125 0.5586621093749999 0.7689453125 0.5751269531250001 0.7935546875 0.5751269531250001 0.7935546875 0.5586621093749999
0 0.42575195312499997 0.4340625 0.39553710937500003 0.4340625 0.39553710937500003 0.4565625 0.42575195312499997 0.4565625 0.42575195312499997 0.4340625
0 0.42265625 0.08933593749999999 0.4005859375 0.08933593749999999 0.4005859375 0.1057421875 0.42265625 0.1057421875 0.42265625 0.08933593749999999
0 0.4542578125 0.51435546875 0.37093750000000003 0.51435546875 0.37093750000000003 0.57060546875 0.4542578125 0.57060546875 0.4542578125 0.51435546875
0 0.34579101562500003 0.6954980468749999 0.31827148437499997 0.6954980468749999 0.31827148437499997 0.7244238281250001 0.34579101562500003 0.7244238281250001 0.34579101562500003 0.6954980468749999
0 0.33091796875 0.24599609375 0.31314453124999997 0.24599609375 0.31314453124999997 0.26083984375 0.33091796875 0.26083984375 0.33091796875 0.24599609375
0 0.16486328125 0.65380859375 0.14298828125000002 0.65380859375 0.14298828125000002 0.67626953125 0.16486328125 0.67626953125 0.16486328125 0.65380859375
0 0.12127929687500001 0.512919921875 0.103564453125 0.512919921875 0.103564453125 0.529072265625 0.12127929687500001 0.529072265625 0.12127929687500001 0.512919921875
0 0.408330078125 0.0701953125 0.388544921875 0.0701953125 0.388544921875 0.0862890625 0.408330078125 0.0862890625 0.408330078125 0.0701953125
0 0.183896484375 0.361591796875 0.16329101562499998 0.361591796875 0.16329101562499998 0.378642578125 0.183896484375 0.378642578125 0.183896484375 0.361591796875
0 0.2773828125 0.6776171875 0.25046875 0.6776171875 0.25046875 0.6973828125 0.2773828125 0.6973828125 0.2773828125 0.6776171875
0 0.6448828125 0.63798828125 0.627578125 0.63798828125 0.627578125 0.65400390625 0.6448828125 0.65400390625 0.6448828125 0.63798828125
0 0.472099609375 0.8335156250000001 0.452236328125 0.8335156250000001 0.452236328125 0.8530078124999999 0.472099609375 0.8530078124999999 0.472099609375 0.8335156250000001
0 0.4689453125 0.319326171875 0.444140625 0.319326171875 0.444140625 0.333017578125 0.4689453125 0.333017578125 0.4689453125 0.319326171875
0 0.422958984375 0.46436523437500005 0.373916015625 0.46436523437500005 0.373916015625 0.49610351562500005 0.422958984375 0.49610351562500005 0.422958984375 0.46436523437500005
0 0.8080078125 0.45771484375 0.792578125 0.45771484375 0.792578125 0.47099609375 0.8080078125 0.47099609375 0.8080078125 0.45771484375
0 0.071806640625 0.45029296875 0.050146484375 0.45029296875 0.050146484375 0.46720703124999996 0.071806640625 0.46720703124999996 0.071806640625 0.45029296875
0 0.23215820312500002 0.738115234375 0.21022460937499998 0.738115234375 0.21022460937499998 0.752119140625 0.23215820312500002 0.752119140625 0.23215820312500002 0.738115234375
0 0.6565820312499999 0.7615624999999999 0.6412695312500001 0.7615624999999999 0.6412695312500001 0.7765234375000001 0.6565820312499999 0.7765234375000001 0.6565820312499999 0.7615624999999999
0 0.5911523437499999 0.37374999999999997 0.5133398437500001 0.37374999999999997 0.5133398437500001 0.42214843750000003 0.5911523437499999 0.42214843750000003 0.5911523437499999 0.37374999999999997
0 0.62587890625 0.556640625 0.61240234375 0.556640625 0.61240234375 0.5673828125 0.62587890625 0.5673828125 0.62587890625 0.556640625
0 0.39109375 0.2199609375 0.3716015625 0.2199609375 0.3716015625 0.2370703125 0.39109375 0.2370703125 0.39109375 0.2199609375
0 0.44208984375 0.6696191406249999 0.39091796875 0.6696191406249999 0.39091796875 0.7083105468750001 0.44208984375 0.7083105468750001 0.44208984375 0.6696191406249999
0 0.2858203125 0.15706054687499998 0.26449218750000003 0.15706054687499998 0.26449218750000003 0.17497070312500002 0.2858203125 0.17497070312500002 0.2858203125 0.15706054687499998
0 0.67771484375 0.69267578125 0.66408203125 0.69267578125 0.66408203125 0.70673828125 0.67771484375 0.70673828125 0.67771484375 0.69267578125
0 0.433720703125 0.328955078125 0.355341796875 0.328955078125 0.355341796875 0.40202148437499996 0.433720703125 0.40202148437499996 0.433720703125 0.328955078125
0 0.5008886718750001 0.8810449218749999 0.424892578125 0.8810449218749999 0.424892578125 0.9129003906250001 0.5008886718750001 0.9129003906250001 0.5008886718750001 0.8810449218749999
0 0.6278515625 0.47052734375 0.5850390625 0.47052734375 0.5850390625 0.48212890625 0.6278515625 0.48212890625 0.6278515625 0.47052734375
0 0.1740234375 0.7177050781250001 0.1599609375 0.7177050781250001 0.1599609375 0.7276074218749999 0.1740234375 0.7276074218749999 0.1740234375 0.7177050781250001
0 0.469306640625 0.13709960937500001 0.445263671875 0.13709960937500001 0.445263671875 0.163916015625 0.469306640625 0.163916015625 0.469306640625 0.13709960937500001
0 0.4887890625 0.8542285156249999 0.4467578125 0.8542285156249999 0.4467578125 0.8840527343750001 0.4887890625 0.8840527343750001 0.4887890625 0.8542285156249999
0 0.369609375 0.78388671875 0.35453125 0.78388671875 0.35453125 0.79521484375 0.369609375 0.79521484375 0.369609375 0.78388671875
0 0.266787109375 0.33381835937500004 0.249345703125 0.33381835937500004 0.249345703125 0.37614257812499996 0.266787109375 0.37614257812499996 0.266787109375 0.33381835937500004
0 0.49197265625000003 0.521259765625 0.26736328125000003 0.521259765625 0.26736328125000003 0.696044921875 0.49197265625000003 0.696044921875 0.49197265625000003 0.521259765625
2 0.115234375 0.69921875 0.23828125 0.755859375 0.318359375 0.822265625 0.4140625 0.8828125 0.46875 0.91015625 0.5078125 0.916015625 0.52734375 0.9453125 0.55859375 0.94140625 0.552734375 0.90625 0.626953125 0.81640625 0.68359375 0.72265625 0.802734375 0.580078125 0.82421875 0.525390625 0.82421875 0.447265625 0.80859375 0.40234375 0.75390625 0.359375 0.716796875 0.345703125 0.6484375 0.279296875 0.564453125 0.232421875 0.46484375 0.158203125 0.404296875 0.048828125 0.3828125 0.025390625 0.373046875 0.06640625 0.33984375 0.119140625 0.197265625 0.205078125 0.13671875 0.2578125 0.09375 0.330078125 0.052734375 0.421875 0.021484375 0.5625 0.03515625 0.615234375 0.05859375 0.65234375 0.115234375 0.69921875