10 0.427734375 0.22265625 0.333984375 0.22265625 0.333984375 0.314453125 0.427734375 0.314453125 0.427734375 0.22265625
10 0.300654296875 0.2773828125 0.243798828125 0.2773828125 0.243798828125 0.3491015625 0.300654296875 0.3491015625 0.300654296875 0.2773828125
10 0.46649414062499994 0.362939453125 0.41436523437500006 0.362939453125 0.41436523437500006 0.423701171875 0.46649414062499994 0.423701171875 0.46649414062499994 0.362939453125
10 0.15364257812499998 0.357412109375 0.107099609375 0.357412109375 0.107099609375 0.41555664062500003 0.15364257812499998 0.41555664062500003 0.15364257812499998 0.357412109375
10 0.41216796875000006 0.373359375 0.26849609375 0.373359375 0.26849609375 0.5392578125 0.41216796875000006 0.5392578125 0.41216796875000006 0.373359375
10 0.246728515625 0.5801660156249999 0.200771484375 0.5801660156249999 0.200771484375 0.6444433593750001 0.246728515625 0.6444433593750001 0.246728515625 0.5801660156249999
10 0.519501953125 0.40945312500000003 0.48733398437500003 0.40945312500000003 0.48733398437500003 0.45531249999999995 0.519501953125 0.45531249999999995 0.519501953125 0.40945312500000003
10 0.5221484375000001 0.66064453125 0.4773828125 0.66064453125 0.4773828125 0.73095703125 0.5221484375000001 0.73095703125 0.5221484375000001 0.66064453125
10 0.166689453125 0.521357421875 0.063662109375 0.521357421875 0.063662109375 0.673955078125 0.166689453125 0.673955078125 0.166689453125 0.521357421875
10 0.12674804687500002 0.435322265625 0.088837890625 0.435322265625 0.088837890625 0.473857421875 0.12674804687500002 0.473857421875 0.12674804687500002 0.435322265625
10 0.388544921875 0.59765625 0.337548828125 0.59765625 0.337548828125 0.6513671875 0.388544921875 0.6513671875 0.388544921875 0.59765625
10 0.5175 0.4855078125 0.4458984375 0.4855078125 0.4458984375 0.5545312499999999 0.5175 0.5545312499999999 0.5175 0.4855078125
10 0.548046875 0.6036328125 0.5056640625 0.6036328125 0.5056640625 0.6502734375 0.548046875 0.6502734375 0.548046875 0.6036328125
10 0.24552734375 0.6903417968750001 0.19931640625 0.6903417968750001 0.19931640625 0.7422753906249999 0.24552734375 0.7422753906249999 0.24552734375 0.6903417968750001
10 0.17365234375 0.8094433593750001 0.12470703125 0.8094433593750001 0.12470703125 0.8536425781249999 0.17365234375 0.8536425781249999 0.17365234375 0.8094433593750001
10 0.400859375 0.6678808593750001 0.3423046875 0.6678808593750001 0.3423046875 0.7334863281249999 0.400859375 0.7334863281249999 0.400859375 0.6678808593750001
10 0.31649414062500003 0.598798828125 0.26358398437499997 0.598798828125 0.26358398437499997 0.659013671875 0.31649414062500003 0.659013671875 0.31649414062500003 0.598798828125
10 0.29080078125000003 0.525439453125 0.23361328124999997 0.525439453125 0.23361328124999997 0.586865234375 0.29080078125000003 0.586865234375 0.29080078125000003 0.525439453125
10 0.402919921875 0.821884765625 0.359306640625 0.821884765625 0.359306640625 0.873427734375 0.402919921875 0.873427734375 0.402919921875 0.821884765625
10 0.8154882812500001 0.5966796875 0.7001367187499999 0.5966796875 0.7001367187499999 0.6845703125 0.8154882812500001 0.6845703125 0.8154882812500001 0.5966796875
10 0.47453124999999996 0.83029296875 0.43269531250000004 0.83029296875 0.43269531250000004 0.87869140625 0.47453124999999996 0.87869140625 0.47453124999999996 0.83029296875
10 0.10423828125000001 0.50857421875 0.04943359375 0.50857421875 0.04943359375 0.55880859375 0.10423828125000001 0.55880859375 0.10423828125000001 0.50857421875
10 0.0984375 0.75388671875 0.039882812499999996 0.75388671875 0.039882812499999996 0.79591796875 0.0984375 0.79591796875 0.0984375 0.75388671875
10 0.132666015625 0.754873046875 0.102451171875 0.754873046875 0.102451171875 0.784189453125 0.132666015625 0.784189453125 0.132666015625 0.754873046875
10 0.692490234375 0.5837109375 0.668837890625 0.5837109375 0.668837890625 0.6057421875 0.692490234375 0.6057421875 0.692490234375 0.5837109375
10 0.6323046875 0.625224609375 0.6098828125 0.625224609375 0.6098828125 0.651142578125 0.6323046875 0.651142578125 0.6323046875 0.625224609375
10 0.267099609375 0.3589453125 0.224619140625 0.3589453125 0.224619140625 0.40328125000000004 0.267099609375 0.40328125000000004 0.267099609375 0.3589453125
10 0.729375 0.6480078125000001 0.6934765625 0.6480078125000001 0.6934765625 0.6781640624999999 0.729375 0.6781640624999999 0.729375 0.6480078125000001
10 0.265751953125 0.8449511718749999 0.24108398437499998 0.8449511718749999 0.24108398437499998 0.8708691406250001 0.265751953125 0.8708691406250001 0.265751953125 0.8449511718749999
10 0.586083984375 0.693486328125 0.561376953125 0.693486328125 0.561376953125 0.721552734375 0.586083984375 0.721552734375 0.586083984375 0.693486328125
10 0.20863281250000001 0.474970703125 0.1619921875 0.474970703125 0.1619921875 0.517216796875 0.20863281250000001 0.517216796875 0.20863281250000001 0.474970703125
10 0.597158203125 0.9107031250000001 0.576669921875 0.9107031250000001 0.576669921875 0.9359765624999999 0.597158203125 0.9359765624999999 0.597158203125 0.9107031250000001
10 0.325546875 0.7118554687499999 0.2633203125 0.7118554687499999 0.2633203125 0.7881445312500001 0.325546875 0.7881445312500001 0.325546875 0.7118554687499999
10 0.622119140625 0.454443359375 0.601513671875 0.454443359375 0.601513671875 0.481103515625 0.622119140625 0.481103515625 0.622119140625 0.454443359375
10 0.421162109375 0.628134765625 0.390361328125 0.628134765625 0.390361328125 0.656044921875 0.421162109375 0.656044921875 0.421162109375 0.628134765625
10 0.822265625 0.56875 0.8046875 0.56875 0.8046875 0.58359375 0.822265625 0.58359375 0.822265625 0.56875
10 0.45869140625 0.635537109375 0.43876953125 0.635537109375 0.43876953125 0.653525390625 0.45869140625 0.653525390625 0.45869140625 0.635537109375
10 0.62619140625 0.47952148437500003 0.58083984375 0.47952148437500003 0.58083984375 0.527314453125 0.62619140625 0.527314453125 0.62619140625 0.47952148437500003
10 0.5096875 0.33373046875 0.49031250000000004 0.33373046875 0.49031250000000004 0.35623046875000003 0.5096875 0.35623046875000003 0.5096875 0.33373046875
10 0.553251953125 0.208154296875 0.503388671875 0.208154296875 0.503388671875 0.28133789062500003 0.553251953125 0.28133789062500003 0.553251953125 0.208154296875
10 0.230224609375 0.53271484375 0.220205078125 0.53271484375 0.220205078125 0.54345703125 0.230224609375 0.54345703125 0.230224609375 0.53271484375
10 0.5625390625 0.495732421875 0.5478125 0.495732421875 0.5478125 0.510126953125 0.5625390625 0.510126953125 0.5625390625 0.495732421875
10 0.7213769531249999 0.34869140625 0.6038183593750001 0.34869140625 0.6038183593750001 0.47943359374999994 0.7213769531249999 0.47943359374999994 0.7213769531249999 0.34869140625
10 0.702998046875 0.68091796875 0.686650390625 0.68091796875 0.686650390625 0.70384765625 0.702998046875 0.70384765625 0.702998046875 0.68091796875
10 0.45654296875 0.233583984375 0.43896484375 0.233583984375 0.43896484375 0.256650390625 0.45654296875 0.256650390625 0.45654296875 0.233583984375
2 0 0.724609375 0.0078125 0.732421875 0.0078125 0.748046875 0.078125 0.8125 0.14453125 0.857421875 0.2421875 0.9140625 0.291015625 0.931640625 0.4765625 0.947265625 0.572265625 0.96875 0.658203125 0.939453125 0.703125 0.896484375 0.779296875 0.841796875 0.806640625 0.80859375 0.8671875 0.775390625 0.91015625 0.7578125 0.98828125 0.751953125 0.703125 0.337890625 0.642578125 0.279296875 0.591796875 0.24609375 0.548828125 0.18359375 0.50390625 0.177734375 0.40625 0.1484375 0.380859375 0.15625 0.32421875 0.15625 0.314453125 0.171875 0.296875 0.1796875 0.24609375 0.1875 0.177734375 0.244140625 0.05078125 0.486328125 0.017578125 0.58203125 0 0.65625 0 0.724609375