0 0.23506835937499998 0.29123046874999997 0.176220703125 0.29123046874999997 0.176220703125 0.35251953125 0.23506835937499998 0.35251953125 0.23506835937499998 0.29123046874999997
0 0.4425390625 0.476142578125 0.419765625 0.476142578125 0.419765625 0.5004199218750001 0.4425390625 0.5004199218750001 0.4425390625 0.476142578125
0 0.525 0.609892578125 0.5072265625 0.609892578125 0.5072265625 0.633271484375 0.525 0.633271484375 0.525 0.609892578125
0 0.467158203125 0.42057617187499996 0.421044921875 0.42057617187499996 0.421044921875 0.485205078125 0.467158203125 0.485205078125 0.467158203125 0.42057617187499996
0 0.274892578125 0.539189453125 0.25588867187500003 0.539189453125 0.25588867187500003 0.558466796875 0.274892578125 0.558466796875 0.274892578125 0.539189453125
0 0.165068359375 0.32599609375 0.145009765625 0.32599609375 0.145009765625 0.34736328125 0.165068359375 0.34736328125 0.165068359375 0.32599609375
0 0.340517578125 0.330693359375 0.32307617187500004 0.330693359375 0.32307617187500004 0.345087890625 0.340517578125 0.345087890625 0.340517578125 0.330693359375
0 0.305478515625 0.138515625 0.283896484375 0.138515625 0.283896484375 0.16789062500000002 0.305478515625 0.16789062500000002 0.305478515625 0.138515625
0 0.46502929687499994 0.60669921875 0.44758789062500004 0.60669921875 0.44758789062500004 0.62474609375 0.46502929687499994 0.62474609375 0.46502929687499994 0.60669921875
0 0.67591796875 0.78244140625 0.65708984375 0.78244140625 0.65708984375 0.80056640625 0.67591796875 0.80056640625 0.67591796875 0.78244140625
0 0.22611328125000002 0.604658203125 0.20724609374999997 0.604658203125 0.20724609374999997 0.621904296875 0.22611328125000002 0.621904296875 0.22611328125000002 0.604658203125
0 0.6712890625 0.81376953125 0.65 0.81376953125 0.65 0.83369140625 0.6712890625 0.83369140625 0.6712890625 0.81376953125
0 0.5496484374999999 0.399892578125 0.5284765625000001 0.399892578125 0.5284765625000001 0.41995117187500003 0.5496484374999999 0.41995117187500003 0.5496484374999999 0.399892578125
0 0.36190429687500003 0.6979101562500001 0.34512695312499997 0.6979101562500001 0.34512695312499997 0.7132226562499999 0.36190429687500003 0.7132226562499999 0.36190429687500003 0.6979101562500001
0 0.56837890625 0.5893359375 0.55271484375 0.5893359375 0.55271484375 0.605 0.56837890625 0.605 0.56837890625 0.5893359375
0 0.426689453125 0.28267578125 0.409248046875 0.28267578125 0.409248046875 0.29740234375 0.426689453125 0.29740234375 0.426689453125 0.28267578125
0 0.35812499999999997 0.4861328125 0.342578125 0.4861328125 0.342578125 0.5001953125 0.35812499999999997 0.5001953125 0.35812499999999997 0.4861328125
0 0.322900390625 0.801826171875 0.301123046875 0.801826171875 0.301123046875 0.826103515625 0.322900390625 0.826103515625 0.322900390625 0.801826171875
0 0.6595703125 0.40624023437499995 0.6431640625 0.40624023437499995 0.6431640625 0.43020507812500003 0.6595703125 0.43020507812500003 0.6595703125 0.40624023437499995
0 0.276123046875 0.23264648437500002 0.259541015625 0.23264648437500002 0.259541015625 0.24930664062500002 0.276123046875 0.24930664062500002 0.276123046875 0.23264648437500002
0 0.052099609375 0.642822265625 0.016767578124999998 0.642822265625 0.016767578124999998 0.674560546875 0.052099609375 0.674560546875 0.052099609375 0.642822265625
0 0.578583984375 0.8738671874999999 0.558134765625 0.8738671874999999 0.558134765625 0.8907812500000001 0.578583984375 0.8907812500000001 0.578583984375 0.8738671874999999
0 0.718212890625 0.060537109374999995 0.684130859375 0.060537109374999995 0.684130859375 0.098994140625 0.718212890625 0.098994140625 0.718212890625 0.060537109374999995
0 0.589453125 0.88646484375 0.5716796875 0.88646484375 0.5716796875 0.90748046875 0.589453125 0.90748046875 0.589453125 0.88646484375
0 0.12953125000000001 0.630888671875 0.1060546875 0.630888671875 0.1060546875 0.657197265625 0.12953125000000001 0.657197265625 0.12953125000000001 0.630888671875
0 0.32134765625 0.137080078125 0.28119140625 0.137080078125 0.28119140625 0.190576171875 0.32134765625 0.190576171875 0.32134765625 0.137080078125
0 0.495830078125 0.528544921875 0.481708984375 0.528544921875 0.481708984375 0.540791015625 0.495830078125 0.540791015625 0.495830078125 0.528544921875
0 0.044482421875 0.84931640625 0.018017578125 0.84931640625 0.018017578125 0.87919921875 0.044482421875 0.87919921875 0.044482421875 0.84931640625
0 0.206474609375 0.48148437499999996 0.192197265625 0.48148437499999996 0.192197265625 0.49312500000000004 0.206474609375 0.49312500000000004 0.206474609375 0.48148437499999996
0 0.3083984375 0.734150390625 0.29464843749999997 0.734150390625 0.29464843749999997 0.748271484375 0.3083984375 0.748271484375 0.3083984375 0.734150390625
0 0.164072265625 0.48630859375 0.149404296875 0.48630859375 0.149404296875 0.49904296875 0.164072265625 0.49904296875 0.164072265625 0.48630859375
0 0.45162109375000004 0.5483203125 0.43998046874999996 0.5483203125 0.43998046874999996 0.5591015625 0.45162109375000004 0.5591015625 0.45162109375000004 0.5483203125
0 0.7919921875 0.9333691406250001 0.7724609375 0.9333691406250001 0.7724609375 0.9553027343749999 0.7919921875 0.9553027343749999 0.7919921875 0.9333691406250001
0 0.712568359375 0.19600585937499998 0.687822265625 0.19600585937499998 0.687822265625 0.216611328125 0.712568359375 0.216611328125 0.712568359375 0.19600585937499998
0 0.166728515625 0.903525390625 0.145029296875 0.903525390625 0.145029296875 0.922646484375 0.166728515625 0.922646484375 0.166728515625 0.903525390625
0 0.37289062500000003 0.0954296875 0.36050781249999997 0.0954296875 0.36050781249999997 0.110625 0.37289062500000003 0.110625 0.37289062500000003 0.0954296875
0 0.476494140625 0.5968554687500001 0.465419921875 0.5968554687500001 0.465419921875 0.6091992187499999 0.476494140625 0.6091992187499999 0.476494140625 0.5968554687500001
0 0.28951171875 0.9225488281249999 0.26224609375 0.9225488281249999 0.26224609375 0.9544042968750001 0.28951171875 0.9544042968750001 0.28951171875 0.9225488281249999
0 0.462626953125 0.583330078125 0.451435546875 0.583330078125 0.451435546875 0.595380859375 0.462626953125 0.595380859375 0.462626953125 0.583330078125
0 0.155888671875 0.8636425781250001 0.13758789062500001 0.8636425781250001 0.13758789062500001 0.8834277343749999 0.155888671875 0.8834277343749999 0.155888671875 0.8636425781250001
0 0.677255859375 0.121259765625 0.648916015625 0.121259765625 0.648916015625 0.153662109375 0.677255859375 0.153662109375 0.677255859375 0.121259765625
0 0.34579101562500003 0.9154394531250001 0.32901367187499997 0.9154394531250001 0.32901367187499997 0.9341699218749999 0.34579101562500003 0.9341699218749999 0.34579101562500003 0.9154394531250001
0 0.9076171875 0.9647167968750001 0.8931640625 0.9647167968750001 0.8931640625 0.9796191406249999 0.9076171875 0.9796191406249999 0.9076171875 0.9647167968750001
0 0.359130859375 0.159697265625 0.348876953125 0.159697265625 0.348876953125 0.171123046875 0.359130859375 0.171123046875 0.359130859375 0.159697265625
0 0.764697265625 0.53029296875 0.754833984375 0.53029296875 0.754833984375 0.54197265625 0.764697265625 0.54197265625 0.764697265625 0.53029296875
0 0.897978515625 0.349716796875 0.858857421875 0.349716796875 0.858857421875 0.401259765625 0.897978515625 0.401259765625 0.897978515625 0.349716796875
0 0.454677734375 0.727998046875 0.420322265625 0.727998046875 0.420322265625 0.746611328125 0.454677734375 0.746611328125 0.454677734375 0.727998046875
0 0.41815429687499994 0.9444531250000001 0.385556640625 0.9444531250000001 0.385556640625 0.9676562499999999 0.41815429687499994 0.9676562499999999 0.41815429687499994 0.9444531250000001
0 0.8339453125 0.90830078125 0.8183984375 0.90830078125 0.8183984375 0.92275390625 0.8339453125 0.92275390625 0.8339453125 0.90830078125
0 0.6428515625 0.07756835937499999 0.613984375 0.07756835937499999 0.613984375 0.11418945312499999 0.6428515625 0.11418945312499999 0.6428515625 0.07756835937499999
0 0.275595703125 0.06947265625 0.265419921875 0.06947265625 0.265419921875 0.08224609375 0.275595703125 0.08224609375 0.275595703125 0.06947265625
0 0.506884765625 0.9156835937500001 0.497021484375 0.9156835937500001 0.497021484375 0.9319726562499999 0.506884765625 0.9319726562499999 0.506884765625 0.9156835937500001
0 0.7168652343749999 0.24359375 0.6952441406250001 0.24359375 0.6952441406250001 0.2603125 0.7168652343749999 0.2603125 0.7168652343749999 0.24359375
0 0.3517578125 0.00423828125 0.3391796875 0.00423828125 0.3391796875 0.01931640625 0.3517578125 0.01931640625 0.3517578125 0.00423828125
0 0.726435546875 0.9362597656249999 0.706181640625 0.9362597656249999 0.706181640625 0.9670605468750001 0.726435546875 0.9670605468750001 0.726435546875 0.9362597656249999
0 0.660771484375 0.85474609375 0.641962890625 0.85474609375 0.641962890625 0.87767578125 0.660771484375 0.87767578125 0.660771484375 0.85474609375
0 0.9034472656249999 0.412001953125 0.8612011718750001 0.412001953125 0.8612011718750001 0.451279296875 0.9034472656249999 0.451279296875 0.9034472656249999 0.412001953125
0 0.617958984375 0.47997070312499995 0.598837890625 0.47997070312499995 0.598837890625 0.509287109375 0.617958984375 0.509287109375 0.617958984375 0.47997070312499995
0 0.457177734375 0.958984375 0.422236328125 0.958984375 0.422236328125 0.994140625 0.457177734375 0.994140625 0.457177734375 0.958984375
0 0.9861328125 0.8924609374999999 0.9650390625 0.8924609374999999 0.9650390625 0.9063671875000001 0.9861328125 0.9063671875000001 0.9861328125 0.8924609374999999
0 0.8936328124999999 0.040751953125000004 0.8495312500000001 0.040751953125000004 0.8495312500000001 0.092412109375 0.8936328124999999 0.092412109375 0.8936328124999999 0.040751953125000004
2 0.25390625 0 0.12890625 0.185546875 0.099609375 0.271484375 0.06640625 0.33203125 0.037109375 0.431640625 0.044921875 0.4921875 0.0859375 0.580078125 0.09375 0.65234375 0.16796875 0.77734375 0.228515625 0.853515625 0.275390625 0.892578125 0.3203125 0.919921875 0.328125 0.912109375 0.357421875 0.935546875 0.42578125 0.9453125 0.4453125 0.966796875 0.48046875 0.970703125 0.515625 0.9375 0.564453125 0.923828125 0.609375 0.884765625 0.65234375 0.873046875 0.66015625 0.8515625 0.73046875 0.802734375 0.7734375 0.76171875 0.81640625 0.6875 0.81640625 0.6015625 0.75390625 0.462890625 0.69140625 0.359375 0.693359375 0.291015625 0.65625 0.1953125 0.60546875 0.1015625 0.51953125 0 0.25390625 0