0 0.486767578125 0.5191015625000001 0.41276367187499996 0.5191015625000001 0.41276367187499996 0.59890625 0.486767578125 0.59890625 0.486767578125 0.5191015625000001
0 0.22025390625000002 0.47198242187500006 0.17892578125 0.47198242187500006 0.17892578125 0.5241113281249999 0.22025390625000002 0.5241113281249999 0.22025390625000002 0.47198242187500006
0 0.42461914062500006 0.31551757812500003 0.364951171875 0.31551757812500003 0.364951171875 0.39541992187499997 0.42461914062500006 0.39541992187499997 0.42461914062500006 0.31551757812500003
0 0.1423828125 0.45099609375 0.08796875 0.45099609375 0.08796875 0.50361328125 0.1423828125 0.50361328125 0.1423828125 0.45099609375
0 0.334697265625 0.33294921875 0.267373046875 0.33294921875 0.267373046875 0.40923828125000006 0.334697265625 0.40923828125000006 0.334697265625 0.33294921875
0 0.48306640625 0.17447265625 0.42806640625 0.17447265625 0.42806640625 0.23080078125 0.48306640625 0.23080078125 0.48306640625 0.17447265625
0 0.739140625 0.640576171875 0.698359375 0.640576171875 0.698359375 0.688525390625 0.739140625 0.688525390625 0.739140625 0.640576171875
0 0.819365234375 0.5368066406249999 0.785126953125 0.5368066406249999 0.785126953125 0.5784277343750001 0.819365234375 0.5784277343750001 0.819365234375 0.5368066406249999
0 0.28426757812500003 0.19794921875 0.25088867187499997 0.19794921875 0.25088867187499997 0.22759765625 0.28426757812500003 0.22759765625 0.28426757812500003 0.19794921875
0 0.33499023437500003 0.546064453125 0.30172851562499997 0.546064453125 0.30172851562499997 0.583818359375 0.33499023437500003 0.583818359375 0.33499023437500003 0.546064453125
0 0.53953125 0.5718652343749999 0.5102734375 0.5718652343749999 0.5102734375 0.6029394531250001 0.53953125 0.6029394531250001 0.53953125 0.5718652343749999
0 0.15255859375 0.5526464843750001 0.09462890625 0.5526464843750001 0.09462890625 0.6182519531249999 0.15255859375 0.6182519531249999 0.15255859375 0.5526464843750001
0 0.28015625 0.273935546875 0.23742187499999998 0.273935546875 0.23742187499999998 0.317392578125 0.28015625 0.317392578125 0.28015625 0.273935546875
0 0.85546875 0.5174902343750001 0.78125 0.5174902343750001 0.78125 0.5850488281249999 0.85546875 0.5850488281249999 0.85546875 0.5174902343750001
0 0.5413476562499999 0.295615234375 0.5094335937500001 0.295615234375 0.5094335937500001 0.340634765625 0.5413476562499999 0.340634765625 0.5413476562499999 0.295615234375
0 0.852041015625 0.5178808593750001 0.825693359375 0.5178808593750001 0.825693359375 0.5495019531249999 0.852041015625 0.5495019531249999 0.852041015625 0.5178808593750001
0 0.33966796875 0.789443359375 0.32294921875 0.789443359375 0.32294921875 0.812119140625 0.33966796875 0.812119140625 0.33966796875 0.789443359375
0 0.384892578125 0.8529687499999999 0.362177734375 0.8529687499999999 0.362177734375 0.8853125000000001 0.384892578125 0.8853125000000001 0.384892578125 0.8529687499999999
0 0.642451171875 0.70095703125 0.630986328125 0.70095703125 0.630986328125 0.71408203125 0.642451171875 0.71408203125 0.642451171875 0.70095703125
0 0.18927734375 0.284375 0.16572265625 0.284375 0.16572265625 0.3128125 0.18927734375 0.3128125 0.18927734375 0.284375
0 0.252509765625 0.709248046875 0.237255859375 0.709248046875 0.237255859375 0.728251953125 0.252509765625 0.728251953125 0.252509765625 0.709248046875
0 0.06276367187500001 0.3896875 0.048251953125000004 0.3896875 0.048251953125000004 0.40328125000000004 0.06276367187500001 0.40328125000000004 0.06276367187500001 0.3896875
0 0.01248046875 0.47575195312499996 0.00080078125 0.47575195312499996 0.00080078125 0.492529296875 0.01248046875 0.492529296875 0.01248046875 0.47575195312499996
0 0.34871093750000004 0.70365234375 0.335390625 0.70365234375 0.335390625 0.72017578125 0.34871093750000004 0.72017578125 0.34871093750000004 0.70365234375
0 0.5312109375 0.363828125 0.5117578125 0.363828125 0.5117578125 0.3886328125 0.5312109375 0.3886328125 0.5312109375 0.363828125
0 0.466240234375 0.261494140625 0.450283203125 0.261494140625 0.450283203125 0.278544921875 0.466240234375 0.278544921875 0.466240234375 0.261494140625
0 0.460546875 0.76259765625 0.4486328125 0.76259765625 0.4486328125 0.77744140625 0.460546875 0.77744140625 0.460546875 0.76259765625
0 0.5731738281250001 0.45608398437500003 0.5557324218749999 0.45608398437500003 0.5557324218749999 0.47704101562499995 0.5731738281250001 0.47704101562499995 0.5731738281250001 0.45608398437500003
0 0.3237109375 0.845205078125 0.3105859375 0.845205078125 0.3105859375 0.865732421875 0.3237109375 0.865732421875 0.3237109375 0.845205078125
0 0.565751953125 0.34090820312500003 0.548505859375 0.34090820312500003 0.548505859375 0.354912109375 0.565751953125 0.354912109375 0.565751953125 0.34090820312500003
0 0.1265625 0.638408203125 0.111484375 0.638408203125 0.111484375 0.654560546875 0.1265625 0.654560546875 0.1265625 0.638408203125
0 0.66453125 0.45845703125000004 0.653828125 0.45845703125000004 0.653828125 0.47123046874999996 0.66453125 0.47123046874999996 0.66453125 0.45845703125000004
0 0.6822167968749999 0.6677734375 0.6634863281250001 0.6677734375 0.6634863281250001 0.684765625 0.6822167968749999 0.684765625 0.6822167968749999 0.6677734375
0 0.640185546875 0.422939453125 0.630322265625 0.422939453125 0.630322265625 0.435458984375 0.640185546875 0.435458984375 0.640185546875 0.422939453125
0 0.2466796875 0.34169921875 0.23234375 0.34169921875 0.23234375 0.35412109375 0.2466796875 0.35412109375 0.2466796875 0.34169921875
0 0.6257421875 0.764130859375 0.6066796875 0.764130859375 0.6066796875 0.780791015625 0.6257421875 0.780791015625 0.6257421875 0.764130859375
0 0.22756835937500003 0.6469042968750001 0.20821289062499998 0.6469042968750001 0.20821289062499998 0.6646191406249999 0.22756835937500003 0.6646191406249999 0.22756835937500003 0.6469042968750001
0 0.23245117187500003 0.28952148437499997 0.208486328125 0.28952148437499997 0.208486328125 0.30715820312500003 0.23245117187500003 0.30715820312500003 0.23245117187500003 0.28952148437499997
0 0.189580078125 0.30494140625 0.157099609375 0.30494140625 0.157099609375 0.32740234375 0.189580078125 0.32740234375 0.189580078125 0.30494140625
0 0.20559570312500003 0.411474609375 0.184794921875 0.411474609375 0.184794921875 0.44450195312499996 0.20559570312500003 0.44450195312499996 0.20559570312500003 0.411474609375
0 0.6262890624999999 0.722373046875 0.6168750000000001 0.722373046875 0.6168750000000001 0.736611328125 0.6262890624999999 0.736611328125 0.6262890624999999 0.722373046875
0 0.21201171875 0.27587890625 0.19669921875000002 0.27587890625 0.19669921875000002 0.29541015625 0.21201171875 0.29541015625 0.21201171875 0.27587890625
0 0.23897460937499998 0.7691015625000001 0.22903320312500003 0.7691015625000001 0.22903320312500003 0.7816796874999999 0.23897460937499998 0.7816796874999999 0.23897460937499998 0.7691015625000001
0 0.7113671874999999 0.482568359375 0.7026953125000001 0.482568359375 0.7026953125000001 0.493994140625 0.7113671874999999 0.493994140625 0.7113671874999999 0.482568359375
0 0.17330078124999998 0.57447265625 0.16384765625 0.57447265625 0.16384765625 0.58666015625 0.17330078124999998 0.58666015625 0.17330078124999998 0.57447265625
0 0.466220703125 0.456806640625 0.456630859375 0.456806640625 0.456630859375 0.467021484375 0.466220703125 0.467021484375 0.466220703125 0.456806640625
0 0.19609375 0.655322265625 0.1852734375 0.655322265625 0.1852734375 0.665966796875 0.19609375 0.665966796875 0.19609375 0.655322265625
0 0.413193359375 0.23099609375000002 0.39493164062499997 0.23099609375000002 0.39493164062499997 0.24947265624999998 0.413193359375 0.24947265624999998 0.413193359375 0.23099609375000002
0 0.374130859375 0.24029296875 0.35391601562499997 0.24029296875 0.35391601562499997 0.26509765625 0.374130859375 0.26509765625 0.374130859375 0.24029296875
2 0.111328125 0.654296875 0.169921875 0.728515625 0.240234375 0.845703125 0.275390625 0.888671875 0.3125 0.90625 0.349609375 0.896484375 0.529296875 0.80859375 0.6484375 0.767578125 0.68359375 0.7421875 0.771484375 0.654296875 0.853515625 0.5546875 0.943359375 0.51953125 0.884765625 0.505859375 0.8203125 0.470703125 0.78515625 0.439453125 0.693359375 0.3046875 0.658203125 0.265625 0.619140625 0.240234375 0.54296875 0.208984375 0.427734375 0.1015625 0.359375 0.072265625 0.314453125 0.087890625 0.26171875 0.123046875 0.0859375 0.294921875 0.005859375 0.390625 0 0.41796875 0.005859375 0.486328125 0.0625 0.548828125 0.111328125 0.654296875