10 0.326171875 0.1875 0.1796875 0.1875 0.1796875 0.3515625 0.326171875 0.3515625 0.326171875 0.1875
10 0.465458984375 0.174345703125 0.376337890625 0.174345703125 0.376337890625 0.255576171875 0.465458984375 0.255576171875 0.465458984375 0.174345703125
10 0.6492285156250001 0.24201171875 0.44745117187499994 0.24201171875 0.44745117187499994 0.41669921875 0.6492285156250001 0.41669921875 0.6492285156250001 0.24201171875
10 0.198369140625 0.384033203125 0.079951171875 0.384033203125 0.079951171875 0.509521484375 0.198369140625 0.509521484375 0.198369140625 0.384033203125
10 0.5263085937499999 0.5436425781249999 0.42486328125000006 0.5436425781249999 0.42486328125000006 0.6331152343750001 0.5263085937499999 0.6331152343750001 0.5263085937499999 0.5436425781249999
10 0.662109375 0.40069335937500006 0.3876953125 0.40069335937500006 0.3876953125 0.6344628906249999 0.662109375 0.6344628906249999 0.662109375 0.40069335937500006
10 0.448623046875 0.362119140625 0.376103515625 0.362119140625 0.376103515625 0.42354492187500004 0.448623046875 0.42354492187500004 0.448623046875 0.362119140625
10 0.523447265625 0.15998046875 0.227060546875 0.15998046875 0.227060546875 0.34443359375 0.523447265625 0.34443359375 0.523447265625 0.15998046875
10 0.75076171875 0.29064453125 0.65841796875 0.29064453125 0.65841796875 0.38318359375 0.75076171875 0.38318359375 0.75076171875 0.29064453125
10 0.39175781249999997 0.3005859375 0.31039062500000003 0.3005859375 0.31039062500000003 0.35859375 0.39175781249999997 0.35859375 0.39175781249999997 0.3005859375
10 0.63796875 0.197216796875 0.5212109375 0.197216796875 0.5212109375 0.291572265625 0.63796875 0.291572265625 0.63796875 0.197216796875
10 0.36129882812499997 0.5928613281249999 0.29299804687500003 0.5928613281249999 0.29299804687500003 0.6610449218750001 0.36129882812499997 0.6610449218750001 0.36129882812499997 0.5928613281249999
10 0.8295312499999999 0.28971679687499996 0.6968359375000001 0.28971679687499996 0.6968359375000001 0.397314453125 0.8295312499999999 0.397314453125 0.8295312499999999 0.28971679687499996
10 0.30655273437499997 0.208173828125 0.244228515625 0.208173828125 0.244228515625 0.265966796875 0.30655273437499997 0.265966796875 0.30655273437499997 0.208173828125
10 0.388916015625 0.48798828125 0.289794921875 0.48798828125 0.289794921875 0.54033203125 0.388916015625 0.54033203125 0.388916015625 0.48798828125
10 0.657744140625 0.42288085937500003 0.535615234375 0.42288085937500003 0.535615234375 0.516572265625 0.657744140625 0.516572265625 0.657744140625 0.42288085937500003
10 0.183173828125 0.391396484375 0.132763671875 0.391396484375 0.132763671875 0.442119140625 0.183173828125 0.442119140625 0.183173828125 0.391396484375
10 0.2258203125 0.27091796874999996 0.2119140625 0.27091796874999996 0.2119140625 0.28669921875000004 0.2258203125 0.28669921875000004 0.2258203125 0.27091796874999996
10 0.17056640625 0.311826171875 0.13607421875 0.311826171875 0.13607421875 0.353212890625 0.17056640625 0.353212890625 0.17056640625 0.311826171875
10 0.47928710937499996 0.596171875 0.446025390625 0.596171875 0.446025390625 0.6235546875 0.47928710937499996 0.6235546875 0.47928710937499996 0.596171875
10 0.224462890625 0.17985351562500002 0.194248046875 0.17985351562500002 0.194248046875 0.209326171875 0.224462890625 0.209326171875 0.224462890625 0.17985351562500002
10 0.20211914062499997 0.5862402343750001 0.171162109375 0.5862402343750001 0.171162109375 0.6120019531249999 0.20211914062499997 0.6120019531249999 0.20211914062499997 0.5862402343750001
10 0.40435546875000006 0.5823339843750001 0.37056640625 0.5823339843750001 0.37056640625 0.6139550781249999 0.40435546875000006 0.6139550781249999 0.40435546875000006 0.5823339843750001
2 0.07421875 0.662109375 0.126953125 0.69921875 0.208984375 0.73828125 0.255859375 0.748046875 0.302734375 0.75 0.50390625 0.716796875 0.58203125 0.685546875 0.708984375 0.583984375 0.7578125 0.513671875 0.8125 0.453125 0.86328125 0.4140625 0.93359375 0.376953125 0.921875 0.361328125 0.87890625 0.349609375 0.810546875 0.31640625 0.658203125 0.212890625 0.556640625 0.169921875 0.369140625 0.12109375 0.25390625 0.138671875 0.169921875 0.169921875 0.12109375 0.232421875 0.09375 0.298828125 0.041015625 0.5774746093750001 0.01953125 0.619140625 0.037109375 0.611328125 0.07421875 0.662109375