0 0.882529296875 0.6254296874999999 0.801220703125 0.6254296874999999 0.801220703125 0.692578125 0.882529296875 0.692578125 0.882529296875 0.6254296874999999
0 0.5284765625000001 0.486796875 0.46859375 0.486796875 0.46859375 0.5376171875 0.5284765625000001 0.5376171875 0.5284765625000001 0.486796875
0 0.129951171875 0.891083984375 0.078291015625 0.891083984375 0.078291015625 0.940947265625 0.129951171875 0.940947265625 0.129951171875 0.891083984375
0 0.8231835937499999 0.8692285156249999 0.7861914062500001 0.8692285156249999 0.7861914062500001 0.8954199218750001 0.8231835937499999 0.8954199218750001 0.8231835937499999 0.8692285156249999
0 0.35677734375000003 0.40264648437500006 0.33072265624999997 0.40264648437500006 0.33072265624999997 0.42891601562500004 0.35677734375000003 0.42891601562500004 0.35677734375000003 0.40264648437500006
0 0.47540039062500006 0.26283203125 0.43331054687500004 0.26283203125 0.43331054687500004 0.31333984375 0.47540039062500006 0.31333984375 0.47540039062500006 0.26283203125
0 0.373310546875 0.313408203125 0.343486328125 0.313408203125 0.343486328125 0.340888671875 0.373310546875 0.340888671875 0.373310546875 0.313408203125
0 0.80197265625 0.7036328125 0.77029296875 0.7036328125 0.77029296875 0.7280078125 0.80197265625 0.7280078125 0.80197265625 0.7036328125
0 0.6096777343750001 0.572587890625 0.5778222656249999 0.572587890625 0.5778222656249999 0.601240234375 0.6096777343750001 0.601240234375 0.6096777343750001 0.572587890625
0 0.42683593750000004 0.3609375 0.38371093749999996 0.3609375 0.38371093749999996 0.39249999999999996 0.42683593750000004 0.39249999999999996 0.42683593750000004 0.3609375
0 0.9684179687500001 0.61291015625 0.9056054687499999 0.61291015625 0.9056054687499999 0.70642578125 0.9684179687500001 0.70642578125 0.9684179687500001 0.61291015625
0 0.8014453125 0.356005859375 0.7717968749999999 0.356005859375 0.7717968749999999 0.387158203125 0.8014453125 0.387158203125 0.8014453125 0.356005859375
0 0.5933496093749999 0.667646484375 0.5638769531250001 0.667646484375 0.5638769531250001 0.694658203125 0.5933496093749999 0.694658203125 0.5933496093749999 0.667646484375
0 0.53853515625 0.625927734375 0.51126953125 0.625927734375 0.51126953125 0.650439453125 0.53853515625 0.650439453125 0.53853515625 0.625927734375
0 0.6956445312499999 0.705810546875 0.6715429687500001 0.705810546875 0.6715429687500001 0.725830078125 0.6956445312499999 0.725830078125 0.6956445312499999 0.705810546875
0 0.53169921875 0.442490234375 0.50443359375 0.442490234375 0.50443359375 0.466220703125 0.53169921875 0.466220703125 0.53169921875 0.442490234375
0 0.339091796875 0.565703125 0.312783203125 0.565703125 0.312783203125 0.590546875 0.339091796875 0.590546875 0.339091796875 0.565703125
0 0.678056640625 0.5662499999999999 0.654951171875 0.5662499999999999 0.654951171875 0.5890234375000001 0.678056640625 0.5890234375000001 0.678056640625 0.5662499999999999
0 0.5724511718749999 0.921923828125 0.5408300781250001 0.921923828125 0.5408300781250001 0.951123046875 0.5724511718749999 0.951123046875 0.5724511718749999 0.921923828125
0 0.6390234375 0.26111328125 0.6021875 0.26111328125 0.6021875 0.28966796875 0.6390234375 0.28966796875 0.6390234375 0.26111328125
0 0.5261328125 0.2711328125 0.49828124999999995 0.2711328125 0.49828124999999995 0.2967578125 0.5261328125 0.2967578125 0.5261328125 0.2711328125
0 0.80349609375 0.58158203125 0.78146484375 0.58158203125 0.78146484375 0.60298828125 0.80349609375 0.60298828125 0.80349609375 0.58158203125
0 0.67232421875 0.37997070312500003 0.64798828125 0.37997070312500003 0.64798828125 0.404716796875 0.67232421875 0.404716796875 0.67232421875 0.37997070312500003
0 0.5816992187500001 0.41041015625000005 0.46908203125 0.41041015625000005 0.46908203125 0.53833984375 0.5816992187500001 0.53833984375 0.5816992187500001 0.41041015625000005
0 0.376103515625 0.5244824218749999 0.353896484375 0.5244824218749999 0.353896484375 0.5419238281250001 0.376103515625 0.5419238281250001 0.376103515625 0.5244824218749999
0 0.5843164062499999 0.616474609375 0.5621679687500001 0.616474609375 0.5621679687500001 0.634501953125 0.5843164062499999 0.634501953125 0.5843164062499999 0.616474609375
0 0.275029296875 0.54025390625 0.254775390625 0.54025390625 0.254775390625 0.56912109375 0.275029296875 0.56912109375 0.275029296875 0.54025390625
0 0.43009765624999996 0.547490234375 0.41072265625000004 0.547490234375 0.41072265625000004 0.563837890625 0.43009765624999996 0.563837890625 0.43009765624999996 0.547490234375
0 0.39944335937500003 0.251025390625 0.376455078125 0.251025390625 0.376455078125 0.271435546875 0.39944335937500003 0.271435546875 0.39944335937500003 0.251025390625
0 0.65068359375 0.32259765625000003 0.63251953125 0.32259765625000003 0.63251953125 0.33951171874999997 0.65068359375 0.33951171874999997 0.65068359375 0.32259765625000003
0 0.28244140624999997 0.6300683593749999 0.25076171875000003 0.6300683593749999 0.25076171875000003 0.6502050781250001 0.28244140624999997 0.6502050781250001 0.28244140624999997 0.6300683593749999
0 0.98619140625 0.16661132812499999 0.93177734375 0.16661132812499999 0.93177734375 0.212060546875 0.98619140625 0.212060546875 0.98619140625 0.16661132812499999
0 0.46755859375000003 0.5812109375000001 0.41869140624999995 0.5812109375000001 0.41869140624999995 0.6023828124999999 0.46755859375000003 0.6023828124999999 0.46755859375000003 0.5812109375000001
0 0.852119140625 0.7577734375 0.824638671875 0.7577734375 0.824638671875 0.7803125 0.852119140625 0.7803125 0.852119140625 0.7577734375
0 0.27346679687500003 0.32083007812500003 0.247548828125 0.32083007812500003 0.247548828125 0.34127929687499997 0.27346679687500003 0.34127929687499997 0.27346679687500003 0.32083007812500003
0 0.480400390625 0.804130859375 0.458583984375 0.804130859375 0.458583984375 0.821845703125 0.480400390625 0.821845703125 0.480400390625 0.804130859375
0 0.692275390625 0.25220703125 0.667099609375 0.25220703125 0.667099609375 0.27611328125 0.692275390625 0.27611328125 0.692275390625 0.25220703125
0 0.551982421875 0.780888671875 0.537861328125 0.780888671875 0.537861328125 0.796259765625 0.551982421875 0.796259765625 0.551982421875 0.780888671875
0 0.31015625 0.46991210937499994 0.29191406249999996 0.46991210937499994 0.29191406249999996 0.48516601562500006 0.31015625 0.48516601562500006 0.31015625 0.46991210937499994
0 0.7041894531249999 0.2935546875 0.6776464843750001 0.2935546875 0.6776464843750001 0.316796875 0.7041894531249999 0.316796875 0.7041894531249999 0.2935546875
0 0.7647167968749999 0.8533203125 0.7372363281250001 0.8533203125 0.7372363281250001 0.8693359375 0.7647167968749999 0.8693359375 0.7647167968749999 0.8533203125
0 0.6025390625 0.081357421875 0.484375 0.081357421875 0.484375 0.178408203125 0.6025390625 0.178408203125 0.6025390625 0.081357421875
0 0.794072265625 0.431298828125 0.777216796875 0.431298828125 0.777216796875 0.450068359375 0.794072265625 0.450068359375 0.794072265625 0.431298828125
0 0.094375 0.975859375 0.058203125 0.975859375 0.058203125 0.9997265625 0.094375 0.9997265625 0.094375 0.975859375
0 0.904267578125 0.7766015625 0.886748046875 0.7766015625 0.886748046875 0.79078125 0.904267578125 0.79078125 0.904267578125 0.7766015625
0 0.9984179687499999 0.5365527343750001 0.9742382812500001 0.5365527343750001 0.9742382812500001 0.5493847656249999 0.9984179687499999 0.5493847656249999 0.9984179687499999 0.5365527343750001
0 0.4439453125 0.17529296875 0.40519531249999996 0.17529296875 0.40519531249999996 0.18947265625 0.4439453125 0.18947265625 0.4439453125 0.17529296875
0 0.171826171875 0.9104296875 0.157275390625 0.9104296875 0.157275390625 0.922578125 0.171826171875 0.922578125 0.171826171875 0.9104296875
0 0.06975585937499999 0.63146484375 0.043955078125000005 0.63146484375 0.043955078125000005 0.68689453125 0.06975585937499999 0.68689453125 0.06975585937499999 0.63146484375
0 0.36130859375 0.7281835937500001 0.33888671875 0.7281835937500001 0.33888671875 0.7532617187499999 0.36130859375 0.7532617187499999 0.36130859375 0.7281835937500001
0 0.528173828125 0.20158203125 0.517724609375 0.20158203125 0.517724609375 0.21564453125 0.528173828125 0.21564453125 0.528173828125 0.20158203125
0 0.434326171875 0.943212890625 0.417744140625 0.943212890625 0.417744140625 0.955224609375 0.434326171875 0.955224609375 0.434326171875 0.943212890625
0 0.391650390625 0.931181640625 0.372998046875 0.931181640625 0.372998046875 0.948701171875 0.391650390625 0.948701171875 0.391650390625 0.931181640625
0 0.9575976562499999 0.8902636718749999 0.9134960937500001 0.8902636718749999 0.9134960937500001 0.9183300781250001 0.9575976562499999 0.9183300781250001 0.9575976562499999 0.8902636718749999
0 0.7682226562500001 0.907724609375 0.7454492187499999 0.907724609375 0.7454492187499999 0.924306640625 0.7682226562500001 0.924306640625 0.7682226562500001 0.907724609375
0 0.49945312499999994 0.8705468749999999 0.47175781250000004 0.8705468749999999 0.47175781250000004 0.9487890625000001 0.49945312499999994 0.9487890625000001 0.49945312499999994 0.8705468749999999
0 0.21359374999999997 0.6239355468750001 0.1487109375 0.6239355468750001 0.1487109375 0.7325097656249999 0.21359374999999997 0.7325097656249999 0.21359374999999997 0.6239355468750001
0 0.853759765625 0.17767578125 0.680419921875 0.17767578125 0.680419921875 0.30279296875 0.853759765625 0.30279296875 0.853759765625 0.17767578125
0 0 0.5969921874999999 0.171328125 0.5969921874999999 0.171328125 0.3859375 0 0.3859375 0 0.5969921874999999
0 0.9168359374999999 0.0027734375 0.8048437500000001 0.0027734375 0.8048437500000001 0.076328125 0.9168359374999999 0.076328125 0.9168359374999999 0.0027734375
0 0.513837890625 0.9515332031250001 0.45686523437500004 0.9515332031250001 0.45686523437500004 0.9898730468749999 0.513837890625 0.9898730468749999 0.513837890625 0.9515332031250001
0 0.5615820312500001 0 0.5615820312500001 0.043125000000000004 0.6610742187499999 0.043125000000000004 0.6610742187499999 0 0.5615820312500001 0
0 0.449169921875 0.171318359375 0.397041015625 0.171318359375 0.397041015625 0.218564453125 0.449169921875 0.218564453125 0.449169921875 0.171318359375
0 0.38297851562499996 0.4742578125 0.36506835937500004 0.4742578125 0.36506835937500004 0.4998828125 0.38297851562499996 0.4998828125 0.38297851562499996 0.4742578125
0 0.9960351562499999 0.176943359375 0.7520117187500001 0.176943359375 0.7520117187500001 0.351376953125 0.9960351562499999 0.351376953125 0.9960351562499999 0.176943359375
0 0.46629882812499995 0.464501953125 0.45608398437500003 0.464501953125 0.45608398437500003 0.475458984375 0.46629882812499995 0.475458984375 0.46629882812499995 0.464501953125
0 0.487861328125 0.632958984375 0.477958984375 0.632958984375 0.477958984375 0.643408203125 0.487861328125 0.643408203125 0.487861328125 0.632958984375
0 0.031728515624999995 0.757666015625 0.011591796875000001 0.757666015625 0.011591796875000001 0.782373046875 0.031728515624999995 0.782373046875 0.031728515624999995 0.757666015625
2 0.26171875 0.857421875 0.31640625 0.921875 0.408203125 0.966796875 0.595703125 0.97265625 0.685546875 0.96484375 0.734375 0.947265625 0.82421875 0.9375 0.87890625 0.916015625 0.90234375 0.896484375 0.919921875 0.865234375 0.923828125 0.8203125 0.9375 0.798828125 0.935546875 0.7890625 0.955078125 0.78515625 0.958984375 0.76171875 0.974609375 0.736328125 0.974609375 0.703125 0.935546875 0.650390625 0.888671875 0.55859375 0.83203125 0.416015625 0.740234375 0.26171875 0.712890625 0.2265625 0.658203125 0.181640625 0.580078125 0.142578125 0.41796875 0.001953125 0.361328125 0 0.265625 0.185546875 0.22265625 0.34765625 0.23046875 0.529296875 0.25 0.595703125 0.244140625 0.810546875 0.26171875 0.857421875