10 0.595703125 0.251953125 0.537109375 0.251953125 0.537109375 0.376953125 0.595703125 0.376953125 0.595703125 0.251953125
10 0.66296875 0.24984375 0.60265625 0.24984375 0.60265625 0.31558593749999997 0.66296875 0.31558593749999997 0.66296875 0.24984375
10 0.68486328125 0.549208984375 0.63154296875 0.549208984375 0.63154296875 0.606064453125 0.68486328125 0.606064453125 0.68486328125 0.549208984375
10 0.5994921875 0.556123046875 0.55578125 0.556123046875 0.55578125 0.611845703125 0.5994921875 0.611845703125 0.5994921875 0.556123046875
10 0.7455859375 0.566484375 0.6997265625 0.566484375 0.6997265625 0.624921875 0.7455859375 0.624921875 0.7455859375 0.566484375
10 0.52783203125 0.5568261718749999 0.49072265625 0.5568261718749999 0.49072265625 0.6150488281250001 0.52783203125 0.6150488281250001 0.52783203125 0.5568261718749999
10 0.321484375 0.45994140625 0.2673828125 0.45994140625 0.2673828125 0.50736328125 0.321484375 0.50736328125 0.321484375 0.45994140625
10 0.920302734375 0.391533203125 0.895126953125 0.391533203125 0.895126953125 0.426357421875 0.920302734375 0.426357421875 0.920302734375 0.391533203125
10 0.707470703125 0.641005859375 0.672412109375 0.641005859375 0.672412109375 0.680283203125 0.707470703125 0.680283203125 0.707470703125 0.641005859375
10 0.7689550781250001 0.609404296875 0.7251855468749999 0.609404296875 0.7251855468749999 0.665009765625 0.7689550781250001 0.665009765625 0.7689550781250001 0.609404296875
10 0.7149609375 0.784453125 0.68640625 0.784453125 0.68640625 0.8190625 0.7149609375 0.8190625 0.7149609375 0.784453125
10 0.4380078125 0.480595703125 0.41453125 0.480595703125 0.41453125 0.505732421875 0.4380078125 0.505732421875 0.4380078125 0.480595703125
10 0.8142285156250001 0.560927734375 0.783427734375 0.560927734375 0.783427734375 0.597275390625 0.8142285156250001 0.597275390625 0.8142285156250001 0.560927734375
10 0.866240234375 0.5657617187499999 0.822236328125 0.5657617187499999 0.822236328125 0.6617773437500001 0.866240234375 0.6617773437500001 0.866240234375 0.5657617187499999
10 0.3333984375 0.461513671875 0.315546875 0.461513671875 0.315546875 0.483798828125 0.3333984375 0.483798828125 0.3333984375 0.461513671875
10 0.5176367187500001 0.635517578125 0.47650390624999994 0.635517578125 0.47650390624999994 0.676982421875 0.5176367187500001 0.676982421875 0.5176367187500001 0.635517578125
10 0.63359375 0.191650390625 0.60859375 0.191650390625 0.60859375 0.218505859375 0.63359375 0.218505859375 0.63359375 0.191650390625
10 0.5502343749999999 0.71791015625 0.5142187500000001 0.71791015625 0.5142187500000001 0.75279296875 0.5502343749999999 0.75279296875 0.5502343749999999 0.71791015625
10 0.804482421875 0.47004882812500004 0.790244140625 0.47004882812500004 0.790244140625 0.48749023437499994 0.804482421875 0.48749023437499994 0.804482421875 0.47004882812500004
10 0.4225 0.639521484375 0.391484375 0.639521484375 0.391484375 0.673955078125 0.4225 0.673955078125 0.4225 0.639521484375
10 0.281376953125 0.5722070312499999 0.253779296875 0.5722070312499999 0.253779296875 0.6133398437500001 0.281376953125 0.6133398437500001 0.281376953125 0.5722070312499999
2 0.20703125 0.578125 0.3359375 0.685546875 0.630859375 0.818359375 0.693359375 0.83203125 0.744140625 0.830078125 0.796875 0.80859375 0.8671875 0.716796875 0.908203125 0.57421875 0.927734375 0.443359375 0.958984375 0.341796875 0.953125 0.259765625 0.916015625 0.177734375 0.830078125 0.09375 0.755859375 0.0625 0.712890625 0.0546875 0.6015625 0.0703125 0.48828125 0.09375 0.3359375 0.158203125 0.171875 0.333984375 0.080078125 0.392578125 0.0078125 0.419921875 0.005859375 0.4296875 0.025390625 0.4453125 0.12890625 0.501953125 0.20703125 0.578125