0 0.512802734375 0.38671875 0.462666015625 0.38671875 0.462666015625 0.4496875 0.512802734375 0.4496875 0.512802734375 0.38671875
0 0.854765625 0.36068359375000003 0.7925390625000001 0.36068359375000003 0.7925390625000001 0.41845703125 0.854765625 0.41845703125 0.854765625 0.36068359375000003
0 0.26457031249999996 0.2348046875 0.2109375 0.2348046875 0.2109375 0.30046875 0.26457031249999996 0.30046875 0.26457031249999996 0.2348046875
0 0.455517578125 0.12196289062500001 0.401904296875 0.12196289062500001 0.401904296875 0.191162109375 0.455517578125 0.191162109375 0.455517578125 0.12196289062500001
0 0.623037109375 0.51658203125 0.596689453125 0.51658203125 0.596689453125 0.56447265625 0.623037109375 0.56447265625 0.623037109375 0.51658203125
0 0.517568359375 0.32136718750000004 0.49219726562500005 0.32136718750000004 0.49219726562500005 0.36027343749999996 0.517568359375 0.36027343749999996 0.517568359375 0.32136718750000004
0 0.39754882812500003 0.700732421875 0.366630859375 0.700732421875 0.366630859375 0.744580078125 0.39754882812500003 0.744580078125 0.39754882812500003 0.700732421875
0 0.603798828125 0.42313476562499996 0.575888671875 0.42313476562499996 0.575888671875 0.490458984375 0.603798828125 0.490458984375 0.603798828125 0.42313476562499996
0 0.563466796875 0.434765625 0.536142578125 0.434765625 0.536142578125 0.4890625 0.563466796875 0.4890625 0.563466796875 0.434765625
0 0.133271484375 0.38583007812500003 0.112470703125 0.38583007812500003 0.112470703125 0.429599609375 0.133271484375 0.429599609375 0.133271484375 0.38583007812500003
0 0.16599609375 0.43649414062499997 0.14869140625 0.43649414062499997 0.14869140625 0.47073242187500003 0.16599609375 0.47073242187500003 0.16599609375 0.43649414062499997
0 0.760029296875 0.5384863281250001 0.739970703125 0.5384863281250001 0.739970703125 0.5699121093749999 0.760029296875 0.5699121093749999 0.760029296875 0.5384863281250001
0 0.1625 0.5094335937500001 0.143671875 0.5094335937500001 0.143671875 0.5511132812499999 0.1625 0.5511132812499999 0.1625 0.5094335937500001
0 0.692001953125 0.629267578125 0.671279296875 0.629267578125 0.671279296875 0.661748046875 0.692001953125 0.661748046875 0.692001953125 0.629267578125
0 0.439560546875 0.6131933593750001 0.420791015625 0.6131933593750001 0.420791015625 0.6407128906249999 0.439560546875 0.6407128906249999 0.439560546875 0.6131933593750001
0 0.452294921875 0.694306640625 0.422705078125 0.694306640625 0.422705078125 0.752958984375 0.452294921875 0.752958984375 0.452294921875 0.694306640625
0 0.08809570312500001 0.531689453125 0.069482421875 0.531689453125 0.069482421875 0.567919921875 0.08809570312500001 0.567919921875 0.08809570312500001 0.531689453125
0 0.366953125 0.6406640625 0.34984375 0.6406640625 0.34984375 0.6679296875 0.366953125 0.6679296875 0.366953125 0.6406640625
0 0.249580078125 0.52322265625 0.230888671875 0.52322265625 0.230888671875 0.55587890625 0.249580078125 0.55587890625 0.249580078125 0.52322265625
0 0.1830078125 0.349912109375 0.165625 0.349912109375 0.165625 0.388876953125 0.1830078125 0.388876953125 0.1830078125 0.349912109375
0 0.196484375 0.25875976562499997 0.1755859375 0.25875976562499997 0.1755859375 0.29983398437500003 0.196484375 0.29983398437500003 0.196484375 0.25875976562499997
0 0.201337890625 0.691572265625 0.177099609375 0.691572265625 0.177099609375 0.726396484375 0.201337890625 0.726396484375 0.201337890625 0.691572265625
0 0.7482031250000001 0.346142578125 0.7312890624999999 0.346142578125 0.7312890624999999 0.372138671875 0.7482031250000001 0.372138671875 0.7482031250000001 0.346142578125
0 0.069921875 0.7600390625 0.047890625 0.7600390625 0.047890625 0.7946484375 0.069921875 0.7946484375 0.069921875 0.7600390625
0 0.382744140625 0.50548828125 0.367255859375 0.50548828125 0.367255859375 0.53552734375 0.382744140625 0.53552734375 0.382744140625 0.50548828125
0 0.040390625 0.21962890625 0.013007812499999999 0.21962890625 0.013007812499999999 0.26060546875 0.040390625 0.26060546875 0.040390625 0.21962890625
0 0.322802734375 0.77732421875 0.301220703125 0.77732421875 0.301220703125 0.8047070312500001 0.322802734375 0.8047070312500001 0.322802734375 0.77732421875
0 0.115029296875 0.445654296875 0.09836914062499999 0.445654296875 0.09836914062499999 0.47770507812499996 0.115029296875 0.47770507812499996 0.115029296875 0.445654296875
0 0.2708984375 0.92208984375 0.249609375 0.92208984375 0.249609375 0.95486328125 0.2708984375 0.95486328125 0.2708984375 0.92208984375
0 0.1923828125 0.524130859375 0.179453125 0.524130859375 0.179453125 0.547158203125 0.1923828125 0.547158203125 0.1923828125 0.524130859375
0 0.08884765624999999 0.9423046875000001 0.06642578125000001 0.9423046875000001 0.06642578125000001 0.9785937499999999 0.08884765624999999 0.9785937499999999 0.08884765624999999 0.9423046875000001
0 0.43564453125 0.539599609375 0.41740234374999996 0.539599609375 0.41740234374999996 0.561962890625 0.43564453125 0.561962890625 0.43564453125 0.539599609375
0 0.305947265625 0.385146484375 0.291708984375 0.385146484375 0.291708984375 0.407353515625 0.305947265625 0.407353515625 0.305947265625 0.385146484375
0 0.76103515625 0.66076171875 0.72041015625 0.66076171875 0.72041015625 0.70544921875 0.76103515625 0.70544921875 0.76103515625 0.66076171875
0 0.29439453125 0.73927734375 0.27787109375 0.73927734375 0.27787109375 0.76072265625 0.29439453125 0.76072265625 0.29439453125 0.73927734375
0 0.44621093749999996 0.419365234375 0.4263671875 0.419365234375 0.4263671875 0.457119140625 0.44621093749999996 0.457119140625 0.44621093749999996 0.419365234375
0 0.29591796875 0.803603515625 0.28318359375 0.803603515625 0.28318359375 0.824326171875 0.29591796875 0.824326171875 0.29591796875 0.803603515625
0 0.160830078125 0.610009765625 0.14631835937499998 0.610009765625 0.14631835937499998 0.639990234375 0.160830078125 0.639990234375 0.160830078125 0.610009765625
0 0.112998046875 0.18384765625 0.080712890625 0.18384765625 0.080712890625 0.26392578125 0.112998046875 0.26392578125 0.112998046875 0.18384765625
0 0.050283203124999995 0.9427929687500001 0.037607421875000005 0.9427929687500001 0.037607421875000005 0.9585742187499999 0.050283203124999995 0.9585742187499999 0.050283203124999995 0.9427929687500001
0 0.15199218750000001 0.9658984374999999 0.1378125 0.9658984374999999 0.1378125 0.9891796875000001 0.15199218750000001 0.9891796875000001 0.15199218750000001 0.9658984374999999
0 0.414951171875 0.8429589843749999 0.402431640625 0.8429589843749999 0.402431640625 0.8572363281250001 0.414951171875 0.8572363281250001 0.414951171875 0.8429589843749999
0 0.986435546875 0.41300781249999996 0.962783203125 0.41300781249999996 0.962783203125 0.4283203125 0.986435546875 0.4283203125 0.986435546875 0.41300781249999996
0 0.9370898437499999 0.9118066406249999 0.9261914062500001 0.9118066406249999 0.9261914062500001 0.9299902343750001 0.9370898437499999 0.9299902343750001 0.9370898437499999 0.9118066406249999
0 0.2191796875 0.604130859375 0.2107421875 0.604130859375 0.2107421875 0.618525390625 0.2191796875 0.618525390625 0.2191796875 0.604130859375
0 0.20435546875 0.918037109375 0.19361328125 0.918037109375 0.19361328125 0.933525390625 0.20435546875 0.933525390625 0.20435546875 0.918037109375
0 0.668671875 0.120888671875 0.6496875 0.120888671875 0.6496875 0.151337890625 0.668671875 0.151337890625 0.668671875 0.120888671875
0 0.011884765625 0.9760937500000001 0.0008496093749999999 0.9760937500000001 0.0008496093749999999 0.9975390624999999 0.011884765625 0.9975390624999999 0.011884765625 0.9760937500000001
0 1 0.44381835937499997 0.9950390625000001 0.44381835937499997 0.9950390625000001 0.45266601562500003 1 0.45266601562500003 1 0.44381835937499997
0 0.45313476562500005 0.40775390624999996 0.41260742187500005 0.40775390624999996 0.41260742187500005 0.50193359375 0.45313476562500005 0.50193359375 0.45313476562500005 0.40775390624999996
2 0.0625 0.607421875 0.095703125 0.60546875 0.09765625 0.63671875 0.123046875 0.64453125 0.146484375 0.7109375 0.140625 0.74609375 0.158203125 0.7578125 0.158203125 0.76953125 0.1796875 0.794921875 0.1796875 0.81640625 0.21875 0.89453125 0.2265625 0.904296875 0.26953125 0.91796875 0.462890625 0.83203125 0.56640625 0.77734375 0.603515625 0.748046875 0.634765625 0.734375 0.6796875 0.728515625 0.712890625 0.705078125 0.73828125 0.705078125 0.759765625 0.6953125 0.830078125 0.62890625 0.8828125 0.556640625 0.998046875 0.494140625 0.998046875 0.419921875 0.9453125 0.390625 0.87890625 0.3125 0.787109375 0.236328125 0.65625 0.169921875 0.603515625 0.154296875 0.48046875 0.142578125 0.427734375 0.119140625 0.3671875 0.103515625 0.337890625 0.10546875 0.205078125 0.154296875 0.1640625 0.185546875 0.142578125 0.212890625 0.12109375 0.259765625 0.0703125 0.43359375 0.060546875 0.51953125 0.060546875 0.560546875 0.0703125 0.59375 0.0625 0.607421875