10 0.368720703125 0.666669921875 0.299912109375 0.666669921875 0.299912109375 0.742900390625 0.368720703125 0.742900390625 0.368720703125 0.666669921875
10 0.197236328125 0.715712890625 0.130888671875 0.715712890625 0.130888671875 0.772568359375 0.197236328125 0.772568359375 0.197236328125 0.715712890625
10 0.83767578125 0.6253320312499999 0.77462890625 0.6253320312499999 0.77462890625 0.6803320312500001 0.83767578125 0.6803320312500001 0.83767578125 0.6253320312499999
10 0.78962890625 0.347783203125 0.74650390625 0.347783203125 0.74650390625 0.382216796875 0.78962890625 0.382216796875 0.78962890625 0.347783203125
10 0.11675781249999999 0.72447265625 0.0546484375 0.72447265625 0.0546484375 0.77845703125 0.11675781249999999 0.77845703125 0.11675781249999999 0.72447265625
10 0.26773437499999997 0.536376953125 0.1919921875 0.536376953125 0.1919921875 0.588623046875 0.26773437499999997 0.588623046875 0.26773437499999997 0.536376953125
10 0.596181640625 0.180751953125 0.570810546875 0.180751953125 0.570810546875 0.205224609375 0.596181640625 0.205224609375 0.596181640625 0.180751953125
10 0.831513671875 0.25692382812500003 0.780791015625 0.25692382812500003 0.780791015625 0.30752929687499997 0.831513671875 0.30752929687499997 0.831513671875 0.25692382812500003
10 0.428310546875 0.76291015625 0.390556640625 0.76291015625 0.390556640625 0.81033203125 0.428310546875 0.81033203125 0.428310546875 0.76291015625
10 0.24509765625000002 0.931640625 0.21119140625 0.931640625 0.21119140625 0.9658203125 0.24509765625000002 0.9658203125 0.24509765625000002 0.931640625
10 0.60837890625 0.6154296875 0.54982421875 0.6154296875 0.54982421875 0.666796875 0.60837890625 0.666796875 0.60837890625 0.6154296875
10 0.08333984375 0.642197265625 0.02583984375 0.642197265625 0.02583984375 0.691787109375 0.08333984375 0.691787109375 0.08333984375 0.642197265625
10 0.36141601562500003 0.821396484375 0.34073242187499997 0.821396484375 0.34073242187499997 0.846572265625 0.36141601562500003 0.846572265625 0.36141601562500003 0.821396484375
10 0.21520507812499998 0.9256933593750001 0.182490234375 0.9256933593750001 0.182490234375 0.9522363281249999 0.21520507812499998 0.9522363281249999 0.21520507812499998 0.9256933593750001
10 0.728408203125 0.2096484375 0.706162109375 0.2096484375 0.706162109375 0.2256640625 0.728408203125 0.2256640625 0.728408203125 0.2096484375
10 0.210703125 0.49384765625 0.1875 0.49384765625 0.1875 0.51005859375 0.210703125 0.51005859375 0.210703125 0.49384765625
10 0.4058984375 0.9640625 0.38171875 0.9640625 0.38171875 0.9978515625 0.4058984375 0.9978515625 0.4058984375 0.9640625
10 0.620244140625 0.195751953125 0.605341796875 0.195751953125 0.605341796875 0.21170898437500002 0.620244140625 0.21170898437500002 0.620244140625 0.195751953125
10 0.369443359375 0.307177734375 0.359580078125 0.307177734375 0.359580078125 0.31540039062499997 0.369443359375 0.31540039062499997 0.369443359375 0.307177734375
10 0.761455078125 0.5779687499999999 0.722919921875 0.5779687499999999 0.722919921875 0.6144140625000001 0.761455078125 0.6144140625000001 0.761455078125 0.5779687499999999
10 0.306953125 0.43716796875 0.284375 0.43716796875 0.284375 0.45541015625 0.306953125 0.45541015625 0.306953125 0.43716796875
10 0.35947265625 0.9049511718750001 0.34513671874999996 0.9049511718750001 0.34513671874999996 0.9251269531249999 0.35947265625 0.9251269531249999 0.35947265625 0.9049511718750001
10 0.738720703125 0.685712890625 0.707568359375 0.685712890625 0.707568359375 0.705888671875 0.738720703125 0.705888671875 0.738720703125 0.685712890625
10 0.46188476562499997 0.584638671875 0.443896484375 0.584638671875 0.443896484375 0.607744140625 0.46188476562499997 0.607744140625 0.46188476562499997 0.584638671875
10 0.357724609375 0.37734375 0.343447265625 0.37734375 0.343447265625 0.3921875 0.357724609375 0.3921875 0.357724609375 0.37734375
10 0.12345703125 0.628251953125 0.10494140625 0.628251953125 0.10494140625 0.646162109375 0.12345703125 0.646162109375 0.12345703125 0.628251953125
10 0.29888671875 0.66501953125 0.29193359375 0.66501953125 0.29193359375 0.67287109375 0.29888671875 0.67287109375 0.29888671875 0.66501953125
10 0.444921875 0.6019921874999999 0.40324218749999996 0.6019921874999999 0.40324218749999996 0.6528906250000001 0.444921875 0.6528906250000001 0.444921875 0.6019921874999999
10 0.142529296875 0.562265625 0.113330078125 0.562265625 0.113330078125 0.586171875 0.142529296875 0.586171875 0.142529296875 0.562265625
10 0.356162109375 0.953623046875 0.336728515625 0.953623046875 0.336728515625 0.972158203125 0.356162109375 0.972158203125 0.356162109375 0.953623046875
10 0.13780273437499999 0.8234375 0.119775390625 0.8234375 0.119775390625 0.840625 0.13780273437499999 0.840625 0.13780273437499999 0.8234375
10 0.196650390625 0.6036914062500001 0.189326171875 0.6036914062500001 0.189326171875 0.6091992187499999 0.196650390625 0.6091992187499999 0.196650390625 0.6036914062500001
10 0.40529296875 0.8861035156250001 0.39841796875 0.8861035156250001 0.39841796875 0.8970996093749999 0.40529296875 0.8970996093749999 0.40529296875 0.8861035156250001
10 0.658642578125 0.887646484375 0.648974609375 0.887646484375 0.648974609375 0.897509765625 0.658642578125 0.897509765625 0.658642578125 0.887646484375
10 0.151943359375 0.66005859375 0.145439453125 0.66005859375 0.145439453125 0.66611328125 0.151943359375 0.66611328125 0.151943359375 0.66005859375
10 0.787138671875 0.174296875 0.769501953125 0.174296875 0.769501953125 0.1897265625 0.787138671875 0.1897265625 0.787138671875 0.174296875
10 0.61830078125 0.702509765625 0.60923828125 0.702509765625 0.60923828125 0.712529296875 0.61830078125 0.712529296875 0.61830078125 0.702509765625
10 0.729228515625 0.444951171875 0.693623046875 0.444951171875 0.693623046875 0.474501953125 0.729228515625 0.474501953125 0.729228515625 0.444951171875
10 0.584482421875 0.241787109375 0.570791015625 0.241787109375 0.570791015625 0.25430664062499997 0.584482421875 0.25430664062499997 0.584482421875 0.241787109375
10 0.4008984375 0.51271484375 0.373046875 0.51271484375 0.373046875 0.54197265625 0.4008984375 0.54197265625 0.4008984375 0.51271484375
10 0.300849609375 0.924736328125 0.285595703125 0.924736328125 0.285595703125 0.937568359375 0.300849609375 0.937568359375 0.300849609375 0.924736328125
10 0.599658203125 0.413203125 0.562451171875 0.413203125 0.562451171875 0.426640625 0.599658203125 0.426640625 0.599658203125 0.413203125
10 0.735703125 0.635986328125 0.7008203125 0.635986328125 0.7008203125 0.667724609375 0.735703125 0.667724609375 0.735703125 0.635986328125
10 0.3109375 0.7242578125 0.29796875 0.7242578125 0.29796875 0.7415625 0.3109375 0.7415625 0.3109375 0.7242578125
2 0.263671875 0.998046875 0.70703125 0.998046875 0.75 0.94921875 0.794921875 0.798828125 0.845703125 0.740234375 0.89453125 0.66796875 0.919921875 0.587890625 0.916015625 0.404296875 0.853515625 0.263671875 0.8125 0.20703125 0.798828125 0.171875 0.791015625 0.064453125 0.783203125 0.060546875 0.767578125 0.068359375 0.703125 0.123046875 0.6484375 0.15234375 0.408203125 0.24609375 0.216796875 0.380859375 0.15234375 0.4453125 0.080078125 0.533203125 0.05078125 0.595703125 0.015625 0.701171875 0.01953125 0.751953125 0.125 0.904296875 0.17578125 0.9453125 0.263671875 0.998046875