10 0.583984375 0.412109375 0.517578125 0.412109375 0.517578125 0.470703125 0.583984375 0.470703125 0.583984375 0.412109375
10 0.697099609375 0.10108398437499999 0.649580078125 0.10108398437499999 0.649580078125 0.140361328125 0.697099609375 0.140361328125 0.697099609375 0.10108398437499999
10 0.22697265625 0.296982421875 0.19197265624999998 0.296982421875 0.19197265624999998 0.319228515625 0.22697265625 0.319228515625 0.22697265625 0.296982421875
10 0.799296875 0.48101562500000006 0.7534375 0.48101562500000006 0.7534375 0.5336328124999999 0.799296875 0.5336328124999999 0.799296875 0.48101562500000006
10 0.57763671875 0.48405273437499996 0.52587890625 0.48405273437499996 0.52587890625 0.524736328125 0.57763671875 0.524736328125 0.57763671875 0.48405273437499996
10 0.5420703125 0.34586914062499996 0.503828125 0.34586914062499996 0.503828125 0.380224609375 0.5420703125 0.380224609375 0.5420703125 0.34586914062499996
10 0.78203125 0.21145507812500003 0.7423828125 0.21145507812500003 0.7423828125 0.24241210937500002 0.78203125 0.24241210937500002 0.78203125 0.21145507812500003
10 0.534833984375 0.542109375 0.49055664062500004 0.542109375 0.49055664062500004 0.5741015625 0.534833984375 0.5741015625 0.534833984375 0.542109375
10 0.741962890625 0.409306640625 0.703349609375 0.409306640625 0.703349609375 0.440810546875 0.741962890625 0.440810546875 0.741962890625 0.409306640625
10 0.5726171875 0.375048828125 0.5348046875 0.375048828125 0.5348046875 0.410107421875 0.5726171875 0.410107421875 0.5726171875 0.375048828125
10 0.6660742187500001 0.1609375 0.6259179687499999 0.1609375 0.6259179687499999 0.19917968749999998 0.6660742187500001 0.19917968749999998 0.6660742187500001 0.1609375
10 0.334609375 0.334814453125 0.301640625 0.334814453125 0.301640625 0.359521484375 0.334609375 0.359521484375 0.334609375 0.334814453125
10 0.41574218749999997 0.277451171875 0.3962890625 0.277451171875 0.3962890625 0.29825195312499997 0.41574218749999997 0.29825195312499997 0.41574218749999997 0.277451171875
10 0.32037109375 0.40748046875000005 0.28462890625 0.40748046875000005 0.28462890625 0.42701171875000005 0.32037109375 0.42701171875000005 0.32037109375 0.40748046875000005
10 0.38102539062499996 0.122041015625 0.350927734375 0.122041015625 0.350927734375 0.143818359375 0.38102539062499996 0.143818359375 0.38102539062499996 0.122041015625
10 0.5300976562499999 0.11109374999999999 0.5001757812500001 0.11109374999999999 0.5001757812500001 0.1323046875 0.5300976562499999 0.1323046875 0.5300976562499999 0.11109374999999999
10 0.398720703125 0.331259765625 0.378154296875 0.331259765625 0.378154296875 0.350888671875 0.398720703125 0.350888671875 0.398720703125 0.331259765625
10 0.472431640625 0.162138671875 0.454326171875 0.162138671875 0.454326171875 0.17891601562499998 0.472431640625 0.17891601562499998 0.472431640625 0.162138671875
10 0.543330078125 0.251943359375 0.523076171875 0.251943359375 0.523076171875 0.26516601562500003 0.543330078125 0.26516601562500003 0.543330078125 0.251943359375
10 0.618935546875 0.47000000000000003 0.592978515625 0.47000000000000003 0.592978515625 0.49242187499999995 0.618935546875 0.49242187499999995 0.618935546875 0.47000000000000003
10 0.760869140625 0.31919921875 0.745966796875 0.31919921875 0.745966796875 0.33314453125 0.760869140625 0.33314453125 0.760869140625 0.31919921875
10 0.77314453125 0.49646484375 0.75615234375 0.49646484375 0.75615234375 0.51623046875 0.77314453125 0.51623046875 0.77314453125 0.49646484375
10 0.62259765625 0.310673828125 0.59908203125 0.310673828125 0.59908203125 0.335341796875 0.62259765625 0.335341796875 0.62259765625 0.310673828125
10 0.8170214843749999 0.558876953125 0.8050488281250001 0.558876953125 0.8050488281250001 0.565146484375 0.8170214843749999 0.565146484375 0.8170214843749999 0.558876953125
2 0.41015625 0.775390625 0.509765625 0.8671875 0.5703125 0.9296875 0.607421875 0.990234375 0.6171875 0.998046875 0.646484375 0.998046875 0.66796875 0.93359375 0.693359375 0.890625 0.728515625 0.83984375 0.78515625 0.78125 0.869140625 0.666015625 0.892578125 0.62109375 0.91796875 0.525390625 0.919921875 0.490234375 0.890625 0.349609375 0.896484375 0.244140625 0.865234375 0.173828125 0.83203125 0.134765625 0.72265625 0.046875 0.62109375 0.0078125 0.55078125 0.013671875 0.46484375 0.056640625 0.236328125 0.146484375 0.134765625 0.2265625 0.103515625 0.283203125 0.099609375 0.341796875 0.115234375 0.41796875 0.314453125 0.703125 0.41015625 0.775390625