0 0.4537890625 0.2890625 0.3932421875 0.2890625 0.3932421875 0.3542578125 0.4537890625 0.3542578125 0.4537890625 0.2890625
0 0.60388671875 0.343525390625 0.53966796875 0.343525390625 0.53966796875 0.405498046875 0.60388671875 0.405498046875 0.60388671875 0.343525390625
0 0.6623828125 0.33700195312500003 0.5602734375 0.33700195312500003 0.5602734375 0.441318359375 0.6623828125 0.441318359375 0.6623828125 0.33700195312500003
0 0.469111328125 0.20347656249999999 0.443974609375 0.20347656249999999 0.443974609375 0.2298828125 0.469111328125 0.2298828125 0.469111328125 0.20347656249999999
0 0.256884765625 0.41556640624999996 0.199169921875 0.41556640624999996 0.199169921875 0.49900390625 0.256884765625 0.49900390625 0.256884765625 0.41556640624999996
0 0.58216796875 0.795166015625 0.53697265625 0.795166015625 0.53697265625 0.838623046875 0.58216796875 0.838623046875 0.58216796875 0.795166015625
0 0.653046875 0.6344335937500001 0.6028125 0.6344335937500001 0.6028125 0.6878320312499999 0.653046875 0.6878320312499999 0.653046875 0.6344335937500001
0 0.43487304687500006 0.229345703125 0.41473632812499994 0.229345703125 0.41473632812499994 0.25651367187499996 0.43487304687500006 0.25651367187499996 0.43487304687500006 0.229345703125
0 0.446181640625 0.357373046875 0.264287109375 0.357373046875 0.264287109375 0.5298535156249999 0.446181640625 0.5298535156249999 0.446181640625 0.357373046875
0 0.33568359375 0.44642578125 0.30642578125000003 0.44642578125 0.30642578125000003 0.47056640625 0.33568359375 0.47056640625 0.33568359375 0.44642578125
0 0.45499999999999996 0.56564453125 0.3970703125 0.56564453125 0.3970703125 0.63162109375 0.45499999999999996 0.63162109375 0.45499999999999996 0.56564453125
0 0.27283203125 0.537275390625 0.22521484374999998 0.537275390625 0.22521484374999998 0.576982421875 0.27283203125 0.576982421875 0.27283203125 0.537275390625
0 0.26533203125 0.24646484375000002 0.21904296875 0.24646484375000002 0.21904296875 0.28626953125 0.26533203125 0.28626953125 0.26533203125 0.24646484375000002
0 0.34158203125000003 0.36791015625 0.26193359374999997 0.36791015625 0.26193359374999997 0.41580078125000003 0.34158203125000003 0.41580078125000003 0.34158203125000003 0.36791015625
0 0.71302734375 0.659013671875 0.67369140625 0.659013671875 0.67369140625 0.699384765625 0.71302734375 0.699384765625 0.71302734375 0.659013671875
0 0.611806640625 0.25912109375000003 0.595224609375 0.25912109375000003 0.595224609375 0.27751953125 0.611806640625 0.27751953125 0.611806640625 0.25912109375000003
0 0.54169921875 0.154609375 0.50615234375 0.154609375 0.50615234375 0.1842578125 0.54169921875 0.1842578125 0.54169921875 0.154609375
0 0.5748632812500001 0.224677734375 0.5491601562499999 0.224677734375 0.5491601562499999 0.247001953125 0.5748632812500001 0.247001953125 0.5748632812500001 0.224677734375
0 0.32447265625 0.7766992187499999 0.25416015625 0.7766992187499999 0.25416015625 0.8863867187500001 0.32447265625 0.8863867187500001 0.32447265625 0.7766992187499999
0 0.44177734375 0.8993261718750001 0.39904296875 0.8993261718750001 0.39904296875 0.9473535156249999 0.44177734375 0.9473535156249999 0.44177734375 0.8993261718750001
0 0.38416015625 0.0739453125 0.34435546875 0.0739453125 0.34435546875 0.10121093750000001 0.38416015625 0.10121093750000001 0.38416015625 0.0739453125
0 0.270888671875 0.575791015625 0.22520507812499999 0.575791015625 0.22520507812499999 0.621474609375 0.270888671875 0.621474609375 0.270888671875 0.575791015625
0 0.43215820312500003 0.19010742187500002 0.41209960937499995 0.19010742187500002 0.41209960937499995 0.209814453125 0.43215820312500003 0.209814453125 0.43215820312500003 0.19010742187500002
0 0.5066796874999999 0.635859375 0.470390625 0.635859375 0.470390625 0.6717578125 0.5066796874999999 0.6717578125 0.5066796874999999 0.635859375
0 0.5553613281249999 0.5752636718749999 0.5208105468750001 0.5752636718749999 0.5208105468750001 0.5995410156250001 0.5553613281249999 0.5995410156250001 0.5553613281249999 0.5752636718749999
0 0.664384765625 0.744609375 0.641279296875 0.744609375 0.641279296875 0.7719921875 0.664384765625 0.7719921875 0.664384765625 0.744609375
0 0.26892578125 0.65734375 0.21228515625000002 0.65734375 0.21228515625000002 0.74109375 0.26892578125 0.74109375 0.26892578125 0.65734375
0 0.334716796875 0.60470703125 0.285400390625 0.60470703125 0.285400390625 0.64822265625 0.334716796875 0.64822265625 0.334716796875 0.60470703125
0 0.6264453125 0.588896484375 0.5864453125 0.588896484375 0.5864453125 0.624970703125 0.6264453125 0.624970703125 0.6264453125 0.588896484375
0 0.751123046875 0.6296875 0.723486328125 0.6296875 0.723486328125 0.6544921875 0.751123046875 0.6544921875 0.751123046875 0.6296875
0 0.636708984375 0.328388671875 0.620126953125 0.328388671875 0.620126953125 0.341064453125 0.636708984375 0.341064453125 0.636708984375 0.328388671875
0 0.643515625 0.3626171875 0.61625 0.3626171875 0.61625 0.3815234375 0.643515625 0.3815234375 0.643515625 0.3626171875
0 0.729765625 0.34052734375 0.6247265625 0.34052734375 0.6247265625 0.46662109375 0.729765625 0.46662109375 0.729765625 0.34052734375
0 0.43460937499999996 0.6830468749999999 0.3412890625 0.6830468749999999 0.3412890625 0.8130468750000001 0.43460937499999996 0.8130468750000001 0.43460937499999996 0.6830468749999999
0 0.382939453125 0.5894921875 0.332880859375 0.5894921875 0.332880859375 0.64390625 0.382939453125 0.64390625 0.382939453125 0.5894921875
0 0.37322265625 0.35653320312500003 0.32845703125000003 0.35653320312500003 0.32845703125000003 0.398857421875 0.37322265625 0.398857421875 0.37322265625 0.35653320312500003
0 0.717734375 0.5285546875 0.704140625 0.5285546875 0.704140625 0.542734375 0.717734375 0.542734375 0.717734375 0.5285546875
0 0.28875 0.13951171874999999 0.26984375 0.13951171874999999 0.26984375 0.15736328125000001 0.28875 0.15736328125000001 0.28875 0.13951171874999999
0 0.3701171875 0.9097851562500001 0.30859375 0.9097851562500001 0.30859375 0.9681445312499999 0.3701171875 0.9681445312499999 0.3701171875 0.9097851562500001
0 0.531748046875 0.6922949218750001 0.45508789062500005 0.6922949218750001 0.45508789062500005 0.7920800781249999 0.531748046875 0.7920800781249999 0.531748046875 0.6922949218750001
0 0.363583984375 0.64140625 0.326376953125 0.64140625 0.326376953125 0.676953125 0.363583984375 0.676953125 0.363583984375 0.64140625
0 0.43387695312499996 0.8615527343749999 0.40596679687500004 0.8615527343749999 0.40596679687500004 0.8923535156250001 0.43387695312499996 0.8923535156250001 0.43387695312499996 0.8615527343749999
0 0.2392578125 0.39688476562499997 0.207265625 0.39688476562499997 0.207265625 0.427333984375 0.2392578125 0.427333984375 0.2392578125 0.39688476562499997
0 0.3691796875 0.8371484375 0.3510546875 0.8371484375 0.3510546875 0.8542578125 0.3691796875 0.8542578125 0.3691796875 0.8371484375
0 0.422705078125 0.677734375 0.35514648437499996 0.677734375 0.35514648437499996 0.734375 0.422705078125 0.734375 0.422705078125 0.677734375
0 0.322939453125 0.163076171875 0.30647460937500004 0.163076171875 0.30647460937500004 0.175556640625 0.322939453125 0.175556640625 0.322939453125 0.163076171875
0 0.431083984375 0.37787109375 0.417548828125 0.37787109375 0.417548828125 0.39458984375 0.431083984375 0.39458984375 0.431083984375 0.37787109375
0 0.29416015624999997 0.33484375 0.27126953125000003 0.33484375 0.27126953125000003 0.354140625 0.29416015624999997 0.354140625 0.29416015624999997 0.33484375
0 0.38279296875 0.88916015625 0.36427734375 0.88916015625 0.36427734375 0.91064453125 0.38279296875 0.91064453125 0.38279296875 0.88916015625
0 0.598046875 0.56435546875 0.5845703125 0.56435546875 0.5845703125 0.57626953125 0.598046875 0.57626953125 0.598046875 0.56435546875
0 0.6276269531249999 0.80126953125 0.5256933593750001 0.80126953125 0.5256933593750001 0.90576171875 0.6276269531249999 0.90576171875 0.6276269531249999 0.80126953125
0 0.8031347656250001 0.383154296875 0.7925683593749999 0.383154296875 0.7925683593749999 0.394189453125 0.8031347656250001 0.394189453125 0.8031347656250001 0.383154296875
0 0.32699218750000003 0.29986328125 0.2897265625 0.29986328125 0.2897265625 0.32662109375 0.32699218750000003 0.32662109375 0.32699218750000003 0.29986328125
0 0.49397460937500004 0.809541015625 0.45622070312499996 0.809541015625 0.45622070312499996 0.849638671875 0.49397460937500004 0.849638671875 0.49397460937500004 0.809541015625
0 0.148701171875 0.9395703125000001 0.11473632812500001 0.9395703125000001 0.11473632812500001 0.9696093749999999 0.148701171875 0.9696093749999999 0.148701171875 0.9395703125000001
0 0.753583984375 0.8238867187500001 0.739580078125 0.8238867187500001 0.739580078125 0.8382226562499999 0.753583984375 0.8382226562499999 0.753583984375 0.8238867187500001
0 0.304453125 0.5545996093750001 0.28296875 0.5545996093750001 0.28296875 0.5870019531249999 0.304453125 0.5870019531249999 0.304453125 0.5545996093750001
0 0.5336035156250001 0.4765625 0.466396484375 0.4765625 0.466396484375 0.53125 0.5336035156250001 0.53125 0.5336035156250001 0.4765625
0 0.9010058593749999 0.5361328125 0.710322265625 0.5361328125 0.710322265625 0.72265625 0.9010058593749999 0.72265625 0.9010058593749999 0.5361328125
2 0.279984375 0.12244921875 0.21276757812499997 0.24842187500000001 0.1931640625 0.336603515625 0.201564453125 0.455578125 0.20296484375 0.568955078125 0.195962890625 0.629142578125 0.21556835937500002 0.6977285156249999 0.23377343750000001 0.785908203125 0.221169921875 0.85589453125 0.2449765625 0.90908203125 0.279984375 0.9552734375 0.3079921875 0.998046875 0.5614550781250001 0.997263671875 0.638474609375 0.948275390625 0.725296875 0.9104824218750001 0.8205214843749999 0.88248828125 0.869533203125 0.8390976562500001 0.9129453125 0.7747109375 0.921345703125 0.72572265625 0.9129453125 0.59275 0.897541015625 0.475173828125 0.8303242187500001 0.36459765625 0.7715078125 0.293212890625 0.70429296875 0.212029296875 0.6160703125 0.12664843750000002 0.520845703125 0.0496640625 0.44382617187499995 0.0006738281250000001 0.4452265625 0.001755859375 0.38641210937500003 0.001755859375 0.279984375 0.12244921875