0 0.38957031249999996 0.49739257812500004 0.3237890625 0.49739257812500004 0.3237890625 0.5537792968749999 0.38957031249999996 0.5537792968749999 0.38957031249999996 0.49739257812500004
0 0.45879882812500006 0.5870019531249999 0.325380859375 0.5870019531249999 0.325380859375 0.6942480468750001 0.45879882812500006 0.6942480468750001 0.45879882812500006 0.5870019531249999
0 0.402431640625 0.39921875 0.36807617187499997 0.39921875 0.36807617187499997 0.4591796875 0.402431640625 0.4591796875 0.402431640625 0.39921875
0 0.722900390625 0.439326171875 0.341552734375 0.439326171875 0.341552734375 0.577275390625 0.722900390625 0.577275390625 0.722900390625 0.439326171875
0 0.391982421875 0.255595703125 0.262822265625 0.255595703125 0.262822265625 0.341591796875 0.391982421875 0.341591796875 0.391982421875 0.255595703125
0 0.079892578125 0.581572265625 0.002373046875 0.581572265625 0.002373046875 0.670380859375 0.079892578125 0.670380859375 0.079892578125 0.581572265625
0 0.5452246093750001 0.71056640625 0.307314453125 0.71056640625 0.307314453125 0.79236328125 0.5452246093750001 0.79236328125 0.5452246093750001 0.71056640625
0 0.36146484375 0.568564453125 0.03845703125 0.568564453125 0.03845703125 0.588662109375 0.36146484375 0.588662109375 0.36146484375 0.568564453125
0 0.195888671875 0.48116210937500004 0.162509765625 0.48116210937500004 0.162509765625 0.5086035156250001 0.195888671875 0.5086035156250001 0.195888671875 0.48116210937500004
0 0.059931640625000004 0.567255859375 0.003076171875 0.567255859375 0.003076171875 0.593876953125 0.059931640625000004 0.593876953125 0.059931640625000004 0.567255859375
0 0.60169921875 0.257021484375 0.28552734375 0.257021484375 0.28552734375 0.41680664062500006 0.60169921875 0.41680664062500006 0.60169921875 0.257021484375
0 0.26208984375 0.8865917968750001 0.13318359375 0.8865917968750001 0.13318359375 0.9786425781249999 0.26208984375 0.9786425781249999 0.26208984375 0.8865917968750001
0 0.14037109375 0.475 0.09560546875 0.475 0.09560546875 0.5128125 0.14037109375 0.5128125 0.14037109375 0.475
0 0.07784179687500001 0.8924609374999999 0.032392578125 0.8924609374999999 0.032392578125 0.9063671875000001 0.07784179687500001 0.9063671875000001 0.07784179687500001 0.8924609374999999
0 0.14261718750000002 0.9400585937500001 0.1232421875 0.9400585937500001 0.1232421875 0.9632617187499999 0.14261718750000002 0.9632617187499999 0.14261718750000002 0.9400585937500001
0 0.296875 0.6958886718749999 0.048828125 0.6958886718749999 0.048828125 0.7582128906250001 0.296875 0.7582128906250001 0.296875 0.6958886718749999
0 0.014208984375 0.523720703125 0.0038378906249999997 0.523720703125 0.0038378906249999997 0.534873046875 0.014208984375 0.534873046875 0.014208984375 0.523720703125
0 0.943115234375 0.45843749999999994 0.703369140625 0.45843749999999994 0.703369140625 0.6099218750000001 0.943115234375 0.6099218750000001 0.943115234375 0.45843749999999994
0 0.1256640625 0.9421875 0.10589843750000001 0.9421875 0.10589843750000001 0.9611328125 0.1256640625 0.9611328125 0.1256640625 0.9421875
0 0.27056640625 0.34518554687499997 0.25337890625 0.34518554687499997 0.25337890625 0.364306640625 0.27056640625 0.364306640625 0.27056640625 0.34518554687499997
0 0.1878125 0.301220703125 0.17109375 0.301220703125 0.17109375 0.316474609375 0.1878125 0.316474609375 0.1878125 0.301220703125
0 0.053330078125 0.554736328125 0.019365234375000002 0.554736328125 0.019365234375000002 0.575146484375 0.053330078125 0.575146484375 0.053330078125 0.554736328125
0 0.249599609375 0.287705078125 0.229150390625 0.287705078125 0.229150390625 0.30948242187499997 0.249599609375 0.30948242187499997 0.249599609375 0.287705078125
0 0.638720703125 0.689228515625 0.585888671875 0.689228515625 0.585888671875 0.719951171875 0.638720703125 0.719951171875 0.638720703125 0.689228515625
0 0.32599609375 0.9544628906250001 0.30244140625 0.9544628906250001 0.30244140625 0.9732714843749999 0.32599609375 0.9732714843749999 0.32599609375 0.9544628906250001
0 0.2058984375 0.2775390625 0.1808203125 0.2775390625 0.1808203125 0.303046875 0.2058984375 0.303046875 0.2058984375 0.2775390625
0 0.24508789062499997 0.39924804687500004 0.22756835937500003 0.39924804687500004 0.22756835937500003 0.41520507812499996 0.24508789062499997 0.41520507812499996 0.24508789062499997 0.39924804687500004
0 0.19371093749999999 0.43575195312500004 0.1693359375 0.43575195312500004 0.1693359375 0.45635742187500006 0.19371093749999999 0.45635742187500006 0.19371093749999999 0.43575195312500004
0 0.377080078125 0.43093750000000003 0.355341796875 0.43093750000000003 0.355341796875 0.45238281249999995 0.377080078125 0.45238281249999995 0.377080078125 0.43093750000000003
0 0.2800390625 0.252490234375 0.2605078125 0.252490234375 0.2605078125 0.27340820312499997 0.2800390625 0.27340820312499997 0.2800390625 0.252490234375
0 0.18123046874999998 0.6039355468750001 0.16154296875000002 0.6039355468750001 0.16154296875000002 0.6226269531249999 0.18123046874999998 0.6226269531249999 0.18123046874999998 0.6039355468750001
0 0.46375 0.48391601562500003 0.4425 0.48391601562500003 0.4425 0.502919921875 0.46375 0.502919921875 0.46375 0.48391601562500003
0 0.293525390625 0.53056640625 0.272880859375 0.53056640625 0.272880859375 0.55244140625 0.293525390625 0.55244140625 0.293525390625 0.53056640625
0 0.035224609375 0.328984375 0.016884765625 0.328984375 0.016884765625 0.34875 0.035224609375 0.34875 0.035224609375 0.328984375
0 0.126396484375 0.58162109375 0.10625976562499999 0.58162109375 0.10625976562499999 0.60099609375 0.126396484375 0.60099609375 0.126396484375 0.58162109375
0 0.17881835937499999 0.90029296875 0.161767578125 0.90029296875 0.161767578125 0.91806640625 0.17881835937499999 0.91806640625 0.17881835937499999 0.90029296875
0 0 0.52119140625 0.0332421875 0.52119140625 0.0332421875 0.28009765625 0 0.28009765625 0 0.52119140625
0 0.6127734375 0.262919921875 0.5669140625 0.262919921875 0.5669140625 0.304462890625 0.6127734375 0.304462890625 0.6127734375 0.262919921875
0 0.12715820312499998 0.34068359375 0.109169921875 0.34068359375 0.109169921875 0.35853515625 0.12715820312499998 0.35853515625 0.12715820312499998 0.34068359375
0 0.243330078125 0.8882031250000001 0.219326171875 0.8882031250000001 0.219326171875 0.9076953124999999 0.243330078125 0.9076953124999999 0.243330078125 0.8882031250000001
0 0.385498046875 0.9276464843750001 0.365478515625 0.9276464843750001 0.365478515625 0.9444238281249999 0.385498046875 0.9444238281249999 0.385498046875 0.9276464843750001
0 0.139951171875 0.64912109375 0.121298828125 0.64912109375 0.121298828125 0.66630859375 0.139951171875 0.66630859375 0.139951171875 0.64912109375
0 0.4202734375 0.37873046875 0.4025 0.37873046875 0.4025 0.39716796875 0.4202734375 0.39716796875 0.4202734375 0.37873046875
0 0.33115234375 0.6117578124999999 0.21134765625 0.6117578124999999 0.21134765625 0.7105078125000001 0.33115234375 0.7105078125000001 0.33115234375 0.6117578124999999
0 0.792509765625 0.41068359374999996 0.710419921875 0.41068359374999996 0.710419921875 0.50095703125 0.792509765625 0.50095703125 0.792509765625 0.41068359374999996
0 0.21353515625 0.740751953125 0.14755859375 0.740751953125 0.14755859375 0.816865234375 0.21353515625 0.816865234375 0.21353515625 0.740751953125
0 0.639384765625 0.6424609375 0.629169921875 0.6424609375 0.629169921875 0.655390625 0.639384765625 0.655390625 0.639384765625 0.6424609375
2 0.09765625 0.716796875 0.185546875 0.74609375 0.328125 0.7578125 0.43359375 0.78515625 0.478515625 0.779296875 0.64453125 0.70703125 0.763671875 0.6328125 0.8203125 0.607421875 0.935546875 0.59375 0.927734375 0.580078125 0.830078125 0.544921875 0.7421875 0.494140625 0.716796875 0.4609375 0.640625 0.400390625 0.478515625 0.298828125 0.322265625 0.244140625 0.212890625 0.244140625 0.16015625 0.267578125 0.0859375 0.34375 0.046875 0.419921875 0.03125 0.474609375 0 0.537109375 0.001953125 0.623046875 0.09765625 0.716796875