10 0.35134765625000003 0.07205078125 0.21462890625000003 0.07205078125 0.21462890625000003 0.23806640625000003 0.35134765625000003 0.23806640625000003 0.35134765625000003 0.07205078125
10 0.41180664062499994 0 0.41180664062499994 0.222470703125 0.6458105468750001 0.222470703125 0.6458105468750001 0 0.41180664062499994 0
10 0.40990234374999995 0.000009765625 0.35134765625000003 0.000009765625 0.35134765625000003 0.365732421875 0.40990234374999995 0.365732421875 0.40990234374999995 0.000009765625
10 0.833251953125 0.172490234375 0.665771484375 0.172490234375 0.665771484375 0.334853515625 0.833251953125 0.334853515625 0.833251953125 0.172490234375
10 0.534423828125 0.35349609375 0.400146484375 0.35349609375 0.400146484375 0.47025390624999996 0.534423828125 0.47025390624999996 0.534423828125 0.35349609375
10 0.48385742187499997 0.13904296875 0.39309570312500003 0.13904296875 0.39309570312500003 0.18177734375000001 0.48385742187499997 0.18177734375000001 0.48385742187499997 0.13904296875
10 0.3961328125 0.34814453125 0.301640625 0.34814453125 0.301640625 0.46533203125 0.3961328125 0.46533203125 0.3961328125 0.34814453125
10 0.5030859375000001 0.640986328125 0.4178125 0.640986328125 0.4178125 0.9888964843749999 0.5030859375000001 0.9888964843749999 0.5030859375000001 0.640986328125
10 0.28604492187499997 0.06349609375000001 0.187587890625 0.06349609375000001 0.187587890625 0.15169921875 0.28604492187499997 0.15169921875 0.28604492187499997 0.06349609375000001
10 0.5186132812500001 0.00119140625 0.38080078125 0.00119140625 0.38080078125 0.12142578125 0.5186132812500001 0.12142578125 0.5186132812500001 0.00119140625
10 0.4291015625 0.411005859375 0.4005078125 0.411005859375 0.4005078125 0.734501953125 0.4291015625 0.734501953125 0.4291015625 0.411005859375
10 0.31091796875 0.057587890625000006 0.28087890625 0.057587890625000006 0.28087890625 0.110498046875 0.31091796875 0.110498046875 0.31091796875 0.057587890625000006
10 0.338828125 0.581416015625 0.3115625 0.581416015625 0.3115625 0.755498046875 0.338828125 0.755498046875 0.338828125 0.581416015625
10 0.5586621093749999 0.238857421875 0.422314453125 0.238857421875 0.422314453125 0.34610351562499997 0.5586621093749999 0.34610351562499997 0.5586621093749999 0.238857421875
10 0.41844726562499995 0.342236328125 0.39846679687500003 0.342236328125 0.39846679687500003 0.5459667968749999 0.41844726562499995 0.5459667968749999 0.41844726562499995 0.342236328125
10 0.5308203125000001 0.500703125 0.43695312499999994 0.500703125 0.43695312499999994 0.5871875 0.5308203125000001 0.5871875 0.5308203125000001 0.500703125
2 0.25390625 0 0.228515625 0.025390625 0.203125 0.068359375 0.181640625 0.1484375 0.1796875 0.255859375 0.197265625 0.498046875 0.228515625 0.65234375 0.271484375 0.7421875 0.44921875 0.912109375 0.490234375 0.998046875 0.52734375 0.998046875 0.5390625 0.916015625 0.58984375 0.802734375 0.59375 0.744140625 0.609375 0.70703125 0.669921875 0.640625 0.6953125 0.63671875 0.716796875 0.62109375 0.765625 0.560546875 0.826171875 0.462890625 0.861328125 0.30078125 0.857421875 0.25 0.837890625 0.1875 0.7734375 0.068359375 0.712890625 0.0234375 0.66015625 0 0.25390625 0