10 0.37890625 0.169921875 0.2421875 0.169921875 0.2421875 0.36328125 0.37890625 0.36328125 0.37890625 0.169921875
10 0.45491210937500004 0.167060546875 0.39762695312499996 0.167060546875 0.39762695312499996 0.262392578125 0.45491210937500004 0.262392578125 0.45491210937500004 0.167060546875
10 0.46097656249999996 0.2021484375 0.389140625 0.2021484375 0.389140625 0.3828125 0.46097656249999996 0.3828125 0.46097656249999996 0.2021484375
10 0.5827050781249999 0.167021484375 0.5305761718750001 0.167021484375 0.5305761718750001 0.24508789062499997 0.5827050781249999 0.24508789062499997 0.5827050781249999 0.167021484375
10 0.59296875 0.11158203124999999 0.3841015625 0.11158203124999999 0.3841015625 0.41333984375000005 0.59296875 0.41333984375000005 0.59296875 0.11158203124999999
10 0.725966796875 0.08567382812499999 0.684189453125 0.08567382812499999 0.684189453125 0.13221679687500001 0.725966796875 0.13221679687500001 0.725966796875 0.08567382812499999
10 0.644169921875 0.517060546875 0.599970703125 0.517060546875 0.599970703125 0.561064453125 0.644169921875 0.561064453125 0.644169921875 0.517060546875
10 0.6453125 0.03162109375 0.591015625 0.03162109375 0.591015625 0.08787109374999999 0.6453125 0.08787109374999999 0.6453125 0.03162109375
10 0.7918066406250001 0.026728515624999998 0.5890527343749999 0.026728515624999998 0.5890527343749999 0.24206054687499998 0.7918066406250001 0.24206054687499998 0.7918066406250001 0.026728515624999998
10 0.6346777343750001 0.002021484375 0.5801660156249999 0.002021484375 0.5801660156249999 0.040712890625 0.6346777343750001 0.040712890625 0.6346777343750001 0.002021484375
10 0.555517578125 0.572529296875 0.535302734375 0.572529296875 0.535302734375 0.599345703125 0.555517578125 0.599345703125 0.555517578125 0.572529296875
10 0.39065429687500003 0.467841796875 0.34762695312499997 0.467841796875 0.34762695312499997 0.507275390625 0.39065429687500003 0.507275390625 0.39065429687500003 0.467841796875
10 0.665263671875 0.7085546875000001 0.636494140625 0.7085546875000001 0.636494140625 0.7465234374999999 0.665263671875 0.7465234374999999 0.665263671875 0.7085546875000001
10 0.444951171875 0.065185546875 0.418330078125 0.065185546875 0.418330078125 0.08961914062500001 0.444951171875 0.08961914062500001 0.444951171875 0.065185546875
10 0.45064453125000004 0.569482421875 0.42923828124999996 0.569482421875 0.42923828124999996 0.592626953125 0.45064453125000004 0.592626953125 0.45064453125000004 0.569482421875
2 0.447265625 0 0.380859375 0.04296875 0.251953125 0.15625 0.228515625 0.189453125 0.201171875 0.271484375 0.201171875 0.330078125 0.212890625 0.375 0.248046875 0.419921875 0.2734375 0.515625 0.330078125 0.578125 0.419921875 0.646484375 0.455078125 0.685546875 0.54296875 0.734375 0.703125 0.84375 0.869140625 0.9921875 0.888671875 0.998046875 0.875 0.88671875 0.876953125 0.8203125 0.908203125 0.724609375 0.919921875 0.6484375 0.921875 0.537109375 0.890625 0.416015625 0.783203125 0.1171875 0.755859375 0.0703125 0.728515625 0.04296875 0.6640625 0 0.447265625 0