10 0.51974609375 0.48654296874999997 0.40841796874999997 0.48654296874999997 0.40841796874999997 0.61451171875 0.51974609375 0.61451171875 0.51974609375 0.48654296874999997
10 0.49699218749999996 0.28213867187499997 0.415625 0.28213867187499997 0.415625 0.38680664062500003 0.49699218749999996 0.38680664062500003 0.49699218749999996 0.28213867187499997
10 0.6290917968749999 0.5803808593750001 0.49590820312500006 0.5803808593750001 0.49590820312500006 0.7272363281249999 0.6290917968749999 0.7272363281249999 0.6290917968749999 0.5803808593750001
10 0.67224609375 0.6055859375 0.53380859375 0.6055859375 0.53380859375 0.8289843749999999 0.67224609375 0.8289843749999999 0.67224609375 0.6055859375
10 0.5879785156249999 0.358515625 0.491123046875 0.358515625 0.491123046875 0.4510546875 0.5879785156249999 0.4510546875 0.5879785156249999 0.358515625
10 0.602783203125 0.7833886718749999 0.471435546875 0.7833886718749999 0.471435546875 0.9500097656250001 0.602783203125 0.9500097656250001 0.602783203125 0.7833886718749999
10 0.46091796875 0.69189453125 0.42091796875 0.69189453125 0.42091796875 0.72900390625 0.46091796875 0.72900390625 0.46091796875 0.69189453125
10 0.6443749999999999 0.29782226562499997 0.5948828125000001 0.29782226562499997 0.5948828125000001 0.36526367187500003 0.6443749999999999 0.36526367187500003 0.6443749999999999 0.29782226562499997
10 0.581572265625 0.112421875 0.49557617187499997 0.112421875 0.49557617187499997 0.28796875 0.581572265625 0.28796875 0.581572265625 0.112421875
10 0.33414062499999997 0.616669921875 0.26937500000000003 0.616669921875 0.26937500000000003 0.684111328125 0.33414062499999997 0.684111328125 0.33414062499999997 0.616669921875
10 0.34919921875000004 0.362001953125 0.31193359374999996 0.362001953125 0.31193359374999996 0.40362304687500006 0.34919921875000004 0.40362304687500006 0.34919921875000004 0.362001953125
10 0.351181640625 0.50244140625 0.311904296875 0.50244140625 0.311904296875 0.54736328125 0.351181640625 0.54736328125 0.351181640625 0.50244140625
10 0.9425683593749999 0.9405078124999999 0.8123144531250001 0.9405078124999999 0.8123144531250001 0.9989453125000001 0.9425683593749999 0.9989453125000001 0.9425683593749999 0.9405078124999999
10 0.43313476562500003 0.23441406250000002 0.39303710937499997 0.23441406250000002 0.39303710937499997 0.3002734375 0.43313476562500003 0.3002734375 0.43313476562500003 0.23441406250000002
10 0.32351562500000003 0.62119140625 0.31078125 0.62119140625 0.31078125 0.63857421875 0.32351562500000003 0.63857421875 0.32351562500000003 0.62119140625
10 0.20407226562499997 0.9640332031250001 0.137724609375 0.9640332031250001 0.137724609375 0.999990234375 0.20407226562499997 0.999990234375 0.20407226562499997 0.9640332031250001
10 0.294150390625 0.9218164062499999 0.192412109375 0.9218164062499999 0.192412109375 0.9981054687500001 0.294150390625 0.9981054687500001 0.294150390625 0.9218164062499999
10 0.4549609375 0.659296875 0.315546875 0.659296875 0.315546875 0.8895312499999999 0.4549609375 0.8895312499999999 0.4549609375 0.659296875
2 0.341796875 0.91796875 0.34765625 0.935546875 0.376953125 0.943359375 0.3828125 0.935546875 0.39453125 0.939453125 0.41015625 0.962890625 0.408203125 0.974609375 0.431640625 0.966796875 0.46484375 0.98046875 0.5 0.966796875 0.560546875 0.927734375 0.609375 0.875 0.681640625 0.771484375 0.689453125 0.740234375 0.69140625 0.5546875 0.666015625 0.3046875 0.611328125 0.138671875 0.5625 0.07421875 0.52734375 0 0.5078125 0.001953125 0.3828125 0.203125 0.322265625 0.28125 0.275390625 0.40234375 0.255859375 0.5 0.232421875 0.72265625 0.263671875 0.833984375 0.2890625 0.87109375 0.341796875 0.91796875