10 0.265625 0.7265625 0.193359375 0.7265625 0.193359375 0.8203125 0.265625 0.8203125 0.265625 0.7265625
10 0.105009765625 0.8082714843750001 0.066396484375 0.8082714843750001 0.066396484375 0.8450488281249999 0.105009765625 0.8450488281249999 0.105009765625 0.8082714843750001
10 0.33040039062500004 0.908154296875 0.27018554687499996 0.908154296875 0.27018554687499996 0.946337890625 0.33040039062500004 0.946337890625 0.33040039062500004 0.908154296875
10 0.6620507812499999 0.663203125 0.6250585937500001 0.663203125 0.6250585937500001 0.6991015625 0.6620507812499999 0.6991015625 0.6620507812499999 0.663203125
10 0.4868359375 0.954599609375 0.46140625 0.954599609375 0.46140625 0.981923828125 0.4868359375 0.981923828125 0.4868359375 0.954599609375
10 0.47537109375000003 0.85818359375 0.43724609374999995 0.85818359375 0.43724609374999995 0.88986328125 0.47537109375000003 0.88986328125 0.47537109375000003 0.85818359375
10 0.292724609375 0.5484277343749999 0.269306640625 0.5484277343749999 0.269306640625 0.5677832031250001 0.292724609375 0.5677832031250001 0.292724609375 0.5484277343749999
10 0.22982421875 0.750361328125 0.19693359375 0.750361328125 0.19693359375 0.785771484375 0.22982421875 0.785771484375 0.22982421875 0.750361328125
10 0.619345703125 0.8457910156249999 0.593544921875 0.8457910156249999 0.593544921875 0.8758886718750001 0.619345703125 0.8758886718750001 0.619345703125 0.8457910156249999
10 0.47369140625000006 0.8142285156250001 0.44232421874999994 0.8142285156250001 0.44232421874999994 0.8615527343749999 0.47369140625000006 0.8615527343749999 0.47369140625000006 0.8142285156250001
10 0.519560546875 0.443994140625 0.48825195312499997 0.443994140625 0.48825195312499997 0.474951171875 0.519560546875 0.474951171875 0.519560546875 0.443994140625
10 0.581025390625 0.8336328125 0.554716796875 0.8336328125 0.554716796875 0.868515625 0.581025390625 0.868515625 0.581025390625 0.8336328125
10 0.17888671875 0.614599609375 0.15533203125 0.614599609375 0.15533203125 0.635400390625 0.17888671875 0.635400390625 0.17888671875 0.614599609375
10 0.22691406249999999 0.560185546875 0.209140625 0.560185546875 0.209140625 0.576533203125 0.22691406249999999 0.576533203125 0.22691406249999999 0.560185546875
10 0.330908203125 0.624638671875 0.31022460937499996 0.624638671875 0.31022460937499996 0.644892578125 0.330908203125 0.644892578125 0.330908203125 0.624638671875
10 0.680791015625 0.6547265624999999 0.608271484375 0.6547265624999999 0.608271484375 0.8042578125000001 0.680791015625 0.8042578125000001 0.680791015625 0.6547265624999999
10 0.500263671875 0.8350781250000001 0.477275390625 0.8350781250000001 0.477275390625 0.8660937499999999 0.500263671875 0.8660937499999999 0.500263671875 0.8350781250000001
10 0.6321679687499999 0.8670996093750001 0.6070898437500001 0.8670996093750001 0.6070898437500001 0.8936425781249999 0.6321679687499999 0.8936425781249999 0.6321679687499999 0.8670996093750001
10 0.466845703125 0.804248046875 0.442333984375 0.804248046875 0.442333984375 0.833447265625 0.466845703125 0.833447265625 0.466845703125 0.804248046875
10 0.454833984375 0.7547949218750001 0.427978515625 0.7547949218750001 0.427978515625 0.7852441406249999 0.454833984375 0.7852441406249999 0.454833984375 0.7547949218750001
10 0.526533203125 0.57373046875 0.510576171875 0.57373046875 0.510576171875 0.59130859375 0.526533203125 0.59130859375 0.526533203125 0.57373046875
10 0.261220703125 0.5291015625 0.24124023437500003 0.5291015625 0.24124023437500003 0.5509765625 0.261220703125 0.5509765625 0.261220703125 0.5291015625
10 0.397392578125 0.659208984375 0.37948242187500003 0.659208984375 0.37948242187500003 0.676728515625 0.397392578125 0.676728515625 0.397392578125 0.659208984375
10 0.24736328125 0.6465234375 0.22919921875 0.6465234375 0.22919921875 0.6679296875 0.24736328125 0.6679296875 0.24736328125 0.6465234375
10 0.41110351562499997 0.61146484375 0.393115234375 0.61146484375 0.393115234375 0.62876953125 0.41110351562499997 0.62876953125 0.41110351562499997 0.61146484375
10 0.054794921875 0.7003515625000001 0.035712890625 0.7003515625000001 0.035712890625 0.7224999999999999 0.054794921875 0.7224999999999999 0.054794921875 0.7003515625000001
10 0.5491601562499999 0.66369140625 0.5309179687500001 0.66369140625 0.5309179687500001 0.68787109375 0.5491601562499999 0.68787109375 0.5491601562499999 0.66369140625
10 0.40837890625 0.7512109375 0.38705078125000003 0.7512109375 0.38705078125000003 0.7722265625 0.40837890625 0.7722265625 0.40837890625 0.7512109375
10 0.264833984375 0.44708007812500006 0.25032226562500004 0.44708007812500006 0.25032226562500004 0.46163085937500004 0.264833984375 0.46163085937500004 0.264833984375 0.44708007812500006
10 0.5196191406249999 0.34968750000000004 0.487216796875 0.34968750000000004 0.487216796875 0.38371093749999996 0.5196191406249999 0.38371093749999996 0.5196191406249999 0.34968750000000004
10 0.22585937500000003 0.7244531249999999 0.20382812499999997 0.7244531249999999 0.20382812499999997 0.7394140625000001 0.22585937500000003 0.7394140625000001 0.22585937500000003 0.7244531249999999
10 0.264462890625 0.45358398437499997 0.24483398437499998 0.45358398437499997 0.24483398437499998 0.47024414062500003 0.264462890625 0.47024414062500003 0.264462890625 0.45358398437499997
10 0.39791015625 0.54197265625 0.38431640625 0.54197265625 0.38431640625 0.55763671875 0.39791015625 0.55763671875 0.39791015625 0.54197265625
10 0.6785546874999999 0.693525390625 0.6622656250000001 0.693525390625 0.6622656250000001 0.712724609375 0.6785546874999999 0.712724609375 0.6785546874999999 0.693525390625
10 0.150888671875 0.48832031249999996 0.137197265625 0.48832031249999996 0.137197265625 0.5033984375 0.150888671875 0.5033984375 0.150888671875 0.48832031249999996
10 0.213193359375 0.49999023437499995 0.19747070312499998 0.49999023437499995 0.19747070312499998 0.514658203125 0.213193359375 0.514658203125 0.213193359375 0.49999023437499995
10 0.228994140625 0.9056347656250001 0.21096679687500003 0.9056347656250001 0.21096679687500003 0.9224902343749999 0.228994140625 0.9224902343749999 0.228994140625 0.9056347656250001
10 0.541513671875 0.676396484375 0.527822265625 0.676396484375 0.527822265625 0.692744140625 0.541513671875 0.692744140625 0.541513671875 0.676396484375
10 0.61982421875 0.6300390625000001 0.59990234375 0.6300390625000001 0.59990234375 0.6512109374999999 0.61982421875 0.6512109374999999 0.61982421875 0.6300390625000001
2 0.04296875 0.865234375 0.111328125 0.91796875 0.228515625 0.96875 0.306640625 0.990234375 0.375 0.998046875 0.587890625 0.998046875 0.611328125 0.970703125 0.666015625 0.87890625 0.689453125 0.77734375 0.689453125 0.6796875 0.6484375 0.443359375 0.615234375 0.330078125 0.544921875 0.1953125 0.462890625 0.109375 0.384765625 0 0.3046875 0.001953125 0.263671875 0.0703125 0.212890625 0.130859375 0.16015625 0.228515625 0.10546875 0.298828125 0.05859375 0.4296875 0.005859375 0.521484375 0.00390625 0.67578125 0.017578125 0.7265625 0.017578125 0.818359375 0.04296875 0.865234375