0 0.16911132812500002 0.40191406250000006 0.100263671875 0.40191406250000006 0.100263671875 0.4705078125 0.16911132812500002 0.4705078125 0.16911132812500002 0.40191406250000006
0 0.614873046875 0.43386718750000003 0.542353515625 0.43386718750000003 0.542353515625 0.49339843749999995 0.614873046875 0.49339843749999995 0.614873046875 0.43386718750000003
0 0.46161132812499994 0.12528320312500002 0.374326171875 0.12528320312500002 0.374326171875 0.21702148437500002 0.46161132812499994 0.21702148437500002 0.46161132812499994 0.12528320312500002
0 0.61984375 0.563447265625 0.530546875 0.563447265625 0.530546875 0.654326171875 0.61984375 0.654326171875 0.61984375 0.563447265625
0 0.652568359375 0.25065429687499996 0.596455078125 0.25065429687499996 0.596455078125 0.295751953125 0.652568359375 0.295751953125 0.652568359375 0.25065429687499996
0 0.42264648437499996 0.54845703125 0.355205078125 0.54845703125 0.355205078125 0.64880859375 0.42264648437499996 0.64880859375 0.42264648437499996 0.54845703125
0 0.50361328125 0.762177734375 0.40705078125 0.762177734375 0.40705078125 0.820830078125 0.50361328125 0.820830078125 0.50361328125 0.762177734375
0 0.73703125 0.719970703125 0.64578125 0.719970703125 0.64578125 0.790771484375 0.73703125 0.790771484375 0.73703125 0.719970703125
0 0.791181640625 0.6758984375 0.757646484375 0.6758984375 0.757646484375 0.7147265625 0.791181640625 0.7147265625 0.791181640625 0.6758984375
0 0.5557324218749999 0.6696484375 0.5282519531250001 0.6696484375 0.5282519531250001 0.6965625 0.5557324218749999 0.6965625 0.5557324218749999 0.6696484375
0 0.34163085937500004 0.62634765625 0.320986328125 0.62634765625 0.320986328125 0.65197265625 0.34163085937500004 0.65197265625 0.34163085937500004 0.62634765625
0 0.17537109374999998 0.262099609375 0.16130859375 0.262099609375 0.16130859375 0.277939453125 0.17537109374999998 0.277939453125 0.17537109374999998 0.262099609375
0 0.7131933593750001 0.3693359375 0.6989160156249999 0.3693359375 0.6989160156249999 0.3826171875 0.7131933593750001 0.3826171875 0.7131933593750001 0.3693359375
0 0.48835937500000004 0.3721875 0.47648437499999996 0.3721875 0.47648437499999996 0.38515625 0.48835937500000004 0.38515625 0.48835937500000004 0.3721875
0 0.5606054687500001 0.29978515625 0.5497460937499999 0.29978515625 0.5497460937499999 0.31251953125 0.5606054687500001 0.31251953125 0.5606054687500001 0.29978515625
0 0.8099023437499999 0.32095703124999997 0.6959570312500001 0.32095703124999997 0.6959570312500001 0.42416015625 0.8099023437499999 0.42416015625 0.8099023437499999 0.32095703124999997
0 0.044609375 0.505693359375 0.0029296875 0.505693359375 0.0029296875 0.549970703125 0.044609375 0.549970703125 0.044609375 0.505693359375
0 0.670048828125 0.45699218750000004 0.631708984375 0.45699218750000004 0.631708984375 0.49175781250000006 0.670048828125 0.49175781250000006 0.670048828125 0.45699218750000004
0 0.475322265625 0.35556640625 0.45780273437499996 0.35556640625 0.45780273437499996 0.37197265625 0.475322265625 0.37197265625 0.475322265625 0.35556640625
0 0.389609375 0.547607421875 0.3540625 0.547607421875 0.3540625 0.584228515625 0.389609375 0.584228515625 0.389609375 0.547607421875
0 0.452216796875 0.778486328125 0.413525390625 0.778486328125 0.413525390625 0.8152636718749999 0.452216796875 0.8152636718749999 0.452216796875 0.778486328125
2 0.021484375 0.56640625 0.048828125 0.62890625 0.125 0.69140625 0.37109375 0.798828125 0.45703125 0.81640625 0.6953125 0.82421875 0.83203125 0.7734375 0.908203125 0.73046875 0.998046875 0.705078125 0.998046875 0.634765625 0.818359375 0.359375 0.74609375 0.28125 0.599609375 0.158203125 0.521484375 0.109375 0.439453125 0.078125 0.3984375 0.068359375 0.345703125 0.068359375 0.3046875 0.080078125 0.197265625 0.138671875 0.1640625 0.171875 0.08203125 0.2890625 0.0390625 0.408203125 0.013671875 0.505859375 0.041015625 0.525390625 0.0234375 0.548828125 0.021484375 0.56640625