10 0.44140625 0.642578125 0.380859375 0.642578125 0.380859375 0.712890625 0.44140625 0.712890625 0.44140625 0.642578125
10 0.3765234375 0.6453125 0.34078125 0.6453125 0.34078125 0.6876953125 0.3765234375 0.6876953125 0.3765234375 0.6453125
10 0.6659570312499999 0.77638671875 0.6279882812500001 0.77638671875 0.6279882812500001 0.8222460937499999 0.6659570312499999 0.8222460937499999 0.6659570312499999 0.77638671875
10 0.706435546875 0.87625 0.652939453125 0.87625 0.652939453125 0.9391796875 0.706435546875 0.9391796875 0.706435546875 0.87625
10 0.5150488281250001 0.43702148437500005 0.460537109375 0.43702148437500005 0.460537109375 0.507822265625 0.5150488281250001 0.507822265625 0.5150488281250001 0.43702148437500005
10 0.6626562500000001 0.52888671875 0.6166406249999999 0.52888671875 0.6166406249999999 0.57169921875 0.6626562500000001 0.57169921875 0.6626562500000001 0.52888671875
10 0.490322265625 0.851669921875 0.455498046875 0.851669921875 0.455498046875 0.885634765625 0.490322265625 0.885634765625 0.490322265625 0.851669921875
10 0.17777343750000002 0.598388671875 0.1342578125 0.598388671875 0.1342578125 0.641845703125 0.17777343750000002 0.641845703125 0.17777343750000002 0.598388671875
10 0.5546289062499999 0.8606835937499999 0.5225195312500001 0.8606835937499999 0.5225195312500001 0.8951757812500001 0.5546289062499999 0.8951757812500001 0.5546289062499999 0.8606835937499999
10 0.71359375 0.7457910156249999 0.6760546875 0.7457910156249999 0.6760546875 0.7913183593750001 0.71359375 0.7913183593750001 0.71359375 0.7457910156249999
10 0.40432617187500003 0.521806640625 0.353994140625 0.521806640625 0.353994140625 0.564130859375 0.40432617187500003 0.564130859375 0.40432617187500003 0.521806640625
10 0.4998828125 0.499560546875 0.4610546875 0.499560546875 0.4610546875 0.543408203125 0.4998828125 0.543408203125 0.4998828125 0.499560546875
10 0.7471289062500001 0.83029296875 0.7147851562499999 0.83029296875 0.7147851562499999 0.86306640625 0.7471289062500001 0.86306640625 0.7471289062500001 0.83029296875
10 0.604951171875 0.29800781249999997 0.563017578125 0.29800781249999997 0.563017578125 0.34750000000000003 0.604951171875 0.34750000000000003 0.604951171875 0.29800781249999997
10 0.3209375 0.65087890625 0.2967578125 0.65087890625 0.2967578125 0.68505859375 0.3209375 0.68505859375 0.3209375 0.65087890625
10 0.532451171875 0.404609375 0.502705078125 0.404609375 0.502705078125 0.442578125 0.532451171875 0.442578125 0.532451171875 0.404609375
10 0.8862500000000001 0.8049902343750001 0.8608203124999999 0.8049902343750001 0.8608203124999999 0.8395410156249999 0.8862500000000001 0.8395410156249999 0.8862500000000001 0.8049902343750001
10 0.6992773437500001 0.667841796875 0.6356835937499999 0.667841796875 0.6356835937499999 0.740361328125 0.6992773437500001 0.740361328125 0.6992773437500001 0.667841796875
10 0.6372949218749999 0.6058984374999999 0.6019628906250001 0.6058984374999999 0.6019628906250001 0.6411718750000001 0.6372949218749999 0.6411718750000001 0.6372949218749999 0.6058984374999999
10 0.6109765625 0.927626953125 0.571640625 0.927626953125 0.571640625 0.974716796875 0.6109765625 0.974716796875 0.6109765625 0.927626953125
10 0.7898535156250001 0.881943359375 0.7609277343749999 0.881943359375 0.7609277343749999 0.923720703125 0.7898535156250001 0.923720703125 0.7898535156250001 0.881943359375
10 0.9343457031250001 0.66224609375 0.8957324218749999 0.66224609375 0.8957324218749999 0.69615234375 0.9343457031250001 0.69615234375 0.9343457031250001 0.66224609375
10 0.46729492187500005 0.35696289062500003 0.43848632812500005 0.35696289062500003 0.43848632812500005 0.39401367187499997 0.46729492187500005 0.39401367187499997 0.46729492187500005 0.35696289062500003
10 0.249609375 0.49532226562500004 0.2284375 0.49532226562500004 0.2284375 0.521279296875 0.249609375 0.521279296875 0.249609375 0.49532226562500004
10 0.22478515625 0.6166796875 0.20271484375 0.6166796875 0.20271484375 0.6440625 0.22478515625 0.6440625 0.22478515625 0.6166796875
10 0.5955859375 0.60853515625 0.565546875 0.60853515625 0.565546875 0.64341796875 0.5955859375 0.64341796875 0.5955859375 0.60853515625
10 0.476162109375 0.64888671875 0.449619140625 0.64888671875 0.449619140625 0.67240234375 0.476162109375 0.67240234375 0.476162109375 0.64888671875
10 0.559306640625 0.48844726562499996 0.517841796875 0.48844726562499996 0.517841796875 0.548662109375 0.559306640625 0.548662109375 0.559306640625 0.48844726562499996
10 0.705888671875 0.200537109375 0.661298828125 0.200537109375 0.661298828125 0.259658203125 0.705888671875 0.259658203125 0.705888671875 0.200537109375
10 0.9594140624999999 0.578564453125 0.9136328125000001 0.578564453125 0.9136328125000001 0.630419921875 0.9594140624999999 0.630419921875 0.9594140624999999 0.578564453125
10 0.417373046875 0.43675781249999995 0.395126953125 0.43675781249999995 0.395126953125 0.46218750000000003 0.417373046875 0.46218750000000003 0.417373046875 0.43675781249999995
10 0.725615234375 0.41042968750000003 0.693330078125 0.41042968750000003 0.693330078125 0.44164062499999995 0.725615234375 0.44164062499999995 0.725615234375 0.41042968750000003
10 0.23995117187499998 0.5518261718749999 0.22122070312500003 0.5518261718749999 0.22122070312500003 0.5741503906250001 0.23995117187499998 0.5741503906250001 0.23995117187499998 0.5518261718749999
10 0.392431640625 0.8466992187500001 0.37272460937499996 0.8466992187500001 0.37272460937499996 0.8691210937499999 0.392431640625 0.8691210937499999 0.392431640625 0.8466992187500001
10 0.56201171875 0.91431640625 0.53955078125 0.91431640625 0.53955078125 0.93822265625 0.56201171875 0.93822265625 0.56201171875 0.91431640625
10 0.748681640625 0.8850292968750001 0.718115234375 0.8850292968750001 0.718115234375 0.9206347656249999 0.748681640625 0.9206347656249999 0.748681640625 0.8850292968750001
10 0.5263085937499999 0.695693359375 0.5078710937500001 0.695693359375 0.5078710937500001 0.719345703125 0.5263085937499999 0.719345703125 0.5263085937499999 0.695693359375
10 0.274541015625 0.546123046875 0.255263671875 0.546123046875 0.255263671875 0.571064453125 0.274541015625 0.571064453125 0.274541015625 0.546123046875
10 0.6376074218750001 0.659921875 0.6114160156249999 0.659921875 0.6114160156249999 0.683828125 0.6376074218750001 0.683828125 0.6376074218750001 0.659921875
10 0.474677734375 0.91091796875 0.455986328125 0.91091796875 0.455986328125 0.93576171875 0.474677734375 0.93576171875 0.474677734375 0.91091796875
10 0.5078515625 0.8409375000000001 0.4897265625 0.8409375000000001 0.4897265625 0.8602343749999999 0.5078515625 0.8602343749999999 0.5078515625 0.8409375000000001
10 0.766455078125 0.355419921875 0.747216796875 0.355419921875 0.747216796875 0.379462890625 0.766455078125 0.379462890625 0.766455078125 0.355419921875
10 0.9521289062499999 0.5479394531249999 0.9306835937500001 0.5479394531249999 0.9306835937500001 0.5780371093750001 0.9521289062499999 0.5780371093750001 0.9521289062499999 0.5479394531249999
10 0.7164648437500001 0.595703125 0.7015039062499999 0.595703125 0.7015039062499999 0.615234375 0.7164648437500001 0.615234375 0.7164648437500001 0.595703125
10 0.9236035156250001 0.5450390625 0.8888964843749999 0.5450390625 0.8888964843749999 0.5760546875 0.9236035156250001 0.5760546875 0.9236035156250001 0.5450390625
10 0.660859375 0.66955078125 0.63796875 0.66955078125 0.63796875 0.70056640625 0.660859375 0.70056640625 0.660859375 0.66955078125
10 0.46441406250000006 0.311044921875 0.44820312500000004 0.311044921875 0.44820312500000004 0.327626953125 0.46441406250000006 0.327626953125 0.46441406250000006 0.311044921875
10 0.2514453125 0.7349316406249999 0.24464843749999998 0.7349316406249999 0.24464843749999998 0.7455371093750001 0.2514453125 0.7455371093750001 0.2514453125 0.7349316406249999
10 0.958427734375 0.75451171875 0.940986328125 0.75451171875 0.940986328125 0.77380859375 0.958427734375 0.77380859375 0.958427734375 0.75451171875
2 0 0.689453125 0.078125 0.716796875 0.197265625 0.828125 0.26171875 0.90234375 0.32421875 0.9453125 0.462890625 0.970703125 0.556640625 0.970703125 0.634765625 0.986328125 0.724609375 0.970703125 0.83203125 0.92578125 0.943359375 0.845703125 0.998046875 0.755859375 0.998046875 0.666015625 0.974609375 0.62890625 0.90625 0.46875 0.7109375 0.212890625 0.63671875 0.13671875 0.60546875 0.119140625 0.580078125 0.12109375 0.55078125 0.142578125 0.501953125 0.154296875 0.484375 0.166015625 0.40234375 0.27734375 0.313802734375 0.369791015625 0.03515625 0.611328125 0 0.6328125 0 0.689453125