0 0.750615234375 0.2261328125 0.679697265625 0.2261328125 0.679697265625 0.2796484375 0.750615234375 0.2796484375 0.750615234375 0.2261328125
0 0.600556640625 0.21958984374999999 0.536162109375 0.21958984374999999 0.536162109375 0.27162109375 0.600556640625 0.27162109375 0.600556640625 0.21958984374999999
0 0.5404687499999999 0.700244140625 0.5083593750000001 0.700244140625 0.5083593750000001 0.741162109375 0.5404687499999999 0.741162109375 0.5404687499999999 0.700244140625
0 0.49870117187499996 0.8329199218750001 0.448095703125 0.8329199218750001 0.448095703125 0.8848535156249999 0.49870117187499996 0.8848535156249999 0.49870117187499996 0.8329199218750001
0 0.71318359375 0.41458007812500003 0.66376953125 0.41458007812500003 0.66376953125 0.46288085937499995 0.71318359375 0.46288085937499995 0.71318359375 0.41458007812500003
0 0.565185546875 0.8331250000000001 0.518798828125 0.8331250000000001 0.518798828125 0.8797656249999999 0.565185546875 0.8797656249999999 0.565185546875 0.8331250000000001
0 0.7416113281250001 0.6009863281250001 0.6851464843749999 0.6009863281250001 0.6851464843749999 0.6353417968749999 0.7416113281250001 0.6353417968749999 0.7416113281250001 0.6009863281250001
0 0.76560546875 0.75955078125 0.74123046875 0.75955078125 0.74123046875 0.78439453125 0.76560546875 0.78439453125 0.76560546875 0.75955078125
0 0.43062500000000004 0.30241210937499996 0.40972656250000006 0.30241210937499996 0.40972656250000006 0.335791015625 0.43062500000000004 0.335791015625 0.43062500000000004 0.30241210937499996
0 0.48797851562499994 0.163271484375 0.43194335937500006 0.163271484375 0.43194335937500006 0.218564453125 0.48797851562499994 0.218564453125 0.48797851562499994 0.163271484375
0 0.3698828125 0.31331054687500004 0.347890625 0.31331054687500004 0.347890625 0.335634765625 0.3698828125 0.335634765625 0.3698828125 0.31331054687500004
0 0.75755859375 0.10912109375000001 0.73365234375 0.10912109375000001 0.73365234375 0.13232421875 0.75755859375 0.13232421875 0.75755859375 0.10912109375000001
0 0.5071679687499999 0.304912109375 0.48208984375 0.304912109375 0.48208984375 0.327900390625 0.5071679687499999 0.327900390625 0.5071679687499999 0.304912109375
0 0.472041015625 0.082666015625 0.449365234375 0.082666015625 0.449365234375 0.10666992187499999 0.472041015625 0.10666992187499999 0.472041015625 0.082666015625
0 0.8622167968750001 0.2911328125 0.8223535156249999 0.2911328125 0.8223535156249999 0.3241015625 0.8622167968750001 0.3241015625 0.8622167968750001 0.2911328125
0 0.5220410156249999 0.08947265625 0.5004199218750001 0.08947265625 0.5004199218750001 0.11951171875 0.5220410156249999 0.11951171875 0.5220410156249999 0.08947265625
0 0.677900390625 0.3737890625 0.659990234375 0.3737890625 0.659990234375 0.3913671875 0.677900390625 0.3913671875 0.677900390625 0.3737890625
0 0.45025390625000006 0.3908203125 0.43306640625000004 0.3908203125 0.43306640625000004 0.4075390625 0.45025390625000006 0.4075390625 0.45025390625000006 0.3908203125
0 0.713427734375 0.02689453125 0.693798828125 0.02689453125 0.693798828125 0.04341796875 0.713427734375 0.04341796875 0.713427734375 0.02689453125
0 0.404765625 0.6930566406249999 0.368203125 0.6930566406249999 0.368203125 0.7219824218750001 0.404765625 0.7219824218750001 0.404765625 0.6930566406249999
0 0.477685546875 0.46798828124999997 0.448095703125 0.46798828124999997 0.448095703125 0.49736328125 0.477685546875 0.49736328125 0.477685546875 0.46798828124999997
0 0.8890625 0.18609375 0.874609375 0.18609375 0.874609375 0.1998828125 0.8890625 0.1998828125 0.8890625 0.18609375
0 0.647666015625 0.292744140625 0.629677734375 0.292744140625 0.629677734375 0.308349609375 0.647666015625 0.308349609375 0.647666015625 0.292744140625
0 0.56099609375 0.075546875 0.54447265625 0.075546875 0.54447265625 0.094609375 0.56099609375 0.094609375 0.56099609375 0.075546875
0 0.67798828125 0.651494140625 0.66380859375 0.651494140625 0.66380859375 0.665888671875 0.67798828125 0.665888671875 0.67798828125 0.651494140625
0 0.634404296875 0.18451171875 0.599970703125 0.18451171875 0.599970703125 0.21513671875 0.634404296875 0.21513671875 0.634404296875 0.18451171875
0 0.40259765625000005 0.402939453125 0.38501953125 0.402939453125 0.38501953125 0.421279296875 0.40259765625000005 0.421279296875 0.40259765625000005 0.402939453125
0 0.495380859375 0.401923828125 0.474853515625 0.401923828125 0.474853515625 0.416435546875 0.495380859375 0.416435546875 0.495380859375 0.401923828125
0 0.5689355468749999 0.749404296875 0.5502050781250001 0.749404296875 0.5502050781250001 0.770126953125 0.5689355468749999 0.770126953125 0.5689355468749999 0.749404296875
0 0.6271093750000001 0.45074218750000006 0.5672265624999999 0.45074218750000006 0.5672265624999999 0.48628906250000004 0.6271093750000001 0.48628906250000004 0.6271093750000001 0.45074218750000006
0 0.433369140625 0.8893457031249999 0.415263671875 0.8893457031249999 0.415263671875 0.9094824218750001 0.433369140625 0.9094824218750001 0.433369140625 0.8893457031249999
0 0.37971679687500004 0.585712890625 0.364931640625 0.585712890625 0.364931640625 0.599833984375 0.37971679687500004 0.599833984375 0.37971679687500004 0.585712890625
0 0.6712304687499999 0.51998046875 0.6568945312500001 0.51998046875 0.6568945312500001 0.53275390625 0.6712304687499999 0.53275390625 0.6712304687499999 0.51998046875
0 0.490673828125 0.6946386718750001 0.479560546875 0.6946386718750001 0.479560546875 0.7047753906249999 0.490673828125 0.7047753906249999 0.490673828125 0.6946386718750001
0 0.760859375 0.14805664062499999 0.7479296875 0.14805664062499999 0.7479296875 0.159794921875 0.760859375 0.159794921875 0.760859375 0.14805664062499999
0 0.6698339843750001 0.46673828124999994 0.6573144531249999 0.46673828124999994 0.6573144531249999 0.47759765625000006 0.6698339843750001 0.47759765625000006 0.6698339843750001 0.46673828124999994
0 0.30642578125000003 0.42650390624999995 0.29513671874999997 0.42650390624999995 0.29513671874999997 0.43775390625000005 0.30642578125000003 0.43775390625000005 0.30642578125000003 0.42650390624999995
0 0.3625 0.655009765625 0.3508984375 0.655009765625 0.3508984375 0.665302734375 0.3625 0.665302734375 0.3625 0.655009765625
0 0.8840136718749999 0.0738671875 0.8698925781250001 0.0738671875 0.8698925781250001 0.0862890625 0.8840136718749999 0.0862890625 0.8840136718749999 0.0738671875
0 0.3087890625 0.0983984375 0.2927734375 0.0983984375 0.2927734375 0.11644531250000001 0.3087890625 0.11644531250000001 0.3087890625 0.0983984375
0 0.40133789062499997 0.5933984375 0.391162109375 0.5933984375 0.391162109375 0.602890625 0.40133789062499997 0.602890625 0.40133789062499997 0.5933984375
0 0.6976660156250001 0.5099609375 0.6187402343749999 0.5099609375 0.6187402343749999 0.5720703125 0.6976660156250001 0.5720703125 0.6976660156250001 0.5099609375
0 0.466845703125 0.7192968750000001 0.439404296875 0.7192968750000001 0.439404296875 0.7445703124999999 0.466845703125 0.7445703124999999 0.466845703125 0.7192968750000001
0 0.6696191406249999 0.259482421875 0.6585058593750001 0.259482421875 0.6585058593750001 0.271767578125 0.6696191406249999 0.271767578125 0.6696191406249999 0.259482421875
0 0.6182519531249999 0.89033203125 0.5868261718750001 0.89033203125 0.5868261718750001 0.92119140625 0.6182519531249999 0.92119140625 0.6182519531249999 0.89033203125
0 0.351435546875 0.223095703125 0.340478515625 0.223095703125 0.340478515625 0.232958984375 0.351435546875 0.232958984375 0.351435546875 0.223095703125
0 0.33017578125 0.31169921875 0.31826171875 0.31169921875 0.31826171875 0.32357421875000003 0.33017578125 0.32357421875000003 0.33017578125 0.31169921875
0 0.538056640625 0.5255859375 0.528349609375 0.5255859375 0.528349609375 0.5349609375 0.538056640625 0.5349609375 0.538056640625 0.5255859375
0 0.776748046875 0.32953125 0.765244140625 0.32953125 0.765244140625 0.34089843750000004 0.776748046875 0.34089843750000004 0.776748046875 0.32953125
0 0.6684375 0.760703125 0.6567578125 0.760703125 0.6567578125 0.7715234375 0.6684375 0.7715234375 0.6684375 0.760703125
0 0.576376953125 0.495947265625 0.565224609375 0.495947265625 0.565224609375 0.506982421875 0.576376953125 0.506982421875 0.576376953125 0.495947265625
0 0.65541015625 0.228935546875 0.64244140625 0.228935546875 0.64244140625 0.243720703125 0.65541015625 0.243720703125 0.65541015625 0.228935546875
0 0.48515625 0.5958203125 0.47578125 0.5958203125 0.47578125 0.604375 0.48515625 0.604375 0.48515625 0.5958203125
0 0.393173828125 0.15543945312500002 0.347060546875 0.15543945312500002 0.347060546875 0.189521484375 0.393173828125 0.189521484375 0.393173828125 0.15543945312500002
0 0.6786230468750001 0.03076171875 0.6670800781249999 0.03076171875 0.6670800781249999 0.04267578125 0.6786230468750001 0.04267578125 0.6786230468750001 0.03076171875
0 0.50427734375 0.053007812499999994 0.49083984375 0.053007812499999994 0.49083984375 0.0754296875 0.50427734375 0.0754296875 0.50427734375 0.053007812499999994
0 0.522958984375 0.907763671875 0.49364257812499995 0.907763671875 0.49364257812499995 0.938916015625 0.522958984375 0.938916015625 0.522958984375 0.907763671875
0 0.649697265625 0.83904296875 0.637412109375 0.83904296875 0.637412109375 0.85236328125 0.649697265625 0.85236328125 0.649697265625 0.83904296875
0 0.82203125 0.568642578125 0.812734375 0.568642578125 0.812734375 0.577841796875 0.82203125 0.577841796875 0.82203125 0.568642578125
0 0.368916015625 0.7952246093750001 0.358623046875 0.7952246093750001 0.358623046875 0.8043847656249999 0.368916015625 0.8043847656249999 0.368916015625 0.7952246093750001
0 0.46579101562499997 0.8147167968750001 0.456591796875 0.8147167968750001 0.456591796875 0.8239550781249999 0.46579101562499997 0.8239550781249999 0.46579101562499997 0.8147167968750001
0 0.330771484375 0.70349609375 0.321572265625 0.70349609375 0.321572265625 0.71251953125 0.330771484375 0.71251953125 0.330771484375 0.70349609375
0 0.27188476562499997 0.496845703125 0.260849609375 0.496845703125 0.260849609375 0.507060546875 0.27188476562499997 0.507060546875 0.27188476562499997 0.496845703125
0 0.637861328125 0.07451171875 0.625810546875 0.07451171875 0.625810546875 0.08587890625 0.637861328125 0.08587890625 0.637861328125 0.07451171875
0 0.7119921875 0.7285742187500001 0.70109375 0.7285742187500001 0.70109375 0.7401757812499999 0.7119921875 0.7401757812499999 0.7119921875 0.7285742187500001
0 0.7713964843750001 0.713857421875 0.7618066406249999 0.713857421875 0.7618066406249999 0.723642578125 0.7713964843750001 0.723642578125 0.7713964843750001 0.713857421875
2 0.35546875 0 0.326171875 0.02734375 0.298828125 0.0703125 0.251953125 0.16796875 0.251953125 0.326171875 0.26953125 0.376953125 0.255859375 0.521484375 0.2734375 0.69921875 0.31640625 0.7890625 0.375 0.853515625 0.396484375 0.9375 0.421875 0.99609375 0.53125 0.998046875 0.6171875 0.935546875 0.662109375 0.892578125 0.76953125 0.767578125 0.80859375 0.7109375 0.841796875 0.61328125 0.857421875 0.529296875 0.853515625 0.4609375 0.822265625 0.41015625 0.818359375 0.3876953125 0.83203125 0.361328125 0.89453125 0.328125 0.951171875 0.255859375 0.96875 0.201171875 0.95703125 0.1328125 0.93359375 0.087890625 0.904296875 0.056640625 0.810546875 0 0.35546875 0