0 0.530166015625 0.614580078125 0.48221679687499996 0.614580078125 0.48221679687499996 0.670029296875 0.530166015625 0.670029296875 0.530166015625 0.614580078125
0 0.49186523437499996 0.74958984375 0.44954101562500004 0.74958984375 0.44954101562500004 0.79142578125 0.49186523437499996 0.79142578125 0.49186523437499996 0.74958984375
0 0.547314453125 0.17491210937499999 0.492724609375 0.17491210937499999 0.492724609375 0.220361328125 0.547314453125 0.220361328125 0.547314453125 0.17491210937499999
0 0.55505859375 0.744873046875 0.51037109375 0.744873046875 0.51037109375 0.787353515625 0.55505859375 0.787353515625 0.55505859375 0.744873046875
0 0.668671875 0.347216796875 0.6184375 0.347216796875 0.6184375 0.398876953125 0.668671875 0.398876953125 0.668671875 0.347216796875
0 0.6786523437499999 0.171689453125 0.6416601562500001 0.171689453125 0.6416601562500001 0.210380859375 0.6786523437499999 0.210380859375 0.6786523437499999 0.171689453125
0 0.45339843750000003 0.412451171875 0.42453124999999997 0.412451171875 0.42453124999999997 0.44254882812499996 0.45339843750000003 0.44254882812499996 0.45339843750000003 0.412451171875
0 0.70212890625 0.51646484375 0.64162109375 0.51646484375 0.64162109375 0.56166015625 0.70212890625 0.56166015625 0.70212890625 0.51646484375
0 0.440048828125 0.8043164062500001 0.421787109375 0.8043164062500001 0.421787109375 0.8236132812499999 0.440048828125 0.8236132812499999 0.440048828125 0.8043164062500001
0 0.338857421875 0.276513671875 0.31887695312500003 0.276513671875 0.31887695312500003 0.296728515625 0.338857421875 0.296728515625 0.338857421875 0.276513671875
0 0.6853906249999999 0.05607421875 0.6632421875000001 0.05607421875 0.6632421875000001 0.07857421875000001 0.6853906249999999 0.07857421875000001 0.6853906249999999 0.05607421875
0 0.46780273437500003 0.25697265625 0.44333007812499997 0.25697265625 0.44333007812499997 0.28111328125 0.46780273437500003 0.28111328125 0.46780273437500003 0.25697265625
0 0.7344628906249999 0.662763671875 0.7020605468750001 0.662763671875 0.7020605468750001 0.693681640625 0.7344628906249999 0.693681640625 0.7344628906249999 0.662763671875
0 0.6296875 0.312109375 0.6125 0.312109375 0.6125 0.328515625 0.6296875 0.328515625 0.6296875 0.312109375
0 0.469833984375 0.14676757812500002 0.428603515625 0.14676757812500002 0.428603515625 0.195263671875 0.469833984375 0.195263671875 0.469833984375 0.14676757812500002
0 0.42271484375 0.341240234375 0.40494140625 0.341240234375 0.40494140625 0.358955078125 0.42271484375 0.358955078125 0.42271484375 0.341240234375
0 0.399560546875 0.6236914062500001 0.365595703125 0.6236914062500001 0.365595703125 0.6516992187499999 0.399560546875 0.6516992187499999 0.399560546875 0.6236914062500001
0 0.814033203125 0.118974609375 0.7992480468750001 0.118974609375 0.7992480468750001 0.134462890625 0.814033203125 0.134462890625 0.814033203125 0.118974609375
0 0.42210937499999995 0.051455078125 0.3991796875 0.051455078125 0.3991796875 0.075732421875 0.42210937499999995 0.075732421875 0.42210937499999995 0.051455078125
0 0.7965429687500001 0.2159765625 0.7503320312499999 0.2159765625 0.7503320312499999 0.2564453125 0.7965429687500001 0.2564453125 0.7965429687500001 0.2159765625
0 0.575224609375 0.140361328125 0.544892578125 0.140361328125 0.544892578125 0.167021484375 0.575224609375 0.167021484375 0.575224609375 0.140361328125
0 0.468193359375 0.056787109375 0.450751953125 0.056787109375 0.450751953125 0.08125976562500001 0.468193359375 0.08125976562500001 0.468193359375 0.056787109375
0 0.39645507812499997 0.2616796875 0.376513671875 0.2616796875 0.376513671875 0.2915625 0.39645507812499997 0.2915625 0.39645507812499997 0.2616796875
0 0.6038671875 0.7958105468750001 0.576796875 0.7958105468750001 0.576796875 0.8233300781249999 0.6038671875 0.8233300781249999 0.6038671875 0.7958105468750001
0 0.644755859375 0.568681640625 0.630634765625 0.568681640625 0.630634765625 0.582685546875 0.644755859375 0.582685546875 0.644755859375 0.568681640625
0 0.376650390625 0.356884765625 0.36018554687500004 0.356884765625 0.36018554687500004 0.375537109375 0.376650390625 0.375537109375 0.376650390625 0.356884765625
0 0.5303320312500001 0.81591796875 0.49603515624999994 0.81591796875 0.49603515624999994 0.84716796875 0.5303320312500001 0.84716796875 0.5303320312500001 0.81591796875
0 0.35690429687499997 0.592119140625 0.346728515625 0.592119140625 0.346728515625 0.601240234375 0.35690429687499997 0.601240234375 0.35690429687499997 0.592119140625
0 0.465068359375 0.348818359375 0.446064453125 0.348818359375 0.446064453125 0.364072265625 0.465068359375 0.364072265625 0.465068359375 0.348818359375
0 0.642236328125 0.6704980468749999 0.631201171875 0.6704980468749999 0.631201171875 0.6810644531250001 0.642236328125 0.6810644531250001 0.642236328125 0.6704980468749999
0 0.5943359375 0.239921875 0.5794921875 0.239921875 0.5794921875 0.2525 0.5943359375 0.2525 0.5943359375 0.239921875
0 0.27384765624999996 0.08001953125 0.25693359375 0.08001953125 0.25693359375 0.09759765625 0.27384765624999996 0.09759765625 0.27384765624999996 0.08001953125
0 0.368583984375 0.5275195312500001 0.35653320312500003 0.5275195312500001 0.35653320312500003 0.5388867187499999 0.368583984375 0.5388867187499999 0.368583984375 0.5275195312500001
0 0.388974609375 0.5320410156250001 0.379111328125 0.5320410156250001 0.379111328125 0.5421777343749999 0.388974609375 0.5421777343749999 0.388974609375 0.5320410156250001
0 0.478642578125 0.620244140625 0.467177734375 0.620244140625 0.467177734375 0.631708984375 0.478642578125 0.631708984375 0.478642578125 0.620244140625
0 0.350087890625 0.13904296875 0.329599609375 0.13904296875 0.329599609375 0.15662109375 0.350087890625 0.15662109375 0.350087890625 0.13904296875
0 0.316044921875 0.192373046875 0.305556640625 0.192373046875 0.305556640625 0.20192382812499998 0.316044921875 0.20192382812499998 0.316044921875 0.192373046875
0 0.32185546875000004 0.43337890625000003 0.31048828125 0.43337890625000003 0.31048828125 0.44408203124999995 0.32185546875000004 0.44408203124999995 0.32185546875000004 0.43337890625000003
0 0.462958984375 0.732275390625 0.454033203125 0.732275390625 0.454033203125 0.741357421875 0.462958984375 0.741357421875 0.462958984375 0.732275390625
0 0.627421875 0.398232421875 0.6157421875 0.398232421875 0.6157421875 0.40840820312500004 0.627421875 0.40840820312500004 0.627421875 0.398232421875
0 0.48337890625 0.9512890625000001 0.47123046874999996 0.9512890625000001 0.47123046874999996 0.9647265624999999 0.48337890625 0.9647265624999999 0.48337890625 0.9512890625000001
0 0.597314453125 0.7808300781249999 0.586279296875 0.7808300781249999 0.586279296875 0.7914355468750001 0.597314453125 0.7914355468750001 0.597314453125 0.7808300781249999
0 0.5440039062500001 0.43212890625 0.5331445312499999 0.43212890625 0.5331445312499999 0.44337890625 0.5440039062500001 0.44337890625 0.5440039062500001 0.43212890625
0 0.7505859375 0.5955175781250001 0.738671875 0.5955175781250001 0.738671875 0.6056542968749999 0.7505859375 0.6056542968749999 0.7505859375 0.5955175781250001
0 0.5970800781250001 0.17587890625 0.5845605468749999 0.17587890625 0.5845605468749999 0.19107421875 0.5970800781250001 0.19107421875 0.5970800781250001 0.17587890625
0 0.7178417968749999 0.264501953125 0.7079394531250001 0.264501953125 0.7079394531250001 0.274560546875 0.7178417968749999 0.274560546875 0.7178417968749999 0.264501953125
0 0.53634765625 0.894912109375 0.52419921875 0.894912109375 0.52419921875 0.905869140625 0.53634765625 0.905869140625 0.53634765625 0.894912109375
0 0.546533203125 0.03689453125 0.535498046875 0.03689453125 0.535498046875 0.04775390625 0.546533203125 0.04775390625 0.546533203125 0.03689453125
0 0.5696484374999999 0.8342871093750001 0.5602343750000001 0.8342871093750001 0.5602343750000001 0.8434472656249999 0.5696484374999999 0.8434472656249999 0.5696484374999999 0.8342871093750001
0 0.46650390625 0.5301171874999999 0.45783203125 0.5301171874999999 0.45783203125 0.5382421875000001 0.46650390625 0.5382421875000001 0.46650390625 0.5301171874999999
0 0.374716796875 0.720810546875 0.364541015625 0.720810546875 0.364541015625 0.729384765625 0.374716796875 0.729384765625 0.374716796875 0.720810546875
0 0.47219726562500003 0.721416015625 0.46334960937499997 0.721416015625 0.46334960937499997 0.729755859375 0.47219726562500003 0.729755859375 0.47219726562500003 0.721416015625
0 0.48534179687499995 0.907998046875 0.47708007812500003 0.907998046875 0.47708007812500003 0.917197265625 0.48534179687499995 0.917197265625 0.48534179687499995 0.907998046875
0 0.679716796875 0.43265624999999996 0.586884765625 0.43265624999999996 0.586884765625 0.4994921875 0.679716796875 0.4994921875 0.679716796875 0.43265624999999996
0 0.779677734375 0.572724609375 0.771103515625 0.572724609375 0.771103515625 0.581572265625 0.779677734375 0.581572265625 0.779677734375 0.572724609375
2 0.2890625 0 0.23828125 0.1015625 0.224609375 0.146484375 0.228515625 0.287109375 0.251953125 0.345703125 0.25 0.490234375 0.271484375 0.615234375 0.318359375 0.708984375 0.376953125 0.767578125 0.46484375 0.9921875 0.490234375 0.998046875 0.759765625 0.638671875 0.7734375 0.611328125 0.802734375 0.51953125 0.806640625 0.419921875 0.798828125 0.3828125 0.765625 0.337890625 0.759765625 0.310546875 0.775390625 0.287109375 0.80859375 0.2734375 0.86328125 0.208984375 0.892578125 0.14453125 0.88671875 0.08984375 0.87109375 0.05078125 0.82421875 0 0.2890625 0