0 0.6291015625 0.427958984375 0.5776953125000001 0.427958984375 0.5776953125000001 0.48438476562500005 0.6291015625 0.48438476562500005 0.6291015625 0.427958984375
0 0.4061328125 0.451806640625 0.3633984375 0.451806640625 0.3633984375 0.500849609375 0.4061328125 0.500849609375 0.4061328125 0.451806640625
0 0.24913085937499999 0.558427734375 0.221337890625 0.558427734375 0.221337890625 0.587080078125 0.24913085937499999 0.587080078125 0.24913085937499999 0.558427734375
0 0.433154296875 0.694560546875 0.379345703125 0.694560546875 0.379345703125 0.752705078125 0.433154296875 0.752705078125 0.433154296875 0.694560546875
0 0.16294921874999999 0.520830078125 0.12611328125000001 0.520830078125 0.12611328125000001 0.556318359375 0.16294921874999999 0.556318359375 0.16294921874999999 0.520830078125
0 0.553876953125 0.829560546875 0.511552734375 0.829560546875 0.511552734375 0.875517578125 0.553876953125 0.875517578125 0.553876953125 0.829560546875
0 0.6097753906250001 0.6800390625 0.5689355468749999 0.6800390625 0.5689355468749999 0.7203515625 0.6097753906250001 0.7203515625 0.6097753906250001 0.6800390625
0 0.4754296875 0.414599609375 0.4371875 0.414599609375 0.4371875 0.457470703125 0.4754296875 0.457470703125 0.4754296875 0.414599609375
0 0.36996093750000003 0.35061523437500003 0.3268359375 0.35061523437500003 0.3268359375 0.40379882812499995 0.36996093750000003 0.40379882812499995 0.36996093750000003 0.35061523437500003
0 0.7352929687499999 0.646591796875 0.6856054687500001 0.646591796875 0.6856054687500001 0.683486328125 0.7352929687499999 0.683486328125 0.7352929687499999 0.646591796875
0 0.75794921875 0.34142578125 0.72447265625 0.34142578125 0.72447265625 0.36853515625 0.75794921875 0.36853515625 0.75794921875 0.34142578125
0 0.21952148437500002 0.675537109375 0.169658203125 0.675537109375 0.169658203125 0.718994140625 0.21952148437500002 0.718994140625 0.21952148437500002 0.675537109375
0 0.641875 0.377890625 0.578828125 0.377890625 0.578828125 0.41753906250000006 0.641875 0.41753906250000006 0.641875 0.377890625
0 0.12608398437499999 0.5983007812500001 0.085830078125 0.5983007812500001 0.085830078125 0.6370507812499999 0.12608398437499999 0.6370507812499999 0.12608398437499999 0.5983007812500001
0 0.933564453125 0.46533203125 0.844755859375 0.46533203125 0.844755859375 0.53759765625 0.933564453125 0.53759765625 0.933564453125 0.46533203125
0 0.45504882812499997 0.8069726562499999 0.40823242187500003 0.8069726562499999 0.40823242187500003 0.8531835937500001 0.45504882812499997 0.8531835937500001 0.45504882812499997 0.8069726562499999
0 0.6981640625 0.8215917968750001 0.6631640625 0.8215917968750001 0.6631640625 0.8600488281249999 0.6981640625 0.8600488281249999 0.6981640625 0.8215917968750001
0 0.789033203125 0.677861328125 0.758818359375 0.677861328125 0.758818359375 0.705927734375 0.789033203125 0.705927734375 0.789033203125 0.677861328125
0 0.83185546875 0.510634765625 0.80193359375 0.510634765625 0.80193359375 0.534287109375 0.83185546875 0.534287109375 0.83185546875 0.510634765625
0 0.919140625 0.8814062500000001 0.89140625 0.8814062500000001 0.89140625 0.9144921874999999 0.919140625 0.9144921874999999 0.919140625 0.8814062500000001
0 0.8030371093750001 0.42195312500000004 0.7643457031249999 0.42195312500000004 0.7643457031249999 0.45597656249999996 0.8030371093750001 0.45597656249999996 0.8030371093750001 0.42195312500000004
0 0.6798632812500001 0.7110253906249999 0.6492382812499999 0.7110253906249999 0.6492382812499999 0.7411230468750001 0.6798632812500001 0.7411230468750001 0.6798632812500001 0.7110253906249999
0 0.32975585937499996 0.4455078125 0.31184570312500004 0.4455078125 0.31184570312500004 0.4626953125 0.32975585937499996 0.4626953125 0.32975585937499996 0.4455078125
0 0.9524121093750001 0.6587792968749999 0.9225878906249999 0.6587792968749999 0.9225878906249999 0.6839941406250001 0.9524121093750001 0.6839941406250001 0.9524121093750001 0.6587792968749999
0 0.8346289062500001 0.77671875 0.7933007812499999 0.77671875 0.7933007812499999 0.8160546875 0.8346289062500001 0.8160546875 0.8346289062500001 0.77671875
0 0.373779296875 0.5952734375000001 0.350361328125 0.5952734375000001 0.350361328125 0.6166406249999999 0.373779296875 0.6166406249999999 0.373779296875 0.5952734375000001
0 0.6375097656250001 0.578466796875 0.6085839843749999 0.578466796875 0.6085839843749999 0.600244140625 0.6375097656250001 0.600244140625 0.6375097656250001 0.578466796875
0 0.662373046875 0.33126953124999997 0.636455078125 0.33126953124999997 0.636455078125 0.35673828125 0.662373046875 0.35673828125 0.662373046875 0.33126953124999997
0 0.517568359375 0.7515527343749999 0.49415039062500005 0.7515527343749999 0.49415039062500005 0.7787207031250001 0.517568359375 0.7787207031250001 0.517568359375 0.7515527343749999
0 0.895068359375 0.708056640625 0.868603515625 0.708056640625 0.868603515625 0.730419921875 0.895068359375 0.730419921875 0.895068359375 0.708056640625
0 0.57396484375 0.6159375 0.55103515625 0.6159375 0.55103515625 0.6448046875 0.57396484375 0.6448046875 0.57396484375 0.6159375
0 0.48921875000000004 0.3592578125 0.46976562499999996 0.3592578125 0.46976562499999996 0.3785546875 0.48921875000000004 0.3785546875 0.48921875000000004 0.3592578125
0 0.720673828125 0.286572265625 0.682646484375 0.286572265625 0.682646484375 0.314521484375 0.720673828125 0.314521484375 0.720673828125 0.286572265625
0 0.97341796875 0.9068164062499999 0.95529296875 0.9068164062499999 0.95529296875 0.9300976562500001 0.97341796875 0.9300976562500001 0.97341796875 0.9068164062499999
0 0.8120996093749999 0.9587597656250001 0.7796972656250001 0.9587597656250001 0.7796972656250001 0.9972949218749999 0.8120996093749999 0.9972949218749999 0.8120996093749999 0.9587597656250001
0 0.656572265625 0.55982421875 0.639326171875 0.55982421875 0.639326171875 0.57591796875 0.656572265625 0.57591796875 0.656572265625 0.55982421875
0 0.7764550781249999 0.607197265625 0.7567480468750001 0.607197265625 0.7567480468750001 0.624248046875 0.7764550781249999 0.624248046875 0.7764550781249999 0.607197265625
0 0.301474609375 0.59861328125 0.273251953125 0.59861328125 0.273251953125 0.62404296875 0.301474609375 0.62404296875 0.301474609375 0.59861328125
0 0.433974609375 0.526728515625 0.419072265625 0.526728515625 0.419072265625 0.548466796875 0.433974609375 0.548466796875 0.433974609375 0.526728515625
0 0.5269140625000001 0.60408203125 0.5033593749999999 0.60408203125 0.5033593749999999 0.62736328125 0.5269140625000001 0.62736328125 0.5269140625000001 0.60408203125
0 0.5140722656250001 0.67751953125 0.494716796875 0.67751953125 0.494716796875 0.69943359375 0.5140722656250001 0.69943359375 0.5140722656250001 0.67751953125
0 0.2630859375 0.716201171875 0.24523437499999998 0.716201171875 0.24523437499999998 0.732041015625 0.2630859375 0.732041015625 0.2630859375 0.716201171875
0 0.44954101562500004 0.37971679687500004 0.43475585937499994 0.37971679687500004 0.43475585937499994 0.394228515625 0.44954101562500004 0.394228515625 0.44954101562500004 0.37971679687500004
0 0.6185546875 0.74580078125 0.5953125 0.74580078125 0.5953125 0.76396484375 0.6185546875 0.76396484375 0.6185546875 0.74580078125
0 0.9645703125 0.9588281249999999 0.952421875 0.9588281249999999 0.952421875 0.9757421875000001 0.9645703125 0.9757421875000001 0.9645703125 0.9588281249999999
0 0.587744140625 0.53162109375 0.574365234375 0.53162109375 0.574365234375 0.54455078125 0.587744140625 0.54455078125 0.587744140625 0.53162109375
0 0.135244140625 0.42728515624999996 0.12256835937499999 0.42728515624999996 0.12256835937499999 0.43990234375000004 0.135244140625 0.43990234375000004 0.135244140625 0.42728515624999996
0 0.477890625 0.499150390625 0.4659765625 0.499150390625 0.4659765625 0.510615234375 0.477890625 0.510615234375 0.477890625 0.499150390625
0 0.855400390625 0.62552734375 0.839912109375 0.62552734375 0.839912109375 0.63814453125 0.855400390625 0.63814453125 0.855400390625 0.62552734375
0 0.108544921875 0.465419921875 0.096064453125 0.465419921875 0.096064453125 0.476962890625 0.108544921875 0.476962890625 0.108544921875 0.465419921875
0 0.194609375 0.38875976562500003 0.1794140625 0.38875976562500003 0.1794140625 0.402763671875 0.194609375 0.402763671875 0.194609375 0.38875976562500003
0 0.221748046875 0.54326171875 0.208681640625 0.54326171875 0.208681640625 0.55537109375 0.221748046875 0.55537109375 0.221748046875 0.54326171875
0 0.25947265625 0.42923828124999996 0.24787109375 0.42923828124999996 0.24787109375 0.44138671875 0.25947265625 0.44138671875 0.25947265625 0.42923828124999996
0 0.905693359375 0.8389941406249999 0.890205078125 0.8389941406249999 0.890205078125 0.8543652343750001 0.905693359375 0.8543652343750001 0.905693359375 0.8389941406249999
0 0.7732519531250001 0.24778320312500002 0.7413964843749999 0.24778320312500002 0.7413964843749999 0.277607421875 0.7732519531250001 0.277607421875 0.7732519531250001 0.24778320312500002
0 0.9882421875 0.75265625 0.97171875 0.75265625 0.97171875 0.7678515625 0.9882421875 0.7678515625 0.9882421875 0.75265625
0 0.562275390625 0.805205078125 0.553935546875 0.805205078125 0.553935546875 0.814912109375 0.562275390625 0.814912109375 0.562275390625 0.805205078125
0 0.9959765624999999 0.32766601562500003 0.9727734375000001 0.32766601562500003 0.9727734375000001 0.35397460937499997 0.9959765624999999 0.35397460937499997 0.9959765624999999 0.32766601562500003
0 0.14686523437500001 0.21897460937500002 0.11290039062499999 0.21897460937500002 0.11290039062499999 0.254658203125 0.14686523437500001 0.254658203125 0.14686523437500001 0.21897460937500002
0 1 0.6076074218749999 0.9644921875 0.6076074218749999 0.9644921875 0.6365332031250001 1 0.6365332031250001 1 0.6076074218749999
0 1 0.992724609375 0.9937109375000001 0.992724609375 0.9937109375000001 1 1 1 1 0.992724609375
0 0.015791015624999998 0.110205078125 0.000537109375 0.110205078125 0.000537109375 0.128193359375 0.015791015624999998 0.128193359375 0.015791015624999998 0.110205078125
2 0 0.541015625 0.0234375 0.57421875 0.2265625 0.755859375 0.275390625 0.787109375 0.546875 0.896484375 0.6171875 0.90234375 0.66015625 0.896484375 0.6953125 0.880859375 0.783203125 0.826171875 0.984375 0.66796875 0.990234375 0.591796875 0.935546875 0.501953125 0.794921875 0.357421875 0.712890625 0.298828125 0.677734375 0.283203125 0.578125 0.27734375 0.365234375 0.31640625 0.1796875 0.375 0.064453125 0.443359375 0.005859375 0.46875 0 0.474609375 0 0.541015625