0 0.5579296874999999 0.467021484375 0.48003906250000006 0.467021484375 0.48003906250000006 0.550322265625 0.5579296874999999 0.550322265625 0.5579296874999999 0.467021484375
0 0.276728515625 0.5668359374999999 0.20225585937499999 0.5668359374999999 0.20225585937499999 0.6422656250000001 0.276728515625 0.6422656250000001 0.276728515625 0.5668359374999999
0 0.693603515625 0.280859375 0.612060546875 0.280859375 0.612060546875 0.36417968749999996 0.693603515625 0.36417968749999996 0.693603515625 0.280859375
0 0.8458300781249999 0.281591796875 0.755732421875 0.281591796875 0.755732421875 0.34391601562499996 0.8458300781249999 0.34391601562499996 0.8458300781249999 0.281591796875
0 0.7356542968750001 0.637177734375 0.6852441406249999 0.637177734375 0.6852441406249999 0.687041015625 0.7356542968750001 0.687041015625 0.7356542968750001 0.637177734375
0 0.441875 0.218994140625 0.40921874999999996 0.218994140625 0.40921874999999996 0.261474609375 0.441875 0.261474609375 0.441875 0.218994140625
0 0.121552734375 0.55431640625 0.085595703125 0.55431640625 0.085595703125 0.60095703125 0.121552734375 0.60095703125 0.121552734375 0.55431640625
0 0.086123046875 0.266220703125 0.019541015624999998 0.266220703125 0.019541015624999998 0.315810546875 0.086123046875 0.315810546875 0.086123046875 0.266220703125
0 0.48631835937499995 0.289775390625 0.45997070312500005 0.289775390625 0.45997070312500005 0.318154296875 0.48631835937499995 0.318154296875 0.48631835937499995 0.289775390625
0 0.31615234375 0.38265625000000003 0.28689453125000003 0.38265625000000003 0.28689453125000003 0.41421875 0.31615234375 0.41421875 0.31615234375 0.38265625000000003
0 0.24771484375 0.392763671875 0.22080078125 0.392763671875 0.22080078125 0.42168945312500006 0.24771484375 0.42168945312500006 0.24771484375 0.392763671875
0 0.61787109375 0.659775390625 0.57158203125 0.659775390625 0.57158203125 0.696669921875 0.61787109375 0.696669921875 0.61787109375 0.659775390625
0 0.305458984375 0.208486328125 0.21360351562500002 0.208486328125 0.21360351562500002 0.258544921875 0.305458984375 0.258544921875 0.305458984375 0.208486328125
0 0.45654296875 0.464111328125 0.42626953125 0.464111328125 0.42626953125 0.492451171875 0.45654296875 0.492451171875 0.45654296875 0.464111328125
0 0.472548828125 0.392314453125 0.447880859375 0.392314453125 0.447880859375 0.41678710937499996 0.472548828125 0.41678710937499996 0.472548828125 0.392314453125
0 0.37109375 0.482685546875 0.349609375 0.482685546875 0.349609375 0.506103515625 0.37109375 0.506103515625 0.37109375 0.482685546875
0 0.41145507812500004 0.7054101562499999 0.38834960937499996 0.7054101562499999 0.38834960937499996 0.7311132812500001 0.41145507812500004 0.7311132812500001 0.41145507812500004 0.7054101562499999
0 0.764638671875 0.45992187500000004 0.741220703125 0.45992187500000004 0.741220703125 0.48246093749999996 0.764638671875 0.48246093749999996 0.764638671875 0.45992187500000004
0 0.68779296875 0.43020507812500003 0.65400390625 0.43020507812500003 0.65400390625 0.46725585937499997 0.68779296875 0.46725585937499997 0.68779296875 0.43020507812500003
0 0.9179882812500001 0.4396484375 0.8906054687499999 0.4396484375 0.8906054687499999 0.4680859375 0.9179882812500001 0.4680859375 0.9179882812500001 0.4396484375
0 0.3620703125 0.28490234375 0.3430078125 0.28490234375 0.3430078125 0.30396484375 0.3620703125 0.30396484375 0.3620703125 0.28490234375
0 0.551494140625 0.778271484375 0.530537109375 0.778271484375 0.530537109375 0.797900390625 0.551494140625 0.797900390625 0.551494140625 0.778271484375
0 0.5349999999999999 0.732451171875 0.5138281250000001 0.732451171875 0.5138281250000001 0.752900390625 0.5349999999999999 0.752900390625 0.5349999999999999 0.732451171875
0 0.46659179687499996 0.173876953125 0.448955078125 0.173876953125 0.448955078125 0.194794921875 0.46659179687499996 0.194794921875 0.46659179687499996 0.173876953125
0 0.9025390625 0.684375 0.8796875 0.684375 0.8796875 0.712109375 0.9025390625 0.712109375 0.9025390625 0.684375
0 0.6141796875 0.4766796875 0.5948046875 0.4766796875 0.5948046875 0.4959765625 0.6141796875 0.4959765625 0.6141796875 0.4766796875
0 0.6288671875 0.163544921875 0.610390625 0.163544921875 0.610390625 0.18387695312500002 0.6288671875 0.18387695312500002 0.6288671875 0.163544921875
0 0.704130859375 0.18875976562500002 0.687470703125 0.18875976562500002 0.687470703125 0.207958984375 0.704130859375 0.207958984375 0.704130859375 0.18875976562500002
0 0.34865234375 0.185302734375 0.32958984375 0.185302734375 0.32958984375 0.204111328125 0.34865234375 0.204111328125 0.34865234375 0.185302734375
0 0.7932421875 0.530625 0.778046875 0.530625 0.778046875 0.5484765625 0.7932421875 0.5484765625 0.7932421875 0.530625
0 0.053378906250000004 0.526591796875 0.03958984375 0.526591796875 0.03958984375 0.542744140625 0.053378906250000004 0.542744140625 0.053378906250000004 0.526591796875
0 0.447265625 0.34089843750000004 0.431171875 0.34089843750000004 0.431171875 0.35929687499999996 0.447265625 0.35929687499999996 0.447265625 0.34089843750000004
0 0.36247070312499996 0.633193359375 0.34651367187500004 0.633193359375 0.34651367187500004 0.649033203125 0.36247070312499996 0.649033203125 0.36247070312499996 0.633193359375
0 0.9060253906250001 0.64537109375 0.8859667968749999 0.64537109375 0.8859667968749999 0.66322265625 0.9060253906250001 0.66322265625 0.9060253906250001 0.64537109375
0 0.11204101562499999 0.3925390625 0.096201171875 0.3925390625 0.096201171875 0.40972656250000006 0.11204101562499999 0.40972656250000006 0.11204101562499999 0.3925390625
0 0.762919921875 0.27359374999999997 0.729267578125 0.27359374999999997 0.729267578125 0.29476562500000003 0.762919921875 0.29476562500000003 0.762919921875 0.27359374999999997
0 0.557841796875 0.831513671875 0.539814453125 0.831513671875 0.539814453125 0.850126953125 0.557841796875 0.850126953125 0.557841796875 0.831513671875
0 0.8513671875 0.539326171875 0.83515625 0.539326171875 0.83515625 0.556376953125 0.8513671875 0.556376953125 0.8513671875 0.539326171875
0 0.176708984375 0.530107421875 0.163876953125 0.530107421875 0.163876953125 0.541181640625 0.176708984375 0.541181640625 0.176708984375 0.530107421875
0 0.16371093750000001 0.722177734375 0.1426953125 0.722177734375 0.1426953125 0.737783203125 0.16371093750000001 0.737783203125 0.16371093750000001 0.722177734375
0 0.198056640625 0.67212890625 0.184990234375 0.67212890625 0.184990234375 0.68529296875 0.198056640625 0.68529296875 0.198056640625 0.67212890625
0 0.730498046875 0.16982421875 0.713837890625 0.16982421875 0.713837890625 0.18443359374999999 0.730498046875 0.18443359374999999 0.730498046875 0.16982421875
0 0.544111328125 0.81814453125 0.531083984375 0.81814453125 0.531083984375 0.83126953125 0.544111328125 0.83126953125 0.544111328125 0.81814453125
0 0.66947265625 0.23426757812500001 0.65865234375 0.23426757812500001 0.65865234375 0.245458984375 0.66947265625 0.245458984375 0.66947265625 0.23426757812500001
0 0.027001953125 0.7749902343749999 0.010224609375 0.7749902343749999 0.010224609375 0.7865332031250001 0.027001953125 0.7865332031250001 0.027001953125 0.7749902343749999
0 0.6087304687499999 0.226708984375 0.5992773437500001 0.226708984375 0.5992773437500001 0.23692382812499999 0.6087304687499999 0.23692382812499999 0.6087304687499999 0.226708984375
2 0 0.52734375 0.09375 0.623046875 0.119140625 0.6328125 0.193359375 0.693359375 0.275390625 0.736328125 0.298828125 0.759765625 0.4921875 0.845703125 0.537109375 0.853515625 0.7734375 0.84375 0.830078125 0.818359375 0.873046875 0.763671875 0.912109375 0.65625 0.93359375 0.3984375 0.91796875 0.359375 0.916015625 0.330078125 0.888671875 0.2734375 0.869140625 0.25 0.80859375 0.20703125 0.76953125 0.1875 0.73046875 0.1796875 0.70703125 0.1640625 0.6171875 0.150390625 0.474609375 0.166015625 0.306640625 0.169921875 0.265625 0.1796875 0.2265625 0.203125 0.126953125 0.2421875 0.005859375 0.31640625 0 0.322265625 0 0.52734375