10 0.322265625 0.50390625 0.23828125 0.50390625 0.23828125 0.619140625 0.322265625 0.619140625 0.322265625 0.50390625
10 0.34912109375 0.5171484375000001 0.24462890625 0.5171484375000001 0.24462890625 0.6537499999999999 0.34912109375 0.6537499999999999 0.34912109375 0.5171484375000001
10 0.5300390625 0.545283203125 0.398203125 0.545283203125 0.398203125 0.735966796875 0.5300390625 0.735966796875 0.5300390625 0.545283203125
10 0.680419921875 0.506103515625 0.509033203125 0.506103515625 0.509033203125 0.673583984375 0.680419921875 0.673583984375 0.680419921875 0.506103515625
10 0.770390625 0.51025390625 0.655390625 0.51025390625 0.655390625 0.61865234375 0.770390625 0.61865234375 0.770390625 0.51025390625
10 0.344609375 0.8819238281249999 0.301875 0.8819238281249999 0.301875 0.9325292968750001 0.344609375 0.9325292968750001 0.344609375 0.8819238281249999
10 0.7290625000000001 0.6328710937500001 0.49847656249999994 0.6328710937500001 0.49847656249999994 0.8690820312499999 0.7290625000000001 0.8690820312499999 0.7290625000000001 0.6328710937500001
10 0.6145605468750001 0.293466796875 0.43817382812499994 0.293466796875 0.43817382812499994 0.518564453125 0.6145605468750001 0.518564453125 0.6145605468750001 0.293466796875
10 0.560068359375 0.12029296874999999 0.43262695312500005 0.12029296874999999 0.43262695312500005 0.33404296875 0.560068359375 0.33404296875 0.560068359375 0.12029296874999999
10 0.49419921875000006 0.296259765625 0.35248046875 0.296259765625 0.35248046875 0.514287109375 0.49419921875000006 0.514287109375 0.49419921875000006 0.296259765625
10 0.74255859375 0.751337890625 0.39025390625 0.751337890625 0.39025390625 0.9888964843749999 0.74255859375 0.9888964843749999 0.74255859375 0.751337890625
10 0.319638671875 0.518115234375 0.261416015625 0.518115234375 0.261416015625 0.572705078125 0.319638671875 0.572705078125 0.319638671875 0.518115234375
10 0.745732421875 0.38916015625 0.342158203125 0.38916015625 0.342158203125 0.82666015625 0.745732421875 0.82666015625 0.745732421875 0.38916015625
10 0.42816406249999994 0.7855566406250001 0.39851562500000004 0.7855566406250001 0.39851562500000004 0.8081933593749999 0.42816406249999994 0.8081933593749999 0.42816406249999994 0.7855566406250001
10 0.348017578125 0.7694628906250001 0.332177734375 0.7694628906250001 0.332177734375 0.7842480468749999 0.348017578125 0.7842480468749999 0.348017578125 0.7694628906250001
10 0.33240234375 0.7631249999999999 0.32337890625 0.7631249999999999 0.32337890625 0.7739843750000001 0.33240234375 0.7739843750000001 0.33240234375 0.7631249999999999
10 0.35904296874999997 0.31732421875 0.34166015625 0.31732421875 0.34166015625 0.33990234375 0.35904296874999997 0.33990234375 0.35904296874999997 0.31732421875
10 0.505859375 0.63681640625 0.489765625 0.63681640625 0.489765625 0.65419921875 0.505859375 0.65419921875 0.505859375 0.63681640625
10 0.394423828125 0.5276464843750001 0.384873046875 0.5276464843750001 0.384873046875 0.5368066406249999 0.394423828125 0.5368066406249999 0.394423828125 0.5276464843750001
10 0.416611328125 0.711044921875 0.392958984375 0.711044921875 0.392958984375 0.747939453125 0.416611328125 0.747939453125 0.416611328125 0.711044921875
10 0.40970703124999996 0.283623046875 0.38423828125 0.283623046875 0.38423828125 0.31063476562500003 0.40970703124999996 0.31063476562500003 0.40970703124999996 0.283623046875
10 0.532119140625 0.495166015625 0.495224609375 0.495166015625 0.495224609375 0.546826171875 0.532119140625 0.546826171875 0.532119140625 0.495166015625
10 0.77685546875 0.327998046875 0.51513671875 0.327998046875 0.51513671875 0.611455078125 0.77685546875 0.611455078125 0.77685546875 0.327998046875
10 0.34505859375000003 0.27251953125 0.32681640624999997 0.27251953125 0.32681640624999997 0.29244140625 0.34505859375000003 0.29244140625 0.34505859375000003 0.27251953125
10 0.519970703125 0.5253027343750001 0.488818359375 0.5253027343750001 0.488818359375 0.5537988281249999 0.519970703125 0.5537988281249999 0.519970703125 0.5253027343750001
10 0.489345703125 0.321845703125 0.472099609375 0.321845703125 0.472099609375 0.339287109375 0.489345703125 0.339287109375 0.489345703125 0.321845703125
10 0.46142578125 0.2541015625 0.43849609375 0.2541015625 0.43849609375 0.279609375 0.46142578125 0.279609375 0.46142578125 0.2541015625
10 0.543818359375 0.28262695312499997 0.524541015625 0.28262695312499997 0.524541015625 0.30624023437500003 0.543818359375 0.30624023437500003 0.543818359375 0.28262695312499997
10 0.5116308593750001 0.85908203125 0.473720703125 0.85908203125 0.473720703125 0.89580078125 0.5116308593750001 0.89580078125 0.5116308593750001 0.85908203125
10 0.55513671875 0.74166015625 0.53861328125 0.74166015625 0.53861328125 0.75541015625 0.55513671875 0.75541015625 0.55513671875 0.74166015625
10 0.27962890625000003 0.7657812500000001 0.27166015625 0.7657812500000001 0.27166015625 0.7742578124999999 0.27962890625000003 0.7742578124999999 0.27962890625000003 0.7657812500000001
10 0.406806640625 0.58166015625 0.211865234375 0.58166015625 0.211865234375 0.9671679687499999 0.406806640625 0.9671679687499999 0.406806640625 0.58166015625
2 0.283203125 0.935546875 0.365234375 0.96875 0.4453125 0.982421875 0.560546875 0.982421875 0.572265625 0.96875 0.5859375 0.96875 0.599609375 0.982421875 0.634765625 0.982421875 0.697265625 0.962890625 0.7578125 0.9140625 0.771484375 0.89453125 0.7890625 0.8203125 0.794921875 0.689453125 0.806640625 0.640625 0.806640625 0.548828125 0.76171875 0.380859375 0.724609375 0.322265625 0.650390625 0.236328125 0.640625 0.216796875 0.638671875 0.162109375 0.5546875 0.00390625 0.46484375 0.001953125 0.4453125 0.029296875 0.4296875 0.076171875 0.3984375 0.12109375 0.287109375 0.232421875 0.2734375 0.2578125 0.22265625 0.46875 0.20703125 0.83984375 0.232421875 0.88671875 0.263671875 0.919921875 0.283203125 0.935546875