0 0.488642578125 0.5149511718750001 0.44631835937500003 0.5149511718750001 0.44631835937500003 0.561650390625 0.488642578125 0.561650390625 0.488642578125 0.5149511718750001
0 0.57130859375 0.405849609375 0.52439453125 0.405849609375 0.52439453125 0.439384765625 0.57130859375 0.439384765625 0.57130859375 0.405849609375
0 0.28433593749999997 0.5924414062500001 0.24984375 0.5924414062500001 0.24984375 0.6204492187499999 0.28433593749999997 0.6204492187499999 0.28433593749999997 0.5924414062500001
0 0.348037109375 0.576123046875 0.323369140625 0.576123046875 0.323369140625 0.600634765625 0.348037109375 0.600634765625 0.348037109375 0.576123046875
0 0.6025976562500001 0.5630468750000001 0.5800195312499999 0.5630468750000001 0.5800195312499999 0.5814843749999999 0.6025976562500001 0.5814843749999999 0.6025976562500001 0.5630468750000001
0 0.43487304687500006 0.70451171875 0.40692382812499994 0.70451171875 0.40692382812499994 0.72029296875 0.43487304687500006 0.72029296875 0.43487304687500006 0.70451171875
0 0.411767578125 0.41163085937500005 0.386591796875 0.41163085937500005 0.386591796875 0.43211914062499995 0.411767578125 0.43211914062499995 0.411767578125 0.41163085937500005
0 0.25992187499999997 0.5386425781249999 0.2373828125 0.5386425781249999 0.2373828125 0.5551074218750001 0.25992187499999997 0.5551074218750001 0.25992187499999997 0.5386425781249999
0 0.43049804687500004 0.5411035156249999 0.40348632812499996 0.5411035156249999 0.40348632812499996 0.5594824218750001 0.43049804687500004 0.5594824218750001 0.43049804687500004 0.5411035156249999
0 0.37474609375 0.333857421875 0.35623046875000003 0.333857421875 0.35623046875000003 0.345361328125 0.37474609375 0.345361328125 0.37474609375 0.333857421875
0 0.299267578125 0.42010742187499994 0.286201171875 0.42010742187499994 0.286201171875 0.43438476562500006 0.299267578125 0.43438476562500006 0.299267578125 0.42010742187499994
0 0.3853515625 0.2734765625 0.36906249999999996 0.2734765625 0.36906249999999996 0.2866015625 0.3853515625 0.2866015625 0.3853515625 0.2734765625
0 0.47188476562500004 0.183603515625 0.45733398437500006 0.183603515625 0.45733398437500006 0.199443359375 0.47188476562500004 0.199443359375 0.47188476562500004 0.183603515625
0 0.485087890625 0.331123046875 0.468037109375 0.331123046875 0.468037109375 0.341728515625 0.485087890625 0.341728515625 0.485087890625 0.331123046875
0 0.453271484375 0.48638671875000006 0.442236328125 0.48638671875000006 0.442236328125 0.49798828124999994 0.453271484375 0.49798828124999994 0.453271484375 0.48638671875000006
0 0.577861328125 0.6495996093749999 0.559833984375 0.6495996093749999 0.559833984375 0.6648535156250001 0.577861328125 0.6648535156250001 0.577861328125 0.6495996093749999
0 0.30568359375 0.272099609375 0.29638671875 0.272099609375 0.29638671875 0.284072265625 0.30568359375 0.284072265625 0.30568359375 0.272099609375
2 0.26953125 0.65234375 0.392578125 0.716796875 0.490234375 0.724609375 0.509765625 0.7421875 0.5078125 0.720703125 0.576171875 0.671875 0.630859375 0.58203125 0.671875 0.48828125 0.677734375 0.443359375 0.662109375 0.40625 0.607421875 0.353515625 0.384765625 0.037109375 0.345703125 0.123046875 0.310546875 0.171875 0.240234375 0.33984375 0.2109375 0.3828125 0.173828125 0.46484375 0.16796875 0.513671875 0.185546875 0.5703125 0.20703125 0.599609375 0.26953125 0.65234375