10 0.25390625 0.43359375 0.18359375 0.43359375 0.18359375 0.5546875 0.25390625 0.5546875 0.25390625 0.43359375
10 0.2662109375 0.373349609375 0.17203125 0.373349609375 0.17203125 0.5202050781249999 0.2662109375 0.5202050781249999 0.2662109375 0.373349609375
10 0.305126953125 0.238828125 0.155341796875 0.238828125 0.155341796875 0.45355468749999994 0.305126953125 0.45355468749999994 0.305126953125 0.238828125
10 0.496044921875 0.275888671875 0.349189453125 0.275888671875 0.349189453125 0.47461914062500005 0.496044921875 0.47461914062500005 0.496044921875 0.275888671875
10 0.3335546875 0.5039648437500001 0.202578125 0.5039648437500001 0.202578125 0.6835351562499999 0.3335546875 0.6835351562499999 0.3335546875 0.5039648437500001
10 0.275810546875 0.568603515625 0.11895507812499999 0.568603515625 0.11895507812499999 0.767333984375 0.275810546875 0.767333984375 0.275810546875 0.568603515625
10 0.5651269531249999 0.0609765625 0.46807617187500006 0.0609765625 0.46807617187500006 0.174140625 0.5651269531249999 0.174140625 0.5651269531249999 0.0609765625
10 0.30859375 0.32080078125 0.13109375 0.32080078125 0.13109375 0.64013671875 0.30859375 0.64013671875 0.30859375 0.32080078125
10 0.3997265625 0.76123046875 0.2013671875 0.76123046875 0.2013671875 0.93994140625 0.3997265625 0.93994140625 0.3997265625 0.76123046875
10 0.6017480468749999 0.010078125 0.40118164062500006 0.010078125 0.40118164062500006 0.23578125 0.6017480468749999 0.23578125 0.6017480468749999 0.010078125
10 0.43902343750000006 0.558955078125 0.229921875 0.558955078125 0.229921875 0.8267871093749999 0.43902343750000006 0.8267871093749999 0.43902343750000006 0.558955078125
10 0.349990234375 0.16119140625 0.175908203125 0.16119140625 0.175908203125 0.34076171875 0.349990234375 0.34076171875 0.349990234375 0.16119140625
10 0.40824218749999996 0 0.40824218749999996 0.081416015625 0.4975390625 0.081416015625 0.4975390625 0 0.40824218749999996 0
10 0.19791015625 0.703837890625 0.18513671874999998 0.703837890625 0.18513671874999998 0.717060546875 0.19791015625 0.717060546875 0.19791015625 0.703837890625
10 0.34037109375 0.492900390625 0.33103515625 0.492900390625 0.33103515625 0.503193359375 0.34037109375 0.503193359375 0.34037109375 0.492900390625
10 0.449951171875 0.5452246093750001 0.311767578125 0.5452246093750001 0.311767578125 0.6940332031249999 0.449951171875 0.6940332031249999 0.449951171875 0.5452246093750001
10 0.529150390625 0.06218749999999999 0.517724609375 0.06218749999999999 0.517724609375 0.0763671875 0.529150390625 0.0763671875 0.529150390625 0.06218749999999999
10 0.598857421875 0.276142578125 0.590595703125 0.276142578125 0.590595703125 0.285888671875 0.598857421875 0.285888671875 0.598857421875 0.276142578125
10 0.43309570312499995 0.058867187499999994 0.42483398437500003 0.058867187499999994 0.42483398437500003 0.07015625 0.43309570312499995 0.07015625 0.43309570312499995 0.058867187499999994
10 0.5435546875 0.603876953125 0.531640625 0.603876953125 0.531640625 0.614873046875 0.5435546875 0.614873046875 0.5435546875 0.603876953125
10 0.47779296875000005 0.821845703125 0.46947265624999995 0.821845703125 0.46947265624999995 0.832451171875 0.47779296875000005 0.832451171875 0.47779296875000005 0.821845703125
10 0.34376953125 0.943427734375 0.32958984375 0.943427734375 0.32958984375 0.957939453125 0.34376953125 0.957939453125 0.34376953125 0.943427734375
10 0.507939453125 0.092890625 0.187373046875 0.092890625 0.187373046875 0.4325 0.507939453125 0.4325 0.507939453125 0.092890625
10 0.50501953125 0.232919921875 0.15857421875 0.232919921875 0.15857421875 0.751962890625 0.50501953125 0.751962890625 0.50501953125 0.232919921875
10 0.322265625 0.6865820312500001 0.2587890625 0.6865820312500001 0.2587890625 0.8134179687499999 0.322265625 0.8134179687499999 0.322265625 0.6865820312500001
2 0.099609375 0.80859375 0.166015625 0.8828125 0.265625 0.935546875 0.408203125 0.970703125 0.439453125 0.96875 0.45703125 0.9921875 0.49609375 0.990234375 0.498046875 0.955078125 0.599609375 0.900390625 0.634765625 0.85546875 0.654296875 0.8125 0.66015625 0.74609375 0.685546875 0.65234375 0.681640625 0.525390625 0.7265625 0.41015625 0.75390625 0.193359375 0.75 0.13671875 0.697265625 0.00390625 0.349609375 0 0.333984375 0.005859375 0.234375 0.10546875 0.208984375 0.17578125 0.09765625 0.34375 0.0859375 0.384765625 0.08203125 0.443359375 0.087890625 0.623046875 0.07421875 0.689453125 0.07421875 0.74609375 0.099609375 0.80859375