0 0.6603515625 0.49740234375 0.592890625 0.49740234375 0.592890625 0.56767578125 0.6603515625 0.56767578125 0.6603515625 0.49740234375
0 0.324443359375 0.59767578125 0.271259765625 0.59767578125 0.271259765625 0.65525390625 0.324443359375 0.65525390625 0.324443359375 0.59767578125
0 0.45196289062500006 0.6197851562500001 0.40155273437499994 0.6197851562500001 0.40155273437499994 0.6712304687499999 0.45196289062500006 0.6712304687499999 0.45196289062500006 0.6197851562500001
0 0.5538964843749999 0.401875 0.5193457031250001 0.401875 0.5193457031250001 0.441875 0.5538964843749999 0.441875 0.5538964843749999 0.401875
0 0.3505859375 0.41369140625 0.3056640625 0.41369140625 0.3056640625 0.44716796875 0.3505859375 0.44716796875 0.3505859375 0.41369140625
0 0.761279296875 0.6942480468750001 0.701611328125 0.6942480468750001 0.701611328125 0.7481347656249999 0.761279296875 0.7481347656249999 0.761279296875 0.6942480468750001
0 0.5114453125 0.519013671875 0.47488281250000003 0.519013671875 0.47488281250000003 0.552275390625 0.5114453125 0.552275390625 0.5114453125 0.519013671875
0 0.056162109375000005 0.7373925781249999 0.007666015625 0.7373925781249999 0.007666015625 0.8055761718750001 0.056162109375000005 0.8055761718750001 0.056162109375000005 0.7373925781249999
0 0.30290039062499996 0.8388867187500001 0.252294921875 0.8388867187500001 0.252294921875 0.8798632812499999 0.30290039062499996 0.8798632812499999 0.30290039062499996 0.8388867187500001
0 0.9040722656250001 0.16804687499999998 0.8742480468749999 0.16804687499999998 0.8742480468749999 0.2174609375 0.9040722656250001 0.2174609375 0.9040722656250001 0.16804687499999998
0 0.427470703125 0.28811523437500003 0.40702148437499996 0.28811523437500003 0.40702148437499996 0.30856445312499997 0.427470703125 0.30856445312499997 0.427470703125 0.28811523437500003
0 0.850830078125 0.614619140625 0.813232421875 0.614619140625 0.813232421875 0.649052734375 0.850830078125 0.649052734375 0.850830078125 0.614619140625
0 0.9607812499999999 0.2578125 0.9444921875000001 0.2578125 0.9444921875000001 0.274921875 0.9607812499999999 0.274921875 0.9607812499999999 0.2578125
0 0.277490234375 0.146826171875 0.246923828125 0.146826171875 0.246923828125 0.18250976562500001 0.277490234375 0.18250976562500001 0.277490234375 0.146826171875
0 0.33218749999999997 0.3482421875 0.31234375000000003 0.3482421875 0.31234375000000003 0.3646484375 0.33218749999999997 0.3646484375 0.33218749999999997 0.3482421875
0 0.16025390625 0.102080078125 0.13615234375000002 0.102080078125 0.13615234375000002 0.12581054687499998 0.16025390625 0.12581054687499998 0.16025390625 0.102080078125
0 0.7587011718750001 0.2849609375 0.7334863281249999 0.2849609375 0.7334863281249999 0.3126953125 0.7587011718750001 0.3126953125 0.7587011718750001 0.2849609375
0 0.566552734375 0.125498046875 0.541845703125 0.125498046875 0.541845703125 0.148173828125 0.566552734375 0.148173828125 0.566552734375 0.125498046875
2 0.435546875 0.94140625 0.599609375 0.966796875 0.65234375 0.943359375 0.73046875 0.86328125 0.771484375 0.771484375 0.791015625 0.669921875 0.77734375 0.576171875 0.771484375 0.365234375 0.751953125 0.314453125 0.7421875 0.259765625 0.658203125 0.109375 0.6328125 0.001953125 0.591796875 0 0.580078125 0.005859375 0.32421875 0.23046875 0.275390625 0.3203125 0.248046875 0.392578125 0.20703125 0.625 0.201171875 0.78515625 0.224609375 0.841796875 0.27734375 0.888671875 0.435546875 0.94140625