10 0.5546875 0.32421875 0.47265625 0.32421875 0.47265625 0.4140625 0.5546875 0.4140625 0.5546875 0.32421875
10 0.550078125 0.283203125 0.46359374999999997 0.283203125 0.46359374999999997 0.3876953125 0.550078125 0.3876953125 0.550078125 0.283203125
10 0.724580078125 0.3413671875 0.609404296875 0.3413671875 0.609404296875 0.42816406249999994 0.724580078125 0.42816406249999994 0.724580078125 0.3413671875
10 0.6388281250000001 0.170498046875 0.5506249999999999 0.170498046875 0.5506249999999999 0.221103515625 0.6388281250000001 0.221103515625 0.6388281250000001 0.170498046875
10 0.7221093749999999 0.30927734375 0.5239843750000001 0.30927734375 0.5239843750000001 0.5066601562499999 0.7221093749999999 0.5066601562499999 0.7221093749999999 0.30927734375
10 0.6389746093750001 0.532958984375 0.44403320312499994 0.532958984375 0.44403320312499994 0.685791015625 0.6389746093750001 0.685791015625 0.6389746093750001 0.532958984375
10 0.5806250000000001 0.586533203125 0.5238671874999999 0.586533203125 0.5238671874999999 0.620498046875 0.5806250000000001 0.620498046875 0.5806250000000001 0.586533203125
10 0.398505859375 0.567841796875 0.291455078125 0.567841796875 0.291455078125 0.667509765625 0.398505859375 0.667509765625 0.398505859375 0.567841796875
10 0.4569140625 0.5193457031250001 0.2559765625 0.5193457031250001 0.2559765625 0.7648339843749999 0.4569140625 0.7648339843749999 0.4569140625 0.5193457031250001
10 0.5419921875 0.305048828125 0.34765625 0.305048828125 0.34765625 0.542607421875 0.5419921875 0.542607421875 0.5419921875 0.305048828125
10 0.8594628906249999 0.30948242187499997 0.8172949218750001 0.30948242187499997 0.8172949218750001 0.35165039062500003 0.8594628906249999 0.35165039062500003 0.8594628906249999 0.30948242187499997
10 0.8890332031250001 0.19455078125 0.8697558593749999 0.19455078125 0.8697558593749999 0.21193359374999998 0.8890332031250001 0.21193359374999998 0.8890332031250001 0.19455078125
10 0.49736328125 0.58375 0.48115234375 0.58375 0.48115234375 0.601796875 0.49736328125 0.601796875 0.49736328125 0.58375
10 0.52955078125 0.226318359375 0.35767578125 0.226318359375 0.35767578125 0.361572265625 0.52955078125 0.361572265625 0.52955078125 0.226318359375
10 0.701787109375 0.352900390625 0.381220703125 0.352900390625 0.381220703125 0.709599609375 0.701787109375 0.709599609375 0.701787109375 0.352900390625
10 0.7302832031250001 0.249814453125 0.5597558593749999 0.249814453125 0.5597558593749999 0.386904296875 0.7302832031250001 0.386904296875 0.7302832031250001 0.249814453125
10 0.7109960937500001 0.6282324218750001 0.5683007812499999 0.6282324218750001 0.5683007812499999 0.7789941406249999 0.7109960937500001 0.7789941406249999 0.7109960937500001 0.6282324218750001
10 0.26283203125 0.703642578125 0.21591796875 0.703642578125 0.21591796875 0.769990234375 0.26283203125 0.769990234375 0.26283203125 0.703642578125
10 0.646513671875 0.40311523437499996 0.556611328125 0.40311523437499996 0.556611328125 0.491923828125 0.646513671875 0.491923828125 0.646513671875 0.40311523437499996
10 0.7040429687499999 0.70849609375 0.5400976562500001 0.70849609375 0.5400976562500001 0.88037109375 0.7040429687499999 0.88037109375 0.7040429687499999 0.70849609375
10 0.5239941406249999 0.795927734375 0.406201171875 0.795927734375 0.406201171875 0.905244140625 0.5239941406249999 0.905244140625 0.5239941406249999 0.795927734375
10 0.5996679687500001 0.8511523437499999 0.5233789062499999 0.8511523437499999 0.5233789062499999 0.9095898437500001 0.5996679687500001 0.9095898437500001 0.5996679687500001 0.8511523437499999
10 0.621337890625 0.5742773437500001 0.377685546875 0.5742773437500001 0.377685546875 0.8114648437499999 0.621337890625 0.8114648437499999 0.621337890625 0.5742773437500001
10 0.447880859375 0.39875 0.285517578125 0.39875 0.285517578125 0.559765625 0.447880859375 0.559765625 0.447880859375 0.39875
10 0.7088964843750001 0.6879003906250001 0.6543847656249999 0.6879003906250001 0.6543847656249999 0.7525292968749999 0.7088964843750001 0.7525292968749999 0.7088964843750001 0.6879003906250001
10 0.441162109375 0.69982421875 0.342041015625 0.69982421875 0.342041015625 0.8001757812499999 0.441162109375 0.8001757812499999 0.441162109375 0.69982421875
10 0.40908203125 0.7145117187500001 0.36193359375 0.7145117187500001 0.36193359375 0.7659570312499999 0.40908203125 0.7659570312499999 0.40908203125 0.7145117187500001
10 0.56865234375 0.8675097656249999 0.54755859375 0.8675097656249999 0.54755859375 0.8883496093750001 0.56865234375 0.8883496093750001 0.56865234375 0.8675097656249999
10 0.760283203125 0.6376171875 0.748505859375 0.6376171875 0.748505859375 0.648515625 0.760283203125 0.648515625 0.760283203125 0.6376171875
10 0.485234375 0.7522851562499999 0.3575390625 0.7522851562499999 0.3575390625 0.8727148437500001 0.485234375 0.8727148437500001 0.485234375 0.7522851562499999
10 0.6203125 0.824814453125 0.5603515625 0.824814453125 0.5603515625 0.877333984375 0.6203125 0.877333984375 0.6203125 0.824814453125
10 0.644072265625 0.334775390625 0.553193359375 0.334775390625 0.553193359375 0.40545898437499994 0.644072265625 0.40545898437499994 0.644072265625 0.334775390625
10 0.5132421875000001 0.699951171875 0.390078125 0.699951171875 0.390078125 0.827392578125 0.5132421875000001 0.827392578125 0.5132421875000001 0.699951171875
2 0.3359375 0.998046875 0.505859375 0.994140625 0.50390625 0.96875 0.509765625 0.96484375 0.568359375 0.95703125 0.65234375 0.923828125 0.705078125 0.888671875 0.734375 0.857421875 0.748046875 0.8359375 0.771484375 0.7421875 0.77734375 0.642578125 0.759765625 0.560546875 0.759765625 0.4140625 0.736328125 0.30859375 0.734375 0.23828125 0.693359375 0.111328125 0.681640625 0.109375 0.6328125 0.134765625 0.3984375 0.265625 0.3125 0.3515625 0.259765625 0.4375 0.248046875 0.53125 0.2265625 0.5859375 0.208984375 0.677734375 0.189453125 0.72265625 0.1875 0.77734375 0.203125 0.83203125 0.255859375 0.91015625 0.3359375 0.998046875