0 0.618681640625 0.319443359375 0.5472949218750001 0.319443359375 0.5472949218750001 0.40458007812499996 0.618681640625 0.40458007812499996 0.618681640625 0.319443359375
0 0.639404296875 0.041376953125 0.560791015625 0.041376953125 0.560791015625 0.123662109375 0.639404296875 0.123662109375 0.639404296875 0.041376953125
0 0.65857421875 0.17181640625 0.61388671875 0.17181640625 0.61388671875 0.21783203125 0.65857421875 0.21783203125 0.65857421875 0.17181640625
0 0.614287109375 0.7080078125 0.568330078125 0.7080078125 0.568330078125 0.7509765625 0.614287109375 0.7509765625 0.614287109375 0.7080078125
0 0.3296875 0.52462890625 0.26164062499999996 0.52462890625 0.26164062499999996 0.59158203125 0.3296875 0.59158203125 0.3296875 0.52462890625
0 0.28587890625 0.37124999999999997 0.22634765625000003 0.37124999999999997 0.22634765625000003 0.443203125 0.28587890625 0.443203125 0.28587890625 0.37124999999999997
0 0.690185546875 0.619033203125 0.635986328125 0.619033203125 0.635986328125 0.668076171875 0.690185546875 0.668076171875 0.690185546875 0.619033203125
0 0.46187500000000004 0.5725781249999999 0.42828125000000006 0.5725781249999999 0.42828125000000006 0.6032031250000001 0.46187500000000004 0.6032031250000001 0.46187500000000004 0.5725781249999999
0 0.49383789062499994 0.7210058593750001 0.44659179687500006 0.7210058593750001 0.44659179687500006 0.7623925781249999 0.49383789062499994 0.7623925781249999 0.49383789062499994 0.7210058593750001
0 0.548447265625 0.146416015625 0.511123046875 0.146416015625 0.511123046875 0.190029296875 0.548447265625 0.190029296875 0.548447265625 0.146416015625
0 0.5208398437499999 0.455927734375 0.49185546875 0.455927734375 0.49185546875 0.479619140625 0.5208398437499999 0.479619140625 0.5208398437499999 0.455927734375
0 0.487685546875 0.313056640625 0.467900390625 0.313056640625 0.467900390625 0.335380859375 0.487685546875 0.335380859375 0.487685546875 0.313056640625
0 0.037919921875 0.7524609375 0.000009765625 0.7524609375 0.000009765625 0.8051562499999999 0.037919921875 0.8051562499999999 0.037919921875 0.7524609375
0 0.6019628906250001 0.18005859375 0.5611230468749999 0.18005859375 0.5611230468749999 0.21423828125000002 0.6019628906250001 0.21423828125000002 0.6019628906250001 0.18005859375
0 0.829072265625 0.8073144531249999 0.747099609375 0.8073144531249999 0.747099609375 0.8928808593750001 0.829072265625 0.8928808593750001 0.829072265625 0.8073144531249999
0 0.910537109375 0.25924804687499997 0.849228515625 0.25924804687499997 0.849228515625 0.31790039062500003 0.910537109375 0.31790039062500003 0.910537109375 0.25924804687499997
0 0.530908203125 0.39773437500000003 0.501318359375 0.39773437500000003 0.501318359375 0.42894531249999995 0.530908203125 0.42894531249999995 0.530908203125 0.39773437500000003
0 0.4034375 0.8410546875 0.3822265625 0.8410546875 0.3822265625 0.86890625 0.4034375 0.86890625 0.4034375 0.8410546875
0 0.30899414062499997 0.6334570312500001 0.284287109375 0.6334570312500001 0.284287109375 0.6585351562499999 0.30899414062499997 0.6585351562499999 0.30899414062499997 0.6334570312500001
0 0.3393359375 0.969755859375 0.3164453125 0.969755859375 0.3164453125 0.995087890625 0.3393359375 0.995087890625 0.3393359375 0.969755859375
0 0.8796972656250001 0.057333984375 0.8292871093749999 0.057333984375 0.8292871093749999 0.11016601562499999 0.8796972656250001 0.11016601562499999 0.8796972656250001 0.057333984375
0 0.7120019531249999 0.25734375 0.6883886718750001 0.25734375 0.6883886718750001 0.2768359375 0.7120019531249999 0.2768359375 0.7120019531249999 0.25734375
0 1 0.22921874999999997 0.905234375 0.22921874999999997 0.905234375 0.32253906250000003 1 0.32253906250000003 1 0.22921874999999997
0 0.436171875 0.250615234375 0.416875 0.250615234375 0.416875 0.268916015625 0.436171875 0.268916015625 0.436171875 0.250615234375
0 0.04529296875 0.524541015625 0.023183593750000002 0.524541015625 0.023183593750000002 0.549677734375 0.04529296875 0.549677734375 0.04529296875 0.524541015625
0 0.9273046875000001 0.20986328125 0.8959374999999999 0.20986328125 0.8959374999999999 0.24107421874999999 0.9273046875000001 0.24107421874999999 0.9273046875000001 0.20986328125
0 0.8972363281250001 0.579794921875 0.8781542968749999 0.579794921875 0.8781542968749999 0.599892578125 0.8972363281250001 0.599892578125 0.8972363281250001 0.579794921875
0 0.526494140625 0.887626953125 0.506708984375 0.887626953125 0.506708984375 0.909248046875 0.526494140625 0.909248046875 0.526494140625 0.887626953125
0 0.44124023437500004 0.9055371093750001 0.41473632812499994 0.9055371093750001 0.41473632812499994 0.9264941406249999 0.44124023437500004 0.9264941406249999 0.44124023437500004 0.9055371093750001
2 0.53125 0 0.3984375 0.125 0.28125 0.28125 0.2578125 0.33203125 0.251953125 0.3828125 0.21875 0.46484375 0.208984375 0.55078125 0.171875 0.693359375 0.171875 0.740234375 0.1796875 0.779296875 0.228515625 0.896484375 0.265625 0.94140625 0.2890625 0.95703125 0.337890625 0.966796875 0.349609375 0.9921875 0.375 0.998046875 0.6796875 0.998046875 0.728515625 0.98046875 0.75 0.958984375 0.7890625 0.892578125 0.7734375 0.888671875 0.76171875 0.875 0.76171875 0.861328125 0.751953125 0.857421875 0.75390625 0.833984375 0.779296875 0.8125 0.82421875 0.810546875 0.841796875 0.775390625 0.845703125 0.640625 0.8203125 0.529296875 0.802734375 0.380859375 0.771484375 0.275390625 0.740234375 0.2109375 0.69921875 0.15625 0.662109375 0.087890625 0.625 0.052734375 0.619140625 0.01953125 0.603515625 0 0.53125 0