10 0.5234375 0.189453125 0.494140625 0.189453125 0.494140625 0.25390625 0.5234375 0.25390625 0.5234375 0.189453125
10 0.4253125 0.489384765625 0.4028125 0.489384765625 0.4028125 0.515498046875 0.4253125 0.515498046875 0.4253125 0.489384765625
10 0.58669921875 0.292705078125 0.51974609375 0.292705078125 0.51974609375 0.359169921875 0.58669921875 0.359169921875 0.58669921875 0.292705078125
10 0.717763671875 0.639970703125 0.708017578125 0.639970703125 0.708017578125 0.652021484375 0.717763671875 0.652021484375 0.717763671875 0.639970703125
10 0.63033203125 0.28420898437500003 0.62259765625 0.28420898437500003 0.62259765625 0.29196289062499997 0.63033203125 0.29196289062499997 0.63033203125 0.28420898437500003
10 0.525185546875 0.48443359375000006 0.510947265625 0.48443359375000006 0.510947265625 0.50142578125 0.525185546875 0.50142578125 0.525185546875 0.48443359375000006
10 0.782177734375 0.7787207031250001 0.730517578125 0.7787207031250001 0.730517578125 0.8453027343749999 0.782177734375 0.8453027343749999 0.782177734375 0.7787207031250001
10 0.68513671875 0.6241992187500001 0.67619140625 0.6241992187500001 0.67619140625 0.6355664062499999 0.68513671875 0.6355664062499999 0.68513671875 0.6241992187500001
10 0.532275390625 0.497451171875 0.516552734375 0.497451171875 0.516552734375 0.554306640625 0.532275390625 0.554306640625 0.532275390625 0.497451171875
10 0.55103515625 0.6221582031249999 0.54173828125 0.6221582031249999 0.54173828125 0.6346777343750001 0.55103515625 0.6346777343750001 0.55103515625 0.6221582031249999
10 0.74123046875 0.76478515625 0.73337890625 0.76478515625 0.73337890625 0.77330078125 0.74123046875 0.77330078125 0.74123046875 0.76478515625
10 0.536845703125 0.498291015625 0.522724609375 0.498291015625 0.522724609375 0.518310546875 0.536845703125 0.518310546875 0.536845703125 0.498291015625
10 0.594267578125 0.8285253906250001 0.524873046875 0.8285253906250001 0.524873046875 0.8912011718749999 0.594267578125 0.8912011718749999 0.594267578125 0.8285253906250001
10 0.541728515625 0.7240527343750001 0.524677734375 0.7240527343750001 0.524677734375 0.7417675781249999 0.541728515625 0.7417675781249999 0.541728515625 0.7240527343750001
10 0.5261914062499999 0.318544921875 0.41572265625 0.318544921875 0.41572265625 0.47540039062500006 0.5261914062499999 0.47540039062500006 0.5261914062499999 0.318544921875
10 0.50166015625 0.5277734374999999 0.40021484375 0.5277734374999999 0.40021484375 0.6577734375000001 0.50166015625 0.6577734375000001 0.50166015625 0.5277734374999999
10 0.6430078124999999 0.7676953125 0.49175781250000006 0.7676953125 0.49175781250000006 0.9354296874999999 0.6430078124999999 0.9354296874999999 0.6430078124999999 0.7676953125
10 0.6029394531250001 0.478408203125 0.5835839843749999 0.478408203125 0.5835839843749999 0.497685546875 0.6029394531250001 0.497685546875 0.6029394531250001 0.478408203125
10 0.590654296875 0.53904296875 0.543134765625 0.53904296875 0.543134765625 0.58791015625 0.590654296875 0.58791015625 0.590654296875 0.53904296875
10 0.520234375 0.149755859375 0.49539062500000003 0.149755859375 0.49539062500000003 0.20008789062500001 0.520234375 0.20008789062500001 0.520234375 0.149755859375
10 0.6845703125 0.45086914062499994 0.55859375 0.45086914062499994 0.55859375 0.5950292968750001 0.6845703125 0.5950292968750001 0.6845703125 0.45086914062499994
10 0.52806640625 0.34489257812499996 0.51587890625 0.34489257812499996 0.51587890625 0.373388671875 0.52806640625 0.373388671875 0.52806640625 0.34489257812499996
10 0.357685546875 0.7731054687500001 0.345947265625 0.7731054687500001 0.345947265625 0.7991601562499999 0.357685546875 0.7991601562499999 0.357685546875 0.7731054687500001
10 0.61572265625 0.5684179687500001 0.51904296875 0.5684179687500001 0.51904296875 0.7050195312499999 0.61572265625 0.7050195312499999 0.61572265625 0.5684179687500001
10 0.42626953125 0.847412109375 0.34521484375 0.847412109375 0.34521484375 0.931884765625 0.42626953125 0.931884765625 0.42626953125 0.847412109375
10 0.599599609375 0.5385546875 0.586923828125 0.5385546875 0.586923828125 0.5512890625 0.599599609375 0.5512890625 0.599599609375 0.5385546875
10 0.6268652343750001 0.9073828125000001 0.5313378906249999 0.9073828125000001 0.5313378906249999 0.9754296874999999 0.6268652343750001 0.9754296874999999 0.6268652343750001 0.9073828125000001
10 0.475439453125 0.6128125 0.41666992187499996 0.6128125 0.41666992187499996 0.6713671875 0.475439453125 0.6713671875 0.475439453125 0.6128125
10 0.469619140625 0.48919921874999994 0.423935546875 0.48919921874999994 0.423935546875 0.5352148437500001 0.469619140625 0.5352148437500001 0.469619140625 0.48919921874999994