0 0.552900390625 0.483623046875 0.514326171875 0.483623046875 0.514326171875 0.538056640625 0.552900390625 0.538056640625 0.552900390625 0.483623046875
0 0.24603515625 0.38528320312500003 0.20490234375 0.38528320312500003 0.20490234375 0.43600585937499997 0.24603515625 0.43600585937499997 0.24603515625 0.38528320312500003
0 0.581787109375 0.6569238281249999 0.541259765625 0.6569238281249999 0.541259765625 0.7024511718750001 0.581787109375 0.7024511718750001 0.581787109375 0.6569238281249999
0 0.204990234375 0.5147265625 0.165126953125 0.5147265625 0.165126953125 0.5594921875 0.204990234375 0.5594921875 0.204990234375 0.5147265625
0 0.36892578125000003 0.708251953125 0.34005859374999997 0.708251953125 0.34005859374999997 0.740966796875 0.36892578125000003 0.740966796875 0.36892578125000003 0.708251953125
0 0.181376953125 0.6897851562499999 0.145771484375 0.6897851562499999 0.145771484375 0.7242773437500001 0.181376953125 0.7242773437500001 0.181376953125 0.6897851562499999
0 0.29345703125 0.827392578125 0.25048828125 0.827392578125 0.25048828125 0.870849609375 0.29345703125 0.870849609375 0.29345703125 0.827392578125
0 0.43011718749999994 0.42474609374999994 0.40046875000000004 0.42474609374999994 0.40046875000000004 0.45318359375000006 0.43011718749999994 0.45318359375000006 0.43011718749999994 0.42474609374999994
0 0.48921875000000004 0.682265625 0.46050781250000006 0.682265625 0.46050781250000006 0.7191015625 0.48921875000000004 0.7191015625 0.48921875000000004 0.682265625
0 0.41322265625 0.6366601562499999 0.37974609375 0.6366601562499999 0.37974609375 0.6680273437500001 0.41322265625 0.6680273437500001 0.41322265625 0.6366601562499999
0 0.5210839843749999 0.42423828124999996 0.492587890625 0.42423828124999996 0.492587890625 0.45029296875 0.5210839843749999 0.45029296875 0.5210839843749999 0.42423828124999996
0 0.917998046875 0.781943359375 0.893525390625 0.781943359375 0.893525390625 0.804970703125 0.917998046875 0.804970703125 0.917998046875 0.781943359375
0 0.5050683593749999 0.15074218749999999 0.48469726562500004 0.15074218749999999 0.48469726562500004 0.1698046875 0.5050683593749999 0.1698046875 0.5050683593749999 0.15074218749999999
0 0.6455957031249999 0.22787109375 0.5790136718750001 0.22787109375 0.5790136718750001 0.33853515624999997 0.6455957031249999 0.33853515624999997 0.6455957031249999 0.22787109375
0 0.4291796875 0.5087890625 0.40628906249999996 0.5087890625 0.40628906249999996 0.5302734375 0.4291796875 0.5302734375 0.4291796875 0.5087890625
0 0.48460937499999995 0.778154296875 0.46511718750000003 0.778154296875 0.46511718750000003 0.799970703125 0.48460937499999995 0.799970703125 0.48460937499999995 0.778154296875
0 0.331181640625 0.8801074218749999 0.303115234375 0.8801074218749999 0.303115234375 0.9099316406250001 0.331181640625 0.9099316406250001 0.331181640625 0.8801074218749999
0 0.561328125 0.860146484375 0.5451171875 0.860146484375 0.5451171875 0.878134765625 0.561328125 0.878134765625 0.561328125 0.860146484375
0 0.20129882812500002 0.340517578125 0.18104492187500001 0.340517578125 0.18104492187500001 0.361630859375 0.20129882812500002 0.361630859375 0.20129882812500002 0.340517578125
0 0.283427734375 0.139423828125 0.24489257812499998 0.139423828125 0.24489257812499998 0.186748046875 0.283427734375 0.186748046875 0.283427734375 0.139423828125
0 0.48028320312500006 0.8852343749999999 0.46065429687500004 0.8852343749999999 0.46065429687500004 0.9341015625000001 0.48028320312500006 0.9341015625000001 0.48028320312500006 0.8852343749999999
0 0.817578125 0.919775390625 0.80546875 0.919775390625 0.80546875 0.931787109375 0.817578125 0.931787109375 0.817578125 0.919775390625
0 0.042060546875 0.41496093749999996 0.021923828125 0.41496093749999996 0.021923828125 0.43125 0.042060546875 0.43125 0.042060546875 0.41496093749999996
0 0.530009765625 0.930810546875 0.508076171875 0.930810546875 0.508076171875 0.949072265625 0.530009765625 0.949072265625 0.530009765625 0.930810546875
0 0.09006835937499999 0.29517578125 0.066064453125 0.29517578125 0.066064453125 0.31810546875 0.09006835937499999 0.31810546875 0.09006835937499999 0.29517578125
0 0.85439453125 0.9056835937500001 0.84091796875 0.9056835937500001 0.84091796875 0.9175585937499999 0.85439453125 0.9175585937499999 0.85439453125 0.9056835937500001
0 0.25958984375 0.563427734375 0.24287109375 0.563427734375 0.24287109375 0.582080078125 0.25958984375 0.582080078125 0.25958984375 0.563427734375
0 1 0.9396777343749999 0.991005859375 0.9396777343749999 0.991005859375 0.9646191406250001 1 0.9646191406250001 1 0.9396777343749999
0 0.506376953125 0.21960937500000002 0.49315429687499995 0.21960937500000002 0.49315429687499995 0.23304687500000001 0.506376953125 0.23304687500000001 0.506376953125 0.21960937500000002
2 0.47265625 0 0.36328125 0.158203125 0.34765625 0.1953125 0.2734375 0.263671875 0.240234375 0.3046875 0.2109375 0.41015625 0.171875 0.455078125 0.162109375 0.482421875 0.111328125 0.564453125 0.087890625 0.666015625 0.083984375 0.728515625 0.095703125 0.796875 0.109375 0.826171875 0.12890625 0.849609375 0.1640625 0.875 0.25 0.916015625 0.3515625 0.9453125 0.392578125 0.947265625 0.453125 0.9765625 0.470703125 0.9765625 0.517578125 0.953125 0.544921875 0.95703125 0.58203125 0.923828125 0.59765625 0.92578125 0.595703125 0.8984375 0.66015625 0.8046875 0.685546875 0.75390625 0.693359375 0.724609375 0.693359375 0.693359375 0.6796875 0.6171875 0.66015625 0.568359375 0.640625 0.55859375 0.640625 0.541015625 0.6640625 0.51953125 0.677734375 0.458984375 0.67578125 0.412109375 0.662109375 0.36328125 0.615234375 0.26171875 0.587890625 0.181640625 0.546875 0.103515625 0.513671875 0 0.47265625 0