10 0.150390625 0.462890625 0.056640625 0.462890625 0.056640625 0.5390625 0.150390625 0.5390625 0.150390625 0.462890625
10 0.145908203125 0.45065429687499997 0.072724609375 0.45065429687499997 0.072724609375 0.532744140625 0.145908203125 0.532744140625 0.145908203125 0.45065429687499997
10 0.243349609375 0.541474609375 0.10211914062500001 0.541474609375 0.10211914062500001 0.663603515625 0.243349609375 0.663603515625 0.243349609375 0.541474609375
10 0.52015625 0.5764746093750001 0.3338671875 0.5764746093750001 0.3338671875 0.7067285156249999 0.52015625 0.7067285156249999 0.52015625 0.5764746093750001
10 0.7398339843749999 0.275146484375 0.6351660156250001 0.275146484375 0.6351660156250001 0.352783203125 0.7398339843749999 0.352783203125 0.7398339843749999 0.275146484375
10 0.535283203125 0.506708984375 0.129755859375 0.506708984375 0.129755859375 0.698369140625 0.535283203125 0.698369140625 0.535283203125 0.506708984375
10 0.7750878906249999 0.444208984375 0.6233496093750001 0.444208984375 0.6233496093750001 0.596806640625 0.7750878906249999 0.596806640625 0.7750878906249999 0.444208984375
10 0.541630859375 0.338623046875 0.24352539062499998 0.338623046875 0.24352539062499998 0.546142578125 0.541630859375 0.546142578125 0.541630859375 0.338623046875
10 0.749755859375 0.492275390625 0.679931640625 0.492275390625 0.679931640625 0.5653417968750001 0.749755859375 0.5653417968750001 0.749755859375 0.492275390625
10 0.7150292968749999 0.6159375 0.5388769531250001 0.6159375 0.5388769531250001 0.7131640625 0.7150292968749999 0.7131640625 0.7150292968749999 0.6159375
10 0.567880859375 0.453486328125 0.350595703125 0.453486328125 0.350595703125 0.607060546875 0.567880859375 0.607060546875 0.567880859375 0.453486328125
10 0.46986328125 0.43116210937500005 0.31580078125 0.43116210937500005 0.31580078125 0.542978515625 0.46986328125 0.542978515625 0.46986328125 0.43116210937500005
10 0.43377929687499994 0.39783203125 0.336728515625 0.39783203125 0.336728515625 0.49037109375 0.43377929687499994 0.49037109375 0.43377929687499994 0.39783203125
10 0.8025 0.311640625 0.0651953125 0.311640625 0.0651953125 0.696171875 0.8025 0.696171875 0.8025 0.311640625
10 0.372568359375 0.31830078125 0.119384765625 0.31830078125 0.119384765625 0.46587890625000006 0.372568359375 0.46587890625000006 0.372568359375 0.31830078125
10 0.8415234375 0.5481835937499999 0.78640625 0.5481835937499999 0.78640625 0.6139257812500001 0.8415234375 0.6139257812500001 0.8415234375 0.5481835937499999
10 0.6156347656250001 0.4680859375 0.5796777343749999 0.4680859375 0.5796777343749999 0.4987109375 0.6156347656250001 0.4987109375 0.6156347656250001 0.4680859375
10 0.21659179687500002 0.470947265625 0.181376953125 0.470947265625 0.181376953125 0.517333984375 0.21659179687500002 0.517333984375 0.21659179687500002 0.470947265625
10 0.5867578124999999 0.5333203125 0.5538671875000001 0.5333203125 0.5538671875000001 0.5819140625 0.5867578124999999 0.5819140625 0.5867578124999999 0.5333203125
10 0.125888671875 0.41830078125 0.10325195312499999 0.41830078125 0.10325195312499999 0.43962890625 0.125888671875 0.43962890625 0.125888671875 0.41830078125
10 0.25732421875 0.356884765625 0.01439453125 0.356884765625 0.01439453125 0.5762402343749999 0.25732421875 0.5762402343749999 0.25732421875 0.356884765625
2 0.34765625 0.7421875 0.53515625 0.755859375 0.66015625 0.796875 0.71484375 0.802734375 0.755859375 0.787109375 0.783203125 0.763671875 0.82421875 0.6796875 0.849609375 0.53125 0.849609375 0.44921875 0.83984375 0.384765625 0.818359375 0.341796875 0.77734375 0.30078125 0.75 0.27734375 0.703125 0.255859375 0.6640625 0.248046875 0.59375 0.267578125 0.4921875 0.275390625 0.375 0.298828125 0.3046875 0.296875 0.2421875 0.3046875 0.04296875 0.416015625 0.00390625 0.453125 0 0.591796875 0.087890625 0.654296875 0.220703125 0.716796875 0.34765625 0.7421875