0 0.578125 0.5546875 0.513671875 0.5546875 0.513671875 0.638671875 0.578125 0.638671875 0.578125 0.5546875
0 0.736787109375 0.5661328125 0.686064453125 0.5661328125 0.686064453125 0.61453125 0.736787109375 0.61453125 0.736787109375 0.5661328125
0 0.41715820312499996 0.75333984375 0.37483398437500004 0.75333984375 0.37483398437500004 0.8033007812499999 0.41715820312499996 0.8033007812499999 0.41715820312499996 0.75333984375
0 0.641865234375 0.75974609375 0.596416015625 0.75974609375 0.596416015625 0.8017773437500001 0.641865234375 0.8017773437500001 0.641865234375 0.75974609375
0 0.66099609375 0.17556640625 0.62708984375 0.17556640625 0.62708984375 0.20748046874999998 0.66099609375 0.20748046874999998 0.66099609375 0.17556640625
0 0.63798828125 0.47111328124999996 0.60419921875 0.47111328124999996 0.60419921875 0.49912109375 0.63798828125 0.49912109375 0.63798828125 0.47111328124999996
0 0.6912304687499999 0.6765722656250001 0.6661914062500001 0.6765722656250001 0.6661914062500001 0.7091699218749999 0.6912304687499999 0.7091699218749999 0.6912304687499999 0.6765722656250001
0 0.58029296875 0.043974609375 0.55642578125 0.043974609375 0.55642578125 0.070166015625 0.58029296875 0.070166015625 0.58029296875 0.043974609375
0 0.47833007812500006 0.837998046875 0.45916992187499994 0.837998046875 0.45916992187499994 0.866103515625 0.47833007812500006 0.866103515625 0.47833007812500006 0.837998046875
0 0.14765625 0.42142578124999996 0.1248046875 0.42142578124999996 0.1248046875 0.44041015625 0.14765625 0.44041015625 0.14765625 0.42142578124999996
0 0.23239257812499997 0.6310156250000001 0.21170898437500002 0.6310156250000001 0.21170898437500002 0.6531640624999999 0.23239257812499997 0.6531640624999999 0.23239257812499997 0.6310156250000001
0 0.2785546875 0.2321875 0.25613281250000003 0.2321875 0.25613281250000003 0.2551171875 0.2785546875 0.2551171875 0.2785546875 0.2321875
0 0.814248046875 0.843779296875 0.786337890625 0.843779296875 0.786337890625 0.867158203125 0.814248046875 0.867158203125 0.814248046875 0.843779296875
0 0.822119140625 0.7904589843750001 0.801904296875 0.7904589843750001 0.801904296875 0.808173828125 0.822119140625 0.808173828125 0.822119140625 0.7904589843750001
0 0.8404199218749999 0.8319042968750001 0.8197363281250001 0.8319042968750001 0.8197363281250001 0.8526660156249999 0.8404199218749999 0.8526660156249999 0.8404199218749999 0.8319042968750001
0 0.2886328125 0.7259375 0.2719140625 0.7259375 0.2719140625 0.7418359375 0.2886328125 0.7418359375 0.2886328125 0.7259375
0 0.754169921875 0.90171875 0.724345703125 0.90171875 0.724345703125 0.920546875 0.754169921875 0.920546875 0.754169921875 0.90171875
0 0.9596972656249999 1 0.9596972656249999 0.9693261718749999 0.9260449218750001 0.9693261718749999 0.9260449218750001 1 0.9596972656249999 1
0 0.576435546875 1 0.576435546875 0.9706640625 0.534892578125 0.9706640625 0.534892578125 1 0.576435546875 1
0 0.710615234375 0.3319921875 0.692705078125 0.3319921875 0.692705078125 0.3491796875 0.710615234375 0.3491796875 0.710615234375 0.3319921875
0 0.8172949218750001 0.815908203125 0.7979394531249999 0.815908203125 0.7979394531249999 0.836435546875 0.8172949218750001 0.836435546875 0.8172949218750001 0.815908203125
0 0.3683984375 0.396708984375 0.355234375 0.396708984375 0.355234375 0.40848632812499996 0.3683984375 0.40848632812499996 0.3683984375 0.396708984375
0 0.6355859374999999 0.695849609375 0.6134375000000001 0.695849609375 0.6134375000000001 0.716259765625 0.6355859374999999 0.716259765625 0.6355859374999999 0.695849609375
0 0.33955078125 0.5956640625 0.31279296875 0.5956640625 0.31279296875 0.6084375 0.33955078125 0.6084375 0.33955078125 0.5956640625
0 0.475673828125 0.29080078125000003 0.461826171875 0.29080078125000003 0.461826171875 0.30443359375 0.475673828125 0.30443359375 0.475673828125 0.29080078125000003
0 0.7518652343750001 0.50029296875 0.7325097656249999 0.50029296875 0.7325097656249999 0.51728515625 0.7518652343750001 0.51728515625 0.7518652343750001 0.50029296875
0 0.87064453125 0.8167675781250001 0.85689453125 0.8167675781250001 0.85689453125 0.8316699218749999 0.87064453125 0.8316699218749999 0.87064453125 0.8167675781250001
0 0.36568359375 0.77931640625 0.35208984375 0.77931640625 0.35208984375 0.8085742187499999 0.36568359375 0.8085742187499999 0.36568359375 0.77931640625
0 0.468212890625 0.8994921874999999 0.433662109375 0.8994921874999999 0.433662109375 0.9344921875000001 0.468212890625 0.9344921875000001 0.468212890625 0.8994921874999999
0 0.46857421875 0.5979882812499999 0.45623046875 0.5979882812499999 0.45623046875 0.6236914062500001 0.46857421875 0.6236914062500001 0.46857421875 0.5979882812499999
0 0.730517578125 0.40568359374999996 0.718701171875 0.40568359374999996 0.718701171875 0.41658203125000004 0.730517578125 0.41658203125000004 0.730517578125 0.40568359374999996
0 0.5935546875 0.12347656250000001 0.57734375 0.12347656250000001 0.57734375 0.1360546875 0.5935546875 0.1360546875 0.5935546875 0.12347656250000001
0 0.49588867187499996 0.101416015625 0.48165039062500004 0.101416015625 0.48165039062500004 0.11756835937500001 0.49588867187499996 0.11756835937500001 0.49588867187499996 0.101416015625
0 0.407001953125 0.44807617187500004 0.395263671875 0.44807617187500004 0.395263671875 0.45868164062499994 0.407001953125 0.45868164062499994 0.407001953125 0.44807617187500004
0 0.836435546875 0.9574023437499999 0.821767578125 0.9574023437499999 0.821767578125 0.9713085937500001 0.836435546875 0.9713085937500001 0.836435546875 0.9574023437499999
2 0.2421875 0.810546875 0.38671875 0.87109375 0.42578125 0.8984375 0.443359375 0.89453125 0.455078125 0.904296875 0.568359375 0.873046875 0.623046875 0.841796875 0.650390625 0.81640625 0.73046875 0.677734375 0.77734375 0.4453125 0.779296875 0.390625 0.76953125 0.3515625 0.69921875 0.19921875 0.6243496093750001 0.12434960937499999 0.60546875 0.08984375 0.603515625 0.03515625 0.59375 0 0.546875 0.005859375 0.490234375 0.0625 0.4140625 0.095703125 0.365234375 0.13671875 0.30859375 0.169921875 0.228515625 0.263671875 0.1875 0.283203125 0.140625 0.328125 0.12109375 0.400390625 0.083984375 0.6328125 0.1015625 0.68359375 0.15625 0.748046875 0.2421875 0.810546875