10 0.529296875 0.513671875 0.447265625 0.513671875 0.447265625 0.59375 0.529296875 0.59375 0.529296875 0.513671875
10 0.5505078125 0.48562500000000003 0.45828125000000003 0.48562500000000003 0.45828125000000003 0.60421875 0.5505078125 0.60421875 0.5505078125 0.48562500000000003
10 0.5578027343749999 0.5337500000000001 0.44903320312500006 0.5337500000000001 0.44903320312500006 0.7084374999999999 0.5578027343749999 0.7084374999999999 0.5578027343749999 0.5337500000000001
10 0.49697265625 0.59640625 0.44103515625 0.59640625 0.44103515625 0.67703125 0.49697265625 0.67703125 0.49697265625 0.59640625
10 0.5094335937500001 0.44891601562499994 0.45833984375 0.44891601562499994 0.45833984375 0.5071386718750001 0.5094335937500001 0.5071386718750001 0.5094335937500001 0.44891601562499994
10 0.601103515625 0.702021484375 0.519013671875 0.702021484375 0.519013671875 0.799931640625 0.601103515625 0.799931640625 0.601103515625 0.702021484375
10 0.454833984375 0.327587890625 0.329345703125 0.327587890625 0.329345703125 0.5303417968749999 0.454833984375 0.5303417968749999 0.454833984375 0.327587890625
10 0.5663476562499999 0.29281250000000003 0.47955078125000006 0.29281250000000003 0.47955078125000006 0.4025 0.5663476562499999 0.4025 0.5663476562499999 0.29281250000000003
10 0.6537207031250001 0.5138281250000001 0.5816308593749999 0.5138281250000001 0.5816308593749999 0.6248437499999999 0.6537207031250001 0.6248437499999999 0.6537207031250001 0.5138281250000001
10 0.49330078125 0.545546875 0.46130859375 0.545546875 0.46130859375 0.5804296875 0.49330078125 0.5804296875 0.49330078125 0.545546875
10 0.40374999999999994 0.610595703125 0.3071875 0.610595703125 0.3071875 0.783935546875 0.40374999999999994 0.783935546875 0.40374999999999994 0.610595703125
10 0.47699218749999994 0.70912109375 0.44000000000000006 0.70912109375 0.44000000000000006 0.75962890625 0.47699218749999994 0.75962890625 0.47699218749999994 0.70912109375
10 0.69861328125 0.661005859375 0.69103515625 0.661005859375 0.69103515625 0.672001953125 0.69861328125 0.672001953125 0.69861328125 0.661005859375
10 0.6420019531250001 0.668720703125 0.6333886718749999 0.668720703125 0.6333886718749999 0.676982421875 0.6420019531250001 0.676982421875 0.6420019531250001 0.668720703125
10 0.436669921875 0.6212109375 0.425634765625 0.6212109375 0.425634765625 0.6307421875 0.436669921875 0.6307421875 0.436669921875 0.6212109375
10 0.46896484374999997 0.5625878906249999 0.45537109375 0.5625878906249999 0.45537109375 0.5809667968750001 0.46896484374999997 0.5809667968750001 0.46896484374999997 0.5625878906249999
10 0.5667578125 0.7750390625 0.5543359375 0.7750390625 0.5543359375 0.7874609375 0.5667578125 0.7874609375 0.5667578125 0.7750390625
10 0.6327539062499999 0.422724609375 0.48833984375000006 0.422724609375 0.48833984375000006 0.607548828125 0.6327539062499999 0.607548828125 0.6327539062499999 0.422724609375
10 0.5450097656249999 0.7547265624999999 0.5223730468750001 0.7547265624999999 0.5223730468750001 0.7862890625000001 0.5450097656249999 0.7862890625000001 0.5450097656249999 0.7547265624999999
10 0.3991796875 0.797412109375 0.3816015625 0.797412109375 0.3816015625 0.811962890625 0.3991796875 0.811962890625 0.3991796875 0.797412109375
10 0.525986328125 0.83857421875 0.478896484375 0.83857421875 0.478896484375 0.89091796875 0.525986328125 0.89091796875 0.525986328125 0.83857421875
2 0.3671875 0.931640625 0.4140625 0.9453125 0.4453125 0.93359375 0.623046875 0.810546875 0.67578125 0.767578125 0.69921875 0.732421875 0.705078125 0.689453125 0.677734375 0.6171875 0.646484375 0.48828125 0.65625 0.435546875 0.654296875 0.400390625 0.60546875 0.244140625 0.529296875 0.044921875 0.5234375 0.01171875 0.51171875 0 0.4921875 0.005859375 0.333984375 0.283203125 0.314453125 0.388671875 0.318359375 0.474609375 0.283203125 0.630859375 0.275390625 0.73046875 0.296875 0.80859375 0.3515625 0.919921875 0.3671875 0.931640625