0 0.5734375 0.740693359375 0.52296875 0.740693359375 0.52296875 0.796728515625 0.5734375 0.796728515625 0.5734375 0.740693359375
0 0.597294921875 0.619013671875 0.555048828125 0.619013671875 0.555048828125 0.651494140625 0.597294921875 0.651494140625 0.597294921875 0.619013671875
0 0.373310546875 0.5058984375 0.339580078125 0.5058984375 0.339580078125 0.5331640625 0.373310546875 0.5331640625 0.373310546875 0.5058984375
0 0.68859375 0.368046875 0.6600390625 0.368046875 0.6600390625 0.401015625 0.68859375 0.401015625 0.68859375 0.368046875
0 0.512529296875 0.435966796875 0.49235351562499996 0.435966796875 0.49235351562499996 0.453212890625 0.512529296875 0.453212890625 0.512529296875 0.435966796875
0 0.47380859375 0.61515625 0.43099609375 0.61515625 0.43099609375 0.6533984375 0.47380859375 0.6533984375 0.47380859375 0.61515625
0 0.59615234375 0.364697265625 0.57474609375 0.364697265625 0.57474609375 0.380419921875 0.59615234375 0.380419921875 0.59615234375 0.364697265625
0 0.5419140625 0.21651367187499998 0.5205859375 0.21651367187499998 0.5205859375 0.238095703125 0.5419140625 0.238095703125 0.5419140625 0.21651367187499998
0 0.3759375 0.6514257812500001 0.3472265625 0.6514257812500001 0.3472265625 0.6835351562499999 0.3759375 0.6835351562499999 0.3759375 0.6514257812500001
0 0.51630859375 0.5785449218750001 0.50224609375 0.5785449218750001 0.50224609375 0.5913769531249999 0.51630859375 0.5913769531249999 0.51630859375 0.5785449218750001
0 0.473515625 0.298779296875 0.4605859375 0.298779296875 0.4605859375 0.314501953125 0.473515625 0.314501953125 0.473515625 0.298779296875
0 0.6615624999999999 0.35259765625 0.6431250000000001 0.35259765625 0.6431250000000001 0.36861328125 0.6615624999999999 0.36861328125 0.6615624999999999 0.35259765625
0 0.655380859375 0.77673828125 0.639541015625 0.77673828125 0.639541015625 0.79650390625 0.655380859375 0.79650390625 0.655380859375 0.77673828125
0 0.68396484375 0.688525390625 0.65197265625 0.688525390625 0.65197265625 0.727490234375 0.68396484375 0.727490234375 0.68396484375 0.688525390625
2 0.41796875 0.794921875 0.5078125 0.806640625 0.58203125 0.806640625 0.640625 0.794921875 0.64453125 0.78515625 0.67578125 0.779296875 0.708984375 0.74609375 0.748046875 0.66796875 0.748046875 0.556640625 0.708984375 0.421875 0.64453125 0.341796875 0.587890625 0.322265625 0.5625 0.23828125 0.533203125 0.20703125 0.509765625 0.208984375 0.5 0.21875 0.421875 0.33203125 0.400390625 0.376953125 0.361328125 0.423828125 0.345703125 0.482421875 0.3046875 0.564453125 0.314453125 0.6875 0.326171875 0.732421875 0.3671875 0.77734375 0.41796875 0.794921875