10 0.296875 0.3359375 0.154296875 0.3359375 0.154296875 0.455078125 0.296875 0.455078125 0.296875 0.3359375
10 0.564345703125 0.44769531249999994 0.21741210937500002 0.44769531249999994 0.21741210937500002 0.6558203125000001 0.564345703125 0.6558203125000001 0.564345703125 0.44769531249999994
10 0.7900390625 0.48382812499999994 0.51171875 0.48382812499999994 0.51171875 0.6948828125000001 0.7900390625 0.6948828125000001 0.7900390625 0.48382812499999994
10 0.240419921875 0.6310449218749999 0.084775390625 0.6310449218749999 0.084775390625 0.7351660156250001 0.240419921875 0.7351660156250001 0.240419921875 0.6310449218749999
10 0.45478515625 0.468623046875 0.27326171875 0.468623046875 0.27326171875 0.587041015625 0.45478515625 0.587041015625 0.45478515625 0.468623046875
10 0.87619140625 0.569853515625 0.77224609375 0.569853515625 0.77224609375 0.638154296875 0.87619140625 0.638154296875 0.87619140625 0.569853515625
10 0.403935546875 0.5713476562500001 0.187861328125 0.5713476562500001 0.187861328125 0.6942773437499999 0.403935546875 0.6942773437499999 0.403935546875 0.5713476562500001
10 0.7189062500000001 0.67607421875 0.6375390624999999 0.67607421875 0.6375390624999999 0.73603515625 0.7189062500000001 0.73603515625 0.7189062500000001 0.67607421875
10 0.223076171875 0.56017578125 0.076962890625 0.56017578125 0.076962890625 0.65271484375 0.223076171875 0.65271484375 0.223076171875 0.56017578125
10 0.41029296875 0.751572265625 0.27478515625 0.751572265625 0.27478515625 0.804091796875 0.41029296875 0.804091796875 0.41029296875 0.751572265625
10 0.531689453125 0.5594140624999999 0.386787109375 0.5594140624999999 0.386787109375 0.6476171875000001 0.531689453125 0.6476171875000001 0.531689453125 0.5594140624999999
10 0.7322363281250001 0.440302734375 0.5509667968749999 0.440302734375 0.5509667968749999 0.575322265625 0.7322363281250001 0.575322265625 0.7322363281250001 0.440302734375
10 0.544921875 0.30045898437499996 0.2861328125 0.30045898437499996 0.2861328125 0.417822265625 0.544921875 0.417822265625 0.544921875 0.30045898437499996
10 0.5340625 0.3441796875 0.1290234375 0.3441796875 0.1290234375 0.5366796875000001 0.5340625 0.5366796875000001 0.5340625 0.3441796875
10 0.50806640625 0.323349609375 0.42115234375000005 0.323349609375 0.42115234375000005 0.369033203125 0.50806640625 0.369033203125 0.50806640625 0.323349609375
10 0.865966796875 0.36193359375 0.107666015625 0.36193359375 0.107666015625 0.75818359375 0.865966796875 0.75818359375 0.865966796875 0.36193359375
10 0.3691796875 0.7724023437499999 0.3022265625 0.7724023437499999 0.3022265625 0.8037695312500001 0.3691796875 0.8037695312500001 0.3691796875 0.7724023437499999
10 0.492529296875 0.5118066406249999 0.39274414062499996 0.5118066406249999 0.39274414062499996 0.5946386718750001 0.492529296875 0.5946386718750001 0.492529296875 0.5118066406249999
10 0.613037109375 0.7289453124999999 0.259033203125 0.7289453124999999 0.259033203125 0.8169531250000001 0.613037109375 0.8169531250000001 0.613037109375 0.7289453124999999
10 0.21042968750000002 0.72302734375 0.1765234375 0.72302734375 0.1765234375 0.75158203125 0.21042968750000002 0.75158203125 0.21042968750000002 0.72302734375
10 0.8848925781249999 0.628046875 0.757685546875 0.628046875 0.757685546875 0.7205859375 0.8848925781249999 0.7205859375 0.8848925781249999 0.628046875
10 0.446220703125 0.3500390625 0.435615234375 0.3500390625 0.435615234375 0.36140625000000004 0.446220703125 0.36140625000000004 0.446220703125 0.3500390625
10 0.523564453125 0.45470703125 0.401240234375 0.45470703125 0.401240234375 0.54919921875 0.523564453125 0.54919921875 0.523564453125 0.45470703125
10 0.556611328125 0.77892578125 0.47463867187500003 0.77892578125 0.47463867187500003 0.8099414062499999 0.556611328125 0.8099414062499999 0.556611328125 0.77892578125
10 0.5836523437500001 0.5022558593750001 0.5100976562499999 0.5022558593750001 0.5100976562499999 0.5778222656249999 0.5836523437500001 0.5778222656249999 0.5836523437500001 0.5022558593750001
10 0.665546875 0.434482421875 0.629375 0.434482421875 0.629375 0.467861328125 0.665546875 0.467861328125 0.665546875 0.434482421875
2 0.078125 0.701171875 0.11328125 0.734375 0.19140625 0.763671875 0.21484375 0.7578125 0.22265625 0.744140625 0.248046875 0.740234375 0.259765625 0.771484375 0.279296875 0.783203125 0.353515625 0.802734375 0.41015625 0.806640625 0.529296875 0.806640625 0.71484375 0.763671875 0.8203125 0.705078125 0.884765625 0.658203125 0.9765625 0.619140625 0.994140625 0.599609375 0.89453125 0.537109375 0.833984375 0.474609375 0.703125 0.388671875 0.48828125 0.3203125 0.263671875 0.2890625 0.212890625 0.294921875 0.193359375 0.3046875 0.103515625 0.375 0.087890625 0.40625 0.05078125 0.580078125 0.05078125 0.60546875 0.09375 0.666015625 0.078125 0.6796875 0.078125 0.701171875