0 0.672490234375 0.7122460937499999 0.595048828125 0.7122460937499999 0.595048828125 0.79322265625 0.672490234375 0.79322265625 0.672490234375 0.7122460937499999
0 0.44510742187499996 0.688369140625 0.39973632812500004 0.688369140625 0.39973632812500004 0.735966796875 0.44510742187499996 0.735966796875 0.44510742187499996 0.688369140625
0 0.526630859375 0.7791796875 0.503642578125 0.7791796875 0.503642578125 0.8048046875000001 0.526630859375 0.8048046875000001 0.526630859375 0.7791796875
0 0.7122167968750001 0.5362109375 0.6911035156249999 0.5362109375 0.6911035156249999 0.5594921875 0.7122167968750001 0.5594921875 0.7122167968750001 0.5362109375
0 0.690810546875 0.29403320312500003 0.661728515625 0.29403320312500003 0.661728515625 0.31924804687499997 0.690810546875 0.31924804687499997 0.690810546875 0.29403320312500003
0 0.5145703125 0.55580078125 0.49324218750000004 0.55580078125 0.49324218750000004 0.57701171875 0.5145703125 0.57701171875 0.5145703125 0.55580078125
0 0.498271484375 0.6731835937499999 0.477314453125 0.6731835937499999 0.477314453125 0.6959570312500001 0.498271484375 0.6959570312500001 0.498271484375 0.6731835937499999
0 0.509658203125 0.61876953125 0.488896484375 0.61876953125 0.488896484375 0.64197265625 0.509658203125 0.64197265625 0.509658203125 0.61876953125
0 0.6440625 0.600078125 0.6166796875 0.600078125 0.6166796875 0.6235546875 0.6440625 0.6235546875 0.6440625 0.600078125
0 0.43083007812499996 0.48933593750000004 0.411474609375 0.48933593750000004 0.411474609375 0.5082421874999999 0.43083007812499996 0.5082421874999999 0.43083007812499996 0.48933593750000004
0 0.28638671875 0.662744140625 0.26927734375 0.662744140625 0.26927734375 0.681005859375 0.28638671875 0.681005859375 0.28638671875 0.662744140625
0 0.6263964843750001 0.48665039062500004 0.6099316406249999 0.48665039062500004 0.6099316406249999 0.502607421875 0.6263964843750001 0.502607421875 0.6263964843750001 0.48665039062500004
0 0.678857421875 0.21975585937500003 0.666845703125 0.21975585937500003 0.666845703125 0.23313476562500002 0.678857421875 0.23313476562500002 0.678857421875 0.21975585937500003
0 0.35837890625 0.537548828125 0.34623046875 0.537548828125 0.34623046875 0.558154296875 0.35837890625 0.558154296875 0.35837890625 0.537548828125
0 0.481708984375 0.52626953125 0.469462890625 0.52626953125 0.469462890625 0.53818359375 0.481708984375 0.53818359375 0.481708984375 0.52626953125
0 0.7416308593750001 0.7245214843750001 0.7261425781249999 0.7245214843750001 0.7261425781249999 0.7412988281249999 0.7416308593750001 0.7412988281249999 0.7416308593750001 0.7245214843750001
0 0.5368066406249999 0.5035742187500001 0.5237402343750001 0.5035742187500001 0.5237402343750001 0.5159570312499999 0.5368066406249999 0.5159570312499999 0.5368066406249999 0.5035742187500001
0 0.5873144531250001 0.544599609375 0.5767480468749999 0.544599609375 0.5767480468749999 0.555009765625 0.5873144531250001 0.555009765625 0.5873144531250001 0.544599609375
0 0.48203125 0.418896484375 0.47257812499999996 0.418896484375 0.47257812499999996 0.428759765625 0.48203125 0.428759765625 0.48203125 0.418896484375
0 0.30856445312499997 0.82279296875 0.287646484375 0.82279296875 0.287646484375 0.84419921875 0.30856445312499997 0.84419921875 0.30856445312499997 0.82279296875
0 0.6551855468750001 0.5508496093749999 0.6368066406249999 0.5508496093749999 0.6368066406249999 0.5673144531250001 0.6551855468750001 0.5673144531250001 0.6551855468750001 0.5508496093749999
0 0.425361328125 0.63255859375 0.416943359375 0.63255859375 0.416943359375 0.64185546875 0.425361328125 0.64185546875 0.425361328125 0.63255859375
0 0.6287109375 0.910751953125 0.6115234375 0.910751953125 0.6115234375 0.931044921875 0.6287109375 0.931044921875 0.6287109375 0.910751953125
2 0.53125 0 0.513671875 0.017578125 0.41796875 0.2109375 0.423828125 0.244140625 0.4140625 0.279296875 0.390625 0.2890625 0.380859375 0.2734375 0.37109375 0.2734375 0.345703125 0.30078125 0.302734375 0.419921875 0.2578125 0.505859375 0.21484375 0.646484375 0.21875 0.72265625 0.24609375 0.802734375 0.267578125 0.826171875 0.380859375 0.904296875 0.4765625 0.939453125 0.583984375 0.953125 0.599609375 0.94140625 0.650390625 0.931640625 0.677734375 0.908203125 0.708984375 0.86328125 0.73828125 0.80078125 0.767578125 0.646484375 0.77734375 0.525390625 0.76953125 0.3359375 0.734375 0.208984375 0.705078125 0.1484375 0.625 0.0546875 0.58984375 0 0.53125 0