10 0.41065429687500005 0.33984375 0.335947265625 0.33984375 0.335947265625 0.4581640625 0.41065429687500005 0.4581640625 0.41065429687500005 0.33984375
10 0.43640625 0.347451171875 0.350703125 0.347451171875 0.350703125 0.452861328125 0.43640625 0.452861328125 0.43640625 0.347451171875
10 0.41895507812500005 0.5916113281250001 0.286630859375 0.5916113281250001 0.286630859375 0.7853417968749999 0.41895507812500005 0.7853417968749999 0.41895507812500005 0.5916113281250001
10 0.45217773437500003 0.461669921875 0.35934570312499997 0.461669921875 0.35934570312499997 0.623291015625 0.45217773437500003 0.623291015625 0.45217773437500003 0.461669921875
10 0.703583984375 0.6395898437499999 0.594267578125 0.6395898437499999 0.594267578125 0.7676367187500001 0.703583984375 0.7676367187500001 0.703583984375 0.6395898437499999
10 0.21920898437499997 0.7111230468749999 0.117470703125 0.7111230468749999 0.117470703125 0.8630957031250001 0.21920898437499997 0.8630957031250001 0.21920898437499997 0.7111230468749999
10 0.47193359375000005 0.6829199218750001 0.41041015625000005 0.6829199218750001 0.41041015625000005 0.7702050781249999 0.47193359375000005 0.7702050781249999 0.47193359375000005 0.6829199218750001
10 0.6904882812500001 0.668330078125 0.5018945312499999 0.668330078125 0.5018945312499999 0.8355761718749999 0.6904882812500001 0.8355761718749999 0.6904882812500001 0.668330078125
10 0.448466796875 0.8401464843750001 0.379189453125 0.8401464843750001 0.379189453125 0.9225488281249999 0.448466796875 0.9225488281249999 0.448466796875 0.8401464843750001
10 0.6795312499999999 0.37295898437499997 0.6075781250000001 0.37295898437499997 0.6075781250000001 0.444423828125 0.6795312499999999 0.444423828125 0.6795312499999999 0.37295898437499997
10 0.103359375 0.57275390625 0.0044140625000000005 0.57275390625 0.0044140625000000005 0.72705078125 0.103359375 0.72705078125 0.103359375 0.57275390625
10 0.745732421875 0.43262695312500005 0.666376953125 0.43262695312500005 0.666376953125 0.545419921875 0.745732421875 0.545419921875 0.745732421875 0.43262695312500005
10 0.1726171875 0.9054296875000001 0.072265625 0.9054296875000001 0.072265625 0.9842187499999999 0.1726171875 0.9842187499999999 0.1726171875 0.9054296875000001
10 0.20140625 0.8203906249999999 0.1728515625 0.8203906249999999 0.1728515625 0.8495312500000001 0.20140625 0.8495312500000001 0.20140625 0.8203906249999999
10 0.190576171875 0.748779296875 0.13047851562499999 0.748779296875 0.13047851562499999 0.825439453125 0.190576171875 0.825439453125 0.190576171875 0.748779296875
10 0.6700390625 0.389140625 0.63953125 0.389140625 0.63953125 0.431171875 0.6700390625 0.431171875 0.6700390625 0.389140625
10 0.08083984375 0.759150390625 0.00021484375000000003 0.759150390625 0.00021484375000000003 0.8941699218749999 0.08083984375 0.8941699218749999 0.08083984375 0.759150390625
10 0.48454101562499996 0.13703125 0.404638671875 0.13703125 0.404638671875 0.284609375 0.48454101562499996 0.284609375 0.48454101562499996 0.13703125
10 0.474267578125 0.8196386718750001 0.440302734375 0.8196386718750001 0.440302734375 0.8571191406249999 0.474267578125 0.8571191406249999 0.474267578125 0.8196386718750001
10 0.588271484375 0.59521484375 0.290166015625 0.59521484375 0.290166015625 0.93212890625 0.588271484375 0.93212890625 0.588271484375 0.59521484375
2 0.303431640625 0.339943359375 0.24535546875 0.491634765625 0.25875781249999996 0.5697109375 0.238654296875 0.67232421875 0.254291015625 0.728091796875 0.25875781249999996 0.8351679687500001 0.3146015625 0.946705078125 0.35257421875 0.9623203124999999 0.40841796874999997 0.944474609375 0.508935546875 0.9043203125 0.6384921875 0.8976289062499999 0.70103515625 0.8284765625 0.734541015625 0.759322265625 0.712205078125 0.728091796875 0.72783984375 0.681248046875 0.774748046875 0.627708984375 0.750177734375 0.587556640625 0.776982421875 0.50948046875 0.750177734375 0.41355859375000004 0.6898671875 0.31317578125 0.680931640625 0.264099609375 0.7055039062499999 0.219484375 0.658595703125 0.15479296874999998 0.50446875 0.0075644531249999996 0.47989648437500004 0.0075644531249999996 0.43075390625 0.07002539062499999 0.332470703125 0.19271484375 0.3101328125 0.241791015625 0.303431640625 0.339943359375