0 0.6725 0.634111328125 0.6015625 0.634111328125 0.6015625 0.7081933593749999 0.6725 0.7081933593749999 0.6725 0.634111328125
0 0.3159765625 0.35830078125 0.2665625 0.35830078125 0.2665625 0.39513671875 0.3159765625 0.39513671875 0.3159765625 0.35830078125
0 0.421474609375 0.34189453125 0.373955078125 0.34189453125 0.373955078125 0.38517578124999996 0.421474609375 0.38517578124999996 0.421474609375 0.34189453125
0 0.41769531249999997 0.68552734375 0.37234375000000003 0.68552734375 0.37234375000000003 0.73439453125 0.41769531249999997 0.73439453125 0.41769531249999997 0.68552734375
0 0.485947265625 0.589228515625 0.434951171875 0.589228515625 0.434951171875 0.631474609375 0.485947265625 0.631474609375 0.485947265625 0.589228515625
0 0.5809765625 0.320927734375 0.5420703125 0.320927734375 0.5420703125 0.359267578125 0.5809765625 0.359267578125 0.5809765625 0.320927734375
0 0.590986328125 0.6558496093749999 0.550615234375 0.6558496093749999 0.550615234375 0.6957128906250001 0.590986328125 0.6957128906250001 0.590986328125 0.6558496093749999
0 0.5953710937500001 0.613740234375 0.5638085937499999 0.613740234375 0.5638085937499999 0.645048828125 0.5953710937500001 0.645048828125 0.5953710937500001 0.613740234375
0 0.26896484374999996 0.5309179687500001 0.23740234375 0.5309179687500001 0.23740234375 0.5589257812499999 0.26896484374999996 0.5589257812499999 0.26896484374999996 0.5309179687500001
0 0.694697265625 0.5016015625 0.668583984375 0.5016015625 0.668583984375 0.528671875 0.694697265625 0.528671875 0.694697265625 0.5016015625
0 0.31827148437499997 0.8673046875000001 0.293564453125 0.8673046875000001 0.293564453125 0.8973437499999999 0.31827148437499997 0.8973437499999999 0.31827148437499997 0.8673046875000001
0 0.48478515624999996 0.8834375 0.45908203125 0.8834375 0.45908203125 0.907578125 0.48478515624999996 0.907578125 0.48478515624999996 0.8834375
2 0.24609375 0.822265625 0.291015625 0.908203125 0.337890625 0.939453125 0.38671875 0.953125 0.443359375 0.92578125 0.474609375 0.92578125 0.544921875 0.90625 0.669921875 0.841796875 0.724609375 0.76953125 0.734375 0.7421875 0.734375 0.6953125 0.716796875 0.501953125 0.65625 0.3359375 0.62109375 0.208984375 0.5234375 0 0.474609375 0.001953125 0.408203125 0.099609375 0.310546875 0.216796875 0.251953125 0.365234375 0.220703125 0.537109375 0.22265625 0.61328125 0.21484375 0.685546875 0.2265625 0.765625 0.24609375 0.822265625