0 0.60654296875 0.40840820312500004 0.52126953125 0.40840820312500004 0.52126953125 0.47049804687499996 0.60654296875 0.47049804687499996 0.60654296875 0.40840820312500004
0 0.432958984375 0.6824609374999999 0.36344726562499996 0.6824609374999999 0.36344726562499996 0.7706640625000001 0.432958984375 0.7706640625000001 0.432958984375 0.6824609374999999
0 0.51478515625 0.33875 0.46666015625 0.33875 0.46666015625 0.38734375 0.51478515625 0.38734375 0.51478515625 0.33875
0 0.60197265625 0.8301953125000001 0.55916015625 0.8301953125000001 0.55916015625 0.8787890624999999 0.60197265625 0.8787890624999999 0.60197265625 0.8301953125000001
0 0.79861328125 0.601513671875 0.72677734375 0.601513671875 0.72677734375 0.655322265625 0.79861328125 0.655322265625 0.79861328125 0.601513671875
0 0.614697265625 0.169765625 0.573779296875 0.169765625 0.573779296875 0.2159765625 0.614697265625 0.2159765625 0.614697265625 0.169765625
0 0.669951171875 0.081591796875 0.638642578125 0.081591796875 0.638642578125 0.11700195312499999 0.669951171875 0.11700195312499999 0.669951171875 0.081591796875
0 0.4533203125 0.80048828125 0.4153515625 0.80048828125 0.4153515625 0.85478515625 0.4533203125 0.85478515625 0.4533203125 0.80048828125
0 0.552763671875 0.2236328125 0.518525390625 0.2236328125 0.518525390625 0.2624609375 0.552763671875 0.2624609375 0.552763671875 0.2236328125
0 0.24701171875 0.5774804687499999 0.21099609375 0.5774804687499999 0.21099609375 0.6119726562500001 0.24701171875 0.6119726562500001 0.24701171875 0.5774804687499999
0 0.6831933593749999 0.544912109375 0.6498144531250001 0.544912109375 0.6498144531250001 0.573251953125 0.6831933593749999 0.573251953125 0.6831933593749999 0.544912109375
0 0.44095703124999996 0.4542578125 0.39744140625 0.4542578125 0.39744140625 0.5105859374999999 0.44095703124999996 0.5105859374999999 0.44095703124999996 0.4542578125
0 0.378974609375 0.66837890625 0.350048828125 0.66837890625 0.350048828125 0.70466796875 0.378974609375 0.70466796875 0.378974609375 0.66837890625
0 0.5772363281249999 0.6102636718750001 0.5243261718750001 0.6102636718750001 0.5243261718750001 0.6407128906249999 0.5772363281249999 0.6407128906249999 0.5772363281249999 0.6102636718750001
0 0.52322265625 0.18272460937499999 0.48220703125000003 0.18272460937499999 0.48220703125000003 0.23801757812500002 0.52322265625 0.23801757812500002 0.52322265625 0.18272460937499999
2 0.609375 0 0.52734375 0.080078125 0.48046875 0.162109375 0.4296875 0.224609375 0.369140625 0.27734375 0.328125 0.330078125 0.21484375 0.517578125 0.197265625 0.572265625 0.189453125 0.681640625 0.205078125 0.728515625 0.25390625 0.8046875 0.376953125 0.951171875 0.427734375 0.998046875 0.529296875 0.998046875 0.591796875 0.958984375 0.66015625 0.8984375 0.71875 0.86328125 0.767578125 0.80859375 0.8125 0.740234375 0.818359375 0.669921875 0.79296875 0.619140625 0.80078125 0.580078125 0.78515625 0.453125 0.734375 0.32421875 0.71875 0.25 0.673828125 0.12109375 0.671875 0 0.609375 0