10 0.7523535156250001 0.529951171875 0.592880859375 0.529951171875 0.592880859375 0.671767578125 0.7523535156250001 0.671767578125 0.7523535156250001 0.529951171875
10 0.7609277343749999 0.49554687499999994 0.6130957031250001 0.49554687499999994 0.6130957031250001 0.6753515625000001 0.7609277343749999 0.6753515625000001 0.7609277343749999 0.49554687499999994
10 0.6468164062499999 0.42069335937499996 0.5816992187500001 0.42069335937499996 0.5816992187500001 0.485087890625 0.6468164062499999 0.485087890625 0.6468164062499999 0.42069335937499996
10 0.38962890625 0.5651269531249999 0.30130859375 0.5651269531249999 0.30130859375 0.6917089843750001 0.38962890625 0.6917089843750001 0.38962890625 0.5651269531249999
10 0.98193359375 0.221533203125 0.89892578125 0.221533203125 0.89892578125 0.30924804687499996 0.98193359375 0.30924804687499996 0.98193359375 0.221533203125
10 0.9268847656249999 0.143017578125 0.792841796875 0.143017578125 0.792841796875 0.261787109375 0.9268847656249999 0.261787109375 0.9268847656249999 0.143017578125
10 0.531025390625 0.6292089843750001 0.471904296875 0.6292089843750001 0.471904296875 0.7018457031249999 0.531025390625 0.7018457031249999 0.531025390625 0.6292089843750001
10 0.356728515625 0.30060546875 0.263896484375 0.30060546875 0.263896484375 0.42744140625 0.356728515625 0.42744140625 0.356728515625 0.30060546875
10 0.77169921875 0.752900390625 0.68826171875 0.752900390625 0.68826171875 0.850615234375 0.77169921875 0.850615234375 0.77169921875 0.752900390625
10 1 0.08142578125 0.8814453125 0.08142578125 0.8814453125 0.19642578125000001 1 0.19642578125000001 1 0.08142578125
10 0.98291015625 0.095712890625 0.76025390625 0.095712890625 0.76025390625 0.358896484375 0.98291015625 0.358896484375 0.98291015625 0.095712890625
10 0.9854101562500001 0.0196875 0.8593164062499999 0.0196875 0.8593164062499999 0.081328125 0.9854101562500001 0.081328125 0.9854101562500001 0.0196875
10 0.8084765624999999 0.31708984375 0.698359375 0.31708984375 0.698359375 0.42658203125 0.8084765624999999 0.42658203125 0.8084765624999999 0.31708984375
10 0.9517871093749999 0.24621093749999998 0.9085644531250001 0.24621093749999998 0.9085644531250001 0.2865234375 0.9517871093749999 0.2865234375 0.9517871093749999 0.24621093749999998
10 0.40458007812499996 0.605458984375 0.394755859375 0.605458984375 0.394755859375 0.617197265625 0.40458007812499996 0.617197265625 0.40458007812499996 0.605458984375
10 0.5399804687499999 0.05622070312500001 0.39263671875 0.05622070312500001 0.39263671875 0.274599609375 0.5399804687499999 0.274599609375 0.5399804687499999 0.05622070312500001
10 0.7147753906250001 0.49777343749999997 0.7002636718749999 0.49777343749999997 0.7002636718749999 0.5158984375 0.7147753906250001 0.5158984375 0.7147753906250001 0.49777343749999997
10 0.33005859375 0.388662109375 0.31544921875 0.388662109375 0.31544921875 0.40188476562500003 0.33005859375 0.40188476562500003 0.33005859375 0.388662109375
10 0.5032421874999999 0.248095703125 0.489453125 0.248095703125 0.489453125 0.262646484375 0.5032421874999999 0.262646484375 0.5032421874999999 0.248095703125
10 0.57625 0.23790039062499999 0.564375 0.23790039062499999 0.564375 0.251591796875 0.57625 0.251591796875 0.57625 0.23790039062499999
10 0.51640625 0.654775390625 0.50703125 0.654775390625 0.50703125 0.666513671875 0.51640625 0.666513671875 0.51640625 0.654775390625
10 0.365576171875 0.6079687500000001 0.35563476562499996 0.6079687500000001 0.35563476562499996 0.6195703124999999 0.365576171875 0.6195703124999999 0.365576171875 0.6079687500000001
10 0.9720800781250001 0.34376953125 0.9078027343749999 0.34376953125 0.9078027343749999 0.39646484375 0.9720800781250001 0.39646484375 0.9720800781250001 0.34376953125
10 0.220029296875 0.543173828125 0.209892578125 0.543173828125 0.209892578125 0.553505859375 0.220029296875 0.553505859375 0.220029296875 0.543173828125
10 0.524638671875 0.476474609375 0.517353515625 0.476474609375 0.517353515625 0.486416015625 0.524638671875 0.486416015625 0.524638671875 0.476474609375
10 0.59474609375 0.59166015625 0.58689453125 0.59166015625 0.58689453125 0.60072265625 0.59474609375 0.60072265625 0.59474609375 0.59166015625
10 0.6488574218750001 0.705673828125 0.6411816406249999 0.705673828125 0.6411816406249999 0.714248046875 0.6488574218750001 0.714248046875 0.6488574218750001 0.705673828125
10 0.32697265625 0.6734960937500001 0.31560546875 0.6734960937500001 0.31560546875 0.6829492187499999 0.32697265625 0.6829492187499999 0.32697265625 0.6734960937500001
10 0.7829003906249999 0.002080078125 0.6458105468750001 0.002080078125 0.6458105468750001 0.05084960937500001 0.7829003906249999 0.05084960937500001 0.7829003906249999 0.002080078125
2 0.27734375 0.787109375 0.443359375 0.865234375 0.640625 0.9140625 0.7421875 0.9609375 0.7734375 0.984375 0.787109375 0.982421875 0.80078125 0.8828125 0.86328125 0.6875 0.86328125 0.556640625 0.76953125 0.294921875 0.7265625 0.23828125 0.705078125 0.189453125 0.67578125 0.15625 0.615234375 0.111328125 0.49609375 0.044921875 0.4453125 0.037109375 0.416015625 0.046875 0.20703125 0.267578125 0.15625 0.34375 0.134765625 0.41015625 0.1328125 0.548828125 0.15234375 0.62890625 0.1953125 0.703125 0.27734375 0.787109375