0 0.65861328125 0.57333984375 0.60373046875 0.57333984375 0.60373046875 0.62318359375 0.65861328125 0.62318359375 0.65861328125 0.57333984375
0 0.534931640625 0.5829492187499999 0.505107421875 0.5829492187499999 0.505107421875 0.6143164062500001 0.534931640625 0.6143164062500001 0.534931640625 0.5829492187499999
0 0.38815429687499997 0.60666015625 0.35208007812500003 0.60666015625 0.35208007812500003 0.63943359375 0.38815429687499997 0.63943359375 0.38815429687499997 0.60666015625
0 0.4095703125 0.49723632812499996 0.3809765625 0.49723632812499996 0.3809765625 0.524248046875 0.4095703125 0.524248046875 0.4095703125 0.49723632812499996
0 0.732939453125 0.413916015625 0.693818359375 0.413916015625 0.693818359375 0.45768554687499996 0.732939453125 0.45768554687499996 0.732939453125 0.413916015625
0 0.518203125 0.43975585937500006 0.4847265625 0.43975585937500006 0.4847265625 0.46797851562500004 0.518203125 0.46797851562500004 0.518203125 0.43975585937500006
0 0.692646484375 0.671845703125 0.654033203125 0.671845703125 0.654033203125 0.714873046875 0.692646484375 0.714873046875 0.692646484375 0.671845703125
0 0.66685546875 0.5452734375 0.64564453125 0.5452734375 0.64564453125 0.5641015625 0.66685546875 0.5641015625 0.66685546875 0.5452734375
0 0.38927734375 0.35115234375000004 0.35537109375 0.35115234375000004 0.35537109375 0.37884765625 0.38927734375 0.37884765625 0.38927734375 0.35115234375000004
0 0.72333984375 0.49904296875 0.69462890625 0.49904296875 0.69462890625 0.52830078125 0.72333984375 0.52830078125 0.72333984375 0.49904296875
0 0.6453320312499999 0.68876953125 0.6202929687500001 0.68876953125 0.6202929687500001 0.71943359375 0.6453320312499999 0.71943359375 0.6453320312499999 0.68876953125
0 0.35489257812499997 0.6348242187500001 0.32967773437500003 0.6348242187500001 0.32967773437500003 0.6600976562499999 0.35489257812499997 0.6600976562499999 0.35489257812499997 0.6348242187500001
0 0.5725781249999999 0.719599609375 0.5504687500000001 0.719599609375 0.5504687500000001 0.744267578125 0.5725781249999999 0.744267578125 0.5725781249999999 0.719599609375
0 0.8418164062500001 0.674345703125 0.79978515625 0.674345703125 0.79978515625 0.712373046875 0.8418164062500001 0.712373046875 0.8418164062500001 0.674345703125
0 0.827880859375 0.48727539062499997 0.796142578125 0.48727539062499997 0.796142578125 0.519560546875 0.827880859375 0.519560546875 0.827880859375 0.48727539062499997
0 0.493359375 0.403212890625 0.4705078125 0.403212890625 0.4705078125 0.423466796875 0.493359375 0.423466796875 0.493359375 0.403212890625
0 0.81857421875 0.754619140625 0.77908203125 0.754619140625 0.77908203125 0.784443359375 0.81857421875 0.784443359375 0.81857421875 0.754619140625
0 0.56095703125 0.390390625 0.53962890625 0.390390625 0.53962890625 0.40796875000000005 0.56095703125 0.40796875000000005 0.56095703125 0.390390625
0 0.65068359375 0.77640625 0.62958984375 0.77640625 0.62958984375 0.7948828125 0.65068359375 0.7948828125 0.65068359375 0.77640625
0 0.281962890625 0.60380859375 0.24831054687499998 0.60380859375 0.24831054687499998 0.63251953125 0.281962890625 0.63251953125 0.281962890625 0.60380859375
0 0.183828125 0.505009765625 0.1665234375 0.505009765625 0.1665234375 0.521357421875 0.183828125 0.521357421875 0.183828125 0.505009765625
0 0.276162109375 0.506337890625 0.261923828125 0.506337890625 0.261923828125 0.521005859375 0.276162109375 0.521005859375 0.276162109375 0.506337890625
0 0.376455078125 0.41968750000000005 0.359873046875 0.41968750000000005 0.359873046875 0.43726562500000005 0.376455078125 0.43726562500000005 0.376455078125 0.41968750000000005
0 0.890771484375 0.628427734375 0.863134765625 0.628427734375 0.863134765625 0.651845703125 0.890771484375 0.651845703125 0.890771484375 0.628427734375
0 0.25338867187499997 0.41750976562500003 0.22489257812500002 0.41750976562500003 0.22489257812500002 0.44381835937499997 0.25338867187499997 0.44381835937499997 0.25338867187499997 0.41750976562500003
0 0.301279296875 0.47771484375 0.286611328125 0.47771484375 0.286611328125 0.49103515625 0.301279296875 0.49103515625 0.301279296875 0.47771484375
0 0.73537109375 0.8030957031250001 0.70896484375 0.8030957031250001 0.70896484375 0.8248339843749999 0.73537109375 0.8248339843749999 0.73537109375 0.8030957031250001
0 0.546640625 0.6882910156250001 0.535390625 0.6882910156250001 0.535390625 0.7013574218749999 0.546640625 0.7013574218749999 0.546640625 0.6882910156250001
0 0.63083984375 0.8287109375 0.61623046875 0.8287109375 0.61623046875 0.844140625 0.63083984375 0.844140625 0.63083984375 0.8287109375
0 0.75669921875 0.61109375 0.73939453125 0.61109375 0.73939453125 0.6271875 0.75669921875 0.6271875 0.75669921875 0.61109375
0 0.8908496093749999 0.40840820312500004 0.8435253906250001 0.40840820312500004 0.8435253906250001 0.44463867187500006 0.8908496093749999 0.44463867187500006 0.8908496093749999 0.40840820312500004
0 0.7603417968749999 0.35150390625 0.7464941406250001 0.35150390625 0.7464941406250001 0.36482421875000004 0.7603417968749999 0.36482421875000004 0.7603417968749999 0.35150390625
0 0.571337890625 0.43658203125000006 0.559521484375 0.43658203125000006 0.559521484375 0.44869140625000004 0.571337890625 0.44869140625000004 0.571337890625 0.43658203125000006
0 0.83958984375 0.57962890625 0.82642578125 0.57962890625 0.82642578125 0.59224609375 0.83958984375 0.59224609375 0.83958984375 0.57962890625
0 0.575234375 0.76900390625 0.5644140625 0.76900390625 0.5644140625 0.77982421875 0.575234375 0.77982421875 0.575234375 0.76900390625
0 0.58109375 0.355048828125 0.5702734375 0.355048828125 0.5702734375 0.364677734375 0.58109375 0.364677734375 0.58109375 0.355048828125
2 0.330078125 0.70703125 0.4765625 0.818359375 0.54296875 0.8359375 0.611328125 0.8671875 0.66796875 0.8671875 0.70703125 0.85546875 0.78515625 0.814453125 0.82421875 0.779296875 0.880859375 0.685546875 0.90234375 0.55859375 0.927734375 0.470703125 0.935546875 0.46484375 0.873046875 0.390625 0.810546875 0.337890625 0.755859375 0.3125 0.677734375 0.296875 0.537109375 0.310546875 0.439453125 0.3046875 0.302734375 0.365234375 0.22265625 0.421875 0.142578125 0.44921875 0.083984375 0.4453125 0.095703125 0.466796875 0.14453125 0.5 0.271484375 0.626953125 0.330078125 0.70703125