0 0.63431640625 0.333759765625 0.5846289062500001 0.333759765625 0.5846289062500001 0.386865234375 0.63431640625 0.386865234375 0.63431640625 0.333759765625
0 0.398330078125 0.3633203125 0.373662109375 0.3633203125 0.373662109375 0.3871875 0.398330078125 0.3871875 0.398330078125 0.3633203125
0 0.332958984375 0.453740234375 0.304736328125 0.453740234375 0.304736328125 0.479853515625 0.332958984375 0.479853515625 0.332958984375 0.453740234375
0 0.372255859375 0.58251953125 0.334775390625 0.58251953125 0.334775390625 0.61572265625 0.372255859375 0.61572265625 0.372255859375 0.58251953125
0 0.750615234375 0.600908203125 0.712275390625 0.600908203125 0.712275390625 0.636396484375 0.750615234375 0.636396484375 0.750615234375 0.600908203125
0 0.859091796875 0.517119140625 0.833291015625 0.517119140625 0.833291015625 0.543427734375 0.859091796875 0.543427734375 0.859091796875 0.517119140625
0 0.696044921875 0.39365234375 0.676025390625 0.39365234375 0.676025390625 0.41103515625 0.696044921875 0.41103515625 0.696044921875 0.39365234375
0 0.796796875 0.6087988281250001 0.7627734375 0.6087988281250001 0.7627734375 0.6412011718749999 0.796796875 0.6412011718749999 0.796796875 0.6087988281250001
0 0.664287109375 0.79943359375 0.643330078125 0.79943359375 0.643330078125 0.8236132812499999 0.664287109375 0.8236132812499999 0.664287109375 0.79943359375
0 0.455908203125 0.695361328125 0.42936523437499996 0.695361328125 0.42936523437499996 0.717724609375 0.455908203125 0.717724609375 0.455908203125 0.695361328125
0 0.44521484375 0.479873046875 0.42880859375 0.479873046875 0.42880859375 0.500595703125 0.44521484375 0.500595703125 0.44521484375 0.479873046875
0 0.86890625 0.398369140625 0.847890625 0.398369140625 0.847890625 0.417568359375 0.86890625 0.417568359375 0.86890625 0.398369140625
0 0.230546875 0.5704003906249999 0.2076953125 0.5704003906249999 0.2076953125 0.5965917968750001 0.230546875 0.5965917968750001 0.230546875 0.5704003906249999
0 0.8660546874999999 0.60900390625 0.8439062500000001 0.60900390625 0.8439062500000001 0.63318359375 0.8660546874999999 0.63318359375 0.8660546874999999 0.60900390625
0 0.57580078125 0.3306640625 0.56287109375 0.3306640625 0.56287109375 0.344140625 0.57580078125 0.344140625 0.57580078125 0.3306640625
0 0.22227539062499999 0.470126953125 0.20350585937500001 0.470126953125 0.20350585937500001 0.489833984375 0.22227539062499999 0.489833984375 0.22227539062499999 0.470126953125
0 0.6226269531249999 0.24369140625000002 0.6097949218750001 0.24369140625000002 0.6097949218750001 0.25681640625 0.6226269531249999 0.25681640625 0.6226269531249999 0.24369140625000002
0 0.28681640625 0.41783203125 0.27080078125 0.41783203125 0.27080078125 0.43568359375 0.28681640625 0.43568359375 0.28681640625 0.41783203125
0 0.619609375 0.554033203125 0.6079296875 0.554033203125 0.6079296875 0.566083984375 0.619609375 0.566083984375 0.619609375 0.554033203125
0 0.5462988281250001 0.409033203125 0.5337792968749999 0.409033203125 0.5337792968749999 0.42057617187499996 0.5462988281250001 0.42057617187499996 0.5462988281250001 0.409033203125
0 0.606728515625 0.672109375 0.594443359375 0.672109375 0.594443359375 0.6862890625 0.606728515625 0.6862890625 0.606728515625 0.672109375
0 0.69044921875 0.454638671875 0.67771484375 0.454638671875 0.67771484375 0.46579101562499997 0.69044921875 0.46579101562499997 0.69044921875 0.454638671875
0 0.24857421875000002 0.55904296875 0.23337890625000002 0.55904296875 0.23337890625000002 0.57376953125 0.24857421875000002 0.57376953125 0.24857421875000002 0.55904296875
0 0.932607421875 0.465 0.916025390625 0.465 0.916025390625 0.47984375 0.932607421875 0.47984375 0.932607421875 0.465
0 0.49344726562499996 0.8101464843749999 0.48116210937500004 0.8101464843749999 0.48116210937500004 0.8226660156250001 0.49344726562499996 0.8226660156250001 0.49344726562499996 0.8101464843749999
0 0.28732421874999997 0.662470703125 0.26248046875000003 0.662470703125 0.26248046875000003 0.686162109375 0.28732421874999997 0.686162109375 0.28732421874999997 0.662470703125
0 0.51369140625 0.663828125 0.50095703125 0.663828125 0.50095703125 0.676015625 0.51369140625 0.676015625 0.51369140625 0.663828125
0 0.551005859375 0.28108398437500004 0.539814453125 0.28108398437500004 0.539814453125 0.294619140625 0.551005859375 0.294619140625 0.551005859375 0.28108398437500004
0 0.49557617187499997 0.633642578125 0.484423828125 0.633642578125 0.484423828125 0.645654296875 0.49557617187499997 0.645654296875 0.49557617187499997 0.633642578125
0 0.10658203125000001 0.507197265625 0.08177734375 0.507197265625 0.08177734375 0.528935546875 0.10658203125000001 0.528935546875 0.10658203125000001 0.507197265625
0 0.43972656250000003 0.44434570312500005 0.42894531249999995 0.44434570312500005 0.42894531249999995 0.45459960937500005 0.43972656250000003 0.45459960937500005 0.43972656250000003 0.44434570312500005
0 0.8493066406249999 0.3787109375 0.8342871093750001 0.3787109375 0.8342871093750001 0.39230468749999997 0.8493066406249999 0.39230468749999997 0.8493066406249999 0.3787109375
0 0.820205078125 0.708818359375 0.807724609375 0.708818359375 0.807724609375 0.720869140625 0.820205078125 0.720869140625 0.820205078125 0.708818359375
0 0.809609375 0.37288085937500004 0.7987890625 0.37288085937500004 0.7987890625 0.383486328125 0.809609375 0.383486328125 0.809609375 0.37288085937500004
0 0.37166015625000004 0.40544921875 0.36076171874999996 0.40544921875 0.36076171874999996 0.41779296875 0.37166015625000004 0.41779296875 0.37166015625000004 0.40544921875
0 0.78083984375 0.748310546875 0.76896484375 0.748310546875 0.76896484375 0.759501953125 0.78083984375 0.759501953125 0.78083984375 0.748310546875
0 0.6632714843749999 0.654638671875 0.6521582031250001 0.654638671875 0.6521582031250001 0.665673828125 0.6632714843749999 0.665673828125 0.6632714843749999 0.654638671875
0 0.606220703125 0.750986328125 0.595927734375 0.750986328125 0.595927734375 0.763662109375 0.606220703125 0.763662109375 0.606220703125 0.750986328125
0 0.906484375 0.572373046875 0.894296875 0.572373046875 0.894296875 0.583876953125 0.906484375 0.583876953125 0.906484375 0.572373046875
0 0.6156347656250001 0.19677734375 0.6050683593749999 0.19677734375 0.6050683593749999 0.20802734374999998 0.6156347656250001 0.20802734374999998 0.6156347656250001 0.19677734375
0 0.748193359375 0.530244140625 0.738134765625 0.530244140625 0.738134765625 0.542021484375 0.748193359375 0.542021484375 0.748193359375 0.530244140625
0 0.434013671875 0.356005859375 0.424384765625 0.356005859375 0.424384765625 0.36520507812499997 0.434013671875 0.36520507812499997 0.434013671875 0.356005859375
0 0.392158203125 0.49588867187499996 0.381787109375 0.49588867187499996 0.381787109375 0.507041015625 0.392158203125 0.507041015625 0.392158203125 0.49588867187499996
0 0.598037109375 0.79724609375 0.586533203125 0.79724609375 0.586533203125 0.8101757812500001 0.598037109375 0.8101757812500001 0.598037109375 0.79724609375
0 0.638896484375 0.44319335937500004 0.624775390625 0.44319335937500004 0.624775390625 0.45524414062499996 0.638896484375 0.45524414062499996 0.638896484375 0.44319335937500004
0 0.46107421875 0.5431640625 0.45201171875 0.5431640625 0.45201171875 0.5564453125 0.46107421875 0.5564453125 0.46107421875 0.5431640625
0 0.69826171875 0.663525390625 0.68748046875 0.663525390625 0.68748046875 0.675341796875 0.69826171875 0.675341796875 0.69826171875 0.663525390625
0 0.6542089843750001 0.735673828125 0.6426660156249999 0.735673828125 0.6426660156249999 0.748701171875 0.6542089843750001 0.748701171875 0.6542089843750001 0.735673828125
0 0.597021484375 0.873544921875 0.585595703125 0.873544921875 0.585595703125 0.886220703125 0.597021484375 0.886220703125 0.597021484375 0.873544921875
0 0.13779296875 0.5495019531249999 0.12271484375 0.5495019531249999 0.12271484375 0.5637792968750001 0.13779296875 0.5637792968750001 0.13779296875 0.5495019531249999
2 0.32421875 0.732421875 0.3828125 0.7578125 0.396484375 0.783203125 0.46484375 0.859375 0.533203125 0.8984375 0.65625 0.88671875 0.697265625 0.869140625 0.80859375 0.748046875 0.87109375 0.65234375 0.873046875 0.638671875 0.955078125 0.52734375 0.94921875 0.490234375 0.865234375 0.3984375 0.76953125 0.265625 0.673828125 0.19921875 0.5859375 0.171875 0.525390625 0.18359375 0.4453125 0.2265625 0.3046875 0.37109375 0.228515625 0.41796875 0.142578125 0.490234375 0.07421875 0.51171875 0.07421875 0.525390625 0.09375 0.544921875 0.125 0.5625 0.32421875 0.732421875