10 0.4140625 0.587890625 0.208984375 0.587890625 0.208984375 0.6796875 0.4140625 0.6796875 0.4140625 0.587890625
10 0.379345703125 0.554228515625 0.218818359375 0.554228515625 0.218818359375 0.665498046875 0.379345703125 0.665498046875 0.379345703125 0.554228515625
10 0.7877832031249999 0.54150390625 0.6008886718750001 0.54150390625 0.6008886718750001 0.69482421875 0.7877832031249999 0.69482421875 0.7877832031249999 0.54150390625
10 0.42366210937500004 0.3986328125 0.36247070312499996 0.3986328125 0.36247070312499996 0.445625 0.42366210937500004 0.445625 0.42366210937500004 0.3986328125
10 0.38208984375 0.424931640625 0.18775390625 0.424931640625 0.18775390625 0.550185546875 0.38208984375 0.550185546875 0.38208984375 0.424931640625
10 0.6734960937500001 0.7387109374999999 0.5725976562499999 0.7387109374999999 0.5725976562499999 0.8237890625000001 0.6734960937500001 0.8237890625000001 0.6734960937500001 0.7387109374999999
10 0.9359765624999999 0.11529296874999999 0.8296484375000001 0.11529296874999999 0.8296484375000001 0.22748046875 0.9359765624999999 0.22748046875 0.9359765624999999 0.11529296874999999
10 0.5590625 0.7379785156249999 0.509296875 0.7379785156249999 0.509296875 0.7883886718750001 0.5590625 0.7883886718750001 0.5590625 0.7379785156249999
10 0.619873046875 0.47027343750000006 0.405517578125 0.47027343750000006 0.405517578125 0.6312890624999999 0.619873046875 0.6312890624999999 0.619873046875 0.47027343750000006
10 0.6083984375 0.31775390625 0.296875 0.31775390625 0.296875 0.47572265625 0.6083984375 0.47572265625 0.6083984375 0.31775390625
10 0.1982421875 0.516572265625 0.1271875 0.516572265625 0.1271875 0.581083984375 0.1982421875 0.581083984375 0.1982421875 0.516572265625
10 0.9217578124999999 0.09796875000000001 0.8770703125000001 0.09796875000000001 0.8770703125000001 0.14375 0.9217578124999999 0.14375 0.9217578124999999 0.09796875000000001
10 0.9939550781250001 0.075322265625 0.9103417968749999 0.075322265625 0.9103417968749999 0.260380859375 0.9939550781250001 0.260380859375 0.9939550781250001 0.075322265625
10 0.8128320312499999 0.092197265625 0.7340429687500001 0.092197265625 0.7340429687500001 0.182958984375 0.8128320312499999 0.182958984375 0.8128320312499999 0.092197265625
10 0.662919921875 0.0511328125 0.629072265625 0.0511328125 0.629072265625 0.0866796875 0.662919921875 0.0866796875 0.662919921875 0.0511328125
10 1 0.07575195312500001 0.9596875 0.07575195312500001 0.9596875 0.216748046875 1 0.216748046875 1 0.07575195312500001
10 0.75904296875 0.41552734375 0.15162109375 0.41552734375 0.15162109375 0.71630859375 0.75904296875 0.71630859375 0.75904296875 0.41552734375
10 0.9371386718749999 0.512080078125 0.769892578125 0.512080078125 0.769892578125 0.677373046875 0.9371386718749999 0.677373046875 0.9371386718749999 0.512080078125
10 0.72873046875 0.016318359375 0.68826171875 0.016318359375 0.68826171875 0.051259765624999995 0.72873046875 0.051259765624999995 0.72873046875 0.016318359375
10 0.4390625 0.52958984375 0.42374999999999996 0.52958984375 0.42374999999999996 0.54560546875 0.4390625 0.54560546875 0.4390625 0.52958984375
2 0.025390625 0.470703125 0.0390625 0.47265625 0.046875 0.484375 0.0625 0.541015625 0.09375 0.591796875 0.1796875 0.662109375 0.22265625 0.677734375 0.283203125 0.72265625 0.341796875 0.74609375 0.421875 0.810546875 0.48828125 0.8359375 0.53515625 0.837890625 0.625 0.826171875 0.673828125 0.830078125 0.7109375 0.8203125 0.732421875 0.826171875 0.76953125 0.806640625 0.779296875 0.810546875 0.779296875 0.802734375 0.818359375 0.76953125 0.890625 0.669921875 0.923828125 0.587890625 0.974609375 0.498046875 0.9765625 0.423828125 0.962890625 0.423828125 0.94921875 0.392578125 0.916015625 0.359375 0.857421875 0.318359375 0.75390625 0.271484375 0.5078125 0.251953125 0.443359375 0.263671875 0.357421875 0.296875 0.28125 0.275390625 0.2265625 0.279296875 0.154296875 0.3125 0.07421875 0.37890625 0.05078125 0.421875 0.05078125 0.435546875 0.0234375 0.455078125 0.025390625 0.470703125