0 0.17952148437499998 0.5950585937499999 0.098095703125 0.5950585937499999 0.098095703125 0.67697265625 0.17952148437499998 0.67697265625 0.17952148437499998 0.5950585937499999
0 0.23709960937500002 0.476201171875 0.20700195312499997 0.476201171875 0.20700195312499997 0.503798828125 0.23709960937500002 0.503798828125 0.23709960937500002 0.476201171875
0 0.52607421875 0.451787109375 0.47197265625 0.451787109375 0.47197265625 0.495009765625 0.52607421875 0.495009765625 0.52607421875 0.451787109375
0 0.3944140625 0.5473046874999999 0.3477734375 0.5473046874999999 0.3477734375 0.5942968750000001 0.3944140625 0.5942968750000001 0.3944140625 0.5473046874999999
0 0.6405371093750001 0.539111328125 0.6026269531249999 0.539111328125 0.6026269531249999 0.574169921875 0.6405371093750001 0.574169921875 0.6405371093750001 0.539111328125
0 0.26767578125 0.3475390625 0.23576171875 0.3475390625 0.23576171875 0.37953125 0.26767578125 0.37953125 0.26767578125 0.3475390625
0 0.751572265625 0.35148437499999996 0.712294921875 0.35148437499999996 0.712294921875 0.39460937500000004 0.751572265625 0.39460937500000004 0.751572265625 0.35148437499999996
0 0.435390625 0.35375 0.38589843749999997 0.35375 0.38589843749999997 0.40066406250000003 0.435390625 0.40066406250000003 0.435390625 0.35375
0 0.48185546874999996 0.749150390625 0.45369140625000004 0.749150390625 0.45369140625000004 0.778193359375 0.48185546874999996 0.778193359375 0.48185546874999996 0.749150390625
0 0.8634765625 0.6155859375 0.8328125 0.6155859375 0.8328125 0.654921875 0.8634765625 0.654921875 0.8634765625 0.6155859375
0 0.678662109375 0.90318359375 0.638720703125 0.90318359375 0.638720703125 0.94837890625 0.678662109375 0.94837890625 0.678662109375 0.90318359375
0 0.4226953125 0.855439453125 0.3795703125 0.855439453125 0.3795703125 0.889677734375 0.4226953125 0.889677734375 0.4226953125 0.855439453125
0 0.8544042968750001 0.75734375 0.8145410156249999 0.75734375 0.8145410156249999 0.8032031249999999 0.8544042968750001 0.8032031249999999 0.8544042968750001 0.75734375
0 0.496025390625 0.60501953125 0.475654296875 0.60501953125 0.475654296875 0.62447265625 0.496025390625 0.62447265625 0.496025390625 0.60501953125
0 0.54611328125 0.34635742187499996 0.52419921875 0.34635742187499996 0.52419921875 0.367041015625 0.54611328125 0.367041015625 0.54611328125 0.34635742187499996
0 0.618876953125 0.440576171875 0.598896484375 0.440576171875 0.598896484375 0.460791015625 0.618876953125 0.460791015625 0.618876953125 0.440576171875
0 0.32216796875 0.45042968749999995 0.30087890625 0.45042968749999995 0.30087890625 0.46949218750000005 0.32216796875 0.46949218750000005 0.32216796875 0.45042968749999995
0 0.385380859375 0.149716796875 0.368525390625 0.149716796875 0.368525390625 0.168408203125 0.385380859375 0.168408203125 0.385380859375 0.149716796875
0 0.56791015625 0.41955078125 0.54537109375 0.41955078125 0.54537109375 0.44275390625 0.56791015625 0.44275390625 0.56791015625 0.41955078125
0 0.51169921875 0.674541015625 0.49318359375 0.674541015625 0.49318359375 0.693623046875 0.51169921875 0.693623046875 0.51169921875 0.674541015625
0 0.6948046875 0.6722265625 0.6753125 0.6722265625 0.6753125 0.690078125 0.6948046875 0.690078125 0.6948046875 0.6722265625
0 0.64439453125 0.18134765625 0.62708984375 0.18134765625 0.62708984375 0.19806640625 0.64439453125 0.19806640625 0.64439453125 0.18134765625
0 0.25640625 0.6476171875000001 0.2396875 0.6476171875000001 0.2396875 0.6639062499999999 0.25640625 0.6639062499999999 0.25640625 0.6476171875000001
0 0.65845703125 0.30984375000000003 0.64134765625 0.30984375000000003 0.64134765625 0.32882812499999997 0.65845703125 0.32882812499999997 0.65845703125 0.30984375000000003
0 0.5752734375 0.123193359375 0.5594921875 0.123193359375 0.5594921875 0.143408203125 0.5752734375 0.143408203125 0.5752734375 0.123193359375
0 0.356806640625 0.20845703124999998 0.333154296875 0.20845703124999998 0.333154296875 0.23052734375 0.356806640625 0.23052734375 0.356806640625 0.20845703124999998
0 0.562177734375 0.582021484375 0.546220703125 0.582021484375 0.546220703125 0.596689453125 0.562177734375 0.596689453125 0.562177734375 0.582021484375
0 0.542763671875 0.510576171875 0.523642578125 0.510576171875 0.523642578125 0.528486328125 0.542763671875 0.528486328125 0.542763671875 0.510576171875
0 0.6211523437500001 0.776259765625 0.6044335937499999 0.776259765625 0.6044335937499999 0.792099609375 0.6211523437500001 0.792099609375 0.6211523437500001 0.776259765625
0 0.73982421875 0.513505859375 0.72404296875 0.513505859375 0.72404296875 0.527509765625 0.73982421875 0.527509765625 0.73982421875 0.513505859375
0 0.465751953125 0.21662109375 0.448310546875 0.21662109375 0.448310546875 0.23283203125 0.465751953125 0.23283203125 0.465751953125 0.21662109375
0 0.522138671875 0.26896484374999996 0.509111328125 0.26896484374999996 0.509111328125 0.28330078125 0.522138671875 0.28330078125 0.522138671875 0.26896484374999996
0 0.64212890625 0.6104199218749999 0.62740234375 0.6104199218749999 0.62740234375 0.6249316406250001 0.64212890625 0.6249316406250001 0.64212890625 0.6104199218749999
0 0.47646484375 0.93826171875 0.46251953125 0.93826171875 0.46251953125 0.95138671875 0.47646484375 0.95138671875 0.47646484375 0.93826171875
0 0.379814453125 0.18611328124999998 0.36581054687500003 0.18611328124999998 0.36581054687500003 0.19986328125 0.379814453125 0.19986328125 0.379814453125 0.18611328124999998
0 0.44931640625 0.6222265625000001 0.43740234375 0.6222265625000001 0.43740234375 0.6346093749999999 0.44931640625 0.6346093749999999 0.44931640625 0.6222265625000001
0 0.816611328125 0.70076171875 0.795693359375 0.70076171875 0.795693359375 0.72208984375 0.816611328125 0.72208984375 0.816611328125 0.70076171875
0 0.16912109375 0.77708984375 0.15826171875 0.77708984375 0.15826171875 0.78833984375 0.16912109375 0.78833984375 0.16912109375 0.77708984375
0 0.45171875000000006 0.716923828125 0.44039062500000004 0.716923828125 0.44039062500000004 0.728388671875 0.45171875000000006 0.728388671875 0.45171875000000006 0.716923828125
0 0.414912109375 0.43280273437499994 0.400517578125 0.43280273437499994 0.400517578125 0.44758789062500004 0.414912109375 0.44758789062500004 0.414912109375 0.43280273437499994
0 0.612646484375 0.143193359375 0.599267578125 0.143193359375 0.599267578125 0.158330078125 0.612646484375 0.158330078125 0.612646484375 0.143193359375
0 0.42341796875000004 0.6698339843750001 0.41009765624999994 0.6698339843750001 0.41009765624999994 0.6827050781249999 0.42341796875000004 0.6827050781249999 0.42341796875000004 0.6698339843750001
0 0.40086914062499995 0.0835546875 0.385263671875 0.0835546875 0.385263671875 0.09957031250000001 0.40086914062499995 0.09957031250000001 0.40086914062499995 0.0835546875
0 0.47228515625 0.540380859375 0.45986328125 0.540380859375 0.45986328125 0.552392578125 0.47228515625 0.552392578125 0.47228515625 0.540380859375
0 0.49361328125000004 0.00330078125 0.47955078125000006 0.00330078125 0.47955078125000006 0.01884765625 0.49361328125000004 0.01884765625 0.49361328125000004 0.00330078125
0 0.313359375 0.22396484375 0.299921875 0.22396484375 0.299921875 0.23892578125 0.313359375 0.23892578125 0.313359375 0.22396484375
0 0.49998046875 0.109521484375 0.48634765625 0.109521484375 0.48634765625 0.12157226562500001 0.49998046875 0.12157226562500001 0.49998046875 0.109521484375
0 0.121796875 0.529892578125 0.1105078125 0.529892578125 0.1105078125 0.540419921875 0.121796875 0.540419921875 0.121796875 0.529892578125
0 0.36064453125 0.842353515625 0.34345703125 0.842353515625 0.34345703125 0.858818359375 0.36064453125 0.858818359375 0.36064453125 0.842353515625
0 0.42499023437499994 0.48440429687500003 0.40266601562500004 0.48440429687500003 0.40266601562500004 0.529267578125 0.42499023437499994 0.529267578125 0.42499023437499994 0.48440429687500003
2 0.4609375 0 0.427734375 0.046875 0.212890625 0.26171875 0.115234375 0.478515625 0.09375 0.572265625 0.083984375 0.673828125 0.107421875 0.755859375 0.142578125 0.826171875 0.21875 0.91796875 0.24609375 0.966796875 0.267578125 0.958984375 0.27734375 0.96875 0.396484375 0.970703125 0.5234375 0.998046875 0.712890625 0.998046875 0.7734375 0.974609375 0.822265625 0.92578125 0.8671875 0.80859375 0.87890625 0.75390625 0.865234375 0.595703125 0.826171875 0.482421875 0.794921875 0.439453125 0.734375 0.294921875 0.666015625 0.193359375 0.59765625 0.111328125 0.53125 0 0.4609375 0