10 0.876953125 0.43359375 0.6875 0.43359375 0.6875 0.591796875 0.876953125 0.591796875 0.876953125 0.43359375
10 0.63181640625 0.510205078125 0.57228515625 0.510205078125 0.57228515625 0.555224609375 0.63181640625 0.555224609375 0.63181640625 0.510205078125
10 0 0.580400390625 0.039423828125 0.580400390625 0.039423828125 0.519208984375 0 0.519208984375 0 0.580400390625
10 0.360576171875 0.5829296875 0.295205078125 0.5829296875 0.295205078125 0.63875 0.360576171875 0.63875 0.360576171875 0.5829296875
10 0.9595312500000001 0.3341015625 0.7963281249999999 0.3341015625 0.7963281249999999 0.46375 0.9595312500000001 0.46375 0.9595312500000001 0.3341015625
10 0.613544921875 0.266484375 0.553447265625 0.266484375 0.553447265625 0.315078125 0.613544921875 0.315078125 0.613544921875 0.266484375
10 0.771240234375 0.502900390625 0.683837890625 0.502900390625 0.683837890625 0.584990234375 0.771240234375 0.584990234375 0.771240234375 0.502900390625
10 0.78884765625 0.1575390625 0.69552734375 0.1575390625 0.69552734375 0.3031640625 0.78884765625 0.3031640625 0.78884765625 0.1575390625
10 0.340625 0.48458984374999997 0.286328125 0.48458984374999997 0.286328125 0.56033203125 0.340625 0.56033203125 0.340625 0.48458984374999997
10 0.8666406249999999 0.34859375 0.7964453125000001 0.34859375 0.7964453125000001 0.41070312500000006 0.8666406249999999 0.41070312500000006 0.8666406249999999 0.34859375
10 0.5431640625 0.5407031250000001 0.5154296875 0.5407031250000001 0.5154296875 0.5657421874999999 0.5431640625 0.5657421874999999 0.5431640625 0.5407031250000001
10 0.928955078125 0.2690234375 0.859130859375 0.2690234375 0.859130859375 0.3169140625 0.928955078125 0.3169140625 0.928955078125 0.2690234375
10 0.606494140625 0.5926855468750001 0.552685546875 0.5926855468750001 0.552685546875 0.6661035156249999 0.606494140625 0.6661035156249999 0.606494140625 0.5926855468750001
10 0.46125 0.6973242187500001 0.426953125 0.6973242187500001 0.426953125 0.7343164062499999 0.46125 0.7343164062499999 0.46125 0.6973242187500001
10 0.56396484375 0.468349609375 0.50048828125 0.468349609375 0.50048828125 0.5253222656250001 0.56396484375 0.5253222656250001 0.56396484375 0.468349609375
10 0.59314453125 0.8283886718750001 0.53478515625 0.8283886718750001 0.53478515625 0.8903613281249999 0.59314453125 0.8903613281249999 0.59314453125 0.8283886718750001
10 0.7068359375 0.463818359375 0.673046875 0.463818359375 0.673046875 0.488330078125 0.7068359375 0.488330078125 0.7068359375 0.463818359375
2 0.1171875 0.953125 0.13671875 0.947265625 0.171875 0.91015625 0.259765625 0.921875 0.2734375 0.935546875 0.34765625 0.9375 0.35546875 0.947265625 0.37109375 0.947265625 0.41015625 0.94140625 0.419921875 0.931640625 0.45703125 0.921875 0.4921875 0.921875 0.625 0.89453125 0.693359375 0.888671875 0.81640625 0.845703125 0.87109375 0.8125 0.921875 0.763671875 0.96484375 0.6953125 0.998046875 0.71875 0.998046875 0.634765625 0.98046875 0.61328125 0.98828125 0.564453125 0.990234375 0.43359375 0.9609375 0.283203125 0.919921875 0.201171875 0.85546875 0.1484375 0.798828125 0.125 0.734375 0.1171875 0.66015625 0.095703125 0.609375 0.1015625 0.4765625 0.083984375 0.40625 0.095703125 0.265625 0.138671875 0.16796875 0.201171875 0.001953125 0.24609375 0 0.998046875 0.080078125 0.998046875 0.1015625 0.98046875 0.1171875 0.953125