0 0.41211914062500005 0.6275976562500001 0.319443359375 0.6275976562500001 0.319443359375 0.70646484375 0.41211914062500005 0.70646484375 0.41211914062500005 0.6275976562500001
0 0.573408203125 0.63630859375 0.539873046875 0.63630859375 0.539873046875 0.67033203125 0.573408203125 0.67033203125 0.573408203125 0.63630859375
0 0.53828125 0.15357421875 0.4958984375 0.15357421875 0.4958984375 0.19263671875 0.53828125 0.19263671875 0.53828125 0.15357421875
0 0.5296289062499999 0.42744140625 0.47623046875 0.42744140625 0.47623046875 0.47443359375 0.5296289062499999 0.47443359375 0.5296289062499999 0.42744140625
0 0.4677734375 0.498935546875 0.442890625 0.498935546875 0.442890625 0.5225488281249999 0.4677734375 0.5225488281249999 0.4677734375 0.498935546875
0 0.506884765625 0.51662109375 0.482373046875 0.51662109375 0.482373046875 0.53513671875 0.506884765625 0.53513671875 0.506884765625 0.51662109375
0 0.27254882812500003 0.6359277343749999 0.249443359375 0.6359277343749999 0.249443359375 0.6619238281250001 0.27254882812500003 0.6619238281250001 0.27254882812500003 0.6359277343749999
0 0.50974609375 0.29169921875 0.48146484375 0.29169921875 0.48146484375 0.31865234375 0.50974609375 0.31865234375 0.50974609375 0.29169921875
0 0.41505859375 0.796171875 0.38720703125 0.796171875 0.38720703125 0.8190625 0.41505859375 0.8190625 0.41505859375 0.796171875
0 0.44239257812500005 0.5791796875 0.41795898437499995 0.5791796875 0.41795898437499995 0.6005078125 0.44239257812500005 0.6005078125 0.44239257812500005 0.5791796875
0 0.6113671875 0.42448242187499996 0.5878515625 0.42448242187499996 0.5878515625 0.448095703125 0.6113671875 0.448095703125 0.6113671875 0.42448242187499996
0 0.49810546875000006 0.266787109375 0.47455078124999994 0.266787109375 0.47455078124999994 0.289853515625 0.49810546875000006 0.289853515625 0.49810546875000006 0.266787109375
0 0.4829296875 0.398134765625 0.4643359375 0.398134765625 0.4643359375 0.41975585937500004 0.4829296875 0.41975585937500004 0.4829296875 0.398134765625
0 0.22591796875 0.6345703125 0.20181640625 0.6345703125 0.20181640625 0.659375 0.22591796875 0.659375 0.22591796875 0.6345703125
0 0.33479492187500004 0.86359375 0.31754882812499996 0.86359375 0.31754882812499996 0.8825 0.33479492187500004 0.8825 0.33479492187500004 0.86359375
0 0.26125 0.694013671875 0.2392578125 0.694013671875 0.2392578125 0.713212890625 0.26125 0.713212890625 0.26125 0.694013671875
0 0.584912109375 0.289287109375 0.564501953125 0.289287109375 0.564501953125 0.307900390625 0.584912109375 0.307900390625 0.584912109375 0.289287109375
0 0.602802734375 0.195546875 0.583720703125 0.195546875 0.583720703125 0.214609375 0.602802734375 0.214609375 0.602802734375 0.195546875
0 0.405634765625 0.736455078125 0.385380859375 0.736455078125 0.385380859375 0.756708984375 0.405634765625 0.756708984375 0.405634765625 0.736455078125
0 0.33328125000000003 0.8269921874999999 0.31515624999999997 0.8269921874999999 0.31515624999999997 0.8468359375000001 0.33328125000000003 0.8468359375000001 0.33328125000000003 0.8269921874999999
0 0.350029296875 0.896982421875 0.33016601562500003 0.896982421875 0.33016601562500003 0.922353515625 0.350029296875 0.922353515625 0.350029296875 0.896982421875
0 0.57373046875 0.34317382812499997 0.55419921875 0.34317382812499997 0.55419921875 0.362412109375 0.57373046875 0.362412109375 0.57373046875 0.34317382812499997
0 0.44552734374999997 0.47639648437500004 0.43044921875000003 0.47639648437500004 0.43044921875000003 0.49040039062499996 0.44552734374999997 0.49040039062499996 0.44552734374999997 0.47639648437500004
0 0.1960546875 0.6996484374999999 0.1769921875 0.6996484374999999 0.1769921875 0.7232031250000001 0.1960546875 0.7232031250000001 0.1960546875 0.6996484374999999
0 0.302001953125 0.5026171875000001 0.289326171875 0.5026171875000001 0.289326171875 0.5149609374999999 0.302001953125 0.5149609374999999 0.302001953125 0.5026171875000001
0 0.448466796875 0.943955078125 0.407001953125 0.943955078125 0.407001953125 0.977919921875 0.448466796875 0.977919921875 0.448466796875 0.943955078125
0 0.39518554687499996 0.297119140625 0.37532226562500004 0.297119140625 0.37532226562500004 0.311787109375 0.39518554687499996 0.311787109375 0.39518554687499996 0.297119140625
0 0.521943359375 0.74611328125 0.43606445312500003 0.74611328125 0.43606445312500003 0.79197265625 0.521943359375 0.79197265625 0.521943359375 0.74611328125
0 0.25436523437499997 0.8159375000000001 0.23465820312500002 0.8159375000000001 0.23465820312500002 0.8354296874999999 0.25436523437499997 0.8354296874999999 0.25436523437499997 0.8159375000000001
0 0.5821484375 0.20796874999999998 0.5682421875 0.20796874999999998 0.5682421875 0.22171875000000002 0.5821484375 0.22171875000000002 0.5821484375 0.20796874999999998
0 0.46891601562499996 0.93208984375 0.45100585937500004 0.93208984375 0.45100585937500004 0.94681640625 0.46891601562499996 0.94681640625 0.46891601562499996 0.93208984375
2 0.34765625 0.935546875 0.39453125 0.955078125 0.427734375 0.947265625 0.447265625 0.955078125 0.478515625 0.951171875 0.51953125 0.9375 0.623046875 0.87109375 0.68359375 0.806640625 0.69921875 0.7734375 0.705078125 0.73046875 0.693359375 0.501953125 0.634765625 0.216796875 0.58203125 0.107421875 0.572265625 0.0234375 0.552734375 0.03515625 0.517578125 0.087890625 0.517578125 0.111328125 0.478515625 0.123046875 0.4296875 0.171875 0.38671875 0.234375 0.361328125 0.310546875 0.337890625 0.33203125 0.296875 0.3984375 0.23828125 0.513671875 0.1640625 0.705078125 0.162109375 0.74609375 0.1953125 0.80078125 0.298828125 0.90234375 0.34765625 0.935546875