0 0.424267578125 0.625439453125 0.338974609375 0.625439453125 0.338974609375 0.697802734375 0.424267578125 0.697802734375 0.424267578125 0.625439453125
0 0.590458984375 0.419384765625 0.513056640625 0.419384765625 0.513056640625 0.477607421875 0.590458984375 0.477607421875 0.590458984375 0.419384765625
0 0.58396484375 0.343310546875 0.53810546875 0.343310546875 0.53810546875 0.36911132812499997 0.58396484375 0.36911132812499997 0.58396484375 0.343310546875
0 0.37002929687499997 0.8218652343749999 0.33700195312500003 0.8218652343749999 0.33700195312500003 0.8656347656250001 0.37002929687499997 0.8656347656250001 0.37002929687499997 0.8218652343749999
0 0.412861328125 0.5132421875000001 0.382060546875 0.5132421875000001 0.382060546875 0.5404687499999999 0.412861328125 0.5404687499999999 0.412861328125 0.5132421875000001
0 0.345283203125 0.5729101562500001 0.313427734375 0.5729101562500001 0.313427734375 0.6058007812499999 0.345283203125 0.6058007812499999 0.345283203125 0.5729101562500001
0 0.5521777343750001 0.191708984375 0.5347363281249999 0.191708984375 0.5347363281249999 0.211845703125 0.5521777343750001 0.211845703125 0.5521777343750001 0.191708984375
0 0.33322265624999997 0.354599609375 0.31033203125000003 0.354599609375 0.31033203125000003 0.38223632812499997 0.33322265624999997 0.38223632812499997 0.33322265624999997 0.354599609375
0 0.541513671875 0.59279296875 0.520986328125 0.59279296875 0.520986328125 0.61228515625 0.541513671875 0.61228515625 0.541513671875 0.59279296875
0 0.752158203125 0.5415917968749999 0.726357421875 0.5415917968749999 0.726357421875 0.5687597656250001 0.752158203125 0.5687597656250001 0.752158203125 0.5415917968749999
0 0.598125 0.751689453125 0.56984375 0.751689453125 0.56984375 0.782490234375 0.598125 0.782490234375 0.598125 0.751689453125
0 0.508779296875 0.29361328124999997 0.48879882812500003 0.29361328124999997 0.48879882812500003 0.31478515625000003 0.508779296875 0.31478515625000003 0.508779296875 0.29361328124999997
0 0.493017578125 0.388681640625 0.46940429687499996 0.388681640625 0.46940429687499996 0.41209960937499995 0.493017578125 0.41209960937499995 0.493017578125 0.388681640625
0 0.36400390625 0.53958984375 0.34255859375000003 0.53958984375 0.34255859375000003 0.56392578125 0.36400390625 0.56392578125 0.36400390625 0.53958984375
0 0.2176171875 0.735810546875 0.201328125 0.735810546875 0.201328125 0.752470703125 0.2176171875 0.752470703125 0.2176171875 0.735810546875
0 0.43775390625000005 0.14228515625 0.41626953125000005 0.14228515625 0.41626953125000005 0.16556640625000002 0.43775390625000005 0.16556640625000002 0.43775390625000005 0.14228515625
0 0.4034765625 0.2978125 0.38363281250000003 0.2978125 0.38363281250000003 0.31890625 0.4034765625 0.31890625 0.4034765625 0.2978125
0 0.651201171875 0.349375 0.614423828125 0.349375 0.614423828125 0.382578125 0.651201171875 0.382578125 0.651201171875 0.349375
0 0.51525390625 0.667158203125 0.48474609375 0.667158203125 0.48474609375 0.694169921875 0.51525390625 0.694169921875 0.51525390625 0.667158203125
0 0.536494140625 0.7577246093750001 0.507451171875 0.7577246093750001 0.507451171875 0.7871972656249999 0.536494140625 0.7871972656249999 0.536494140625 0.7577246093750001
0 0.257080078125 0.56845703125 0.240224609375 0.56845703125 0.240224609375 0.58486328125 0.257080078125 0.58486328125 0.257080078125 0.56845703125
0 0.595703125 0.146142578125 0.576171875 0.146142578125 0.576171875 0.165380859375 0.595703125 0.165380859375 0.595703125 0.146142578125
0 0.38373046875 0.362001953125 0.36529296875 0.362001953125 0.36529296875 0.381162109375 0.38373046875 0.381162109375 0.38373046875 0.362001953125
0 0.451015625 0.968251953125 0.4147265625 0.968251953125 0.4147265625 0.996591796875 0.451015625 0.996591796875 0.451015625 0.968251953125
0 0.543486328125 0.9446582031249999 0.525849609375 0.9446582031249999 0.525849609375 0.9664746093750001 0.543486328125 0.9664746093750001 0.543486328125 0.9446582031249999
0 0.685595703125 0.526904296875 0.666943359375 0.526904296875 0.666943359375 0.546337890625 0.685595703125 0.546337890625 0.685595703125 0.526904296875
0 0.22579101562499998 0.71431640625 0.21194335937500003 0.71431640625 0.21194335937500003 0.72708984375 0.22579101562499998 0.72708984375 0.22579101562499998 0.71431640625
0 0.6604296875 0.885546875 0.6423046875 0.885546875 0.6423046875 0.90546875 0.6604296875 0.90546875 0.6604296875 0.885546875
0 0.584345703125 0.080556640625 0.568974609375 0.080556640625 0.568974609375 0.099638671875 0.584345703125 0.099638671875 0.584345703125 0.080556640625
0 0.274462890625 0.7464941406250001 0.26022460937499997 0.7464941406250001 0.26022460937499997 0.7603417968749999 0.274462890625 0.7603417968749999 0.274462890625 0.7464941406250001
0 0.7616796875 0.8228710937500001 0.74515625 0.8228710937500001 0.74515625 0.8421679687499999 0.7616796875 0.8421679687499999 0.7616796875 0.8228710937500001
0 0.70234375 0.860546875 0.6853515625 0.860546875 0.6853515625 0.877734375 0.70234375 0.877734375 0.70234375 0.860546875
0 0.7386328125 0.30703125 0.721328125 0.30703125 0.721328125 0.3243359375 0.7386328125 0.3243359375 0.7386328125 0.30703125
0 0.664921875 0.28658203125 0.651484375 0.28658203125 0.651484375 0.30130859375 0.664921875 0.30130859375 0.664921875 0.28658203125
0 0.773603515625 0.7565039062500001 0.762529296875 0.7565039062500001 0.762529296875 0.7708398437499999 0.773603515625 0.7708398437499999 0.773603515625 0.7565039062500001
2 0.591796875 0 0.52734375 0.0703125 0.4296875 0.1328125 0.3359375 0.240234375 0.271484375 0.3671875 0.203125 0.55859375 0.1640625 0.625 0.1484375 0.703125 0.1484375 0.755859375 0.1875 0.81640625 0.310546875 0.912109375 0.37890625 0.9765625 0.41015625 0.9921875 0.46484375 0.994140625 0.5234375 0.982421875 0.568359375 0.95703125 0.71484375 0.8984375 0.78125 0.84765625 0.802734375 0.7890625 0.79296875 0.67578125 0.802734375 0.578125 0.77734375 0.404296875 0.75390625 0.337890625 0.61328125 0.09765625 0.603515625 0.0546875 0.607421875 0 0.591796875 0