0 0.6360449218750001 0.286904296875 0.536455078125 0.286904296875 0.536455078125 0.392431640625 0.6360449218750001 0.392431640625 0.6360449218750001 0.286904296875
0 0.450283203125 0.27726562499999996 0.39151367187499997 0.27726562499999996 0.39151367187499997 0.3306640625 0.450283203125 0.3306640625 0.450283203125 0.27726562499999996
0 0.47808593750000006 0.763076171875 0.42718749999999994 0.763076171875 0.42718749999999994 0.804306640625 0.47808593750000006 0.804306640625 0.47808593750000006 0.763076171875
0 0.3692578125 0.3482421875 0.3314453125 0.3482421875 0.3314453125 0.38664062499999996 0.3692578125 0.38664062499999996 0.3692578125 0.3482421875
0 0.43759765625 0.43791015624999996 0.40177734374999996 0.43791015624999996 0.40177734374999996 0.47080078125 0.43759765625 0.47080078125 0.43759765625 0.43791015624999996
0 0.41656250000000006 0.12687500000000002 0.370078125 0.12687500000000002 0.370078125 0.1724609375 0.41656250000000006 0.1724609375 0.41656250000000006 0.12687500000000002
0 0.391259765625 0.222021484375 0.364599609375 0.222021484375 0.364599609375 0.251611328125 0.391259765625 0.251611328125 0.391259765625 0.222021484375
0 0.5575 0.47286132812500004 0.530390625 0.47286132812500004 0.530390625 0.49588867187499996 0.5575 0.49588867187499996 0.5575 0.47286132812500004
0 0.501494140625 0.2787109375 0.47311523437499997 0.2787109375 0.47311523437499997 0.30578125 0.501494140625 0.30578125 0.501494140625 0.2787109375
0 0.635869140625 0.60705078125 0.611201171875 0.60705078125 0.611201171875 0.63123046875 0.635869140625 0.63123046875 0.635869140625 0.60705078125
0 0.5196191406249999 0.61845703125 0.489169921875 0.61845703125 0.489169921875 0.64130859375 0.5196191406249999 0.64130859375 0.5196191406249999 0.61845703125
0 0.59248046875 0.474189453125 0.57060546875 0.474189453125 0.57060546875 0.494560546875 0.59248046875 0.494560546875 0.59248046875 0.474189453125
0 0.55265625 0.129697265625 0.531328125 0.129697265625 0.531328125 0.150810546875 0.55265625 0.150810546875 0.55265625 0.129697265625
0 0.33228515625 0.57392578125 0.31275390625 0.57392578125 0.31275390625 0.59599609375 0.33228515625 0.59599609375 0.33228515625 0.57392578125
0 0.5633886718750001 0.66197265625 0.5430566406249999 0.66197265625 0.5430566406249999 0.67982421875 0.5633886718750001 0.67982421875 0.5633886718750001 0.66197265625
0 0.66685546875 0.17183593749999998 0.64955078125 0.17183593749999998 0.64955078125 0.188046875 0.66685546875 0.188046875 0.66685546875 0.17183593749999998
0 0.3759375 0.6685546875 0.3574609375 0.6685546875 0.3574609375 0.6859375 0.3759375 0.6859375 0.3759375 0.6685546875
0 0.450322265625 0.8593945312500001 0.428583984375 0.8593945312500001 0.428583984375 0.8818164062499999 0.450322265625 0.8818164062499999 0.450322265625 0.8593945312500001
0 0.658896484375 0.658974609375 0.637978515625 0.658974609375 0.637978515625 0.679892578125 0.658896484375 0.679892578125 0.658896484375 0.658974609375
0 0.48995117187500004 0.074580078125 0.47540039062500006 0.074580078125 0.47540039062500006 0.089599609375 0.48995117187500004 0.089599609375 0.48995117187500004 0.074580078125
0 0.8010058593749999 0.230419921875 0.783955078125 0.230419921875 0.783955078125 0.245908203125 0.8010058593749999 0.245908203125 0.8010058593749999 0.230419921875
0 0.578486328125 0.453173828125 0.562138671875 0.453173828125 0.562138671875 0.467724609375 0.578486328125 0.467724609375 0.578486328125 0.453173828125
0 0.751923828125 0.380810546875 0.734404296875 0.380810546875 0.734404296875 0.396533203125 0.751923828125 0.396533203125 0.751923828125 0.380810546875
0 0.43396484375 0.63447265625 0.41466796875 0.63447265625 0.41466796875 0.65068359375 0.43396484375 0.65068359375 0.43396484375 0.63447265625
0 0.49533203124999997 0.418037109375 0.47880859375 0.418037109375 0.47880859375 0.433056640625 0.49533203124999997 0.433056640625 0.49533203124999997 0.418037109375
0 0.541611328125 0.6861230468749999 0.502333984375 0.6861230468749999 0.502333984375 0.7298925781250001 0.541611328125 0.7298925781250001 0.541611328125 0.6861230468749999
0 0.605634765625 0.176630859375 0.576982421875 0.176630859375 0.576982421875 0.20129882812500002 0.605634765625 0.20129882812500002 0.605634765625 0.176630859375
0 0.5227929687499999 0.41720703124999997 0.5084570312500001 0.41720703124999997 0.5084570312500001 0.43240234375000003 0.5227929687499999 0.43240234375000003 0.5227929687499999 0.41720703124999997
0 0.65458984375 0.25197265625 0.64130859375 0.25197265625 0.64130859375 0.26560546875 0.65458984375 0.26560546875 0.65458984375 0.25197265625
0 0.78212890625 0.206533203125 0.76767578125 0.206533203125 0.76767578125 0.220224609375 0.78212890625 0.220224609375 0.78212890625 0.206533203125
0 0.591845703125 0.24808593750000002 0.580029296875 0.24808593750000002 0.580029296875 0.260234375 0.591845703125 0.260234375 0.591845703125 0.24808593750000002
0 0.38839843749999997 0.844169921875 0.37578125 0.844169921875 0.37578125 0.858955078125 0.38839843749999997 0.858955078125 0.38839843749999997 0.844169921875
0 0.7214453125 0.12314453125 0.7043359375 0.12314453125 0.7043359375 0.13880859375000001 0.7214453125 0.13880859375000001 0.7214453125 0.12314453125
0 0.44024414062500006 0.25525390625 0.42596679687499994 0.25525390625 0.42596679687499994 0.26916015625 0.44024414062500006 0.26916015625 0.44024414062500006 0.25525390625
0 0.429619140625 0.706376953125 0.414130859375 0.706376953125 0.414130859375 0.720380859375 0.429619140625 0.720380859375 0.429619140625 0.706376953125
0 0.47679687499999995 0.17283203125 0.46070312500000005 0.17283203125 0.46070312500000005 0.18677734375 0.47679687499999995 0.18677734375 0.47679687499999995 0.17283203125
0 0.6153515625 0.26139648437499996 0.6014453125 0.26139648437499996 0.6014453125 0.274267578125 0.6153515625 0.274267578125 0.6153515625 0.26139648437499996
0 0.376953125 0.638779296875 0.3637890625 0.638779296875 0.3637890625 0.651259765625 0.376953125 0.651259765625 0.376953125 0.638779296875
0 0.356748046875 0.6957324218750001 0.338095703125 0.6957324218750001 0.338095703125 0.7105175781249999 0.356748046875 0.7105175781249999 0.356748046875 0.6957324218750001
0 0.560927734375 0.2174609375 0.549423828125 0.2174609375 0.549423828125 0.228359375 0.560927734375 0.228359375 0.560927734375 0.2174609375
0 0.732431640625 0.402080078125 0.718740234375 0.402080078125 0.718740234375 0.414326171875 0.732431640625 0.414326171875 0.732431640625 0.402080078125
0 0.35791015625 0.48875 0.34474609375 0.48875 0.34474609375 0.5039453125 0.35791015625 0.5039453125 0.35791015625 0.48875
0 0.5242578124999999 0.479609375 0.5079687500000001 0.479609375 0.5079687500000001 0.4955078125 0.5242578124999999 0.4955078125 0.5242578124999999 0.479609375
0 0.33804687499999997 0.257998046875 0.3245703125 0.257998046875 0.3245703125 0.27083007812500004 0.33804687499999997 0.27083007812500004 0.33804687499999997 0.257998046875
0 0.543896484375 0.42605468750000003 0.521533203125 0.42605468750000003 0.521533203125 0.44796874999999997 0.543896484375 0.44796874999999997 0.543896484375 0.42605468750000003
0 0.526884765625 0.10078125 0.515107421875 0.10078125 0.515107421875 0.1144140625 0.526884765625 0.1144140625 0.526884765625 0.10078125
2 0.314453125 0.703125 0.330078125 0.744140625 0.341796875 0.810546875 0.369140625 0.87109375 0.396484375 0.99609375 0.4765625 0.998046875 0.556640625 0.927734375 0.615234375 0.853515625 0.642578125 0.794921875 0.6953125 0.60546875 0.74609375 0.47265625 0.7734375 0.43359375 0.81640625 0.40234375 0.8515625 0.357421875 0.87109375 0.3203125 0.873046875 0.287109375 0.859375 0.251953125 0.822265625 0.21875 0.79296875 0.17578125 0.740234375 0.140625 0.708984375 0.109375 0.58984375 0.044921875 0.501953125 0.0390625 0.48046875 0.029296875 0.4609375 0.029296875 0.4375 0.041015625 0.3828125 0.09375 0.33984375 0.16796875 0.3203125 0.279296875 0.30859375 0.43359375 0.318359375 0.498046875 0.310546875 0.619140625 0.314453125 0.703125