0 0.455517578125 0.069873046875 0.39323242187499996 0.069873046875 0.39323242187499996 0.15125976562500001 0.455517578125 0.15125976562500001 0.455517578125 0.069873046875
0 0.441162109375 0.082578125 0.396728515625 0.082578125 0.396728515625 0.131171875 0.441162109375 0.131171875 0.441162109375 0.082578125
0 0.48416015625000003 0.046259765625 0.44212890624999995 0.046259765625 0.44212890624999995 0.087880859375 0.48416015625000003 0.087880859375 0.48416015625000003 0.046259765625
0 0.41384765625000003 0.245908203125 0.37033203124999997 0.245908203125 0.37033203124999997 0.284873046875 0.41384765625000003 0.284873046875 0.41384765625000003 0.245908203125
0 0.4237109375 0.39835937499999996 0.36828125 0.39835937499999996 0.36828125 0.44832031250000004 0.4237109375 0.44832031250000004 0.4237109375 0.39835937499999996
0 0.30111328125000003 0.579736328125 0.26919921874999997 0.579736328125 0.26919921874999997 0.610693359375 0.30111328125000003 0.610693359375 0.30111328125000003 0.579736328125
0 0.41966796874999995 0.53869140625 0.39138671875000003 0.53869140625 0.39138671875000003 0.56873046875 0.41966796874999995 0.56873046875 0.41966796874999995 0.53869140625
0 0.207705078125 0.29544921875 0.181708984375 0.29544921875 0.181708984375 0.32029296875 0.207705078125 0.32029296875 0.207705078125 0.29544921875
0 0.489658203125 0.238203125 0.459091796875 0.238203125 0.459091796875 0.2610546875 0.489658203125 0.2610546875 0.489658203125 0.238203125
0 0.6883203124999999 0.5362890625000001 0.6007421875000001 0.5362890625000001 0.6007421875000001 0.5896874999999999 0.6883203124999999 0.5896874999999999 0.6883203124999999 0.5362890625000001
0 0.24484374999999997 0.767724609375 0.21316406250000003 0.767724609375 0.21316406250000003 0.797705078125 0.24484374999999997 0.797705078125 0.24484374999999997 0.767724609375
0 0.365517578125 0.766572265625 0.337607421875 0.766572265625 0.337607421875 0.800810546875 0.365517578125 0.800810546875 0.365517578125 0.766572265625
0 0.6491113281249999 0.625732421875 0.6077246093750001 0.625732421875 0.6077246093750001 0.666259765625 0.6491113281249999 0.666259765625 0.6491113281249999 0.625732421875
0 0.266904296875 0.658447265625 0.234072265625 0.658447265625 0.234072265625 0.687255859375 0.266904296875 0.687255859375 0.266904296875 0.658447265625
0 0.651708984375 0.05181640625 0.628564453125 0.05181640625 0.628564453125 0.07427734375 0.651708984375 0.07427734375 0.651708984375 0.05181640625
0 0.5008007812499999 0.04580078125 0.38642578125 0.04580078125 0.38642578125 0.14388671875 0.5008007812499999 0.14388671875 0.5008007812499999 0.04580078125
0 0.929443359375 0.05266601562499999 0.888916015625 0.05266601562499999 0.888916015625 0.087724609375 0.929443359375 0.087724609375 0.929443359375 0.05266601562499999
0 0.6748046875 0.325888671875 0.6533203125 0.325888671875 0.6533203125 0.345009765625 0.6748046875 0.345009765625 0.6748046875 0.325888671875
0 0.24083007812499999 0.222705078125 0.21717773437500001 0.222705078125 0.21717773437500001 0.246044921875 0.24083007812499999 0.246044921875 0.24083007812499999 0.222705078125
0 0.669560546875 0.38639648437499996 0.646845703125 0.38639648437499996 0.646845703125 0.40950195312500004 0.669560546875 0.40950195312500004 0.669560546875 0.38639648437499996
0 0.659033203125 0.25407226562499996 0.635888671875 0.25407226562499996 0.635888671875 0.27131835937500004 0.659033203125 0.27131835937500004 0.659033203125 0.25407226562499996
0 0.774033203125 0.810087890625 0.750380859375 0.810087890625 0.750380859375 0.835419921875 0.774033203125 0.835419921875 0.774033203125 0.810087890625
0 0.31120117187499996 0.351337890625 0.285986328125 0.351337890625 0.285986328125 0.380107421875 0.31120117187499996 0.380107421875 0.31120117187499996 0.351337890625
0 0.484794921875 0.351806640625 0.466884765625 0.351806640625 0.466884765625 0.366943359375 0.484794921875 0.366943359375 0.484794921875 0.351806640625
0 0.305068359375 0.43271484375 0.282353515625 0.43271484375 0.282353515625 0.45400390625 0.305068359375 0.45400390625 0.305068359375 0.43271484375
0 0.715009765625 0.291201171875 0.697099609375 0.291201171875 0.697099609375 0.310361328125 0.715009765625 0.310361328125 0.715009765625 0.291201171875
0 0.3904296875 0.69115234375 0.36789062499999997 0.69115234375 0.36789062499999997 0.71021484375 0.3904296875 0.71021484375 0.3904296875 0.69115234375
0 0.229326171875 0.69193359375 0.214775390625 0.69193359375 0.214775390625 0.70552734375 0.229326171875 0.70552734375 0.229326171875 0.69193359375
0 0.063486328125 0.036777343750000004 0.031005859375 0.036777343750000004 0.031005859375 0.06166015625 0.063486328125 0.06166015625 0.063486328125 0.036777343750000004
0 0.30138671875 0.8060253906250001 0.28162109375 0.8060253906250001 0.28162109375 0.8248339843749999 0.30138671875 0.8248339843749999 0.30138671875 0.8060253906250001
0 0.749775390625 0.632548828125 0.728740234375 0.632548828125 0.728740234375 0.656513671875 0.749775390625 0.656513671875 0.749775390625 0.632548828125
0 0.5408300781250001 0.871142578125 0.5226464843749999 0.871142578125 0.5226464843749999 0.891552734375 0.5408300781250001 0.891552734375 0.5408300781250001 0.871142578125
0 0.401318359375 0.334287109375 0.254462890625 0.334287109375 0.254462890625 0.5104394531249999 0.401318359375 0.5104394531249999 0.401318359375 0.334287109375
0 0.2306640625 0.467431640625 0.21878906250000002 0.467431640625 0.21878906250000002 0.478857421875 0.2306640625 0.478857421875 0.2306640625 0.467431640625
0 0.11016601562499999 0.069501953125 0.070615234375 0.069501953125 0.070615234375 0.111044921875 0.11016601562499999 0.111044921875 0.11016601562499999 0.069501953125
0 0.9402441406250001 0.9475878906249999 0.9083886718749999 0.9475878906249999 0.9083886718749999 0.9811230468750001 0.9402441406250001 0.9811230468750001 0.9402441406250001 0.9475878906249999
0 0.8728222656250001 0.5634765625 0.8547167968749999 0.5634765625 0.8547167968749999 0.5810546875 0.8728222656250001 0.5810546875 0.8728222656250001 0.5634765625
0 0.95091796875 0.137197265625 0.92798828125 0.137197265625 0.92798828125 0.158232421875 0.95091796875 0.158232421875 0.95091796875 0.137197265625
0 0.682578125 0.35890625 0.6699609375 0.35890625 0.6699609375 0.373515625 0.682578125 0.373515625 0.682578125 0.35890625
0 0.407666015625 0.633525390625 0.366279296875 0.633525390625 0.366279296875 0.668232421875 0.407666015625 0.668232421875 0.407666015625 0.633525390625
0 0.41067382812500003 0.852998046875 0.36081054687499997 0.852998046875 0.36081054687499997 0.897001953125 0.41067382812500003 0.897001953125 0.41067382812500003 0.852998046875
2 0.408203125 0 0.341796875 0.076171875 0.240234375 0.173828125 0.203125 0.236328125 0.1484375 0.390625 0.154296875 0.48828125 0.1484375 0.630859375 0.15625 0.7109375 0.193359375 0.791015625 0.240234375 0.849609375 0.28515625 0.888671875 0.3515625 0.921875 0.662109375 0.908203125 0.7109375 0.8984375 0.76953125 0.865234375 0.8203125 0.822265625 0.837890625 0.794921875 0.869140625 0.677734375 0.869140625 0.625 0.81640625 0.484375 0.755859375 0.3671875 0.73046875 0.2890625 0.708984375 0.2578125 0.59375 0.138671875 0.498046875 0.0625 0.466796875 0 0.408203125 0