0 0.57529296875 0.57986328125 0.5104101562500001 0.57986328125 0.5104101562500001 0.6526757812499999 0.57529296875 0.6526757812499999 0.57529296875 0.57986328125
0 0.5733300781249999 0.5800195312499999 0.5145605468750001 0.5800195312499999 0.5145605468750001 0.6504492187500001 0.5733300781249999 0.6504492187500001 0.5733300781249999 0.5800195312499999
0 0.603759765625 0.491083984375 0.527099609375 0.491083984375 0.527099609375 0.573369140625 0.603759765625 0.573369140625 0.603759765625 0.491083984375
0 0.42046875000000006 0.49929687500000003 0.3710546875 0.49929687500000003 0.3710546875 0.54953125 0.42046875000000006 0.54953125 0.42046875000000006 0.49929687500000003
0 0.25680664062499997 0.658447265625 0.194365234375 0.658447265625 0.194365234375 0.712646484375 0.25680664062499997 0.712646484375 0.25680664062499997 0.658447265625
0 0.521748046875 0.48846679687499994 0.463603515625 0.48846679687499994 0.463603515625 0.5584082031250001 0.521748046875 0.5584082031250001 0.521748046875 0.48846679687499994
0 0.713154296875 0.74443359375 0.655009765625 0.74443359375 0.655009765625 0.80439453125 0.713154296875 0.80439453125 0.713154296875 0.74443359375
0 0.4021484375 0.59533203125 0.3556640625 0.59533203125 0.3556640625 0.63806640625 0.4021484375 0.63806640625 0.4021484375 0.59533203125
0 0.46172851562500006 0.665576171875 0.42010742187499994 0.665576171875 0.42010742187499994 0.706494140625 0.46172851562500006 0.706494140625 0.46172851562500006 0.665576171875
0 0.36408203125 0.780927734375 0.30048828125 0.780927734375 0.30048828125 0.8255175781249999 0.36408203125 0.8255175781249999 0.36408203125 0.780927734375
0 0.55224609375 0.41915039062500004 0.50927734375 0.41915039062500004 0.50927734375 0.46416992187500006 0.55224609375 0.46416992187500006 0.55224609375 0.41915039062500004
0 0.574326171875 0.6668066406250001 0.523330078125 0.6668066406250001 0.523330078125 0.7199121093749999 0.574326171875 0.7199121093749999 0.574326171875 0.6668066406250001
0 0.6209765625 0.8318457031250001 0.5782421875 0.8318457031250001 0.5782421875 0.8790917968749999 0.6209765625 0.8790917968749999 0.6209765625 0.8318457031250001
0 0.372138671875 0.7366796875 0.330517578125 0.7366796875 0.330517578125 0.783828125 0.372138671875 0.783828125 0.372138671875 0.7366796875
0 0.389599609375 0.400751953125 0.337470703125 0.400751953125 0.337470703125 0.450810546875 0.389599609375 0.450810546875 0.389599609375 0.400751953125
0 0.45553710937499997 0.39010742187499997 0.40774414062500003 0.39010742187499997 0.40774414062500003 0.43411132812500003 0.45553710937499997 0.43411132812500003 0.45553710937499997 0.39010742187499997
0 0.43654296875 0.328359375 0.38962890625 0.328359375 0.38962890625 0.37625000000000003 0.43654296875 0.37625000000000003 0.43654296875 0.328359375
0 0.4996484375 0.391376953125 0.4549609375 0.391376953125 0.4549609375 0.438701171875 0.4996484375 0.438701171875 0.4996484375 0.391376953125
0 0.47392578125 0.8321484375000001 0.42451171875 0.8321484375000001 0.42451171875 0.8807421874999999 0.47392578125 0.8807421874999999 0.47392578125 0.8321484375000001
0 0.469189453125 0.7499414062499999 0.420966796875 0.7499414062499999 0.420966796875 0.7988867187500001 0.469189453125 0.7988867187500001 0.469189453125 0.7499414062499999
0 0.5957617187500001 0.7806054687499999 0.5565820312499999 0.7806054687499999 0.5565820312499999 0.8268164062500001 0.5957617187500001 0.8268164062500001 0.5957617187500001 0.7806054687499999
0 0.637646484375 0.750078125 0.596728515625 0.750078125 0.596728515625 0.79484375 0.637646484375 0.79484375 0.637646484375 0.750078125
0 0.57275390625 0.379755859375 0.53564453125 0.379755859375 0.53564453125 0.421533203125 0.57275390625 0.421533203125 0.57275390625 0.379755859375
0 0.329697265625 0.539814453125 0.293349609375 0.539814453125 0.293349609375 0.573466796875 0.329697265625 0.573466796875 0.329697265625 0.539814453125
0 0.517470703125 0.7724023437499999 0.465927734375 0.7724023437499999 0.465927734375 0.8193945312500001 0.517470703125 0.8193945312500001 0.517470703125 0.7724023437499999
0 0.882275390625 0.6683984374999999 0.843310546875 0.6683984374999999 0.843310546875 0.7026953125000001 0.882275390625 0.7026953125000001 0.882275390625 0.6683984374999999
0 0.31063476562500003 0.40523437500000004 0.25088867187499997 0.40523437500000004 0.25088867187499997 0.45953125000000006 0.31063476562500003 0.45953125000000006 0.31063476562500003 0.40523437500000004
0 0.4633984375 0.2216796875 0.4272265625 0.2216796875 0.4272265625 0.2605078125 0.4633984375 0.2605078125 0.4633984375 0.2216796875
0 0.8313183593750001 0.767578125 0.797587890625 0.767578125 0.797587890625 0.8017578125 0.8313183593750001 0.8017578125 0.8313183593750001 0.767578125
0 0.279970703125 0.49296875 0.247373046875 0.49296875 0.247373046875 0.5236328125 0.279970703125 0.5236328125 0.279970703125 0.49296875
0 0.48751953124999997 0.9103515625 0.45095703125000003 0.9103515625 0.45095703125000003 0.940234375 0.48751953124999997 0.940234375 0.48751953124999997 0.9103515625
0 0.832958984375 0.67654296875 0.789111328125 0.67654296875 0.789111328125 0.70919921875 0.832958984375 0.70919921875 0.832958984375 0.67654296875
0 0.462451171875 0.5804785156250001 0.426220703125 0.5804785156250001 0.426220703125 0.6109277343749999 0.462451171875 0.6109277343749999 0.462451171875 0.5804785156250001
0 0.3726953125 0.302119140625 0.23718750000000002 0.302119140625 0.23718750000000002 0.461552734375 0.3726953125 0.461552734375 0.3726953125 0.302119140625
0 0.366796875 0.311279296875 0.29093749999999996 0.311279296875 0.29093749999999996 0.389892578125 0.366796875 0.389892578125 0.366796875 0.311279296875
0 0.28415039062499997 0.707392578125 0.25393554687500003 0.707392578125 0.25393554687500003 0.734013671875 0.28415039062499997 0.734013671875 0.28415039062499997 0.707392578125
0 0.19578125 0.6938671875 0.1665234375 0.6938671875 0.1665234375 0.713359375 0.19578125 0.713359375 0.19578125 0.6938671875
0 0.9979882812499999 0.513720703125 0.9658789062500001 0.513720703125 0.9658789062500001 0.548779296875 0.9979882812499999 0.548779296875 0.9979882812499999 0.513720703125
0 0.509072265625 0.33993164062500003 0.478740234375 0.33993164062500003 0.478740234375 0.36709960937499997 0.509072265625 0.36709960937499997 0.509072265625 0.33993164062500003
0 0.8087890625 0.833017578125 0.7810546875 0.833017578125 0.7810546875 0.859365234375 0.8087890625 0.859365234375 0.8087890625 0.833017578125
0 0.382958984375 0.892236328125 0.360712890625 0.892236328125 0.360712890625 0.915380859375 0.382958984375 0.915380859375 0.382958984375 0.892236328125
0 0.919326171875 0.8966015625000001 0.894150390625 0.8966015625000001 0.894150390625 0.9266406249999999 0.919326171875 0.9266406249999999 0.919326171875 0.8966015625000001
0 0.679833984375 0.684833984375 0.659033203125 0.684833984375 0.659033203125 0.705791015625 0.679833984375 0.705791015625 0.679833984375 0.684833984375
0 0.778935546875 0.7767578125 0.759150390625 0.7767578125 0.759150390625 0.8013671875 0.778935546875 0.8013671875 0.778935546875 0.7767578125
0 0.9998437499999999 0.8966796875 0.9747656250000001 0.8966796875 0.9747656250000001 0.9275390625 0.9998437499999999 0.9275390625 0.9998437499999999 0.8966796875
0 0.953603515625 0.50419921875 0.928232421875 0.50419921875 0.928232421875 0.53095703125 0.953603515625 0.53095703125 0.953603515625 0.50419921875
0 0.45526367187499994 0.38599609375 0.337705078125 0.38599609375 0.337705078125 0.46900390625000005 0.45526367187499994 0.46900390625000005 0.45526367187499994 0.38599609375
2 0.205078125 0.89453125 0.2265625 0.91015625 0.427734375 0.98046875 0.55078125 0.986328125 0.583984375 0.98046875 0.62109375 0.955078125 0.685546875 0.865234375 0.69921875 0.83203125 0.712890625 0.7578125 0.70703125 0.689453125 0.662109375 0.541015625 0.640625 0.44140625 0.48046875 0.029296875 0.46875 0.03125 0.435546875 0.1015625 0.369140625 0.185546875 0.314453125 0.2734375 0.2890625 0.357421875 0.23828125 0.423828125 0.193359375 0.51171875 0.1640625 0.625 0.16015625 0.716796875 0.171875 0.751953125 0.1875 0.8671875 0.205078125 0.89453125