0 0.401708984375 0.347666015625 0.325947265625 0.347666015625 0.325947265625 0.382021484375 0.401708984375 0.382021484375 0.401708984375 0.347666015625
0 0.373671875 0.34869140625 0.3309375 0.34869140625 0.3309375 0.37740234375 0.373671875 0.37740234375 0.373671875 0.34869140625
0 0.4416015625 0.5513574218749999 0.404609375 0.5513574218749999 0.404609375 0.5814550781250001 0.4416015625 0.5814550781250001 0.4416015625 0.5513574218749999
0 0.5462011718750001 0.47395507812500004 0.5182519531249999 0.47395507812500004 0.5182519531249999 0.49627929687499994 0.5462011718750001 0.49627929687499994 0.5462011718750001 0.47395507812500004
0 0.44188476562499995 0.47265625 0.41409179687500003 0.47265625 0.41409179687500003 0.494140625 0.44188476562499995 0.494140625 0.44188476562499995 0.47265625
0 0.712646484375 0.33749023437500003 0.675048828125 0.33749023437500003 0.675048828125 0.37540039062499997 0.712646484375 0.37540039062499997 0.712646484375 0.33749023437500003
0 0.19035156250000002 0.573486328125 0.1470703125 0.573486328125 0.1470703125 0.617919921875 0.19035156250000002 0.617919921875 0.19035156250000002 0.573486328125
0 0.51380859375 0.18017578125 0.48521484375 0.18017578125 0.48521484375 0.19923828125 0.51380859375 0.19923828125 0.51380859375 0.18017578125
0 0.48140625000000004 0.543662109375 0.45414062499999996 0.543662109375 0.45414062499999996 0.569619140625 0.48140625000000004 0.569619140625 0.48140625000000004 0.543662109375
0 0.425712890625 0.658251953125 0.38143554687500003 0.658251953125 0.38143554687500003 0.692333984375 0.425712890625 0.692333984375 0.425712890625 0.658251953125
0 0.47857421875000006 0.6189843749999999 0.44478515625000004 0.6189843749999999 0.44478515625000004 0.6446875000000001 0.47857421875000006 0.6446875000000001 0.47857421875000006 0.6189843749999999
0 0.26728515625 0.63462890625 0.23419921875 0.63462890625 0.23419921875 0.66322265625 0.26728515625 0.66322265625 0.26728515625 0.63462890625
0 0.2741796875 0.35203125 0.25171875 0.35203125 0.25171875 0.3735546875 0.2741796875 0.3735546875 0.2741796875 0.35203125
0 0.724267578125 0.46357421875 0.702490234375 0.46357421875 0.702490234375 0.48564453125 0.724267578125 0.48564453125 0.724267578125 0.46357421875
0 0.42869140625 0.15702148437500002 0.40384765624999996 0.15702148437500002 0.40384765624999996 0.180634765625 0.42869140625 0.180634765625 0.42869140625 0.15702148437500002
0 0.660615234375 0.733203125 0.622587890625 0.733203125 0.622587890625 0.76875 0.660615234375 0.76875 0.660615234375 0.733203125
0 0.71619140625 0.6817285156249999 0.68517578125 0.6817285156249999 0.68517578125 0.7147558593750001 0.71619140625 0.7147558593750001 0.71619140625 0.6817285156249999
0 0.584306640625 0.223623046875 0.565107421875 0.223623046875 0.565107421875 0.243408203125 0.584306640625 0.243408203125 0.584306640625 0.223623046875
0 0.5704003906249999 0.604755859375 0.5487402343750001 0.604755859375 0.5487402343750001 0.625712890625 0.5704003906249999 0.625712890625 0.5704003906249999 0.604755859375
0 0.6097753906250001 0.642900390625 0.5767480468749999 0.642900390625 0.5767480468749999 0.678388671875 0.6097753906250001 0.678388671875 0.6097753906250001 0.642900390625
0 0.475009765625 0.12730468749999999 0.450771484375 0.12730468749999999 0.450771484375 0.146875 0.475009765625 0.146875 0.475009765625 0.12730468749999999
0 0.555048828125 0.679091796875 0.532841796875 0.679091796875 0.532841796875 0.700791015625 0.555048828125 0.700791015625 0.555048828125 0.679091796875
0 0.7105175781249999 0.611220703125 0.6888964843750001 0.611220703125 0.6888964843750001 0.631943359375 0.7105175781249999 0.631943359375 0.7105175781249999 0.611220703125
0 0.47671875 0.7356835937499999 0.435390625 0.7356835937499999 0.435390625 0.7584570312500001 0.47671875 0.7584570312500001 0.47671875 0.7356835937499999
0 0.5995214843750001 0.70759765625 0.5674707031249999 0.70759765625 0.5674707031249999 0.73576171875 0.5995214843750001 0.73576171875 0.5995214843750001 0.70759765625
0 0.320859375 0.423046875 0.303671875 0.423046875 0.303671875 0.439765625 0.320859375 0.439765625 0.320859375 0.423046875
0 0.335400390625 0.746728515625 0.303779296875 0.746728515625 0.303779296875 0.776708984375 0.335400390625 0.776708984375 0.335400390625 0.746728515625
0 0.36666992187499997 0.6919531250000001 0.32961914062500003 0.6919531250000001 0.32961914062500003 0.7172265624999999 0.36666992187499997 0.7172265624999999 0.36666992187499997 0.6919531250000001
0 0.33994140625 0.30623046875000004 0.32169921874999996 0.30623046875000004 0.32169921874999996 0.32462890624999996 0.33994140625 0.32462890624999996 0.33994140625 0.30623046875000004
0 0.28095703125 0.6575292968750001 0.22197265625 0.6575292968750001 0.22197265625 0.7096582031249999 0.28095703125 0.7096582031249999 0.28095703125 0.6575292968750001
0 0.51162109375 0.6567968750000001 0.49033203125 0.6567968750000001 0.49033203125 0.6781640624999999 0.51162109375 0.6781640624999999 0.51162109375 0.6567968750000001
0 0.514267578125 0.626103515625 0.491591796875 0.626103515625 0.491591796875 0.645380859375 0.514267578125 0.645380859375 0.514267578125 0.626103515625
0 0.60732421875 0.41392578125 0.59189453125 0.41392578125 0.59189453125 0.42935546875 0.60732421875 0.42935546875 0.60732421875 0.41392578125
0 0.5243261718750001 0.73689453125 0.497158203125 0.73689453125 0.497158203125 0.75822265625 0.5243261718750001 0.75822265625 0.5243261718750001 0.73689453125
0 0.278564453125 0.40113281250000005 0.261982421875 0.40113281250000005 0.261982421875 0.41722656249999995 0.278564453125 0.41722656249999995 0.278564453125 0.40113281250000005
0 0.6308984375 0.177998046875 0.608359375 0.177998046875 0.608359375 0.198486328125 0.6308984375 0.198486328125 0.6308984375 0.177998046875
0 0.23205078124999998 0.57431640625 0.21474609375 0.57431640625 0.21474609375 0.59072265625 0.23205078124999998 0.59072265625 0.23205078124999998 0.57431640625
0 0.5053124999999999 0.526640625 0.3765234375 0.526640625 0.3765234375 0.621796875 0.5053124999999999 0.621796875 0.5053124999999999 0.526640625
0 0.446044921875 0.41158203125000004 0.419189453125 0.41158203125000004 0.419189453125 0.43412109374999996 0.446044921875 0.43412109374999996 0.446044921875 0.41158203125000004
0 0.429736328125 0.8026464843750001 0.399365234375 0.8026464843750001 0.399365234375 0.8311425781249999 0.429736328125 0.8311425781249999 0.429736328125 0.8026464843750001
0 0.69322265625 0.7562792968750001 0.67201171875 0.7562792968750001 0.67201171875 0.7749707031249999 0.69322265625 0.7749707031249999 0.69322265625 0.7562792968750001
0 0.7915234375 0.8703125 0.771953125 0.8703125 0.771953125 0.8875 0.7915234375 0.8875 0.7915234375 0.8703125
0 0.582626953125 0.026523437500000004 0.558974609375 0.026523437500000004 0.558974609375 0.051601562499999996 0.582626953125 0.051601562499999996 0.582626953125 0.026523437500000004
0 0.546396484375 0.5901464843750001 0.391611328125 0.5901464843750001 0.391611328125 0.7272363281249999 0.546396484375 0.7272363281249999 0.546396484375 0.5901464843750001
0 0.5459570312500001 0.8189746093749999 0.5292382812499999 0.8189746093749999 0.5292382812499999 0.8353222656250001 0.5459570312500001 0.8353222656250001 0.5459570312500001 0.8189746093749999
0 0.36427734375 0.440556640625 0.35349609375 0.440556640625 0.35349609375 0.452021484375 0.36427734375 0.452021484375 0.36427734375 0.440556640625
2 0.275390625 0.7734375 0.392578125 0.84375 0.43359375 0.833984375 0.44140625 0.841796875 0.521484375 0.841796875 0.685546875 0.779296875 0.783203125 0.701171875 0.794921875 0.6640625 0.802734375 0.548828125 0.77734375 0.46484375 0.767578125 0.3828125 0.716796875 0.25390625 0.58203125 0.1171875 0.515625 0.072265625 0.48046875 0.017578125 0.46484375 0.01171875 0.44140625 0.0390625 0.3828125 0.078125 0.306640625 0.14453125 0.171875 0.322265625 0.158203125 0.39453125 0.138671875 0.447265625 0.119140625 0.57421875 0.1171875 0.63671875 0.12890625 0.669921875 0.19140625 0.734375 0.275390625 0.7734375