0 0.488505859375 0.34982421874999997 0.395400390625 0.34982421874999997 0.395400390625 0.41498046874999994 0.488505859375 0.41498046874999994 0.488505859375 0.34982421874999997
0 0.232236328125 0.46221679687500006 0.159599609375 0.46221679687500006 0.159599609375 0.5495019531249999 0.232236328125 0.5495019531249999 0.232236328125 0.46221679687500006
0 0.40201171875 0.12140625000000001 0.33333984375000003 0.12140625000000001 0.33333984375000003 0.20234375 0.40201171875 0.20234375 0.40201171875 0.12140625000000001
0 0.613740234375 0.44823242187499995 0.568876953125 0.44823242187499995 0.568876953125 0.48391601562500003 0.613740234375 0.48391601562500003 0.613740234375 0.44823242187499995
0 0.496484375 0.693798828125 0.4493359375 0.693798828125 0.4493359375 0.741748046875 0.496484375 0.741748046875 0.496484375 0.693798828125
0 0.232255859375 0.302490234375 0.201103515625 0.302490234375 0.201103515625 0.343017578125 0.232255859375 0.343017578125 0.232255859375 0.302490234375
0 0.41243164062500004 0.5737890625000001 0.37272460937499996 0.5737890625000001 0.37272460937499996 0.6039453124999999 0.41243164062500004 0.6039453124999999 0.41243164062500004 0.5737890625000001
0 0.332021484375 0.45510742187500003 0.30129882812500003 0.45510742187500003 0.30129882812500003 0.48290039062499995 0.332021484375 0.48290039062499995 0.332021484375 0.45510742187500003
0 0.6119726562500001 0.746845703125 0.5774804687499999 0.746845703125 0.5774804687499999 0.777568359375 0.6119726562500001 0.777568359375 0.6119726562500001 0.746845703125
0 0.720673828125 0.56521484375 0.688505859375 0.56521484375 0.688505859375 0.59787109375 0.720673828125 0.59787109375 0.720673828125 0.56521484375
0 0.30769531250000004 0.523359375 0.2777734375 0.523359375 0.2777734375 0.5479296875 0.30769531250000004 0.5479296875 0.30769531250000004 0.523359375
0 0.542275390625 0.647783203125 0.514365234375 0.647783203125 0.514365234375 0.672529296875 0.542275390625 0.672529296875 0.542275390625 0.647783203125
0 0.34627929687500003 0.31258789062500003 0.32071289062499997 0.31258789062500003 0.32071289062499997 0.337333984375 0.34627929687500003 0.337333984375 0.34627929687500003 0.31258789062500003
0 0.386337890625 0.68982421875 0.35538085937499997 0.68982421875 0.35538085937499997 0.71837890625 0.386337890625 0.71837890625 0.386337890625 0.68982421875
0 0.3002734375 0.464716796875 0.2778515625 0.464716796875 0.2778515625 0.496220703125 0.3002734375 0.496220703125 0.3002734375 0.464716796875
0 0.054472656249999994 0.78767578125 0.02029296875 0.78767578125 0.02029296875 0.8226757812500001 0.054472656249999994 0.8226757812500001 0.054472656249999994 0.78767578125
0 0.446533203125 0.1912890625 0.423115234375 0.1912890625 0.423115234375 0.21277343750000002 0.446533203125 0.21277343750000002 0.446533203125 0.1912890625
0 0.679658203125 0.8252148437500001 0.646513671875 0.8252148437500001 0.646513671875 0.8534960937499999 0.679658203125 0.8534960937499999 0.679658203125 0.8252148437500001
0 0.48394531250000006 0.81947265625 0.45308593750000004 0.81947265625 0.45308593750000004 0.85337890625 0.48394531250000006 0.85337890625 0.48394531250000006 0.81947265625
0 0.44541015625 0.28694335937500004 0.42326171874999996 0.28694335937500004 0.42326171874999996 0.30680664062499996 0.44541015625 0.30680664062499996 0.44541015625 0.28694335937500004
0 0.168994140625 0.6883886718750001 0.144482421875 0.6883886718750001 0.144482421875 0.7120019531249999 0.168994140625 0.7120019531249999 0.168994140625 0.6883886718750001
0 0.16190429687500002 0.47297851562500004 0.138134765625 0.47297851562500004 0.138134765625 0.49725585937499994 0.16190429687500002 0.49725585937499994 0.16190429687500002 0.47297851562500004
0 0.578935546875 0.504736328125 0.555830078125 0.504736328125 0.555830078125 0.529443359375 0.578935546875 0.529443359375 0.578935546875 0.504736328125
0 0.5690039062500001 0.580341796875 0.5462304687499999 0.580341796875 0.5462304687499999 0.602275390625 0.5690039062500001 0.602275390625 0.5690039062500001 0.580341796875
0 0.26497070312500004 0.716279296875 0.243349609375 0.716279296875 0.243349609375 0.740751953125 0.26497070312500004 0.740751953125 0.26497070312500004 0.716279296875
0 0.42037109375000004 0.490810546875 0.39849609375 0.490810546875 0.39849609375 0.5170019531250001 0.42037109375000004 0.5170019531250001 0.42037109375000004 0.490810546875
0 0.545849609375 0.597939453125 0.523486328125 0.597939453125 0.523486328125 0.618857421875 0.545849609375 0.618857421875 0.545849609375 0.597939453125
0 0.7325097656249999 0.8396484375 0.7010839843750001 0.8396484375 0.7010839843750001 0.8673828125 0.7325097656249999 0.8673828125 0.7325097656249999 0.8396484375
0 0.289755859375 0.81083984375 0.250791015625 0.81083984375 0.250791015625 0.84443359375 0.289755859375 0.84443359375 0.289755859375 0.81083984375
0 0.378798828125 0.9428124999999999 0.333115234375 0.9428124999999999 0.333115234375 0.9771093750000001 0.378798828125 0.9771093750000001 0.378798828125 0.9428124999999999
0 0.171611328125 0.564189453125 0.148935546875 0.564189453125 0.148935546875 0.584248046875 0.171611328125 0.584248046875 0.171611328125 0.564189453125
0 0.2351953125 0.774921875 0.210625 0.774921875 0.210625 0.799296875 0.2351953125 0.799296875 0.2351953125 0.774921875
0 0.36447265624999997 0.8207128906250001 0.33962890625000003 0.8207128906250001 0.33962890625000003 0.8472558593749999 0.36447265624999997 0.8472558593749999 0.36447265624999997 0.8207128906250001
0 0.294140625 0.398154296875 0.2732421875 0.398154296875 0.2732421875 0.41973632812500006 0.294140625 0.41973632812500006 0.294140625 0.398154296875
0 0.21681640624999998 0.413916015625 0.19896484375 0.413916015625 0.19896484375 0.43229492187499996 0.21681640624999998 0.43229492187499996 0.21681640624999998 0.413916015625
0 0.149384765625 0.972509765625 0.048857421875 0.972509765625 0.048857421875 0.999990234375 0.149384765625 0.999990234375 0.149384765625 0.972509765625
0 0.45918945312500004 0.507646484375 0.44120117187499996 0.507646484375 0.44120117187499996 0.525556640625 0.45918945312500004 0.525556640625 0.45918945312500004 0.507646484375
0 0.76576171875 0.691298828125 0.74986328125 0.691298828125 0.74986328125 0.707138671875 0.76576171875 0.707138671875 0.76576171875 0.691298828125
0 0.20205078125 0.9695996093750001 0.17857421874999999 0.9695996093750001 0.17857421874999999 0.9913378906249999 0.20205078125 0.9913378906249999 0.20205078125 0.9695996093750001
0 0.32356445312500004 1 0.32356445312500004 0.9864062499999999 0.27995117187499996 0.9864062499999999 0.27995117187499996 1 0.32356445312500004 1
0 0.29202148437500003 0.9420117187500001 0.256337890625 0.9420117187500001 0.256337890625 0.9749804687499999 0.29202148437500003 0.9749804687499999 0.29202148437500003 0.9420117187500001
0 0.2740625 0.764453125 0.26109375 0.764453125 0.26109375 0.778515625 0.2740625 0.778515625 0.2740625 0.764453125
0 0.60958984375 0.616484375 0.57791015625 0.616484375 0.57791015625 0.653046875 0.60958984375 0.653046875 0.60958984375 0.616484375
0 0.031748046875000005 0.8550585937499999 0.000009765625 0.8550585937499999 0.000009765625 0.8939648437500001 0.031748046875000005 0.8939648437500001 0.031748046875000005 0.8550585937499999
0 0.505078125 0.77216796875 0.4890625 0.77216796875 0.4890625 0.78935546875 0.505078125 0.78935546875 0.505078125 0.77216796875
0 0.554951171875 0.8543652343750001 0.538798828125 0.8543652343750001 0.538798828125 0.8712207031249999 0.554951171875 0.8712207031249999 0.554951171875 0.8543652343750001
0 0.26837890625 1 0.26837890625 0.988779296875 0.22822265625 0.988779296875 0.22822265625 1 0.26837890625 1
0 0.44019531250000005 0.9767871093749999 0.41820312499999995 0.9767871093749999 0.41820312499999995 0.9958691406250001 0.44019531250000005 0.9958691406250001 0.44019531250000005 0.9767871093749999
0 0.42814453124999996 0.626171875 0.39658203125 0.626171875 0.39658203125 0.6423828125 0.42814453124999996 0.6423828125 0.42814453124999996 0.626171875
0 0.033486328125 0.8865624999999999 0.014716796874999999 0.8865624999999999 0.014716796874999999 0.9054296875000001 0.033486328125 0.9054296875000001 0.033486328125 0.8865624999999999
0 0.39548828125 0.8055468749999999 0.38185546875 0.8055468749999999 0.38185546875 0.8184765625000001 0.39548828125 0.8184765625000001 0.39548828125 0.8055468749999999
0 0.308125 0.9419140625000001 0.2807421875 0.9419140625000001 0.2807421875 0.9731249999999999 0.308125 0.9731249999999999 0.308125 0.9419140625000001
0 0.39968750000000003 0.284912109375 0.363515625 0.284912109375 0.363515625 0.520751953125 0.39968750000000003 0.520751953125 0.39968750000000003 0.284912109375
0 0.665654296875 0.578125 0.446650390625 0.578125 0.446650390625 0.7783203125 0.665654296875 0.7783203125 0.665654296875 0.578125
0 0.10421875 0.81173828125 0.006992187499999999 0.81173828125 0.006992187499999999 0.91384765625 0.10421875 0.91384765625 0.10421875 0.81173828125
2 0 0.998046875 0.5546875 0.994140625 0.53515625 0.984375 0.52734375 0.974609375 0.53125 0.96875 0.5104160156249999 0.96875 0.5 0.951171875 0.482421875 0.947265625 0.47900390625 0.90625 0.64453125 0.890625 0.677734375 0.880859375 0.76953125 0.8359375 0.794921875 0.80859375 0.814453125 0.751953125 0.82421875 0.66796875 0.8203125 0.611328125 0.8046875 0.5703125 0.736328125 0.4609375 0.6484375 0.2578125 0.6015625 0.203125 0.5546875 0.125 0.486328125 0.064453125 0.435546875 0 0.3671875 0.005859375 0.224609375 0.18359375 0.193359375 0.234375 0.1875 0.263671875 0.14453125 0.361328125 0.126953125 0.443359375 0.08984375 0.515625 0.078125 0.5546875 0.072265625 0.615234375 0.091796875 0.69921875 0.029296875 0.71875 0.01953125 0.697265625 0 0.69140625 0 0.998046875