0 0.379150390625 0.347666015625 0.286904296875 0.347666015625 0.286904296875 0.411513671875 0.379150390625 0.411513671875 0.379150390625 0.347666015625
0 0.6953710937500001 0.34170898437499997 0.6190820312499999 0.34170898437499997 0.6190820312499999 0.408291015625 0.6953710937500001 0.408291015625 0.6953710937500001 0.34170898437499997
0 0.616728515625 0.452880859375 0.543427734375 0.452880859375 0.543427734375 0.563720703125 0.616728515625 0.563720703125 0.616728515625 0.452880859375
0 0.598359375 0.5555761718750001 0.5373828125 0.5555761718750001 0.5373828125 0.6094628906249999 0.598359375 0.6094628906249999 0.598359375 0.5555761718750001
0 0.177880859375 0.36640625 0.104580078125 0.36640625 0.104580078125 0.42265625 0.177880859375 0.42265625 0.177880859375 0.36640625
0 0.470927734375 0.631806640625 0.388955078125 0.631806640625 0.388955078125 0.699248046875 0.470927734375 0.699248046875 0.470927734375 0.631806640625
0 0.764375 0.64580078125 0.6965625 0.64580078125 0.6965625 0.69501953125 0.764375 0.69501953125 0.764375 0.64580078125
0 0.208798828125 0.5855078125000001 0.158388671875 0.5855078125000001 0.158388671875 0.6312890624999999 0.208798828125 0.6312890624999999 0.208798828125 0.5855078125000001
0 0.31650390625 0.70802734375 0.23771484375 0.70802734375 0.23771484375 0.75779296875 0.31650390625 0.75779296875 0.31650390625 0.70802734375
0 0.37685546875 0.5104101562500001 0.34337890625 0.5104101562500001 0.34337890625 0.5433007812499999 0.37685546875 0.5433007812499999 0.37685546875 0.5104101562500001
0 0.595576171875 0.648056640625 0.566533203125 0.648056640625 0.566533203125 0.682998046875 0.595576171875 0.682998046875 0.595576171875 0.648056640625
0 0.9376855468749999 0.870849609375 0.8962988281250001 0.870849609375 0.8962988281250001 0.920166015625 0.9376855468749999 0.920166015625 0.9376855468749999 0.870849609375
0 0.5712109375 0.19974609375000002 0.5362109375 0.19974609375000002 0.5362109375 0.23435546875000002 0.5712109375 0.23435546875000002 0.5712109375 0.19974609375000002
0 0.629423828125 0.668994140625 0.590302734375 0.668994140625 0.590302734375 0.711865234375 0.629423828125 0.711865234375 0.629423828125 0.668994140625
0 0.32430664062500003 0.35832031249999996 0.289482421875 0.35832031249999996 0.289482421875 0.3873046875 0.32430664062500003 0.3873046875 0.32430664062500003 0.35832031249999996
0 0.289833984375 0.46631835937500005 0.255595703125 0.46631835937500005 0.255595703125 0.49805664062500005 0.289833984375 0.49805664062500005 0.289833984375 0.46631835937500005
0 0.423232421875 0.64953125 0.391728515625 0.64953125 0.391728515625 0.6815234375 0.423232421875 0.6815234375 0.423232421875 0.64953125
0 0.306298828125 0.3935546875 0.276708984375 0.3935546875 0.276708984375 0.416015625 0.306298828125 0.416015625 0.306298828125 0.3935546875
0 0.518056640625 0.62529296875 0.49073242187500005 0.62529296875 0.49073242187500005 0.64912109375 0.518056640625 0.64912109375 0.518056640625 0.62529296875
0 0.81474609375 0.6553613281249999 0.77705078125 0.6553613281249999 0.77705078125 0.6864355468750001 0.81474609375 0.6864355468750001 0.81474609375 0.6553613281249999
0 0.061650390624999996 0.23654296874999997 0.035146484374999995 0.23654296874999997 0.035146484374999995 0.26931640625000003 0.061650390624999996 0.26931640625000003 0.061650390624999996 0.23654296874999997
0 0.9355664062500001 0.36422851562499997 0.8974414062499999 0.36422851562499997 0.8974414062499999 0.39749023437500003 0.9355664062500001 0.39749023437500003 0.9355664062500001 0.36422851562499997
0 0.8137011718749999 0.419287109375 0.782978515625 0.419287109375 0.782978515625 0.445947265625 0.8137011718749999 0.445947265625 0.8137011718749999 0.419287109375
0 0.6098828125 0.26990234375 0.5873828125 0.26990234375 0.5873828125 0.29115234375 0.6098828125 0.29115234375 0.6098828125 0.26990234375
0 0.06731445312499999 0.08030273437499999 0.040302734374999996 0.08030273437499999 0.040302734374999996 0.110751953125 0.06731445312499999 0.110751953125 0.06731445312499999 0.08030273437499999
0 0.380439453125 0.455712890625 0.365185546875 0.455712890625 0.365185546875 0.471552734375 0.380439453125 0.471552734375 0.380439453125 0.455712890625
0 0.504169921875 0.428818359375 0.458720703125 0.428818359375 0.458720703125 0.481337890625 0.504169921875 0.481337890625 0.504169921875 0.428818359375
0 0.6546875 0.306591796875 0.6333984375 0.306591796875 0.6333984375 0.327197265625 0.6546875 0.327197265625 0.6546875 0.306591796875
0 0.31120117187499996 0.57279296875 0.28254882812500004 0.57279296875 0.28254882812500004 0.59126953125 0.31120117187499996 0.59126953125 0.31120117187499996 0.57279296875
0 0.27126953125000003 0.9166601562500001 0.23314453125 0.9166601562500001 0.23314453125 0.9661523437499999 0.27126953125000003 0.9661523437499999 0.27126953125000003 0.9166601562500001
0 0.7123339843750001 0.534384765625 0.6968457031249999 0.534384765625 0.6968457031249999 0.548623046875 0.7123339843750001 0.548623046875 0.7123339843750001 0.534384765625
0 0.725390625 0.714609375 0.7072265625 0.714609375 0.7072265625 0.7394921875 0.725390625 0.7394921875 0.725390625 0.714609375
0 0.9479199218750001 0.528125 0.9270800781249999 0.528125 0.9270800781249999 0.56171875 0.9479199218750001 0.56171875 0.9479199218750001 0.528125
0 0.5739160156249999 0.891552734375 0.5422949218750001 0.891552734375 0.5422949218750001 0.927783203125 0.5739160156249999 0.927783203125 0.5739160156249999 0.891552734375
0 0.7141699218750001 0.7199121093749999 0.5661035156249999 0.7199121093749999 0.5661035156249999 0.8142675781250001 0.7141699218750001 0.8142675781250001 0.7141699218750001 0.7199121093749999
0 0.134892578125 0.17692382812500002 0.11268554687500001 0.17692382812500002 0.11268554687500001 0.200029296875 0.134892578125 0.200029296875 0.134892578125 0.17692382812500002
0 0.87376953125 0.497431640625 0.85767578125 0.497431640625 0.85767578125 0.509404296875 0.87376953125 0.509404296875 0.87376953125 0.497431640625
0 0.8323535156249999 0.17513671875 0.794599609375 0.17513671875 0.794599609375 0.22255859375 0.8323535156249999 0.22255859375 0.8323535156249999 0.17513671875
0 0.470361328125 0.479072265625 0.459326171875 0.479072265625 0.459326171875 0.492607421875 0.470361328125 0.492607421875 0.470361328125 0.479072265625
0 0.7809179687500001 0.12771484375 0.7620507812499999 0.12771484375 0.7620507812499999 0.14720703125 0.7809179687500001 0.14720703125 0.7809179687500001 0.12771484375
0 0.694951171875 0.15908203125 0.665400390625 0.15908203125 0.665400390625 0.17638671875 0.694951171875 0.17638671875 0.694951171875 0.15908203125
0 0.18251953125 0.9318359375 0.16806640625 0.9318359375 0.16806640625 0.948046875 0.18251953125 0.948046875 0.18251953125 0.9318359375
0 0.7092968749999999 0.5074804687500001 0.6969531250000001 0.5074804687500001 0.6969531250000001 0.5198632812499999 0.7092968749999999 0.5198632812499999 0.7092968749999999 0.5074804687500001
0 0.67873046875 0.10340820312500001 0.65330078125 0.10340820312500001 0.65330078125 0.119873046875 0.67873046875 0.119873046875 0.67873046875 0.10340820312500001
0 0.9989355468750001 0.638076171875 0.9327050781249999 0.638076171875 0.9327050781249999 0.692978515625 0.9989355468750001 0.692978515625 0.9989355468750001 0.638076171875
0 0.027490234375 0.5964453125 0.012939453125 0.5964453125 0.012939453125 0.6086328125 0.027490234375 0.6086328125 0.027490234375 0.5964453125
0 0.6267578125 0.345478515625 0.6095703125 0.345478515625 0.6095703125 0.362060546875 0.6267578125 0.362060546875 0.6267578125 0.345478515625
0 0.49071289062499995 0.959853515625 0.46975585937500003 0.959853515625 0.46975585937500003 0.983505859375 0.49071289062499995 0.983505859375 0.49071289062499995 0.959853515625
0 0.793193359375 0.09905273437499999 0.765400390625 0.09905273437499999 0.765400390625 0.117392578125 0.793193359375 0.117392578125 0.793193359375 0.09905273437499999
0 0.933251953125 0.8192773437499999 0.908544921875 0.8192773437499999 0.908544921875 0.8545507812500001 0.933251953125 0.8545507812500001 0.933251953125 0.8192773437499999
0 0.43951171875000006 0.896728515625 0.39693359375 0.896728515625 0.39693359375 0.934326171875 0.43951171875000006 0.934326171875 0.43951171875000006 0.896728515625
0 0.95533203125 0.28861328125 0.94115234375 0.28861328125 0.94115234375 0.30416015625 0.95533203125 0.30416015625 0.95533203125 0.28861328125
0 0.582685546875 0.12080078125 0.568681640625 0.12080078125 0.568681640625 0.13798828125 0.582685546875 0.13798828125 0.582685546875 0.12080078125
0 0.8915429687499999 0.6278515625 0.8311132812500001 0.6278515625 0.8311132812500001 0.664140625 0.8915429687499999 0.664140625 0.8915429687499999 0.6278515625
0 0.47198242187500006 0.570791015625 0.46161132812499994 0.570791015625 0.46161132812499994 0.580576171875 0.47198242187500006 0.580576171875 0.47198242187500006 0.570791015625
0 0.510947265625 1 0.510947265625 0.963935546875 0.46709960937500006 0.963935546875 0.46709960937500006 1 0.510947265625 1
0 0.8183984375 0.13662109375 0.803671875 0.13662109375 0.803671875 0.15123046874999999 0.8183984375 0.15123046874999999 0.8183984375 0.13662109375
0 0.46996093749999995 0.32870117187500003 0.45632812500000003 0.32870117187500003 0.45632812500000003 0.340751953125 0.46996093749999995 0.340751953125 0.46996093749999995 0.32870117187500003
0 0.83216796875 0.17497070312500002 0.81431640625 0.17497070312500002 0.81431640625 0.197607421875 0.83216796875 0.197607421875 0.83216796875 0.17497070312500002
0 0.54296875 0.40350585937499994 0.5341796875 0.40350585937499994 0.5341796875 0.41192382812500006 0.54296875 0.41192382812500006 0.54296875 0.40350585937499994
0 0.9712500000000001 0.37795898437500003 0.9603906249999999 0.37795898437500003 0.9603906249999999 0.38766601562499997 0.9712500000000001 0.38766601562499997 0.9712500000000001 0.37795898437500003
2 0.029296875 0.552734375 0.072265625 0.607421875 0.197265625 0.732421875 0.2421875 0.748046875 0.337890625 0.802734375 0.392578125 0.81640625 0.51171875 0.8125 0.615234375 0.83203125 0.66015625 0.830078125 0.693359375 0.818359375 0.765625 0.771484375 0.814453125 0.708984375 0.86328125 0.623046875 0.91796875 0.48046875 0.943359375 0.400390625 0.947265625 0.34609375 0.95703125 0.322265625 0.962890625 0.314453125 0.98046875 0.3125 0.9921875 0.28125 0.998046875 0.283203125 0.998046875 0.037109375 0.9921875 0.033203125 0.875 0.09375 0.875 0.123046875 0.857421875 0.146484375 0.748046875 0.107421875 0.658203125 0.091796875 0.5859375 0.09375 0.5078125 0.107421875 0.421875 0.140625 0.341796875 0.193359375 0.279296875 0.216796875 0.009765625 0.412109375 0 0.419921875 0.001953125 0.53515625 0.01171875 0.548828125 0.029296875 0.552734375
0 0.2940625 0.57802734375 0.2845703125 0.57802734375 0.2845703125 0.58603515625 0.2940625 0.58603515625 0.2940625 0.57802734375