0 0.615224609375 0.36501953125000003 0.532119140625 0.36501953125000003 0.532119140625 0.45662109375000004 0.615224609375 0.45662109375000004 0.615224609375 0.36501953125000003
0 0.5875878906249999 0.38565429687499997 0.5315527343750001 0.38565429687499997 0.5315527343750001 0.448330078125 0.5875878906249999 0.448330078125 0.5875878906249999 0.38565429687499997
0 0.52625 0.390361328125 0.4786328125 0.390361328125 0.4786328125 0.43143554687499996 0.52625 0.43143554687499996 0.52625 0.390361328125
0 0.615966796875 0.639326171875 0.563720703125 0.639326171875 0.563720703125 0.686845703125 0.615966796875 0.686845703125 0.615966796875 0.639326171875
0 0.557890625 0.43345703125 0.48996093749999997 0.43345703125 0.48996093749999997 0.48939453125 0.557890625 0.48939453125 0.557890625 0.43345703125
0 0.381103515625 0.12764648437499998 0.304443359375 0.12764648437499998 0.304443359375 0.196806640625 0.381103515625 0.196806640625 0.381103515625 0.12764648437499998
0 0.36320312499999996 0.586298828125 0.31453125000000004 0.586298828125 0.31453125000000004 0.630498046875 0.36320312499999996 0.630498046875 0.36320312499999996 0.586298828125
0 0.5415234375 0.596875 0.49265625 0.596875 0.49265625 0.6365234375 0.5415234375 0.6365234375 0.5415234375 0.596875
0 0.23343750000000002 0.442607421875 0.164765625 0.442607421875 0.164765625 0.508095703125 0.23343750000000002 0.508095703125 0.23343750000000002 0.442607421875
0 0.47100585937500006 0.53962890625 0.42547851562499994 0.53962890625 0.42547851562499994 0.57853515625 0.47100585937500006 0.57853515625 0.47100585937500006 0.53962890625
0 0.310908203125 0.5888671875 0.269677734375 0.5888671875 0.269677734375 0.6318359375 0.310908203125 0.6318359375 0.310908203125 0.5888671875
0 0.25871093749999996 0.226875 0.1783203125 0.226875 0.1783203125 0.3107421875 0.25871093749999996 0.3107421875 0.25871093749999996 0.226875
0 0.24435546874999997 0.373330078125 0.19876953125000002 0.373330078125 0.19876953125000002 0.437724609375 0.24435546874999997 0.437724609375 0.24435546874999997 0.373330078125
0 0.46680664062500005 0.3685546875 0.42334960937500005 0.3685546875 0.42334960937500005 0.4024609375 0.46680664062500005 0.4024609375 0.46680664062500005 0.3685546875
0 0.13802734375 0.43875000000000003 0.09392578124999999 0.43875000000000003 0.09392578124999999 0.49632812499999995 0.13802734375 0.49632812499999995 0.13802734375 0.43875000000000003
0 0.776142578125 0.4178515625 0.717021484375 0.4178515625 0.717021484375 0.5016015625 0.776142578125 0.5016015625 0.776142578125 0.4178515625
0 0.5985546875 0.5714453125000001 0.5635546875 0.5714453125000001 0.5635546875 0.6033593749999999 0.5985546875 0.6033593749999999 0.5985546875 0.5714453125000001
0 0.464912109375 0.783466796875 0.414501953125 0.783466796875 0.414501953125 0.8366503906249999 0.464912109375 0.8366503906249999 0.464912109375 0.783466796875
0 0.57099609375 0.67521484375 0.51689453125 0.67521484375 0.51689453125 0.71931640625 0.57099609375 0.71931640625 0.57099609375 0.67521484375
0 0.674072265625 0.702177734375 0.603271484375 0.702177734375 0.603271484375 0.764619140625 0.674072265625 0.764619140625 0.674072265625 0.702177734375
0 0.6069921875000001 0.24939453125000002 0.5678124999999999 0.24939453125000002 0.5678124999999999 0.28236328125 0.6069921875000001 0.28236328125 0.6069921875000001 0.24939453125000002
0 0.7571386718750001 0.559189453125 0.7184472656249999 0.559189453125 0.7184472656249999 0.594130859375 0.7571386718750001 0.594130859375 0.7571386718750001 0.559189453125
0 0.3262890625 0.689013671875 0.2884765625 0.689013671875 0.2884765625 0.724072265625 0.3262890625 0.724072265625 0.3262890625 0.689013671875
0 0.7146484375 0.441318359375 0.67890625 0.441318359375 0.67890625 0.475673828125 0.7146484375 0.475673828125 0.7146484375 0.441318359375
0 0.5538964843749999 0.7643164062500001 0.5125097656250001 0.7643164062500001 0.5125097656250001 0.8001367187499999 0.5538964843749999 0.8001367187499999 0.5538964843749999 0.7643164062500001
0 0.4741015625 0.059853515625 0.43656249999999996 0.059853515625 0.43656249999999996 0.093232421875 0.4741015625 0.093232421875 0.4741015625 0.059853515625
0 0.5663476562499999 0.6356542968750001 0.5029882812500001 0.6356542968750001 0.5029882812500001 0.6875878906249999 0.5663476562499999 0.6875878906249999 0.5663476562499999 0.6356542968750001
0 0.510400390625 0.000361328125 0.457880859375 0.000361328125 0.457880859375 0.038896484375 0.510400390625 0.038896484375 0.510400390625 0.000361328125
0 0.553115234375 0.08280273437499999 0.518173828125 0.08280273437499999 0.518173828125 0.112275390625 0.553115234375 0.112275390625 0.553115234375 0.08280273437499999
0 0.42020507812499996 0.507353515625 0.385966796875 0.507353515625 0.385966796875 0.537568359375 0.42020507812499996 0.537568359375 0.42020507812499996 0.507353515625
0 0.6751367187499999 0.118369140625 0.6256445312500001 0.118369140625 0.6256445312500001 0.171201171875 0.6751367187499999 0.171201171875 0.6751367187499999 0.118369140625
0 0.476904296875 0.467060546875 0.44840820312499996 0.467060546875 0.44840820312499996 0.494384765625 0.476904296875 0.494384765625 0.476904296875 0.467060546875
0 0.796357421875 0.61208984375 0.745634765625 0.61208984375 0.745634765625 0.65158203125 0.796357421875 0.65158203125 0.796357421875 0.61208984375
0 0.4996484375 0.813681640625 0.466171875 0.813681640625 0.466171875 0.841591796875 0.4996484375 0.841591796875 0.4996484375 0.813681640625
0 0.57947265625 0.46292968749999996 0.54650390625 0.46292968749999996 0.54650390625 0.4975390625 0.57947265625 0.4975390625 0.57947265625 0.46292968749999996
0 0.6102636718750001 0.216796875 0.5860253906249999 0.216796875 0.5860253906249999 0.2409765625 0.6102636718750001 0.2409765625 0.6102636718750001 0.216796875
0 0.46275390625 0.693603515625 0.42787109375 0.693603515625 0.42787109375 0.720458984375 0.46275390625 0.720458984375 0.46275390625 0.693603515625
0 0.337470703125 0.90283203125 0.291943359375 0.90283203125 0.291943359375 0.94580078125 0.337470703125 0.94580078125 0.337470703125 0.90283203125
0 0.45673828125 0.59056640625 0.42462890625 0.59056640625 0.42462890625 0.61158203125 0.45673828125 0.61158203125 0.45673828125 0.59056640625
0 0.178046875 0.9579199218750001 0.1310546875 0.9579199218750001 0.1310546875 0.9883691406249999 0.178046875 0.9883691406249999 0.178046875 0.9579199218750001
0 0.42284179687499995 0.131982421875 0.397470703125 0.131982421875 0.397470703125 0.155634765625 0.42284179687499995 0.155634765625 0.42284179687499995 0.131982421875
0 0.33029296874999997 0.9497851562499999 0.29568359375000003 0.9497851562499999 0.29568359375000003 0.9789257812500001 0.33029296874999997 0.9789257812500001 0.33029296874999997 0.9497851562499999
0 0.38583007812500003 0.551005859375 0.36514648437499997 0.551005859375 0.36514648437499997 0.570087890625 0.38583007812500003 0.570087890625 0.38583007812500003 0.551005859375
0 0.770859375 0.41419921875 0.7359765625 0.41419921875 0.7359765625 0.44908203125 0.770859375 0.44908203125 0.770859375 0.41419921875
0 0.493232421875 0.232119140625 0.478955078125 0.232119140625 0.478955078125 0.252255859375 0.493232421875 0.252255859375 0.493232421875 0.232119140625
0 0.37890625 0.69572265625 0.3628125 0.69572265625 0.3628125 0.71150390625 0.37890625 0.71150390625 0.37890625 0.69572265625
0 0.5633203124999999 0.827197265625 0.5421484375000001 0.827197265625 0.5421484375000001 0.849560546875 0.5633203124999999 0.849560546875 0.5633203124999999 0.827197265625
0 0.05861328125 0.9281347656250001 0.03005859375 0.9281347656250001 0.03005859375 0.9497949218749999 0.05861328125 0.9497949218749999 0.05861328125 0.9281347656250001
0 0.62025390625 0.7530859375000001 0.59166015625 0.7530859375000001 0.59166015625 0.7742578124999999 0.62025390625 0.7742578124999999 0.62025390625 0.7530859375000001
2 0.46484375 0 0.296875 0.12109375 0.201171875 0.228515625 0.10546875 0.3671875 0.095703125 0.400390625 0.1015625 0.5546875 0.125 0.607421875 0.16015625 0.66015625 0.294921875 0.794921875 0.390625 0.865234375 0.44140625 0.892578125 0.5078125 0.884765625 0.611328125 0.81640625 0.65625 0.763671875 0.673828125 0.73046875 0.771484375 0.642578125 0.810546875 0.591796875 0.822265625 0.5625 0.818359375 0.494140625 0.78515625 0.44921875 0.7421875 0.267578125 0.623046875 0.09375 0.537109375 0 0.46484375 0