0 0.491962890625 0.480029296875 0.347646484375 0.480029296875 0.347646484375 0.564189453125 0.491962890625 0.564189453125 0.491962890625 0.480029296875
0 0.49823242187499994 0.46869140624999994 0.320126953125 0.46869140624999994 0.320126953125 0.6162695312500001 0.49823242187499994 0.6162695312500001 0.49823242187499994 0.46869140624999994
0 0.4611328125 0.21796875 0.3489453125 0.21796875 0.3489453125 0.3606640625 0.4611328125 0.3606640625 0.4611328125 0.21796875
0 0.5436132812500001 0.420986328125 0.43783203125 0.420986328125 0.43783203125 0.5194433593750001 0.5436132812500001 0.5194433593750001 0.5436132812500001 0.420986328125
0 0.7105078125000001 0.47912109375 0.5219140624999999 0.47912109375 0.5219140624999999 0.63708984375 0.7105078125000001 0.63708984375 0.7105078125000001 0.47912109375
0 0.570068359375 0.197216796875 0.456298828125 0.197216796875 0.456298828125 0.339423828125 0.570068359375 0.339423828125 0.570068359375 0.197216796875
0 0.541513671875 0.576904296875 0.40333007812500005 0.576904296875 0.40333007812500005 0.690673828125 0.541513671875 0.690673828125 0.541513671875 0.576904296875
0 0.543955078125 0.726435546875 0.386240234375 0.726435546875 0.386240234375 0.8585253906249999 0.543955078125 0.8585253906249999 0.543955078125 0.726435546875
0 0.8148242187499999 0.647333984375 0.57580078125 0.647333984375 0.57580078125 0.786259765625 0.8148242187499999 0.786259765625 0.8148242187499999 0.647333984375
0 0.24349609375 0.615751953125 0.14833984375 0.615751953125 0.14833984375 0.705537109375 0.24349609375 0.705537109375 0.24349609375 0.615751953125
0 0.60779296875 0.302197265625 0.44005859375 0.302197265625 0.44005859375 0.5225292968749999 0.60779296875 0.5225292968749999 0.60779296875 0.302197265625
0 0.5528906250000001 0.029238281249999998 0.4578515625 0.029238281249999998 0.4578515625 0.15521484375 0.5528906250000001 0.15521484375 0.5528906250000001 0.029238281249999998
0 0.3390625 0.634033203125 0.142890625 0.634033203125 0.142890625 0.865966796875 0.3390625 0.865966796875 0.3390625 0.634033203125
0 0.396669921875 0.290048828125 0.253720703125 0.290048828125 0.253720703125 0.614755859375 0.396669921875 0.614755859375 0.396669921875 0.290048828125
0 0.7145410156249999 0.8448437500000001 0.47979492187500006 0.8448437500000001 0.47979492187500006 0.9158984374999999 0.7145410156249999 0.9158984374999999 0.7145410156249999 0.8448437500000001
2 0.31640625 0.861328125 0.349609375 0.873046875 0.435546875 0.87890625 0.443359375 0.88671875 0.482421875 0.884765625 0.58984375 0.912109375 0.67578125 0.908203125 0.748046875 0.8671875 0.80859375 0.857421875 0.826171875 0.84375 0.845703125 0.802734375 0.845703125 0.712890625 0.8359375 0.615234375 0.82421875 0.572265625 0.796875 0.515625 0.74609375 0.45703125 0.73046875 0.396484375 0.73046875 0.361328125 0.71484375 0.3125 0.654296875 0.2109375 0.51171875 0.00390625 0.4765625 0 0.455078125 0.0078125 0.435546875 0.033203125 0.27734375 0.173828125 0.23828125 0.220703125 0.22265625 0.271484375 0.171875 0.35546875 0.173828125 0.474609375 0.140625 0.59375 0.138671875 0.66015625 0.169921875 0.73828125 0.2421875 0.810546875 0.31640625 0.861328125