0 0.557939453125 0.514755859375 0.41276367187499996 0.514755859375 0.41276367187499996 0.6093066406250001 0.557939453125 0.6093066406250001 0.557939453125 0.514755859375
0 0.5310644531250001 0.47113281249999994 0.381044921875 0.47113281249999994 0.381044921875 0.6157812500000001 0.5310644531250001 0.6157812500000001 0.5310644531250001 0.47113281249999994
0 0.6815234375 0.6856054687500001 0.458125 0.6856054687500001 0.458125 0.9032617187499999 0.6815234375 0.9032617187499999 0.6815234375 0.6856054687500001
0 0.213076171875 0.5762890625 0.028251953125 0.5762890625 0.028251953125 0.731328125 0.213076171875 0.731328125 0.213076171875 0.5762890625
0 0.403203125 0.2456640625 0.32140625 0.2456640625 0.32140625 0.36859375 0.403203125 0.36859375 0.403203125 0.2456640625
0 0.304501953125 0.18998046875000002 0.233583984375 0.18998046875000002 0.233583984375 0.25802734374999997 0.304501953125 0.25802734374999997 0.304501953125 0.18998046875000002
0 0.63294921875 0.619873046875 0.57896484375 0.619873046875 0.57896484375 0.660400390625 0.63294921875 0.660400390625 0.63294921875 0.619873046875
0 0.5721093749999999 0.3979296875 0.5196875000000001 0.3979296875 0.5196875000000001 0.44875 0.5721093749999999 0.44875 0.5721093749999999 0.3979296875
0 0.55244140625 0.19640625 0.50126953125 0.19640625 0.50126953125 0.24500000000000002 0.55244140625 0.24500000000000002 0.55244140625 0.19640625
0 0.773818359375 0.58517578125 0.712509765625 0.58517578125 0.712509765625 0.67166015625 0.773818359375 0.67166015625 0.773818359375 0.58517578125
0 0.43742187499999996 0.48112304687499996 0.39070312500000004 0.48112304687499996 0.39070312500000004 0.521806640625 0.43742187499999996 0.521806640625 0.43742187499999996 0.48112304687499996
0 0.747822265625 0.5562109375000001 0.692607421875 0.5562109375000001 0.692607421875 0.6166406249999999 0.747822265625 0.6166406249999999 0.747822265625 0.5562109375000001
0 0.46760742187500004 0.21625 0.43375976562499996 0.21625 0.43375976562499996 0.250546875 0.46760742187500004 0.250546875 0.46760742187500004 0.21625
0 0.6923046875 0.407353515625 0.6573046875 0.407353515625 0.6573046875 0.441787109375 0.6923046875 0.441787109375 0.6923046875 0.407353515625
0 0.48882812500000006 0.078271484375 0.43257812500000004 0.078271484375 0.43257812500000004 0.134736328125 0.48882812500000006 0.134736328125 0.48882812500000006 0.078271484375
0 0.624501953125 0.30810546875 0.597177734375 0.30810546875 0.597177734375 0.33837890625 0.624501953125 0.33837890625 0.624501953125 0.30810546875
0 0.476455078125 0.789091796875 0.338505859375 0.789091796875 0.338505859375 0.894501953125 0.476455078125 0.894501953125 0.476455078125 0.789091796875
0 0.41376953125 0.5606347656249999 0.36748046875 0.5606347656249999 0.36748046875 0.6014746093750001 0.41376953125 0.6014746093750001 0.41376953125 0.5606347656249999
0 0.40345703125 0.6360449218750001 0.36365234375 0.6360449218750001 0.36365234375 0.6705957031249999 0.40345703125 0.6705957031249999 0.40345703125 0.6360449218750001
0 0.380751953125 0.148564453125 0.342412109375 0.148564453125 0.342412109375 0.18006835937500001 0.380751953125 0.18006835937500001 0.380751953125 0.148564453125
0 0.663837890625 0.71025390625 0.618388671875 0.71025390625 0.618388671875 0.75654296875 0.663837890625 0.75654296875 0.663837890625 0.71025390625
0 0.309287109375 0.503447265625 0.280087890625 0.503447265625 0.280087890625 0.528779296875 0.309287109375 0.528779296875 0.309287109375 0.503447265625
0 0.5051953124999999 0.45723632812500004 0.4640625 0.45723632812500004 0.4640625 0.49932617187500006 0.5051953124999999 0.49932617187500006 0.5051953124999999 0.45723632812500004
0 0.31265624999999997 0.771455078125 0.2273828125 0.771455078125 0.2273828125 0.834013671875 0.31265624999999997 0.834013671875 0.31265624999999997 0.771455078125
0 0.624775390625 0.0392578125 0.590068359375 0.0392578125 0.590068359375 0.0740234375 0.624775390625 0.0740234375 0.624775390625 0.0392578125
0 0.924345703125 0.8228710937500001 0.868623046875 0.8228710937500001 0.868623046875 0.8870898437499999 0.924345703125 0.8870898437499999 0.924345703125 0.8228710937500001
0 0.236240234375 0.8307519531249999 0.164892578125 0.8307519531249999 0.164892578125 0.9006933593750001 0.236240234375 0.9006933593750001 0.236240234375 0.8307519531249999
0 0.782109375 0.5028417968750001 0.749140625 0.5028417968750001 0.749140625 0.5342675781249999 0.782109375 0.5342675781249999 0.782109375 0.5028417968750001
0 0.314072265625 0.452900390625 0.28311523437499997 0.452900390625 0.28311523437499997 0.479248046875 0.314072265625 0.479248046875 0.314072265625 0.452900390625
2 0 0.935546875 0.083984375 0.939453125 0.171875 0.91796875 0.19921875 0.931640625 0.30859375 0.93359375 0.380859375 0.943359375 0.40234375 0.962890625 0.4140625 0.990234375 0.587890625 0.9921875 0.583984375 0.935546875 0.642578125 0.90234375 0.658203125 0.880859375 0.720703125 0.83984375 0.7421875 0.81640625 0.76171875 0.697265625 0.7578125 0.6328125 0.796875 0.54296875 0.818359375 0.4609375 0.810546875 0.40234375 0.7890625 0.35546875 0.7890625 0.283203125 0.78125 0.251953125 0.708984375 0.125 0.65625 0.068359375 0.634765625 0.00390625 0.5 0 0.431640625 0.046875 0.38671875 0.091796875 0.34375 0.115234375 0.27734375 0.1875 0.212890625 0.234375 0.1875 0.263671875 0.060546875 0.46484375 0.015625 0.5625 0 0.625 0 0.935546875