0 0.32707031249999996 0.62109375 0.2456640625 0.62109375 0.2456640625 0.7047265625 0.32707031249999996 0.7047265625 0.32707031249999996 0.62109375
0 0.30982421875 0.62626953125 0.25318359375 0.62626953125 0.25318359375 0.67744140625 0.30982421875 0.67744140625 0.30982421875 0.62626953125
0 0.3595703125 0.7159082031249999 0.28546875 0.7159082031249999 0.28546875 0.7840917968750001 0.3595703125 0.7840917968750001 0.3595703125 0.7159082031249999
0 0.6239648437499999 0.5664941406249999 0.5742773437500001 0.5664941406249999 0.5742773437500001 0.6229589843750001 0.6239648437499999 0.6229589843750001 0.6239648437499999 0.5664941406249999
0 0.375283203125 0.5676855468750001 0.312724609375 0.5676855468750001 0.312724609375 0.6149316406249999 0.375283203125 0.6149316406249999 0.375283203125 0.5676855468750001
0 0.191474609375 0.6017578125 0.135439453125 0.6017578125 0.135439453125 0.64140625 0.191474609375 0.64140625 0.191474609375 0.6017578125
0 0.473251953125 0.623125 0.424208984375 0.623125 0.424208984375 0.658125 0.473251953125 0.658125 0.473251953125 0.623125
0 0.207841796875 0.77392578125 0.15934570312500002 0.77392578125 0.15934570312500002 0.81689453125 0.207841796875 0.81689453125 0.207841796875 0.77392578125
0 0.26654296875 0.40604492187499996 0.21294921875 0.40604492187499996 0.21294921875 0.453837890625 0.26654296875 0.453837890625 0.26654296875 0.40604492187499996
0 0.181611328125 0.45819335937499994 0.108427734375 0.45819335937499994 0.108427734375 0.5466894531250001 0.181611328125 0.5466894531250001 0.181611328125 0.45819335937499994
0 0.5658984375 0.59890625 0.5376171875 0.59890625 0.5376171875 0.6305859375 0.5658984375 0.6305859375 0.5658984375 0.59890625
0 0.500224609375 0.33775390625 0.46415039062499996 0.33775390625 0.46415039062499996 0.37708984375 0.500224609375 0.37708984375 0.500224609375 0.33775390625
0 0.6351953124999999 0.27892578125 0.5894140625000001 0.27892578125 0.5894140625000001 0.32263671875 0.6351953124999999 0.32263671875 0.6351953124999999 0.27892578125
0 0.68458984375 0.714326171875 0.65916015625 0.714326171875 0.65916015625 0.742705078125 0.68458984375 0.742705078125 0.68458984375 0.714326171875
0 0.6668359374999999 0.499267578125 0.6339453125000001 0.499267578125 0.6339453125000001 0.545654296875 0.6668359374999999 0.545654296875 0.6668359374999999 0.499267578125
0 0.354716796875 0.536865234375 0.319111328125 0.536865234375 0.319111328125 0.565673828125 0.354716796875 0.565673828125 0.354716796875 0.536865234375
0 0.509306640625 0.10212890625 0.47362304687499995 0.10212890625 0.47362304687499995 0.14310546875000002 0.509306640625 0.14310546875000002 0.509306640625 0.10212890625
0 0.3915625 0.22018554687499997 0.3667578125 0.22018554687499997 0.3667578125 0.24196289062499998 0.3915625 0.24196289062499998 0.3915625 0.22018554687499997
0 0.42339843750000006 0.7054296875 0.3769140625 0.7054296875 0.3769140625 0.7613671875 0.42339843750000006 0.7613671875 0.42339843750000006 0.7054296875
0 0.7073339843750001 0.5688671875 0.6842675781249999 0.5688671875 0.6842675781249999 0.5971484375 0.7073339843750001 0.5971484375 0.7073339843750001 0.5688671875
0 0.563955078125 0.38810546874999996 0.536630859375 0.38810546874999996 0.536630859375 0.41025390625 0.563955078125 0.41025390625 0.563955078125 0.38810546874999996
0 0.066884765625 0.9470019531249999 0.038779296875 0.9470019531249999 0.038779296875 0.9768261718750001 0.066884765625 0.9768261718750001 0.066884765625 0.9470019531249999
0 0.262998046875 0.19148437499999998 0.23653320312499998 0.19148437499999998 0.23653320312499998 0.2196484375 0.262998046875 0.2196484375 0.262998046875 0.19148437499999998
0 0.48713867187500004 0.727587890625 0.45965820312499994 0.727587890625 0.45965820312499994 0.758740234375 0.48713867187500004 0.758740234375 0.48713867187500004 0.727587890625
0 0.44059570312499996 0.8374804687499999 0.378271484375 0.8374804687499999 0.378271484375 0.8968945312500001 0.44059570312499996 0.8968945312500001 0.44059570312499996 0.8374804687499999
0 0.3677734375 0.37166992187500003 0.3431640625 0.37166992187500003 0.3431640625 0.39590820312499997 0.3677734375 0.39590820312499997 0.3677734375 0.37166992187500003
0 0.669111328125 0.968251953125 0.635576171875 0.968251953125 0.635576171875 0.996591796875 0.669111328125 0.996591796875 0.669111328125 0.968251953125
0 0.343388671875 0.26904296875 0.319697265625 0.26904296875 0.319697265625 0.29052734375 0.343388671875 0.29052734375 0.343388671875 0.26904296875
0 0.42849609375000003 0.298876953125 0.40599609374999995 0.298876953125 0.40599609374999995 0.32467773437499997 0.42849609375000003 0.32467773437499997 0.42849609375000003 0.298876953125
0 0.508583984375 0.37056640625 0.48262695312500004 0.37056640625 0.48262695312500004 0.39408203125 0.508583984375 0.39408203125 0.508583984375 0.37056640625
0 0.28728515625 0.49040039062499996 0.25958984375 0.49040039062499996 0.25958984375 0.525224609375 0.28728515625 0.525224609375 0.28728515625 0.49040039062499996
0 0.146982421875 0.739375 0.125244140625 0.739375 0.125244140625 0.762578125 0.146982421875 0.762578125 0.146982421875 0.739375
0 0.788076171875 0.9400292968749999 0.764658203125 0.9400292968749999 0.764658203125 0.9652441406250001 0.788076171875 0.9652441406250001 0.788076171875 0.9400292968749999
0 0.235498046875 0.32359375 0.21543945312499999 0.32359375 0.21543945312499999 0.3414453125 0.235498046875 0.3414453125 0.235498046875 0.32359375
0 0.51466796875 0.231611328125 0.49509765625 0.231611328125 0.49509765625 0.251044921875 0.51466796875 0.251044921875 0.51466796875 0.231611328125
0 0.48782226562500003 0.46656250000000005 0.46920898437499997 0.46656250000000005 0.46920898437499997 0.48414062500000005 0.48782226562500003 0.48414062500000005 0.48782226562500003 0.46656250000000005
0 0.31767578125 0.174814453125 0.29416015624999997 0.174814453125 0.29416015624999997 0.193583984375 0.31767578125 0.193583984375 0.31767578125 0.174814453125
0 0.3723046875 0.1740234375 0.35085937500000003 0.1740234375 0.35085937500000003 0.1921875 0.3723046875 0.1921875 0.3723046875 0.1740234375
0 0.48902343750000005 0.403271484375 0.47191406249999995 0.403271484375 0.47191406249999995 0.418994140625 0.48902343750000005 0.418994140625 0.48902343750000005 0.403271484375
0 0.454677734375 0.7832910156249999 0.39004882812499997 0.7832910156249999 0.39004882812499997 0.8163183593750001 0.454677734375 0.8163183593750001 0.454677734375 0.7832910156249999
0 0.691669921875 0.670947265625 0.671611328125 0.670947265625 0.671611328125 0.691357421875 0.691669921875 0.691357421875 0.691669921875 0.670947265625
0 0.680859375 0.933701171875 0.6228515625 0.933701171875 0.6228515625 0.968642578125 0.680859375 0.968642578125 0.680859375 0.933701171875
0 0.392216796875 0.48298828125000004 0.370009765625 0.48298828125000004 0.370009765625 0.50138671875 0.392216796875 0.50138671875 0.392216796875 0.48298828125000004
0 0.843125 0.96654296875 0.8219140625 0.96654296875 0.8219140625 0.98853515625 0.843125 0.98853515625 0.843125 0.96654296875
0 0.666044921875 0.7543261718750001 0.645478515625 0.7543261718750001 0.645478515625 0.7749707031249999 0.666044921875 0.7749707031249999 0.666044921875 0.7543261718750001
0 0.46732421874999996 0.240869140625 0.44771484375000004 0.240869140625 0.44771484375000004 0.25838867187500003 0.46732421874999996 0.25838867187500003 0.46732421874999996 0.240869140625
0 0.800751953125 0.9752148437500001 0.774443359375 0.9752148437500001 0.774443359375 0.9993945312499999 0.800751953125 0.9993945312499999 0.800751953125 0.9752148437500001
0 0.5389062499999999 0.808056640625 0.5245703125000001 0.808056640625 0.5245703125000001 0.823779296875 0.5389062499999999 0.823779296875 0.5389062499999999 0.808056640625
0 0.68400390625 0.934296875 0.66267578125 0.934296875 0.66267578125 0.956328125 0.68400390625 0.956328125 0.68400390625 0.934296875
0 0.024169921875 0.9441113281250001 0.000517578125 0.9441113281250001 0.000517578125 0.9709277343749999 0.024169921875 0.9709277343749999 0.024169921875 0.9441113281250001
0 0.125029296875 0.965771484375 0.10692382812500001 0.965771484375 0.10692382812500001 0.985400390625 0.125029296875 0.985400390625 0.125029296875 0.965771484375
0 0.533955078125 0.95146484375 0.517802734375 0.95146484375 0.517802734375 0.96845703125 0.533955078125 0.96845703125 0.533955078125 0.95146484375
0 0.47765625 0.031582031249999996 0.4647265625 0.031582031249999996 0.4647265625 0.049160156249999996 0.47765625 0.049160156249999996 0.47765625 0.031582031249999996
0 0.43167968749999996 0.214677734375 0.416484375 0.214677734375 0.416484375 0.227705078125 0.43167968749999996 0.227705078125 0.43167968749999996 0.214677734375
0 0.430048828125 0.04533203125 0.418583984375 0.04533203125 0.418583984375 0.05720703125 0.430048828125 0.05720703125 0.430048828125 0.04533203125
0 0.39254882812499997 0.3355078125 0.31545898437500003 0.3355078125 0.31545898437500003 0.43499999999999994 0.39254882812499997 0.43499999999999994 0.39254882812499997 0.3355078125
0 0.5658203125 0.8477148437500001 0.5513671875 0.8477148437500001 0.5513671875 0.8602929687499999 0.5658203125 0.8602929687499999 0.5658203125 0.8477148437500001
0 0.498916015625 0.663818359375 0.182255859375 0.663818359375 0.182255859375 0.916259765625 0.498916015625 0.916259765625 0.498916015625 0.663818359375
0 0.53724609375 0.499267578125 0.27283203125 0.499267578125 0.27283203125 0.684326171875 0.53724609375 0.684326171875 0.53724609375 0.499267578125
0 0.436865234375 0.131337890625 0.33219726562499996 0.131337890625 0.33219726562499996 0.296630859375 0.436865234375 0.296630859375 0.436865234375 0.131337890625
0 0.724228515625 0.775986328125 0.714248046875 0.775986328125 0.714248046875 0.785537109375 0.724228515625 0.785537109375 0.724228515625 0.775986328125
0 0.39730468750000003 0.9291796874999999 0.36148437499999997 0.9291796874999999 0.36148437499999997 0.9477734375000001 0.39730468750000003 0.9477734375000001 0.39730468750000003 0.9291796874999999
0 0.40697265624999995 0.26510742187499997 0.38845703125000003 0.26510742187499997 0.38845703125000003 0.28274414062500003 0.40697265624999995 0.28274414062500003 0.40697265624999995 0.26510742187499997
2 0.33203125 0.943359375 0.330078125 0.96484375 0.3359375 0.96875 0.345703125 0.96484375 0.357421875 0.943359375 0.40234375 0.935546875 0.58203125 0.86328125 0.654296875 0.84375 0.6875 0.826171875 0.732421875 0.787109375 0.740234375 0.75 0.73046875 0.654296875 0.6875 0.47265625 0.662109375 0.25390625 0.630859375 0.171875 0.52734375 0.00390625 0.40625 0 0.392578125 0.005859375 0.3515625 0.037109375 0.2421875 0.150390625 0.197265625 0.21875 0.126953125 0.40234375 0.064453125 0.5234375 0.029296875 0.619140625 0.029296875 0.662109375 0.048828125 0.703125 0.087890625 0.755859375 0.33203125 0.943359375