0 0.797470703125 0.631943359375 0.757802734375 0.631943359375 0.757802734375 0.683916015625 0.797470703125 0.683916015625 0.797470703125 0.631943359375
0 0.76501953125 0.44986328125 0.73791015625 0.44986328125 0.73791015625 0.47884765625 0.76501953125 0.47884765625 0.76501953125 0.44986328125
0 0.91109375 0.749482421875 0.883828125 0.749482421875 0.883828125 0.784697265625 0.91109375 0.784697265625 0.91109375 0.749482421875
0 0.256552734375 0.9117871093750001 0.21145507812500003 0.9117871093750001 0.21145507812500003 0.9544238281249999 0.256552734375 0.9544238281249999 0.256552734375 0.9117871093750001
0 0.75916015625 0.7959570312500001 0.73986328125 0.7959570312500001 0.73986328125 0.8143945312499999 0.75916015625 0.8143945312499999 0.75916015625 0.7959570312500001
0 0.399423828125 0.632197265625 0.320810546875 0.632197265625 0.320810546875 0.725224609375 0.399423828125 0.725224609375 0.399423828125 0.632197265625
0 0.31442382812499997 0.443251953125 0.28811523437500003 0.443251953125 0.28811523437500003 0.471318359375 0.31442382812499997 0.471318359375 0.31442382812499997 0.443251953125
0 0.9839453125000001 0.696728515625 0.9437890624999999 0.696728515625 0.9437890624999999 0.741748046875 0.9839453125000001 0.741748046875 0.9839453125000001 0.696728515625
0 0.726396484375 0.671171875 0.703291015625 0.671171875 0.703291015625 0.6930859375 0.726396484375 0.6930859375 0.726396484375 0.671171875
0 0.34556640625 0.576552734375 0.32142578125 0.576552734375 0.32142578125 0.599228515625 0.34556640625 0.599228515625 0.34556640625 0.576552734375
0 0.587080078125 0.28298828125000003 0.560380859375 0.28298828125000003 0.560380859375 0.31564453124999997 0.587080078125 0.31564453124999997 0.587080078125 0.28298828125000003
0 0.777392578125 0.82443359375 0.756787109375 0.82443359375 0.756787109375 0.84646484375 0.777392578125 0.84646484375 0.777392578125 0.82443359375
0 0.42155273437499996 0.29228515625 0.40071289062500004 0.29228515625 0.40071289062500004 0.31369140624999997 0.42155273437499996 0.31369140624999997 0.42155273437499996 0.29228515625
0 0.56189453125 0.22703125000000002 0.53478515625 0.22703125000000002 0.53478515625 0.24855468749999998 0.56189453125 0.24855468749999998 0.56189453125 0.22703125000000002
0 0.41666992187499996 0.54599609375 0.39875976562500004 0.54599609375 0.39875976562500004 0.56240234375 0.41666992187499996 0.56240234375 0.41666992187499996 0.54599609375
0 0.536357421875 0.48753906249999995 0.515400390625 0.48753906249999995 0.515400390625 0.511015625 0.536357421875 0.511015625 0.536357421875 0.48753906249999995
0 0.531376953125 0.5321386718750001 0.501826171875 0.5321386718750001 0.501826171875 0.5674707031249999 0.531376953125 0.5674707031249999 0.531376953125 0.5321386718750001
0 0.5050683593749999 0.444716796875 0.48274414062500004 0.444716796875 0.48274414062500004 0.463994140625 0.5050683593749999 0.463994140625 0.5050683593749999 0.444716796875
0 0.466865234375 0.30143554687499996 0.447705078125 0.30143554687499996 0.447705078125 0.32063476562500004 0.466865234375 0.32063476562500004 0.466865234375 0.30143554687499996
0 0.141171875 0.816259765625 0.116171875 0.816259765625 0.116171875 0.840966796875 0.141171875 0.840966796875 0.141171875 0.816259765625
0 0.42452148437500004 0.5136328125 0.40411132812500006 0.5136328125 0.40411132812500006 0.5332421875 0.42452148437500004 0.5332421875 0.42452148437500004 0.5136328125
0 0.13126953125000002 0.583505859375 0.11275390625 0.583505859375 0.11275390625 0.602041015625 0.13126953125000002 0.602041015625 0.13126953125000002 0.583505859375
0 0.693896484375 0.7462109375 0.674267578125 0.7462109375 0.674267578125 0.7655078125 0.693896484375 0.7655078125 0.693896484375 0.7462109375
0 0.9384765625 0.653466796875 0.9189453125 0.653466796875 0.9189453125 0.672705078125 0.9384765625 0.672705078125 0.9384765625 0.653466796875
0 0.6961035156250001 0.531220703125 0.6769433593749999 0.531220703125 0.6769433593749999 0.548857421875 0.6961035156250001 0.548857421875 0.6961035156250001 0.531220703125
0 0.732958984375 0.552685546875 0.708447265625 0.552685546875 0.708447265625 0.579150390625 0.732958984375 0.579150390625 0.732958984375 0.552685546875
0 0.5406152343749999 0.326640625 0.5082128906250001 0.326640625 0.5082128906250001 0.3520703125 0.5406152343749999 0.3520703125 0.5406152343749999 0.326640625
0 0.587548828125 0.14778320312499998 0.557958984375 0.14778320312499998 0.557958984375 0.175693359375 0.587548828125 0.175693359375 0.587548828125 0.14778320312499998
0 0.611298828125 0.6269921875 0.593779296875 0.6269921875 0.593779296875 0.6425390625 0.611298828125 0.6425390625 0.611298828125 0.6269921875
0 0.9679003906249999 0.880791015625 0.9432324218750001 0.880791015625 0.9432324218750001 0.907294921875 0.9679003906249999 0.907294921875 0.9679003906249999 0.880791015625
0 0.9642285156250001 0.9333984375 0.9351855468749999 0.9333984375 0.9351855468749999 0.9689453125 0.9642285156250001 0.9689453125 0.9642285156250001 0.9333984375
0 0.7007714843749999 0.8328515624999999 0.6820410156250001 0.8328515624999999 0.6820410156250001 0.8556250000000001 0.7007714843749999 0.8556250000000001 0.7007714843749999 0.8328515624999999
0 0.470966796875 0.81259765625 0.449931640625 0.81259765625 0.449931640625 0.82998046875 0.470966796875 0.82998046875 0.470966796875 0.81259765625
0 0.640625 0.167841796875 0.5791015625 0.167841796875 0.5791015625 0.21715820312499998 0.640625 0.21715820312499998 0.640625 0.167841796875
0 0.7598828125 0.8569140624999999 0.7401171875 0.8569140624999999 0.7401171875 0.8794140625000001 0.7598828125 0.8794140625000001 0.7598828125 0.8569140624999999
0 0.9264941406249999 0.893212890625 0.9045605468750001 0.893212890625 0.9045605468750001 0.916357421875 0.9264941406249999 0.916357421875 0.9264941406249999 0.893212890625
0 0.6001953125 0.895615234375 0.5755859375 0.895615234375 0.5755859375 0.920791015625 0.6001953125 0.920791015625 0.6001953125 0.895615234375
0 0.8232617187500001 0.8514355468750001 0.79783203125 0.8514355468750001 0.79783203125 0.8731738281249999 0.8232617187500001 0.8731738281249999 0.8232617187500001 0.8514355468750001
0 0.23792968750000001 0.747509765625 0.21593749999999998 0.747509765625 0.21593749999999998 0.763232421875 0.23792968750000001 0.763232421875 0.23792968750000001 0.747509765625
0 0.624765625 0.36076171874999996 0.60765625 0.36076171874999996 0.60765625 0.37900390625 0.624765625 0.37900390625 0.624765625 0.36076171874999996
0 0.8950781250000001 0.8803515624999999 0.8783593749999999 0.8803515624999999 0.8783593749999999 0.9018750000000001 0.8950781250000001 0.9018750000000001 0.8950781250000001 0.8803515624999999
0 0.312548828125 0.90205078125 0.275341796875 0.90205078125 0.275341796875 0.94267578125 0.312548828125 0.94267578125 0.312548828125 0.90205078125
0 0.326318359375 0.674423828125 0.298212890625 0.674423828125 0.298212890625 0.708388671875 0.326318359375 0.708388671875 0.326318359375 0.674423828125
0 0.12818359375 0.659892578125 0.11412109374999999 0.659892578125 0.11412109374999999 0.672138671875 0.12818359375 0.672138671875 0.12818359375 0.659892578125
0 0.419765625 0.22756835937500003 0.403984375 0.22756835937500003 0.403984375 0.24508789062499997 0.419765625 0.24508789062499997 0.419765625 0.22756835937500003
0 0.8482714843749999 0.80375 0.8333691406250001 0.80375 0.8333691406250001 0.8202734375 0.8482714843749999 0.8202734375 0.8482714843749999 0.80375
0 0.7098730468750001 0.39140625 0.6914941406249999 0.39140625 0.6914941406249999 0.40988281249999997 0.7098730468750001 0.40988281249999997 0.7098730468750001 0.39140625
0 0.1319921875 0.9378710937499999 0.1073828125 0.9378710937499999 0.1073828125 0.9634960937500001 0.1319921875 0.9634960937500001 0.1319921875 0.9378710937499999
0 0.356494140625 0.9266308593750001 0.330029296875 0.9266308593750001 0.330029296875 0.9512988281249999 0.356494140625 0.9512988281249999 0.356494140625 0.9266308593750001
0 0.522333984375 0.6862890625 0.506962890625 0.6862890625 0.506962890625 0.7023828125 0.522333984375 0.7023828125 0.522333984375 0.6862890625
0 0.364970703125 0.462666015625 0.347451171875 0.462666015625 0.347451171875 0.476787109375 0.364970703125 0.476787109375 0.364970703125 0.462666015625
0 0.48001953124999996 0.665849609375 0.46626953125000004 0.665849609375 0.46626953125000004 0.676923828125 0.48001953124999996 0.676923828125 0.48001953124999996 0.665849609375
0 0.9721875000000001 0.768876953125 0.9565234374999999 0.768876953125 0.9565234374999999 0.786787109375 0.9721875000000001 0.786787109375 0.9721875000000001 0.768876953125
0 0.562724609375 0.7233300781249999 0.545673828125 0.7233300781249999 0.545673828125 0.7512792968750001 0.562724609375 0.7512792968750001 0.562724609375 0.7233300781249999
0 0.938466796875 0.80537109375 0.921884765625 0.80537109375 0.921884765625 0.82158203125 0.938466796875 0.82158203125 0.938466796875 0.80537109375
0 0.47232421875 0.7731054687500001 0.45689453125 0.7731054687500001 0.45689453125 0.7952539062499999 0.47232421875 0.7952539062499999 0.47232421875 0.7731054687500001
0 0.11402343749999999 0.791240234375 0.0964453125 0.791240234375 0.0964453125 0.8044628906250001 0.11402343749999999 0.8044628906250001 0.11402343749999999 0.791240234375
0 0.6578027343749999 0.41814453125 0.6380957031250001 0.41814453125 0.6380957031250001 0.44271484375 0.6578027343749999 0.44271484375 0.6578027343749999 0.41814453125
0 0.38251953125 0.3734375 0.36650390625 0.3734375 0.36650390625 0.38828125 0.38251953125 0.38828125 0.38251953125 0.3734375
0 0.24208984375 0.549287109375 0.22642578124999999 0.549287109375 0.22642578124999999 0.565947265625 0.24208984375 0.565947265625 0.24208984375 0.549287109375
0 0.6012304687500001 0.54830078125 0.5843164062499999 0.54830078125 0.5843164062499999 0.56205078125 0.6012304687500001 0.56205078125 0.6012304687500001 0.54830078125
0 0.301826171875 1 0.301826171875 0.9901171874999999 0.277783203125 0.9901171874999999 0.277783203125 1 0.301826171875 1
0 0.20241210937499998 0.9562402343749999 0.182119140625 0.9562402343749999 0.182119140625 0.9754003906250001 0.20241210937499998 0.9754003906250001 0.20241210937499998 0.9562402343749999
0 0.47977539062499996 0.9400390625 0.463115234375 0.9400390625 0.463115234375 0.9564453125 0.47977539062499996 0.9564453125 0.47977539062499996 0.9400390625
0 0.55015625 0.974677734375 0.526015625 0.974677734375 0.526015625 0.991142578125 0.55015625 0.991142578125 0.55015625 0.974677734375
0 0.281318359375 0.70341796875 0.266064453125 0.70341796875 0.266064453125 0.71748046875 0.281318359375 0.71748046875 0.281318359375 0.70341796875
0 0.73580078125 0.954248046875 0.71732421875 0.954248046875 0.71732421875 0.973486328125 0.73580078125 0.973486328125 0.73580078125 0.954248046875
0 0.57529296875 0.927744140625 0.56044921875 0.927744140625 0.56044921875 0.946279296875 0.57529296875 0.946279296875 0.57529296875 0.927744140625
0 0.427802734375 0.37735351562499997 0.414970703125 0.37735351562499997 0.414970703125 0.39022460937500003 0.427802734375 0.39022460937500003 0.427802734375 0.37735351562499997
2 0.130859375 0.912109375 0.037109375 0.978515625 0.033203125 0.998046875 0.404296875 0.998046875 0.4140625 0.9921875 0.490234375 0.994140625 0.55078125 0.982421875 0.609375 0.984375 0.68359375 0.96484375 0.6875 0.955078125 0.73046875 0.9375 0.7578125 0.890625 0.77734375 0.888671875 0.79296875 0.873046875 0.791015625 0.86328125 0.8046875 0.85546875 0.802734375 0.84765625 0.77734375 0.85546875 0.7734375 0.84375 0.78125 0.818359375 0.78515625 0.716796875 0.814453125 0.58203125 0.771484375 0.390625 0.7109375 0.2890625 0.68359375 0.26171875 0.638671875 0.193359375 0.625 0.158203125 0.62109375 0.10546875 0.603515625 0.109375 0.55859375 0.140625 0.53125 0.140625 0.4765625 0.1640625 0.345703125 0.25 0.30078125 0.2890625 0.171875 0.439453125 0.107421875 0.546875 0.076171875 0.65234375 0.07421875 0.736328125 0.087890625 0.82421875 0.09765625 0.857421875 0.130859375 0.912109375