0 0.48675781249999994 0.43229492187499996 0.434453125 0.43229492187499996 0.434453125 0.47918945312499994 0.48675781249999994 0.47918945312499994 0.48675781249999994 0.43229492187499996
0 0.8324023437499999 0.63869140625 0.78771484375 0.63869140625 0.78771484375 0.69724609375 0.8324023437499999 0.69724609375 0.8324023437499999 0.63869140625
0 0.5548730468749999 0.538564453125 0.5291113281250001 0.538564453125 0.5291113281250001 0.562998046875 0.5548730468749999 0.562998046875 0.5548730468749999 0.538564453125
0 0.45670898437499996 0.34196289062499996 0.43684570312500004 0.34196289062499996 0.43684570312500004 0.363623046875 0.45670898437499996 0.363623046875 0.45670898437499996 0.34196289062499996
0 0.60966796875 0.77794921875 0.56708984375 0.77794921875 0.56708984375 0.8167773437499999 0.60966796875 0.8167773437499999 0.60966796875 0.77794921875
0 0.254384765625 0.420029296875 0.21315429687499998 0.420029296875 0.21315429687499998 0.453994140625 0.254384765625 0.453994140625 0.254384765625 0.420029296875
0 0.20676757812500002 0.40130859374999994 0.165302734375 0.40130859374999994 0.165302734375 0.44146484375000006 0.20676757812500002 0.44146484375000006 0.20676757812500002 0.40130859374999994
0 0.34342773437499996 0.2965234375 0.31477539062500004 0.2965234375 0.31477539062500004 0.3221484375 0.34342773437499996 0.3221484375 0.34342773437499996 0.2965234375
0 0.620166015625 0.414619140625 0.598583984375 0.414619140625 0.598583984375 0.438896484375 0.620166015625 0.438896484375 0.620166015625 0.414619140625
0 0.465927734375 0.500322265625 0.442783203125 0.500322265625 0.442783203125 0.523115234375 0.465927734375 0.523115234375 0.465927734375 0.500322265625
0 0.737744140625 0.548369140625 0.709521484375 0.548369140625 0.709521484375 0.574677734375 0.737744140625 0.574677734375 0.737744140625 0.548369140625
0 0.34287109375 0.331259765625 0.32072265624999996 0.331259765625 0.32072265624999996 0.351357421875 0.34287109375 0.351357421875 0.34287109375 0.331259765625
0 0.7242968750000001 0.641845703125 0.6936718749999999 0.641845703125 0.6936718749999999 0.668701171875 0.7242968750000001 0.668701171875 0.7242968750000001 0.641845703125
0 0.29049804687499997 0.3009765625 0.26711914062500003 0.3009765625 0.26711914062500003 0.3235546875 0.29049804687499997 0.3235546875 0.29049804687499997 0.3009765625
0 0.14291015625 0.9088574218750001 0.11685546875 0.9088574218750001 0.11685546875 0.9397753906249999 0.14291015625 0.9397753906249999 0.14291015625 0.9088574218750001
0 0.831982421875 0.79169921875 0.796923828125 0.79169921875 0.796923828125 0.82646484375 0.831982421875 0.82646484375 0.831982421875 0.79169921875
0 0.44533203125 0.723115234375 0.42822265625 0.723115234375 0.42822265625 0.740751953125 0.44533203125 0.740751953125 0.44533203125 0.723115234375
0 0.775732421875 0.88609375 0.744775390625 0.88609375 0.744775390625 0.9146875 0.775732421875 0.9146875 0.775732421875 0.88609375
0 0.227041015625 0.774853515625 0.206552734375 0.774853515625 0.206552734375 0.799365234375 0.227041015625 0.799365234375 0.227041015625 0.774853515625
0 0.635849609375 0.500166015625 0.617080078125 0.500166015625 0.617080078125 0.519365234375 0.635849609375 0.519365234375 0.635849609375 0.500166015625
0 0.676435546875 0.5704980468749999 0.654619140625 0.5704980468749999 0.654619140625 0.5916113281250001 0.676435546875 0.5916113281250001 0.676435546875 0.5704980468749999
0 0.509423828125 0.290810546875 0.455927734375 0.290810546875 0.455927734375 0.323955078125 0.509423828125 0.323955078125 0.509423828125 0.290810546875
0 0.40128906249999996 0.364443359375 0.384375 0.364443359375 0.384375 0.38215820312500004 0.40128906249999996 0.38215820312500004 0.40128906249999996 0.364443359375
0 0.389951171875 0.29783203125 0.371298828125 0.29783203125 0.371298828125 0.31740234375 0.389951171875 0.31740234375 0.389951171875 0.29783203125
0 0.672822265625 0.8030078125 0.652373046875 0.8030078125 0.652373046875 0.826875 0.672822265625 0.826875 0.672822265625 0.8030078125
0 0.42281250000000004 0.7687109375000001 0.40628906249999996 0.7687109375000001 0.40628906249999996 0.7849999999999999 0.42281250000000004 0.7849999999999999 0.42281250000000004 0.7687109375000001
0 0.05517578125 0.6187207031249999 0.03388671875 0.6187207031249999 0.03388671875 0.6361621093750001 0.05517578125 0.6361621093750001 0.05517578125 0.6187207031249999
0 0.594462890625 0.917626953125 0.567646484375 0.917626953125 0.567646484375 0.940771484375 0.594462890625 0.940771484375 0.594462890625 0.917626953125
0 0.5701171875 0.33772460937500004 0.5529296875 0.33772460937500004 0.5529296875 0.35563476562499996 0.5701171875 0.35563476562499996 0.5701171875 0.33772460937500004
0 0.391943359375 0.56796875 0.37516601562499996 0.56796875 0.37516601562499996 0.584375 0.391943359375 0.584375 0.391943359375 0.56796875
0 0.27726562499999996 0.7528417968750001 0.25886718750000004 0.7528417968750001 0.25886718750000004 0.7842675781249999 0.27726562499999996 0.7842675781249999 0.27726562499999996 0.7528417968750001
0 0.6577734375000001 0.5455664062500001 0.6342187499999999 0.5455664062500001 0.6342187499999999 0.5745507812499999 0.6577734375000001 0.5745507812499999 0.6577734375000001 0.5455664062500001
0 0.44674804687499997 0.29231445312500004 0.42922851562500003 0.29231445312500004 0.42922851562500003 0.308779296875 0.44674804687499997 0.308779296875 0.44674804687499997 0.29231445312500004
0 0.381103515625 0.795751953125 0.365498046875 0.795751953125 0.365498046875 0.825341796875 0.381103515625 0.825341796875 0.381103515625 0.795751953125
0 0.3220703125 0.877646484375 0.29953124999999997 0.877646484375 0.29953124999999997 0.903603515625 0.3220703125 0.903603515625 0.3220703125 0.877646484375
0 0.40164062500000003 0.47170898437500003 0.3859765625 0.47170898437500003 0.3859765625 0.48875976562499995 0.40164062500000003 0.48875976562499995 0.40164062500000003 0.47170898437500003
0 0.45245117187500006 0.176240234375 0.44063476562500004 0.176240234375 0.44063476562500004 0.18778320312500002 0.45245117187500006 0.18778320312500002 0.45245117187500006 0.176240234375
0 0.5093359375000001 0.8263671875 0.48578124999999994 0.8263671875 0.48578124999999994 0.842578125 0.5093359375000001 0.842578125 0.5093359375000001 0.8263671875
0 0.6951953125 0.9075390625 0.6758984375 0.9075390625 0.6758984375 0.9264453125 0.6951953125 0.9264453125 0.6951953125 0.9075390625
0 0.24620117187499999 0.5766015624999999 0.217431640625 0.5766015624999999 0.217431640625 0.5933203125000001 0.24620117187499999 0.5933203125000001 0.24620117187499999 0.5766015624999999
0 0.6560546875 0.9476171875 0.633984375 0.9476171875 0.633984375 0.96546875 0.6560546875 0.96546875 0.6560546875 0.9476171875
0 0.07451171875 0.689619140625 0.06134765625000001 0.689619140625 0.06134765625000001 0.716630859375 0.07451171875 0.716630859375 0.07451171875 0.689619140625
0 0.10984374999999999 0.9165625000000001 0.0936328125 0.9165625000000001 0.0936328125 0.9349999999999999 0.10984374999999999 0.9349999999999999 0.10984374999999999 0.9165625000000001
0 0.23960937499999999 0.5236328125 0.22718750000000001 0.5236328125 0.22718750000000001 0.5369140625 0.23960937499999999 0.5369140625 0.23960937499999999 0.5236328125
0 0.298486328125 0.371044921875 0.287958984375 0.371044921875 0.287958984375 0.382861328125 0.298486328125 0.382861328125 0.298486328125 0.371044921875
0 0.19422851562500001 0.9559765625000001 0.164677734375 0.9559765625000001 0.164677734375 0.9922656249999999 0.19422851562500001 0.9922656249999999 0.19422851562500001 0.9559765625000001
0 0.372841796875 0.8738378906250001 0.282939453125 0.8738378906250001 0.282939453125 0.9581933593749999 0.372841796875 0.9581933593749999 0.372841796875 0.8738378906250001
0 0.405419921875 0.7681347656249999 0.394384765625 0.7681347656249999 0.394384765625 0.7855761718750001 0.405419921875 0.7855761718750001 0.405419921875 0.7681347656249999
0 0.111767578125 0.7909765625 0.101240234375 0.7909765625 0.101240234375 0.80375 0.111767578125 0.80375 0.111767578125 0.7909765625
2 0.123046875 0.8515625 0.150390625 0.9765625 0.162109375 0.99609375 0.75 0.998046875 0.755859375 0.990234375 0.791015625 0.986328125 0.806640625 0.896484375 0.822265625 0.869140625 0.849609375 0.845703125 0.86328125 0.72265625 0.853515625 0.638671875 0.80078125 0.517578125 0.64453125 0.3125 0.59375 0.259765625 0.419921875 0.109375 0.400390625 0.103515625 0.390625 0.11328125 0.384765625 0.146484375 0.353515625 0.19140625 0.23828125 0.296875 0.19921875 0.34765625 0.158203125 0.42578125 0.119140625 0.560546875 0.125 0.791015625 0.1171875 0.814453125 0.125 0.82421875 0.123046875 0.8515625