0 0.783583984375 0.56466796875 0.755634765625 0.56466796875 0.755634765625 0.61970703125 0.783583984375 0.61970703125 0.783583984375 0.56466796875
0 0.7365625 0.41076171875 0.710703125 0.41076171875 0.710703125 0.43787109375 0.7365625 0.43787109375 0.7365625 0.41076171875
0 0.5560839843750001 0.28262695312499997 0.5318066406249999 0.28262695312499997 0.5318066406249999 0.312607421875 0.5560839843750001 0.312607421875 0.5560839843750001 0.28262695312499997
0 0.32283203125000004 0.458115234375 0.29826171874999996 0.458115234375 0.29826171874999996 0.484267578125 0.32283203125000004 0.484267578125 0.32283203125000004 0.458115234375
0 0.9460253906249999 0.6897851562499999 0.9162792968750001 0.6897851562499999 0.9162792968750001 0.7242773437500001 0.9460253906249999 0.7242773437500001 0.9460253906249999 0.6897851562499999
0 0.36646484375 0.881884765625 0.33228515625 0.881884765625 0.33228515625 0.915966796875 0.36646484375 0.915966796875 0.36646484375 0.881884765625
0 0.366591796875 0.5765917968750001 0.341416015625 0.5765917968750001 0.341416015625 0.5982128906249999 0.366591796875 0.5982128906249999 0.366591796875 0.5765917968750001
0 0.726181640625 0.616796875 0.703505859375 0.616796875 0.703505859375 0.6380859375 0.726181640625 0.6380859375 0.726181640625 0.616796875
0 0.71724609375 0.50890625 0.69583984375 0.50890625 0.69583984375 0.532109375 0.71724609375 0.532109375 0.71724609375 0.50890625
0 0.864453125 0.7911718750000001 0.8396484375 0.7911718750000001 0.8396484375 0.8133203124999999 0.864453125 0.8133203124999999 0.864453125 0.7911718750000001
0 0.72236328125 0.76833984375 0.70244140625 0.76833984375 0.70244140625 0.79025390625 0.72236328125 0.79025390625 0.72236328125 0.76833984375
0 0.496806640625 0.43638671875 0.474873046875 0.43638671875 0.474873046875 0.45423828125 0.496806640625 0.45423828125 0.496806640625 0.43638671875
0 0.166923828125 0.6070703125 0.149013671875 0.6070703125 0.149013671875 0.624375 0.166923828125 0.624375 0.166923828125 0.6070703125
0 0.793740234375 0.752080078125 0.774619140625 0.752080078125 0.774619140625 0.772333984375 0.793740234375 0.772333984375 0.793740234375 0.752080078125
0 0.79994140625 0.928251953125 0.77427734375 0.928251953125 0.77427734375 0.958466796875 0.79994140625 0.958466796875 0.79994140625 0.928251953125
0 0.427802734375 0.5087207031250001 0.410087890625 0.5087207031250001 0.410087890625 0.5274121093749999 0.427802734375 0.5274121093749999 0.427802734375 0.5087207031250001
0 0.704541015625 0.68943359375 0.685107421875 0.68943359375 0.685107421875 0.70900390625 0.704541015625 0.70900390625 0.704541015625 0.68943359375
0 0.1998046875 0.9334667968750001 0.1749609375 0.9334667968750001 0.1749609375 0.9581347656249999 0.1998046875 0.9581347656249999 0.1998046875 0.9334667968750001
0 0.9638085937499999 0.6016308593749999 0.9453710937500001 0.6016308593749999 0.9453710937500001 0.6190722656250001 0.9638085937499999 0.6190722656250001 0.9638085937499999 0.6016308593749999
0 0.6820703124999999 0.4923828125 0.6636328125000001 0.4923828125 0.6636328125000001 0.50859375 0.6820703124999999 0.50859375 0.6820703124999999 0.4923828125
0 0.5269238281249999 0.51298828125 0.5004199218750001 0.51298828125 0.5004199218750001 0.53974609375 0.5269238281249999 0.53974609375 0.5269238281249999 0.51298828125
0 0.31173828124999997 0.8821582031249999 0.28447265625 0.8821582031249999 0.28447265625 0.9069042968750001 0.31173828124999997 0.9069042968750001 0.31173828124999997 0.8821582031249999
0 0.5396386718749999 0.164892578125 0.5140722656250001 0.164892578125 0.5140722656250001 0.18592773437500001 0.5396386718749999 0.18592773437500001 0.5396386718749999 0.164892578125
0 0.97384765625 0.8231152343750001 0.95095703125 0.8231152343750001 0.95095703125 0.8477832031249999 0.97384765625 0.8477832031249999 0.97384765625 0.8231152343750001
0 0.19925781250000002 0.8195214843749999 0.17671874999999998 0.8195214843749999 0.17671874999999998 0.8435644531250001 0.19925781250000002 0.8435644531250001 0.19925781250000002 0.8195214843749999
0 0.5281347656250001 0.471767578125 0.5099511718749999 0.471767578125 0.5099511718749999 0.489677734375 0.5281347656250001 0.489677734375 0.5281347656250001 0.471767578125
0 0.41041015625000005 0.8991503906249999 0.38255859375 0.8991503906249999 0.38255859375 0.9240917968750001 0.41041015625000005 0.9240917968750001 0.41041015625000005 0.8991503906249999
0 0.44743164062499996 0.312294921875 0.42952148437500004 0.312294921875 0.42952148437500004 0.329814453125 0.44743164062499996 0.329814453125 0.44743164062499996 0.312294921875
0 0.5353125000000001 0.655654296875 0.5203515624999999 0.655654296875 0.5203515624999999 0.671494140625 0.5353125000000001 0.671494140625 0.5353125000000001 0.655654296875
0 0.52330078125 0.32744140625 0.48548828125 0.32744140625 0.48548828125 0.35177734374999997 0.52330078125 0.35177734374999997 0.52330078125 0.32744140625
0 0.526005859375 0.2369140625 0.501337890625 0.2369140625 0.501337890625 0.2555078125 0.526005859375 0.2555078125 0.526005859375 0.2369140625
0 0.37298828125 0.956103515625 0.34333984375000004 0.956103515625 0.34333984375000004 0.978466796875 0.37298828125 0.978466796875 0.37298828125 0.956103515625
0 0.7719921875 0.7285546875 0.7533984375 0.7285546875 0.7533984375 0.745078125 0.7719921875 0.745078125 0.7719921875 0.7285546875
0 0.39765625 0.2490234375 0.381640625 0.2490234375 0.381640625 0.2685546875 0.39765625 0.2685546875 0.39765625 0.2490234375
0 0.2503125 0.67439453125 0.2216015625 0.67439453125 0.2216015625 0.70841796875 0.2503125 0.70841796875 0.2503125 0.67439453125
0 0.63154296875 0.8405859375 0.60771484375 0.8405859375 0.60771484375 0.86546875 0.63154296875 0.86546875 0.63154296875 0.8405859375
0 0.6111718749999999 0.5904003906249999 0.5948828125000001 0.5904003906249999 0.5948828125000001 0.6049121093750001 0.6111718749999999 0.6049121093750001 0.6111718749999999 0.5904003906249999
0 0.502900390625 0.77880859375 0.481982421875 0.77880859375 0.481982421875 0.79638671875 0.502900390625 0.79638671875 0.502900390625 0.77880859375
0 0.268896484375 0.942041015625 0.248681640625 0.942041015625 0.248681640625 0.960302734375 0.268896484375 0.960302734375 0.268896484375 0.942041015625
0 0.9258007812500001 0.854248046875 0.9033007812499999 0.854248046875 0.9033007812499999 0.874267578125 0.9258007812500001 0.874267578125 0.9258007812500001 0.854248046875
0 0.578974609375 0.686630859375 0.559697265625 0.686630859375 0.559697265625 0.711806640625 0.578974609375 0.711806640625 0.578974609375 0.686630859375
0 0.42057617187499996 0.62255859375 0.347509765625 0.62255859375 0.347509765625 0.70947265625 0.42057617187499996 0.70947265625 0.42057617187499996 0.62255859375
0 0.170830078125 0.67716796875 0.157294921875 0.67716796875 0.157294921875 0.68904296875 0.170830078125 0.68904296875 0.170830078125 0.67716796875
0 0.2800390625 0.746142578125 0.2605078125 0.746142578125 0.2605078125 0.760693359375 0.2800390625 0.760693359375 0.2800390625 0.746142578125
0 0.59275390625 0.17985351562500002 0.56154296875 0.17985351562500002 0.56154296875 0.216630859375 0.59275390625 0.216630859375 0.59275390625 0.17985351562500002
0 0.352958984375 0.674482421875 0.32918945312500003 0.674482421875 0.32918945312500003 0.701494140625 0.352958984375 0.701494140625 0.352958984375 0.674482421875
0 0.5933496093749999 0.921669921875 0.5697363281250001 0.921669921875 0.5697363281250001 0.939658203125 0.5933496093749999 0.939658203125 0.5933496093749999 0.921669921875
0 0.49972656249999997 0.745068359375 0.4841796875 0.745068359375 0.4841796875 0.763720703125 0.49972656249999997 0.763720703125 0.49972656249999997 0.745068359375
0 0.8860449218750001 0.744951171875 0.8707910156249999 0.744951171875 0.8707910156249999 0.760908203125 0.8860449218750001 0.760908203125 0.8860449218750001 0.744951171875
0 0.83998046875 0.9187890624999999 0.80064453125 0.9187890624999999 0.80064453125 0.9503515625000001 0.83998046875 0.9503515625000001 0.83998046875 0.9187890624999999
0 0.751201171875 0.972119140625 0.724384765625 0.972119140625 0.724384765625 0.999560546875 0.751201171875 0.999560546875 0.751201171875 0.972119140625
0 0.52275390625 0.8968359375 0.50654296875 0.8968359375 0.50654296875 0.91078125 0.52275390625 0.91078125 0.52275390625 0.8968359375
0 0.41939453125000004 0.38431640625 0.40728515625000006 0.38431640625 0.40728515625000006 0.39646484375 0.41939453125000004 0.39646484375 0.41939453125000004 0.38431640625
0 0.17486328125 0.717783203125 0.15814453125 0.717783203125 0.15814453125 0.733388671875 0.17486328125 0.733388671875 0.17486328125 0.717783203125
0 0.998525390625 0.645234375 0.978037109375 0.645234375 0.978037109375 0.6741015625 0.998525390625 0.6741015625 0.998525390625 0.645234375
0 0.611279296875 0.873046875 0.596728515625 0.873046875 0.596728515625 0.890625 0.611279296875 0.890625 0.611279296875 0.873046875
0 0.31515624999999997 0.70158203125 0.30203125000000003 0.70158203125 0.30203125000000003 0.71345703125 0.31515624999999997 0.71345703125 0.31515624999999997 0.70158203125
0 0.553837890625 0.951376953125 0.535029296875 0.951376953125 0.535029296875 0.970498046875 0.553837890625 0.970498046875 0.553837890625 0.951376953125
0 0.214677734375 0.7916601562500001 0.19743164062500002 0.7916601562500001 0.19743164062500002 0.8069726562499999 0.214677734375 0.8069726562499999 0.214677734375 0.7916601562500001
0 0.26418945312500003 0.56337890625 0.250966796875 0.56337890625 0.250966796875 0.57822265625 0.26418945312500003 0.57822265625 0.26418945312500003 0.56337890625
0 0.6338574218749999 0.39315429687500003 0.6161425781250001 0.39315429687500003 0.6161425781250001 0.414970703125 0.6338574218749999 0.414970703125 0.6338574218749999 0.39315429687500003
0 0.376708984375 0.387158203125 0.361572265625 0.387158203125 0.361572265625 0.401435546875 0.376708984375 0.401435546875 0.376708984375 0.387158203125
0 0.59349609375 0.520380859375 0.57740234375 0.520380859375 0.57740234375 0.532353515625 0.59349609375 0.532353515625 0.59349609375 0.520380859375
2 0.1875 0.927734375 0.201171875 0.9375 0.205078125 0.947265625 0.19921875 0.955078125 0.22265625 0.994140625 0.357421875 0.99609375 0.39453125 0.986328125 0.40234375 0.994140625 0.42578125 0.99609375 0.474609375 0.994140625 0.51953125 0.982421875 0.498046875 0.96875 0.498046875 0.935546875 0.654296875 0.919921875 0.740234375 0.87109375 0.779296875 0.810546875 0.791015625 0.755859375 0.79296875 0.5078125 0.734375 0.357421875 0.580078125 0.18359375 0.560546875 0.125 0.548828125 0.126953125 0.521484375 0.154296875 0.466796875 0.171875 0.4296875 0.197265625 0.30078125 0.3125 0.19140625 0.470703125 0.140625 0.576171875 0.1328125 0.611328125 0.125 0.734375 0.16015625 0.85546875 0.19921875 0.9140625 0.1875 0.927734375