10 0.34765625 0.1953125 0.146484375 0.1953125 0.146484375 0.330078125 0.34765625 0.330078125 0.34765625 0.1953125
10 0.38318359375 0.18505859375 0.15978515625 0.18505859375 0.15978515625 0.35498046875 0.38318359375 0.35498046875 0.38318359375 0.18505859375
10 0.65478515625 0.195625 0.35595703125 0.195625 0.35595703125 0.391796875 0.65478515625 0.391796875 0.65478515625 0.195625
10 0.7846093749999999 0.263916015625 0.5757421875000001 0.263916015625 0.5757421875000001 0.417724609375 0.7846093749999999 0.417724609375 0.7846093749999999 0.263916015625
10 0.311953125 0.269296875 0.138984375 0.269296875 0.138984375 0.40503906250000005 0.311953125 0.40503906250000005 0.311953125 0.269296875
10 0.677861328125 0.319091796875 0.379755859375 0.319091796875 0.379755859375 0.572509765625 0.677861328125 0.572509765625 0.677861328125 0.319091796875
10 0.41839843749999994 0.485224609375 0.2124609375 0.485224609375 0.2124609375 0.620244140625 0.41839843749999994 0.620244140625 0.41839843749999994 0.485224609375
10 0.8694433593750001 0.312138671875 0.6784082031249999 0.312138671875 0.6784082031249999 0.465712890625 0.8694433593750001 0.465712890625 0.8694433593750001 0.312138671875
10 0.383984375 0.689453125 0.166328125 0.689453125 0.166328125 0.86328125 0.383984375 0.86328125 0.383984375 0.689453125
10 0.5087890625 0.287109375 0.2666015625 0.287109375 0.2666015625 0.458984375 0.5087890625 0.458984375 0.5087890625 0.287109375
10 0.9827246093750001 0.41813476562499996 0.8219628906249999 0.41813476562499996 0.8219628906249999 0.539404296875 0.9827246093750001 0.539404296875 0.9827246093750001 0.41813476562499996
10 0.639130859375 0.00015625 0.529814453125 0.00015625 0.529814453125 0.088046875 0.639130859375 0.088046875 0.639130859375 0.00015625
10 0.8139062499999999 0.02765625 0.6812109375000001 0.02765625 0.6812109375000001 0.2074609375 0.8139062499999999 0.2074609375 0.8139062499999999 0.02765625
10 0.182490234375 0 0.182490234375 0.11453125 0.273564453125 0.11453125 0.273564453125 0 0.182490234375 0
10 0.7462792968749999 0.060292968749999995 0.6287207031250001 0.060292968749999995 0.6287207031250001 0.22998046875 0.7462792968749999 0.22998046875 0.7462792968749999 0.060292968749999995
10 0.970947265625 0.312138671875 0.779052734375 0.312138671875 0.779052734375 0.446181640625 0.970947265625 0.446181640625 0.970947265625 0.312138671875
10 0.35279296875 0.60861328125 0.16626953125 0.60861328125 0.16626953125 0.67751953125 0.35279296875 0.67751953125 0.35279296875 0.60861328125
10 0.89453125 0.146123046875 0.0263671875 0.146123046875 0.0263671875 0.504775390625 0.89453125 0.504775390625 0.89453125 0.146123046875
10 0.20559570312500003 0.513447265625 0.196513671875 0.513447265625 0.196513671875 0.523662109375 0.20559570312500003 0.523662109375 0.20559570312500003 0.513447265625
2 0 0.599609375 0.01171875 0.61328125 0.10546875 0.654296875 0.228515625 0.6796875 0.361328125 0.6640625 0.39453125 0.646484375 0.453125 0.634765625 0.623046875 0.576171875 0.65234375 0.560546875 0.720703125 0.5 0.79296875 0.47265625 0.798828125 0.462890625 0.841796875 0.453125 0.978515625 0.373046875 0.97265625 0.36328125 0.90625 0.33984375 0.826171875 0.283203125 0.654296875 0.208984375 0.2421875 0.140625 0.203125 0.140625 0.181640625 0.1484375 0.1328125 0.193359375 0.0859375 0.26953125 0 0.419921875 0 0.599609375