0 0.61869140625 0.378046875 0.5559960937499999 0.378046875 0.5559960937499999 0.458359375 0.61869140625 0.458359375 0.61869140625 0.378046875
0 0.5113867187500001 0.26068359375 0.46810546875 0.26068359375 0.46810546875 0.29986328125 0.5113867187500001 0.29986328125 0.5113867187500001 0.26068359375
0 0.590458984375 0.525634765625 0.515009765625 0.525634765625 0.515009765625 0.589599609375 0.590458984375 0.589599609375 0.590458984375 0.525634765625
0 0.458935546875 0.6483496093750001 0.419501953125 0.6483496093750001 0.419501953125 0.6836816406249999 0.458935546875 0.6836816406249999 0.458935546875 0.6483496093750001
0 0.311025390625 0.16626953125 0.27737304687500003 0.16626953125 0.27737304687500003 0.19677734375 0.311025390625 0.19677734375 0.311025390625 0.16626953125
0 0.526728515625 0.4353515625 0.500615234375 0.4353515625 0.500615234375 0.4630859375 0.526728515625 0.4630859375 0.526728515625 0.4353515625
0 0.368046875 0.3205078125 0.335078125 0.3205078125 0.335078125 0.354296875 0.368046875 0.354296875 0.368046875 0.3205078125
0 0.44216796875000003 0.52607421875 0.40013671874999995 0.52607421875 0.40013671874999995 0.57060546875 0.44216796875000003 0.57060546875 0.44216796875000003 0.52607421875
0 0.4662109375 0.760087890625 0.413203125 0.760087890625 0.413203125 0.8043652343750001 0.4662109375 0.8043652343750001 0.4662109375 0.760087890625
0 0.66513671875 0.300791015625 0.64052734375 0.300791015625 0.64052734375 0.329599609375 0.66513671875 0.329599609375 0.66513671875 0.300791015625
0 0.38970703125 0.15687500000000001 0.36029296875 0.15687500000000001 0.36029296875 0.18078125 0.38970703125 0.18078125 0.38970703125 0.15687500000000001
0 0.26591796875 0.319326171875 0.23189453124999998 0.319326171875 0.23189453124999998 0.35403320312500003 0.26591796875 0.35403320312500003 0.26591796875 0.319326171875
0 0.27876953125 0.6289648437500001 0.25103515625 0.6289648437500001 0.25103515625 0.6561914062499999 0.27876953125 0.6561914062499999 0.27876953125 0.6289648437500001
0 0.4412109375 0.183037109375 0.407421875 0.183037109375 0.407421875 0.211259765625 0.4412109375 0.211259765625 0.4412109375 0.183037109375
0 0.21510742187499998 0.16036132812499998 0.188447265625 0.16036132812499998 0.188447265625 0.185576171875 0.21510742187499998 0.185576171875 0.21510742187499998 0.16036132812499998
0 0.180302734375 0.302255859375 0.15809570312500001 0.302255859375 0.15809570312500001 0.322275390625 0.180302734375 0.322275390625 0.180302734375 0.302255859375
0 0.5252734375 0.230146484375 0.5059765625 0.230146484375 0.5059765625 0.253486328125 0.5252734375 0.253486328125 0.5252734375 0.230146484375
0 0.5730859374999999 0.277568359375 0.5509375000000001 0.277568359375 0.5509375000000001 0.298134765625 0.5730859374999999 0.298134765625 0.5730859374999999 0.277568359375
0 0.493115234375 0.830185546875 0.460517578125 0.830185546875 0.460517578125 0.864150390625 0.493115234375 0.864150390625 0.493115234375 0.830185546875
0 0.6302148437499999 0.360341796875 0.6061132812500001 0.360341796875 0.6061132812500001 0.38430664062500003 0.6302148437499999 0.38430664062500003 0.6302148437499999 0.360341796875
0 0.434501953125 0.446875 0.418544921875 0.446875 0.418544921875 0.46183593749999996 0.434501953125 0.46183593749999996 0.434501953125 0.446875
0 0.368994140625 0.45591796875 0.35026367187499996 0.45591796875 0.35026367187499996 0.47232421875 0.368994140625 0.47232421875 0.368994140625 0.45591796875
0 0.675732421875 0.26595703125000003 0.655322265625 0.26595703125000003 0.655322265625 0.28435546875 0.675732421875 0.28435546875 0.675732421875 0.26595703125000003
0 0.29123046874999997 0.096220703125 0.25369140625000003 0.096220703125 0.25369140625000003 0.124716796875 0.29123046874999997 0.124716796875 0.29123046874999997 0.096220703125
0 0.195 0.42282226562499997 0.1694921875 0.42282226562499997 0.1694921875 0.45803710937500003 0.195 0.45803710937500003 0.195 0.42282226562499997
0 0.666376953125 0.499912109375 0.650029296875 0.499912109375 0.650029296875 0.5186425781249999 0.666376953125 0.5186425781249999 0.666376953125 0.499912109375
0 0.420302734375 0.22439453125000003 0.400517578125 0.22439453125000003 0.400517578125 0.24654296874999998 0.420302734375 0.24654296874999998 0.420302734375 0.22439453125000003
0 0.644814453125 0.130390625 0.624716796875 0.130390625 0.624716796875 0.154765625 0.644814453125 0.154765625 0.644814453125 0.130390625
0 0.409267578125 0.40109374999999997 0.389091796875 0.40109374999999997 0.389091796875 0.4158203125 0.409267578125 0.4158203125 0.409267578125 0.40109374999999997
0 0.47184570312499996 0.0492578125 0.45588867187500004 0.0492578125 0.45588867187500004 0.064453125 0.47184570312499996 0.064453125 0.47184570312499996 0.0492578125
0 0.3002734375 0.57279296875 0.288125 0.57279296875 0.288125 0.58638671875 0.3002734375 0.58638671875 0.3002734375 0.57279296875
0 0.186865234375 0.20252929687500001 0.17301757812500002 0.20252929687500001 0.17301757812500002 0.21836914062499999 0.186865234375 0.21836914062499999 0.186865234375 0.20252929687500001
0 0.64037109375 0.6626660156249999 0.62818359375 0.6626660156249999 0.62818359375 0.6791308593750001 0.64037109375 0.6791308593750001 0.64037109375 0.6626660156249999
0 0.18617187500000001 0.35905273437499996 0.1705078125 0.35905273437499996 0.1705078125 0.372900390625 0.18617187500000001 0.372900390625 0.18617187500000001 0.35905273437499996
0 0.3659765625 0.72341796875 0.3483984375 0.72341796875 0.3483984375 0.73849609375 0.3659765625 0.73849609375 0.3659765625 0.72341796875
0 0.39993164062500003 0.0471484375 0.386708984375 0.0471484375 0.386708984375 0.0610546875 0.39993164062500003 0.0610546875 0.39993164062500003 0.0471484375
0 0.544658203125 0.5656152343749999 0.513935546875 0.5656152343749999 0.513935546875 0.5945410156250001 0.544658203125 0.5945410156250001 0.544658203125 0.5656152343749999
0 0.46258789062499994 0.33170898437499996 0.45245117187500006 0.33170898437499996 0.45245117187500006 0.34211914062500004 0.46258789062499994 0.34211914062500004 0.46258789062499994 0.33170898437499996
0 0.35478515625 0.022724609375 0.29853515625 0.022724609375 0.29853515625 0.047939453124999996 0.35478515625 0.047939453124999996 0.35478515625 0.022724609375
0 0.446201171875 0.711396484375 0.424423828125 0.711396484375 0.424423828125 0.730009765625 0.446201171875 0.730009765625 0.446201171875 0.711396484375
0 0.36184570312500003 0.824208984375 0.349599609375 0.824208984375 0.349599609375 0.835947265625 0.36184570312500003 0.835947265625 0.36184570312500003 0.824208984375
2 0.18359375 0.5625 0.22265625 0.6796875 0.26953125 0.787109375 0.30859375 0.830078125 0.380859375 0.98046875 0.396484375 0.998046875 0.43359375 0.998046875 0.470703125 0.9375 0.63671875 0.71875 0.654296875 0.68359375 0.666015625 0.552734375 0.724609375 0.310546875 0.716796875 0.234375 0.671875 0.154296875 0.607421875 0.095703125 0.447265625 0.03125 0.357421875 0.025390625 0.3046875 0.037109375 0.287109375 0.0546875 0.25390625 0.0546875 0.212890625 0.078125 0.17578125 0.123046875 0.150390625 0.181640625 0.13671875 0.23828125 0.13671875 0.30859375 0.1484375 0.37890625 0.166015625 0.4296875 0.18359375 0.5625