0 0.726298828125 0.436630859375 0.671005859375 0.436630859375 0.671005859375 0.501728515625 0.726298828125 0.501728515625 0.726298828125 0.436630859375
0 0.5748925781249999 0.798662109375 0.5403417968750001 0.798662109375 0.5403417968750001 0.8321972656250001 0.5748925781249999 0.8321972656250001 0.5748925781249999 0.798662109375
0 0.717548828125 0.642919921875 0.687724609375 0.642919921875 0.687724609375 0.673486328125 0.717548828125 0.673486328125 0.717548828125 0.642919921875
0 0.28214843749999996 0.322568359375 0.25398437500000004 0.322568359375 0.25398437500000004 0.350791015625 0.28214843749999996 0.350791015625 0.28214843749999996 0.322568359375
0 0.45573242187499996 0.09388671875 0.428564453125 0.09388671875 0.428564453125 0.12095703124999999 0.45573242187499996 0.12095703124999999 0.45573242187499996 0.09388671875
0 0.8561816406249999 0.885693359375 0.8078808593750001 0.885693359375 0.8078808593750001 0.930712890625 0.8561816406249999 0.930712890625 0.8561816406249999 0.885693359375
0 0.699443359375 0.307197265625 0.669697265625 0.307197265625 0.669697265625 0.332958984375 0.699443359375 0.332958984375 0.699443359375 0.307197265625
0 0.57896484375 0.16911132812500002 0.55189453125 0.16911132812500002 0.55189453125 0.198310546875 0.57896484375 0.198310546875 0.57896484375 0.16911132812500002
0 0.7847363281249999 0.60234375 0.7572558593750001 0.60234375 0.7572558593750001 0.6310546875 0.7847363281249999 0.6310546875 0.7847363281249999 0.60234375
0 0.2559765625 0.353701171875 0.22742187500000002 0.353701171875 0.22742187500000002 0.379697265625 0.2559765625 0.379697265625 0.2559765625 0.353701171875
0 0.355673828125 0.51337890625 0.314755859375 0.51337890625 0.314755859375 0.55009765625 0.355673828125 0.55009765625 0.355673828125 0.51337890625
0 0.40994140625000003 0.171513671875 0.38255859375 0.171513671875 0.38255859375 0.196650390625 0.40994140625000003 0.196650390625 0.40994140625000003 0.171513671875
0 0.468349609375 0.21109375 0.446689453125 0.21109375 0.446689453125 0.2332421875 0.468349609375 0.2332421875 0.468349609375 0.21109375
0 0.6825292968750001 0.56783203125 0.6631738281249999 0.56783203125 0.6631738281249999 0.58744140625 0.6825292968750001 0.58744140625 0.6825292968750001 0.56783203125
0 0.55421875 0.20690429687499998 0.5326953125 0.20690429687499998 0.5326953125 0.227197265625 0.55421875 0.227197265625 0.55421875 0.20690429687499998
0 0.21799804687500002 0.660439453125 0.19266601562500002 0.660439453125 0.19266601562500002 0.686240234375 0.21799804687500002 0.686240234375 0.21799804687500002 0.660439453125
0 0.655869140625 0.8512597656249999 0.632216796875 0.8512597656249999 0.632216796875 0.8743261718750001 0.655869140625 0.8743261718750001 0.655869140625 0.8512597656249999
0 0.705205078125 0.8278125 0.684443359375 0.8278125 0.684443359375 0.8528515625 0.705205078125 0.8528515625 0.705205078125 0.8278125
0 0.56775390625 0.654736328125 0.53771484375 0.654736328125 0.53771484375 0.681201171875 0.56775390625 0.681201171875 0.56775390625 0.654736328125
0 0.469775390625 0.031376953125 0.448193359375 0.031376953125 0.448193359375 0.061201171875 0.469775390625 0.061201171875 0.469775390625 0.031376953125
0 0.377060546875 0.22903320312500003 0.35391601562499997 0.22903320312500003 0.35391601562499997 0.254599609375 0.377060546875 0.254599609375 0.377060546875 0.22903320312500003
0 0.322412109375 0.71701171875 0.294306640625 0.71701171875 0.294306640625 0.74392578125 0.322412109375 0.74392578125 0.322412109375 0.71701171875
0 0.589580078125 0.275498046875 0.567646484375 0.275498046875 0.567646484375 0.29727539062499997 0.589580078125 0.29727539062499997 0.589580078125 0.275498046875
0 0.39796875 0.807890625 0.376953125 0.807890625 0.376953125 0.8317578125 0.39796875 0.8317578125 0.39796875 0.807890625
0 0.56025390625 0.44158203125 0.53740234375 0.44158203125 0.53740234375 0.46126953125 0.56025390625 0.46126953125 0.56025390625 0.44158203125
0 0.40313476562500006 0.723515625 0.376669921875 0.723515625 0.376669921875 0.74328125 0.40313476562500006 0.74328125 0.40313476562500006 0.723515625
0 0.46214843749999995 0.792138671875 0.43386718750000003 0.792138671875 0.43386718750000003 0.811376953125 0.46214843749999995 0.811376953125 0.46214843749999995 0.792138671875
0 0.41485351562500006 0.47466796875000006 0.395693359375 0.47466796875000006 0.395693359375 0.49361328125000004 0.41485351562500006 0.49361328125000004 0.41485351562500006 0.47466796875000006
0 0.271953125 0.769775390625 0.24074218749999998 0.769775390625 0.24074218749999998 0.822021484375 0.271953125 0.822021484375 0.271953125 0.769775390625
0 0.343251953125 0.90263671875 0.32620117187500003 0.90263671875 0.32620117187500003 0.92158203125 0.343251953125 0.92158203125 0.343251953125 0.90263671875
0 0.577626953125 0.956796875 0.554208984375 0.956796875 0.554208984375 0.97484375 0.577626953125 0.97484375 0.577626953125 0.956796875
0 0.7862890625000001 0.9515722656250001 0.7693749999999999 0.9515722656250001 0.7693749999999999 0.9654199218749999 0.7862890625000001 0.9654199218749999 0.7862890625000001 0.9515722656250001
0 0.41775390625000003 0.26818359375 0.39134765625 0.26818359375 0.39134765625 0.29529296875 0.41775390625000003 0.29529296875 0.41775390625000003 0.26818359375
0 0.520947265625 0.184912109375 0.480029296875 0.184912109375 0.480029296875 0.224033203125 0.520947265625 0.224033203125 0.520947265625 0.184912109375
0 0.787890625 0.45794921874999994 0.7716796875 0.45794921874999994 0.7716796875 0.47466796875000006 0.787890625 0.47466796875000006 0.787890625 0.45794921874999994
2 0.21484375 0.85546875 0.2109375 0.861328125 0.228515625 0.865234375 0.255859375 0.89453125 0.263671875 0.916015625 0.34765625 0.966796875 0.322265625 0.998046875 0.9296875 0.998046875 0.904296875 0.943359375 0.8359375 0.86328125 0.857421875 0.732421875 0.85546875 0.615234375 0.83984375 0.546875 0.787109375 0.4453125 0.7734375 0.37890625 0.74609375 0.314453125 0.611328125 0.142578125 0.46875 0.001953125 0.427734375 0.00390625 0.41015625 0.05859375 0.3671875 0.123046875 0.259765625 0.234375 0.224609375 0.287109375 0.185546875 0.390625 0.171875 0.4609375 0.169921875 0.720703125 0.181640625 0.8046875 0.1953125 0.837890625 0.21484375 0.85546875