10 0.427734375 0.58203125 0.373046875 0.58203125 0.373046875 0.6875 0.427734375 0.6875 0.427734375 0.58203125
10 0.49371093750000006 0.5299414062500001 0.43011718749999994 0.5299414062500001 0.43011718749999994 0.5936914062499999 0.49371093750000006 0.5936914062499999 0.49371093750000006 0.5299414062500001
10 0.5318945312500001 0.40625976562500005 0.42794921874999997 0.40625976562500005 0.42794921874999997 0.49479492187499996 0.5318945312500001 0.49479492187499996 0.5318945312500001 0.40625976562500005
10 0.500654296875 0.25216796874999997 0.414931640625 0.25216796874999997 0.414931640625 0.40630859375000006 0.500654296875 0.40630859375000006 0.500654296875 0.25216796874999997
10 0.662080078125 0.386728515625 0.558154296875 0.386728515625 0.558154296875 0.498271484375 0.662080078125 0.498271484375 0.662080078125 0.386728515625
10 0.601337890625 0.59939453125 0.467021484375 0.59939453125 0.467021484375 0.74291015625 0.601337890625 0.74291015625 0.601337890625 0.59939453125
10 0.52322265625 0.72091796875 0.39541015625 0.72091796875 0.39541015625 0.87650390625 0.52322265625 0.87650390625 0.52322265625 0.72091796875
10 0.733251953125 0.510419921875 0.564677734375 0.510419921875 0.564677734375 0.605830078125 0.733251953125 0.605830078125 0.733251953125 0.510419921875
10 0.733251953125 0.610244140625 0.651474609375 0.610244140625 0.651474609375 0.777607421875 0.733251953125 0.777607421875 0.733251953125 0.610244140625
10 0.6221484375 0.19140625 0.44964843749999994 0.19140625 0.44964843749999994 0.3334375 0.6221484375 0.3334375 0.6221484375 0.19140625
10 0.63951171875 0.04599609375 0.50607421875 0.04599609375 0.50607421875 0.19462890625 0.63951171875 0.19462890625 0.63951171875 0.04599609375