0 0.490234375 0.6558300781249999 0.43011718749999994 0.6558300781249999 0.43011718749999994 0.7151464843750001 0.490234375 0.7151464843750001 0.490234375 0.6558300781249999
0 0.618525390625 0.6762890625 0.589482421875 0.6762890625 0.589482421875 0.705546875 0.618525390625 0.705546875 0.618525390625 0.6762890625
0 0.681044921875 0.78884765625 0.644150390625 0.78884765625 0.644150390625 0.82345703125 0.681044921875 0.82345703125 0.681044921875 0.78884765625
0 0.75048828125 0.8314160156250001 0.71142578125 0.8314160156250001 0.71142578125 0.8736621093749999 0.75048828125 0.8736621093749999 0.75048828125 0.8314160156250001
0 0.368095703125 0.346474609375 0.33260742187500003 0.346474609375 0.33260742187500003 0.384501953125 0.368095703125 0.384501953125 0.368095703125 0.346474609375
0 0.31666015625 0.797119140625 0.28345703125 0.797119140625 0.28345703125 0.839599609375 0.31666015625 0.839599609375 0.31666015625 0.797119140625
0 0.272353515625 0.284609375 0.22815429687500002 0.284609375 0.22815429687500002 0.324765625 0.272353515625 0.324765625 0.272353515625 0.284609375
0 0.7418847656249999 0.61015625 0.7102636718750001 0.61015625 0.7102636718750001 0.637890625 0.7418847656249999 0.637890625 0.7418847656249999 0.61015625
0 0.41116210937500003 0.56865234375 0.38278320312499997 0.56865234375 0.38278320312499997 0.59541015625 0.41116210937500003 0.59541015625 0.41116210937500003 0.56865234375
0 0.6928515625 0.407802734375 0.6684765625 0.407802734375 0.6684765625 0.430595703125 0.6928515625 0.430595703125 0.6928515625 0.407802734375
0 0.711640625 0.5971093749999999 0.686796875 0.5971093749999999 0.686796875 0.6196875000000001 0.711640625 0.6196875000000001 0.711640625 0.5971093749999999
0 0.77845703125 0.750693359375 0.75279296875 0.750693359375 0.75279296875 0.778603515625 0.77845703125 0.778603515625 0.77845703125 0.750693359375
0 0.766748046875 0.552998046875 0.743017578125 0.552998046875 0.743017578125 0.579814453125 0.766748046875 0.579814453125 0.766748046875 0.552998046875
0 0.155244140625 0.41712890625 0.12428710937500001 0.41712890625 0.12428710937500001 0.45201171875 0.155244140625 0.45201171875 0.155244140625 0.41712890625
0 0.37943359375 0.7029394531250001 0.28806640625 0.7029394531250001 0.28806640625 0.8029199218749999 0.37943359375 0.8029199218749999 0.37943359375 0.7029394531250001
0 0.42646484375 0.350234375 0.40119140625 0.350234375 0.40119140625 0.3773046875 0.42646484375 0.3773046875 0.42646484375 0.350234375
0 0.443408203125 0.399345703125 0.41940429687499997 0.399345703125 0.41940429687499997 0.425849609375 0.443408203125 0.425849609375 0.443408203125 0.399345703125
0 0.08321289062500001 0.5673242187499999 0.018583984375 0.5673242187499999 0.018583984375 0.6240820312500001 0.08321289062500001 0.6240820312500001 0.08321289062500001 0.5673242187499999
0 0.3020703125 0.413974609375 0.278515625 0.413974609375 0.278515625 0.437119140625 0.3020703125 0.437119140625 0.3020703125 0.413974609375
0 0.204443359375 0.525 0.18180664062500002 0.525 0.18180664062500002 0.5482421875 0.204443359375 0.5482421875 0.204443359375 0.525
0 0.31985351562500003 0.919326171875 0.28073242187499997 0.919326171875 0.28073242187499997 0.965439453125 0.31985351562500003 0.965439453125 0.31985351562500003 0.919326171875
0 0.8206835937499999 0.6584765625 0.79064453125 0.6584765625 0.79064453125 0.680390625 0.8206835937499999 0.680390625 0.8206835937499999 0.6584765625
0 0.406376953125 0.8763085937499999 0.324091796875 0.8763085937499999 0.324091796875 0.9498632812500001 0.406376953125 0.9498632812500001 0.406376953125 0.8763085937499999
0 0.5953027343749999 0.7087988281250001 0.5218847656250001 0.7087988281250001 0.5218847656250001 0.7863183593749999 0.5953027343749999 0.7863183593749999 0.5953027343749999 0.7087988281250001
0 0.541181640625 0.339990234375 0.521318359375 0.339990234375 0.521318359375 0.360712890625 0.541181640625 0.360712890625 0.541181640625 0.339990234375
0 0.334404296875 0.26869140625 0.31649414062500003 0.26869140625 0.31649414062500003 0.28990234375 0.334404296875 0.28990234375 0.334404296875 0.26869140625
0 0.10497070312500001 0.786787109375 0.085693359375 0.786787109375 0.085693359375 0.8069628906249999 0.10497070312500001 0.8069628906249999 0.10497070312500001 0.786787109375
0 0.10669921874999999 0.65625 0.05955078125 0.65625 0.05955078125 0.701171875 0.10669921874999999 0.701171875 0.10669921874999999 0.65625
0 0.098759765625 0.8658105468749999 0.081044921875 0.8658105468749999 0.081044921875 0.8861425781250001 0.098759765625 0.8861425781250001 0.098759765625 0.8658105468749999
0 0.64541015625 0.416640625 0.62998046875 0.416640625 0.62998046875 0.4339453125 0.64541015625 0.4339453125 0.64541015625 0.416640625
0 0.558232421875 0.5364648437499999 0.539423828125 0.5364648437499999 0.539423828125 0.5563085937500001 0.558232421875 0.5563085937500001 0.558232421875 0.5364648437499999
0 0.880419921875 0.42092773437500003 0.826611328125 0.42092773437500003 0.826611328125 0.46825195312499995 0.880419921875 0.46825195312499995 0.880419921875 0.42092773437500003
0 0.391669921875 0.32180664062500003 0.370556640625 0.32180664062500003 0.370556640625 0.341787109375 0.391669921875 0.341787109375 0.391669921875 0.32180664062500003
0 0.53810546875 0.28678710937499996 0.51951171875 0.28678710937499996 0.51951171875 0.306494140625 0.53810546875 0.306494140625 0.53810546875 0.28678710937499996
0 0.6297265624999999 0.383525390625 0.6134375000000001 0.383525390625 0.6134375000000001 0.40018554687499996 0.6297265624999999 0.40018554687499996 0.6297265624999999 0.383525390625
0 0.21892578125 0.210126953125 0.17634765624999998 0.210126953125 0.17634765624999998 0.261787109375 0.21892578125 0.261787109375 0.21892578125 0.210126953125
0 0.5142480468749999 0.59630859375 0.495517578125 0.59630859375 0.495517578125 0.61560546875 0.5142480468749999 0.61560546875 0.5142480468749999 0.59630859375
0 0.50951171875 0.733779296875 0.44900390625000003 0.733779296875 0.44900390625000003 0.780869140625 0.50951171875 0.780869140625 0.50951171875 0.733779296875
0 0.24221679687500003 0.6818261718749999 0.192353515625 0.6818261718749999 0.192353515625 0.7654394531250001 0.24221679687500003 0.7654394531250001 0.24221679687500003 0.6818261718749999
0 1 0.458896484375 0.9543652343750001 0.458896484375 0.9543652343750001 0.5303613281249999 1 0.5303613281249999 1 0.458896484375
0 0.364853515625 0.104130859375 0.34561523437499997 0.104130859375 0.34561523437499997 0.128173828125 0.364853515625 0.128173828125 0.364853515625 0.104130859375
0 0.42960937499999996 0.518779296875 0.4126953125 0.518779296875 0.4126953125 0.539814453125 0.42960937499999996 0.539814453125 0.42960937499999996 0.518779296875
0 0 0.8451562499999999 0.0682421875 0.8451562499999999 0.0682421875 0.7817968750000001 0 0.7817968750000001 0 0.8451562499999999
0 0.7075390625 0.496337890625 0.691875 0.496337890625 0.691875 0.516357421875 0.7075390625 0.516357421875 0.7075390625 0.496337890625
0 0.037294921875 0.9607714843749999 0.010791015625 0.9607714843749999 0.010791015625 0.9874707031250001 0.037294921875 0.9874707031250001 0.037294921875 0.9607714843749999
0 0.599833984375 0.7654296875 0.537861328125 0.7654296875 0.537861328125 0.8166015625 0.599833984375 0.8166015625 0.599833984375 0.7654296875
0 0.14478515625 0.299130859375 0.09080078124999999 0.299130859375 0.09080078124999999 0.347353515625 0.14478515625 0.347353515625 0.14478515625 0.299130859375
0 0.912626953125 0.318486328125 0.812958984375 0.318486328125 0.812958984375 0.452529296875 0.912626953125 0.452529296875 0.912626953125 0.318486328125
0 0.46561523437499996 0.38175781249999996 0.45137695312500004 0.38175781249999996 0.45137695312500004 0.4 0.46561523437499996 0.4 0.46561523437499996 0.38175781249999996
0 0.5686328125 0.561005859375 0.46847656249999997 0.561005859375 0.46847656249999997 0.652861328125 0.5686328125 0.652861328125 0.5686328125 0.561005859375
0 0.24154296875 0.199658203125 0.16958984375 0.199658203125 0.16958984375 0.344794921875 0.24154296875 0.344794921875 0.24154296875 0.199658203125
0 0.19520507812500001 0.819140625 0.151005859375 0.819140625 0.151005859375 0.8615234375 0.19520507812500001 0.8615234375 0.19520507812500001 0.819140625
0 0.98375 0.9291406249999999 0.94984375 0.9291406249999999 0.94984375 0.9780859375000001 0.98375 0.9780859375000001 0.98375 0.9291406249999999
0 0.988876953125 0.62607421875 0.965224609375 0.62607421875 0.965224609375 0.64248046875 0.988876953125 0.64248046875 0.988876953125 0.62607421875
0 0.5961230468750001 0.7085644531249999 0.5816113281249999 0.7085644531249999 0.5816113281249999 0.7289355468750001 0.5961230468750001 0.7289355468750001 0.5961230468750001 0.7085644531249999
0 0.9069042968750001 0.778427734375 0.8714160156249999 0.778427734375 0.8714160156249999 0.803603515625 0.9069042968750001 0.803603515625 0.9069042968750001 0.778427734375
0 0.541142578125 0.8453417968749999 0.526240234375 0.8453417968749999 0.526240234375 0.8655957031250001 0.541142578125 0.8655957031250001 0.541142578125 0.8453417968749999
0 0.39642578125 0.002255859375 0.33892578125 0.002255859375 0.33892578125 0.046689453125 0.39642578125 0.046689453125 0.39642578125 0.002255859375
2 0.310546875 0.880859375 0.4140625 0.95703125 0.443359375 0.953125 0.462890625 0.962890625 0.513671875 0.951171875 0.642578125 0.94140625 0.80078125 0.875 0.833984375 0.849609375 0.861328125 0.80859375 0.865234375 0.75390625 0.857421875 0.685546875 0.802734375 0.53515625 0.787109375 0.509765625 0.619140625 0.2890625 0.498046875 0.19921875 0.416015625 0.1484375 0.337890625 0.064453125 0.328125 0.068359375 0.318359375 0.130859375 0.30078125 0.173828125 0.2421875 0.27734375 0.224609375 0.30078125 0.2109375 0.306640625 0.181640625 0.40625 0.169921875 0.494140625 0.171875 0.5859375 0.24609375 0.765625 0.2578125 0.775390625 0.310546875 0.880859375