0 0.297568359375 0.404072265625 0.234814453125 0.404072265625 0.234814453125 0.473974609375 0.297568359375 0.473974609375 0.297568359375 0.404072265625
0 0.43363281249999996 0.49896484374999994 0.353984375 0.49896484374999994 0.353984375 0.5606054687500001 0.43363281249999996 0.5606054687500001 0.43363281249999996 0.49896484374999994
0 0.535009765625 0.47048828125000003 0.44791992187499996 0.47048828125000003 0.44791992187499996 0.56857421875 0.535009765625 0.56857421875 0.535009765625 0.47048828125000003
0 0.4715625 0.5938671875 0.4122265625 0.5938671875 0.4122265625 0.6776171875 0.4715625 0.6776171875 0.4715625 0.5938671875
0 0.661650390625 0.649658203125 0.563935546875 0.649658203125 0.563935546875 0.720458984375 0.661650390625 0.720458984375 0.661650390625 0.649658203125
0 0.557421875 0.17310546875 0.5080078125 0.17310546875 0.5080078125 0.22779296875 0.557421875 0.22779296875 0.557421875 0.17310546875
0 0.7206152343750001 0.4614453125 0.6797753906249999 0.4614453125 0.6797753906249999 0.5014453125 0.7206152343750001 0.5014453125 0.7206152343750001 0.4614453125
0 0.22251953124999999 0.705546875 0.18154296875 0.705546875 0.18154296875 0.747578125 0.22251953124999999 0.747578125 0.22251953124999999 0.705546875
0 0.6423046875 0.06484375 0.579375 0.06484375 0.579375 0.1316796875 0.6423046875 0.1316796875 0.6423046875 0.06484375
0 0.5573144531249999 0.692158203125 0.5159277343750001 0.692158203125 0.5159277343750001 0.733623046875 0.5573144531249999 0.733623046875 0.5573144531249999 0.692158203125
0 0.764599609375 0.6720312500000001 0.729541015625 0.6720312500000001 0.729541015625 0.7049218749999999 0.764599609375 0.7049218749999999 0.764599609375 0.6720312500000001
0 0.45935546875 0.733515625 0.41662109375 0.733515625 0.41662109375 0.7772265625 0.45935546875 0.7772265625 0.45935546875 0.733515625
0 0.562744140625 0.841796875 0.492919921875 0.841796875 0.492919921875 0.916015625 0.562744140625 0.916015625 0.562744140625 0.841796875
0 0.227451171875 0.6564355468749999 0.193212890625 0.6564355468749999 0.193212890625 0.6892675781250001 0.227451171875 0.6892675781250001 0.227451171875 0.6564355468749999
0 0.34869140625 0.6641210937500001 0.30169921875 0.6641210937500001 0.30169921875 0.7001367187499999 0.34869140625 0.7001367187499999 0.34869140625 0.6641210937500001
0 0.5547460937500001 0.130712890625 0.5204492187499999 0.130712890625 0.5204492187499999 0.162021484375 0.5547460937500001 0.162021484375 0.5547460937500001 0.130712890625
0 0.128515625 0.6329296875 0.045078125000000004 0.6329296875 0.045078125000000004 0.71375 0.128515625 0.71375 0.128515625 0.6329296875
0 0.772783203125 0.750947265625 0.735029296875 0.750947265625 0.735029296875 0.784208984375 0.772783203125 0.784208984375 0.772783203125 0.750947265625
0 0.9757128906249999 0.44048828125000006 0.9432324218750001 0.44048828125000006 0.9432324218750001 0.47259765624999994 0.9757128906249999 0.47259765624999994 0.9757128906249999 0.44048828125000006
0 0.842568359375 0.5404296875 0.814658203125 0.5404296875 0.814658203125 0.5650390625 0.842568359375 0.5650390625 0.842568359375 0.5404296875
0 0.64599609375 0.766259765625 0.61376953125 0.766259765625 0.61376953125 0.797216796875 0.64599609375 0.797216796875 0.64599609375 0.766259765625
0 0.228671875 0.532255859375 0.20296875 0.532255859375 0.20296875 0.558564453125 0.228671875 0.558564453125 0.228671875 0.532255859375
0 0.9124316406249999 0.8832128906250001 0.8746777343750001 0.8832128906250001 0.8746777343750001 0.9146386718749999 0.9124316406249999 0.9146386718749999 0.9124316406249999 0.8832128906250001
0 0.09802734375 0.9088476562500001 0.05173828125 0.9088476562500001 0.05173828125 0.9651757812499999 0.09802734375 0.9651757812499999 0.09802734375 0.9088476562500001
0 0.908232421875 0.679169921875 0.873994140625 0.679169921875 0.873994140625 0.712431640625 0.908232421875 0.712431640625 0.908232421875 0.679169921875
0 0.764267578125 0.439794921875 0.741591796875 0.439794921875 0.741591796875 0.460595703125 0.764267578125 0.460595703125 0.764267578125 0.439794921875
0 0.19535156250000002 0.3237109375 0.1369140625 0.3237109375 0.1369140625 0.3867578125 0.19535156250000002 0.3867578125 0.19535156250000002 0.3237109375
0 0.349677734375 0.827783203125 0.325634765625 0.827783203125 0.325634765625 0.850927734375 0.349677734375 0.850927734375 0.349677734375 0.827783203125
0 0.07008789062500001 0.081025390625 0.036708984374999996 0.081025390625 0.036708984374999996 0.10768554687500001 0.07008789062500001 0.10768554687500001 0.07008789062500001 0.081025390625
0 0.8719433593750001 0.928369140625 0.8429003906249999 0.928369140625 0.8429003906249999 0.959326171875 0.8719433593750001 0.959326171875 0.8719433593750001 0.928369140625
0 0.6968457031249999 0.398828125 0.6762011718750001 0.398828125 0.6762011718750001 0.4166015625 0.6968457031249999 0.4166015625 0.6968457031249999 0.398828125
0 0.6903125 0.8583105468750001 0.667109375 0.8583105468750001 0.667109375 0.8809472656249999 0.6903125 0.8809472656249999 0.6903125 0.8583105468750001
2 0.681640625 0 0.669921875 0.013671875 0.6640625 0.076171875 0.6328125 0.09375 0.6171875 0.072265625 0.583984375 0.09375 0.546875 0.103515625 0.501953125 0.125 0.3828125 0.205078125 0.232421875 0.384765625 0.169921875 0.484375 0.162109375 0.52734375 0.1640625 0.673828125 0.197265625 0.76953125 0.240234375 0.818359375 0.380859375 0.90234375 0.544921875 0.958984375 0.5546875 0.958984375 0.5625 0.943359375 0.599609375 0.951171875 0.62890625 0.939453125 0.712890625 0.8828125 0.765625 0.830078125 0.806640625 0.763671875 0.82421875 0.62109375 0.86328125 0.515625 0.8671875 0.482421875 0.861328125 0.40625 0.82421875 0.310546875 0.8046875 0.228515625 0.765625 0.15625 0.7421875 0.064453125 0.736328125 0.005859375 0.73046875 0 0.681640625 0