10 0.540576171875 0.644970703125 0.39973632812500004 0.644970703125 0.39973632812500004 0.781083984375 0.540576171875 0.781083984375 0.540576171875 0.644970703125
10 0.48556640624999997 0.6334863281249999 0.39236328125000003 0.6334863281249999 0.39236328125000003 0.7600683593750001 0.48556640624999997 0.7600683593750001 0.48556640624999997 0.6334863281249999
10 0.55001953125 0.3625 0.43142578125000003 0.3625 0.43142578125000003 0.5042187499999999 0.55001953125 0.5042187499999999 0.55001953125 0.3625
10 0.6172753906249999 0.53859375 0.5643652343750001 0.53859375 0.5643652343750001 0.5991015625 0.6172753906249999 0.5991015625 0.6172753906249999 0.53859375
10 0.6039453124999999 0.5412011718749999 0.47710937500000006 0.5412011718749999 0.47710937500000006 0.6921972656250001 0.6039453124999999 0.6921972656250001 0.6039453124999999 0.5412011718749999
10 0.45335937499999995 0.20656249999999998 0.39578125000000003 0.20656249999999998 0.39578125000000003 0.2670703125 0.45335937499999995 0.2670703125 0.45335937499999995 0.20656249999999998
10 0.590498046875 0.79912109375 0.546220703125 0.79912109375 0.546220703125 0.84541015625 0.590498046875 0.84541015625 0.590498046875 0.79912109375
10 0.590224609375 0.3653515625 0.352666015625 0.3653515625 0.352666015625 0.8192187499999999 0.590224609375 0.8192187499999999 0.590224609375 0.3653515625
10 0.37927734375 0.467724609375 0.32091796875 0.467724609375 0.32091796875 0.528369140625 0.37927734375 0.528369140625 0.37927734375 0.467724609375
10 0.595537109375 0.394287109375 0.534345703125 0.394287109375 0.534345703125 0.500244140625 0.595537109375 0.500244140625 0.595537109375 0.394287109375
10 0.43455078125 0.029130859375000002 0.41603515625 0.029130859375000002 0.41603515625 0.049853515625 0.43455078125 0.049853515625 0.43455078125 0.029130859375000002
10 0.47396484375 0.16216796875 0.36197265624999997 0.16216796875 0.36197265624999997 0.37201171875 0.47396484375 0.37201171875 0.47396484375 0.16216796875
2 0.478181640625 0 0.42084374999999996 0.0024550781250000002 0.39608398437500003 0.10938867187500001 0.3608984375 0.152373046875 0.345259765625 0.26569726562499996 0.33092578125 0.351666015625 0.30746875 0.44024023437500004 0.3061640625 0.5340234374999999 0.3061640625 0.646044921875 0.32310546875 0.698146484375 0.32962109375000004 0.774998046875 0.3608984375 0.8349160156250001 0.40390234375 0.8844121093749999 0.44039062500000004 0.935212890625 0.48469726562500004 0.9482382812499999 0.5394316406249999 0.8974375 0.59025390625 0.846638671875 0.616318359375 0.79453515625 0.6202265625 0.7541562500000001 0.6267421875 0.647345703125 0.6202265625 0.52490625 0.6202265625 0.43112109375 0.59807421875 0.30607617187499997 0.5811328125 0.22141015625 0.565494140625 0.13934765625 0.5185800781250001 0.053378906250000004 0.479318359375 0 0.478181640625 0