10 0.3984375 0.466796875 0.341796875 0.466796875 0.341796875 0.53125 0.3984375 0.53125 0.3984375 0.466796875
10 0.41363281250000006 0.45962890625 0.3383203125 0.45962890625 0.3383203125 0.5393945312499999 0.41363281250000006 0.5393945312499999 0.41363281250000006 0.45962890625
10 0.38151367187499996 0.35275390624999997 0.296728515625 0.35275390624999997 0.296728515625 0.45779296875000003 0.38151367187499996 0.45779296875000003 0.38151367187499996 0.35275390624999997
10 0.5705859375 0.6984375 0.54171875 0.6984375 0.54171875 0.729296875 0.5705859375 0.729296875 0.5705859375 0.6984375
10 0.5601171875000001 0.3686328125 0.44964843749999994 0.3686328125 0.44964843749999994 0.46585937499999996 0.5601171875000001 0.46585937499999996 0.5601171875000001 0.3686328125
10 0.6136132812499999 0.18236328125 0.5074804687500001 0.18236328125 0.5074804687500001 0.31396484375 0.6136132812499999 0.31396484375 0.6136132812499999 0.18236328125
10 0.567265625 0.387265625 0.4278515625 0.387265625 0.4278515625 0.6283593749999999 0.567265625 0.6283593749999999 0.567265625 0.387265625
10 0.609755859375 0.21593749999999998 0.319462890625 0.21593749999999998 0.319462890625 0.6639453125 0.609755859375 0.6639453125 0.609755859375 0.21593749999999998
10 0.41649414062499995 0.7362109375 0.40920898437500003 0.7362109375 0.40920898437500003 0.745234375 0.41649414062499995 0.745234375 0.41649414062499995 0.7362109375
10 0.4962890625 0.278994140625 0.31671875 0.278994140625 0.31671875 0.44268554687500006 0.4962890625 0.44268554687500006 0.4962890625 0.278994140625
10 0.523564453125 0.500849609375 0.362177734375 0.500849609375 0.362177734375 0.682744140625 0.523564453125 0.682744140625 0.523564453125 0.500849609375
2 0.505859375 0.89453125 0.53125 0.951171875 0.541015625 0.95703125 0.58203125 0.80859375 0.615234375 0.734375 0.625 0.693359375 0.642578125 0.51953125 0.64453125 0.298828125 0.634765625 0.263671875 0.607421875 0.203125 0.576171875 0.171875 0.5546875 0.16015625 0.48828125 0.15234375 0.39453125 0.189453125 0.34375 0.21875 0.310546875 0.244140625 0.28125 0.28125 0.27734375 0.353515625 0.3125 0.53515625 0.43359375 0.80078125 0.505859375 0.89453125