0 0.60306640625 0.70138671875 0.56466796875 0.70138671875 0.56466796875 0.7394335937500001 0.60306640625 0.7394335937500001 0.60306640625 0.70138671875
0 0.11140625 0.759228515625 0.07523437499999999 0.759228515625 0.07523437499999999 0.796435546875 0.11140625 0.796435546875 0.11140625 0.759228515625
0 0.15205078125 0.7804589843749999 0.12189453125000001 0.7804589843749999 0.12189453125000001 0.8084082031250001 0.15205078125 0.8084082031250001 0.15205078125 0.7804589843749999
0 0.44157226562499996 0.6593359375000001 0.416357421875 0.6593359375000001 0.416357421875 0.6853906249999999 0.44157226562499996 0.6853906249999999 0.44157226562499996 0.6593359375000001
0 0.681279296875 0.652392578125 0.656611328125 0.652392578125 0.656611328125 0.674755859375 0.681279296875 0.674755859375 0.681279296875 0.652392578125
0 0.4826171875 0.878798828125 0.465625 0.878798828125 0.465625 0.901474609375 0.4826171875 0.901474609375 0.4826171875 0.878798828125
0 0.9227246093750001 0.9494042968749999 0.8966113281249999 0.9494042968749999 0.8966113281249999 0.9754003906250001 0.9227246093750001 0.9754003906250001 0.9227246093750001 0.9494042968749999
0 0.35919921875 0.6184375 0.30830078125 0.6184375 0.30830078125 0.65890625 0.35919921875 0.65890625 0.35919921875 0.6184375
0 0.439873046875 0.49659179687500005 0.419033203125 0.49659179687500005 0.419033203125 0.517080078125 0.439873046875 0.517080078125 0.439873046875 0.49659179687500005
0 0.46847656249999997 0.478623046875 0.451953125 0.478623046875 0.451953125 0.5052832031250001 0.46847656249999997 0.5052832031250001 0.46847656249999997 0.478623046875
0 0.8903027343750001 0.89115234375 0.8684863281249999 0.89115234375 0.8684863281249999 0.91060546875 0.8903027343750001 0.91060546875 0.8903027343750001 0.89115234375
0 0.7576171875 0.5513281250000001 0.7365234375 0.5513281250000001 0.7365234375 0.5726953124999999 0.7576171875 0.5726953124999999 0.7576171875 0.5513281250000001
0 0.6108203125 0.27763671875 0.589375 0.27763671875 0.589375 0.29611328124999997 0.6108203125 0.29611328124999997 0.6108203125 0.27763671875
0 0.55470703125 0.8521484375 0.53123046875 0.8521484375 0.53123046875 0.875390625 0.55470703125 0.875390625 0.55470703125 0.8521484375
0 0.5154687499999999 0.339580078125 0.463046875 0.339580078125 0.463046875 0.378193359375 0.5154687499999999 0.378193359375 0.5154687499999999 0.339580078125
0 0.398173828125 0.429248046875 0.377724609375 0.429248046875 0.377724609375 0.448681640625 0.398173828125 0.448681640625 0.398173828125 0.429248046875
0 0.043583984375 0.696025390625 0.021845703124999998 0.696025390625 0.021845703124999998 0.712177734375 0.043583984375 0.712177734375 0.043583984375 0.696025390625
0 0.732470703125 0.7430078124999999 0.711865234375 0.7430078124999999 0.711865234375 0.7628515625000001 0.732470703125 0.7628515625000001 0.732470703125 0.7430078124999999
0 0.38590820312499996 0.753984375 0.36799804687500004 0.753984375 0.36799804687500004 0.7723828125 0.38590820312499996 0.7723828125 0.38590820312499996 0.753984375
0 0.395380859375 0.791669921875 0.373173828125 0.791669921875 0.373173828125 0.8118457031249999 0.395380859375 0.8118457031249999 0.395380859375 0.791669921875
0 0.761220703125 0.60703125 0.744638671875 0.60703125 0.744638671875 0.621484375 0.761220703125 0.621484375 0.761220703125 0.60703125
0 0.54123046875 0.528046875 0.52615234375 0.528046875 0.52615234375 0.5432421875 0.54123046875 0.5432421875 0.54123046875 0.528046875
0 0.294091796875 0.7188378906249999 0.273291015625 0.7188378906249999 0.273291015625 0.7381933593750001 0.294091796875 0.7381933593750001 0.294091796875 0.7188378906249999
0 0.41763671875 0.389267578125 0.40416015625 0.389267578125 0.40416015625 0.401748046875 0.41763671875 0.401748046875 0.41763671875 0.389267578125
0 0.8706640625000001 0.274638671875 0.8139062499999999 0.274638671875 0.8139062499999999 0.341103515625 0.8706640625000001 0.341103515625 0.8706640625000001 0.274638671875
0 0.38459960937500004 0.8081835937499999 0.362978515625 0.8081835937499999 0.362978515625 0.8373242187500001 0.38459960937500004 0.8373242187500001 0.38459960937500004 0.8081835937499999
0 0.5015234375000001 0.486181640625 0.47894531249999994 0.486181640625 0.47894531249999994 0.506513671875 0.5015234375000001 0.506513671875 0.5015234375000001 0.486181640625
0 0.277705078125 0.429775390625 0.261865234375 0.429775390625 0.261865234375 0.445732421875 0.277705078125 0.445732421875 0.277705078125 0.429775390625
0 0.4556640625 0.902060546875 0.4466796875 0.902060546875 0.4466796875 0.916298828125 0.4556640625 0.916298828125 0.4556640625 0.902060546875
0 0.43826171875000003 0.8932910156249999 0.42259765624999995 0.8932910156249999 0.42259765624999995 0.9133496093750001 0.43826171875000003 0.9133496093750001 0.43826171875000003 0.8932910156249999
0 0.392587890625 0.566767578125 0.365732421875 0.566767578125 0.365732421875 0.586552734375 0.392587890625 0.586552734375 0.392587890625 0.566767578125
2 0.251953125 0.822265625 0.3203125 0.861328125 0.35546875 0.89453125 0.458984375 0.966796875 0.630859375 0.830078125 0.70703125 0.7890625 0.7734375 0.708984375 0.794921875 0.66015625 0.80078125 0.609375 0.748046875 0.46875 0.6484375 0.279296875 0.51171875 0.134765625 0.466796875 0.048828125 0.447265625 0.10546875 0.34375 0.220703125 0.255859375 0.353515625 0.2421875 0.380859375 0.220703125 0.4765625 0.18359375 0.515625 0.12109375 0.65234375 0.119140625 0.677734375 0.12890625 0.71484375 0.1640625 0.755859375 0.251953125 0.822265625