0 0.3671875 0.61328125 0.302734375 0.61328125 0.302734375 0.65625 0.3671875 0.65625 0.3671875 0.61328125
0 0.34734375 0.6104296875 0.29867187500000003 0.6104296875 0.29867187500000003 0.658125 0.34734375 0.658125 0.34734375 0.6104296875
0 0.46078125 0.728955078125 0.4073828125 0.728955078125 0.4073828125 0.776904296875 0.46078125 0.776904296875 0.46078125 0.728955078125
0 0.7713964843750001 0.710478515625 0.7071191406249999 0.710478515625 0.7071191406249999 0.759248046875 0.7713964843750001 0.759248046875 0.7713964843750001 0.710478515625
0 0.247373046875 0.832490234375 0.19942382812499998 0.832490234375 0.19942382812499998 0.871611328125 0.247373046875 0.871611328125 0.247373046875 0.832490234375
0 0.191953125 0.6848730468750001 0.1559375 0.6848730468750001 0.1559375 0.7213769531249999 0.191953125 0.7213769531249999 0.191953125 0.6848730468750001
0 0.543212890625 0.625029296875 0.490966796875 0.625029296875 0.490966796875 0.666962890625 0.543212890625 0.666962890625 0.543212890625 0.625029296875
0 0.4832421875 0.452080078125 0.447421875 0.452080078125 0.447421875 0.492763671875 0.4832421875 0.492763671875 0.4832421875 0.452080078125
0 0.811494140625 0.45831054687500006 0.764677734375 0.45831054687500006 0.764677734375 0.509970703125 0.811494140625 0.509970703125 0.811494140625 0.45831054687500006
0 0.806015625 0.74427734375 0.7516015625 0.74427734375 0.7516015625 0.79478515625 0.806015625 0.79478515625 0.806015625 0.74427734375
0 0.29400390625 0.8664355468749999 0.25384765625 0.8664355468749999 0.25384765625 0.9021191406250001 0.29400390625 0.9021191406250001 0.29400390625 0.8664355468749999
0 0.42529296875 0.352314453125 0.39306640625 0.352314453125 0.39306640625 0.385966796875 0.42529296875 0.385966796875 0.42529296875 0.352314453125
0 0.25887695312500003 0.674052734375 0.228427734375 0.674052734375 0.228427734375 0.704853515625 0.25887695312500003 0.704853515625 0.25887695312500003 0.674052734375
0 0.7126953125 0.8284863281250001 0.661328125 0.8284863281250001 0.661328125 0.8717089843749999 0.7126953125 0.8717089843749999 0.7126953125 0.8284863281250001
0 0.306328125 0.281787109375 0.27718750000000003 0.281787109375 0.27718750000000003 0.321728515625 0.306328125 0.321728515625 0.306328125 0.281787109375
0 0.365654296875 0.359990234375 0.33700195312500003 0.359990234375 0.33700195312500003 0.392470703125 0.365654296875 0.392470703125 0.365654296875 0.359990234375
0 0.60869140625 0.582783203125 0.56416015625 0.582783203125 0.56416015625 0.624248046875 0.60869140625 0.624248046875 0.60869140625 0.582783203125
0 0.383359375 0.766142578125 0.3363671875 0.766142578125 0.3363671875 0.798310546875 0.383359375 0.798310546875 0.383359375 0.766142578125
0 0.803740234375 0.8336621093750001 0.768525390625 0.8336621093750001 0.768525390625 0.8733691406249999 0.803740234375 0.8733691406249999 0.803740234375 0.8336621093750001
0 0.063115234375 0.8932226562500001 0.029853515625 0.8932226562500001 0.029853515625 0.9261132812499999 0.063115234375 0.9261132812499999 0.063115234375 0.8932226562500001
0 0.30221679687499997 0.49169921875 0.272509765625 0.49169921875 0.272509765625 0.52587890625 0.30221679687499997 0.52587890625 0.30221679687499997 0.49169921875
0 0.4405859375 0.3462109375 0.38070312500000003 0.3462109375 0.38070312500000003 0.40671875 0.4405859375 0.40671875 0.4405859375 0.3462109375
0 0.8530859375000001 0.7034765625 0.8139062499999999 0.7034765625 0.8139062499999999 0.7428125 0.8530859375000001 0.7428125 0.8530859375000001 0.7034765625
0 0.14337890625 0.7401464843750001 0.11982421875 0.7401464843750001 0.11982421875 0.7627832031249999 0.14337890625 0.7627832031249999 0.14337890625 0.7401464843750001
0 0.420263671875 0.9514746093750001 0.37516601562499996 0.9514746093750001 0.37516601562499996 0.9899316406249999 0.420263671875 0.9899316406249999 0.420263671875 0.9514746093750001
0 0.3556640625 0.251669921875 0.3284375 0.251669921875 0.3284375 0.277626953125 0.3556640625 0.277626953125 0.3556640625 0.251669921875
0 0.5823828125 0.768076171875 0.5582421875 0.768076171875 0.5582421875 0.791494140625 0.5823828125 0.791494140625 0.5823828125 0.768076171875
0 0.879775390625 0.641357421875 0.853623046875 0.641357421875 0.853623046875 0.670166015625 0.879775390625 0.670166015625 0.879775390625 0.641357421875
0 0.16140625 0.9669531250000001 0.12886718749999998 0.9669531250000001 0.12886718749999998 0.9988671874999999 0.16140625 0.9988671874999999 0.16140625 0.9669531250000001
0 0.495517578125 0.8987402343750001 0.410732421875 0.8987402343750001 0.410732421875 0.9782128906249999 0.495517578125 0.9782128906249999 0.495517578125 0.8987402343750001
0 0.840927734375 0.56423828125 0.819228515625 0.56423828125 0.819228515625 0.58810546875 0.840927734375 0.58810546875 0.840927734375 0.56423828125
0 0.5240820312500001 0.20505859375000002 0.42123046875 0.20505859375000002 0.42123046875 0.32083984375 0.5240820312500001 0.32083984375 0.5240820312500001 0.20505859375000002
0 0.13869140625 0.8839550781250001 0.12009765624999999 0.8839550781250001 0.12009765624999999 0.9041308593749999 0.13869140625 0.9041308593749999 0.13869140625 0.8839550781250001
0 0.369267578125 0.9273730468749999 0.349482421875 0.9273730468749999 0.349482421875 0.9495800781250001 0.369267578125 0.9495800781250001 0.369267578125 0.9273730468749999
0 0.696044921875 0.278994140625 0.542236328125 0.278994140625 0.542236328125 0.42315429687500006 0.696044921875 0.42315429687500006 0.696044921875 0.278994140625
0 0.453193359375 0.114423828125 0.426689453125 0.114423828125 0.426689453125 0.135107421875 0.453193359375 0.135107421875 0.453193359375 0.114423828125
0 0.7815527343750001 0.8238867187500001 0.6627832031249999 0.8238867187500001 0.6627832031249999 0.8899804687499999 0.7815527343750001 0.8899804687499999 0.7815527343750001 0.8238867187500001
0 0.114873046875 0.856025390625 0.10032226562499999 0.856025390625 0.10032226562499999 0.873466796875 0.114873046875 0.873466796875 0.114873046875 0.856025390625
0 0.85224609375 0.8141894531249999 0.82841796875 0.8141894531249999 0.82841796875 0.8391308593750001 0.85224609375 0.8391308593750001 0.85224609375 0.8141894531249999
0 0.307568359375 0.386357421875 0.288134765625 0.386357421875 0.288134765625 0.418837890625 0.307568359375 0.418837890625 0.307568359375 0.386357421875
0 0.195712890625 1 0.195712890625 0.946748046875 0.123623046875 0.946748046875 0.123623046875 1 0.195712890625 1
0 0.313662109375 0.44931640625 0.29622070312500004 0.44931640625 0.29622070312500004 0.48380859374999996 0.313662109375 0.48380859374999996 0.313662109375 0.44931640625
2 0 0.998046875 0.591796875 0.998046875 0.62109375 0.9921875 0.732421875 0.943359375 0.828125 0.865234375 0.8671875 0.80078125 0.8828125 0.7421875 0.87890625 0.630859375 0.8671875 0.578125 0.8359375 0.5 0.73046875 0.37109375 0.697265625 0.341796875 0.583984375 0.27734375 0.53515625 0.234375 0.478515625 0.142578125 0.462890625 0.1015625 0.43359375 0.06640625 0.416015625 0.07421875 0.353515625 0.171875 0.2890625 0.25 0.162109375 0.513671875 0.119140625 0.5859375 0.087890625 0.697265625 0.08984375 0.748046875 0.115234375 0.837890625 0.05078125 0.853515625 0.02734375 0.875 0 0.87890625 0 0.998046875