10 0.46073242187499996 0.61892578125 0.347666015625 0.61892578125 0.347666015625 0.71341796875 0.46073242187499996 0.71341796875 0.46073242187499996 0.61892578125
10 0.4588671875 0.6144433593749999 0.3692578125 0.6144433593749999 0.3692578125 0.6961035156250001 0.4588671875 0.6961035156250001 0.4588671875 0.6144433593749999
10 0.6383984375 0.563994140625 0.5432421875 0.563994140625 0.5432421875 0.641083984375 0.6383984375 0.641083984375 0.6383984375 0.563994140625
10 0.44703125000000005 0.448359375 0.3620703125 0.448359375 0.3620703125 0.53015625 0.44703125000000005 0.53015625 0.44703125000000005 0.448359375
10 0.39453125 0.486328125 0.2626953125 0.486328125 0.2626953125 0.6103515625 0.39453125 0.6103515625 0.39453125 0.486328125
10 0.700439453125 0.44608398437499996 0.572998046875 0.44608398437499996 0.572998046875 0.536845703125 0.700439453125 0.536845703125 0.700439453125 0.44608398437499996
10 0.5558496093749999 0.41864257812499994 0.42266601562500006 0.41864257812499994 0.42266601562500006 0.49249023437500006 0.5558496093749999 0.49249023437500006 0.5558496093749999 0.41864257812499994
10 0.76630859375 0.587783203125 0.70830078125 0.587783203125 0.70830078125 0.644638671875 0.76630859375 0.644638671875 0.76630859375 0.587783203125
10 0.470458984375 0.289130859375 0.339111328125 0.289130859375 0.339111328125 0.352978515625 0.470458984375 0.352978515625 0.470458984375 0.289130859375
10 0.523935546875 0.5166015625 0.391611328125 0.5166015625 0.391611328125 0.646484375 0.523935546875 0.646484375 0.523935546875 0.5166015625
10 0.30294921874999997 0.30715820312500003 0.20779296875000003 0.30715820312500003 0.20779296875000003 0.37448242187499997 0.30294921874999997 0.37448242187499997 0.30294921874999997 0.30715820312500003
10 0.689580078125 0.429931640625 0.312373046875 0.429931640625 0.312373046875 0.688232421875 0.689580078125 0.688232421875 0.689580078125 0.429931640625
10 0.63134765625 0.35822265625 0.33544921875 0.35822265625 0.33544921875 0.51826171875 0.63134765625 0.51826171875 0.63134765625 0.35822265625
10 0.08133789062499999 0.12607421875 0.011943359375 0.12607421875 0.011943359375 0.20060546875 0.08133789062499999 0.20060546875 0.08133789062499999 0.12607421875
10 0.8589453125000001 0.48298828125000004 0.7797265624999999 0.48298828125000004 0.7797265624999999 0.52970703125 0.8589453125000001 0.52970703125 0.8589453125000001 0.48298828125000004
2 0.212890625 0.673828125 0.275390625 0.7265625 0.376953125 0.751953125 0.4375 0.748046875 0.486328125 0.728515625 0.5859375 0.720703125 0.638671875 0.708984375 0.6875 0.677734375 0.8828125 0.619140625 0.998046875 0.5390625 0.998046875 0.458984375 0.8671875 0.369140625 0.724609375 0.298828125 0.50390625 0.248046875 0.375 0.236328125 0.314453125 0.248046875 0.1484375 0.353515625 0.08203125 0.419921875 0.07421875 0.447265625 0.072265625 0.474609375 0.091796875 0.51953125 0.140625 0.591796875 0.212890625 0.673828125