0 0.6273730468750001 0.59072265625 0.551650390625 0.59072265625 0.551650390625 0.68044921875 0.6273730468750001 0.68044921875 0.6273730468750001 0.59072265625
0 0.39587890625 0.6248046875 0.31408203125 0.6248046875 0.31408203125 0.6828125 0.39587890625 0.6828125 0.39587890625 0.6248046875
0 0.556474609375 0.7382226562499999 0.516767578125 0.7382226562499999 0.516767578125 0.7734960937500001 0.556474609375 0.7734960937500001 0.556474609375 0.7382226562499999
0 0.527177734375 0.36462890625 0.47965820312499996 0.36462890625 0.47965820312499996 0.40443359375 0.527177734375 0.40443359375 0.527177734375 0.36462890625
0 0.641923828125 0.5805078124999999 0.598310546875 0.5805078124999999 0.598310546875 0.6128515625000001 0.641923828125 0.6128515625000001 0.641923828125 0.5805078124999999
0 0.85609375 0.78654296875 0.80796875 0.78654296875 0.80796875 0.8296679687499999 0.85609375 0.8296679687499999 0.85609375 0.78654296875
0 0.73279296875 0.68126953125 0.68615234375 0.68126953125 0.68615234375 0.72498046875 0.73279296875 0.72498046875 0.73279296875 0.68126953125
0 0.715654296875 0.572890625 0.667158203125 0.572890625 0.667158203125 0.610703125 0.715654296875 0.610703125 0.715654296875 0.572890625
0 0.1570703125 0.63357421875 0.0736328125 0.63357421875 0.0736328125 0.72189453125 0.1570703125 0.72189453125 0.1570703125 0.63357421875
0 0.26480468749999997 0.6766699218750001 0.193203125 0.6766699218750001 0.193203125 0.7452050781249999 0.26480468749999997 0.7452050781249999 0.26480468749999997 0.6766699218750001
0 0.470390625 0.7219824218750001 0.425625 0.7219824218750001 0.425625 0.7614160156249999 0.470390625 0.7614160156249999 0.470390625 0.7219824218750001
0 0.35538085937499997 0.4317578125 0.31161132812500003 0.4317578125 0.31161132812500003 0.4715625 0.35538085937499997 0.4715625 0.35538085937499997 0.4317578125
0 0.313330078125 0.36072265625 0.25065429687499996 0.36072265625 0.25065429687499996 0.41810546875 0.313330078125 0.41810546875 0.313330078125 0.36072265625
0 0.45168945312500003 0.632890625 0.41307617187499995 0.632890625 0.41307617187499995 0.671796875 0.45168945312500003 0.671796875 0.45168945312500003 0.632890625
0 0.5823339843750001 0.280654296875 0.5231347656249999 0.280654296875 0.5231347656249999 0.329697265625 0.5823339843750001 0.329697265625 0.5823339843750001 0.280654296875
0 0.7178320312500001 0.3915625 0.6718164062499999 0.3915625 0.6718164062499999 0.43804687500000006 0.7178320312500001 0.43804687500000006 0.7178320312500001 0.3915625
0 0.32186523437500003 0.8384375000000001 0.27969726562499997 0.8384375000000001 0.27969726562499997 0.8764062499999999 0.32186523437500003 0.8764062499999999 0.32186523437500003 0.8384375000000001
0 0.806123046875 0.8278515625 0.768095703125 0.8278515625 0.768095703125 0.860625 0.806123046875 0.860625 0.806123046875 0.8278515625
0 0.48861328125 0.43951171875000006 0.45037109375 0.43951171875000006 0.45037109375 0.47552734374999994 0.48861328125 0.47552734374999994 0.48861328125 0.43951171875000006
0 0.399267578125 0.391962890625 0.36491210937499996 0.391962890625 0.36491210937499996 0.423466796875 0.399267578125 0.423466796875 0.399267578125 0.391962890625
0 0.2773046875 0.5574609374999999 0.2339453125 0.5574609374999999 0.2339453125 0.6066015625000001 0.2773046875 0.6066015625000001 0.2773046875 0.5574609374999999
0 0.54326171875 0.647841796875 0.49189453125 0.647841796875 0.49189453125 0.693955078125 0.54326171875 0.693955078125 0.54326171875 0.647841796875
0 0.46150390625000004 0.551025390625 0.41837890624999996 0.551025390625 0.41837890624999996 0.582763671875 0.46150390625000004 0.582763671875 0.46150390625000004 0.551025390625
0 0.204775390625 0.47575195312499996 0.148740234375 0.47575195312499996 0.148740234375 0.512529296875 0.204775390625 0.512529296875 0.204775390625 0.47575195312499996
0 0.646435546875 0.313173828125 0.605517578125 0.313173828125 0.605517578125 0.345029296875 0.646435546875 0.345029296875 0.646435546875 0.313173828125
0 0.6296875 0.544111328125 0.5939453125 0.544111328125 0.5939453125 0.577958984375 0.6296875 0.577958984375 0.6296875 0.544111328125
0 0.508466796875 0.28345703125 0.472509765625 0.28345703125 0.472509765625 0.32056640625 0.508466796875 0.32056640625 0.508466796875 0.28345703125
0 0.7273046875 0.51005859375 0.699453125 0.51005859375 0.699453125 0.53876953125 0.7273046875 0.53876953125 0.7273046875 0.51005859375
0 0.42369140625 0.57419921875 0.38978515625 0.57419921875 0.38978515625 0.59962890625 0.42369140625 0.59962890625 0.42369140625 0.57419921875
0 0.3921484375 0.859755859375 0.3525 0.859755859375 0.3525 0.900009765625 0.3921484375 0.900009765625 0.3921484375 0.859755859375
0 0.3472265625 0.8035253906250001 0.3178125 0.8035253906250001 0.3178125 0.8361230468749999 0.3472265625 0.8361230468749999 0.3472265625 0.8035253906250001
0 0.7207910156249999 0.609150390625 0.6932714843750001 0.609150390625 0.6932714843750001 0.637919921875 0.7207910156249999 0.637919921875 0.7207910156249999 0.609150390625
0 0.268134765625 0.48562500000000003 0.228193359375 0.48562500000000003 0.228193359375 0.5173046875 0.268134765625 0.5173046875 0.268134765625 0.48562500000000003
0 0.361953125 0.314140625 0.3309375 0.314140625 0.3309375 0.3440625 0.361953125 0.3440625 0.361953125 0.314140625
0 0.18680664062500002 0.55056640625 0.151591796875 0.55056640625 0.151591796875 0.57345703125 0.18680664062500002 0.57345703125 0.18680664062500002 0.55056640625
0 0.688447265625 0.475654296875 0.662138671875 0.475654296875 0.662138671875 0.499931640625 0.688447265625 0.499931640625 0.688447265625 0.475654296875
0 0.117998046875 0.6539648437500001 0.088408203125 0.6539648437500001 0.088408203125 0.6858789062499999 0.117998046875 0.6858789062499999 0.117998046875 0.6539648437500001
0 0.535126953125 0.488193359375 0.43655273437500003 0.488193359375 0.43655273437500003 0.6123925781249999 0.535126953125 0.6123925781249999 0.535126953125 0.488193359375
0 0.442041015625 0.270546875 0.415380859375 0.270546875 0.415380859375 0.2978125 0.442041015625 0.2978125 0.442041015625 0.270546875
0 0.584970703125 0.8768261718750001 0.560537109375 0.8768261718750001 0.560537109375 0.9014941406249999 0.584970703125 0.9014941406249999 0.584970703125 0.8768261718750001
0 0.9768652343750001 0.7345507812500001 0.9508691406249999 0.7345507812500001 0.9508691406249999 0.7595898437499999 0.9768652343750001 0.7595898437499999 0.9768652343750001 0.7345507812500001
0 0.746142578125 0.6619140625 0.719677734375 0.6619140625 0.719677734375 0.684765625 0.746142578125 0.684765625 0.746142578125 0.6619140625
0 0.762666015625 0.47074218749999996 0.739287109375 0.47074218749999996 0.739287109375 0.49019531250000004 0.762666015625 0.49019531250000004 0.762666015625 0.47074218749999996
0 0.950927734375 0.8136425781250001 0.922119140625 0.8136425781250001 0.922119140625 0.8367480468749999 0.950927734375 0.8367480468749999 0.950927734375 0.8136425781250001
0 0.37693359375 0.3100390625 0.32423828125 0.3100390625 0.32423828125 0.3789453125 0.37693359375 0.3789453125 0.37693359375 0.3100390625
0 0.7351953124999999 0.9322460937500001 0.6212500000000001 0.9322460937500001 0.6212500000000001 0.9964648437499999 0.7351953124999999 0.9964648437499999 0.7351953124999999 0.9322460937500001
0 0.8977246093750001 0.73630859375 0.8737597656249999 0.73630859375 0.8737597656249999 0.75783203125 0.8977246093750001 0.75783203125 0.8977246093750001 0.73630859375
0 0.8370410156249999 0.9408300781250001 0.8104199218750001 0.9408300781250001 0.8104199218750001 0.9663964843749999 0.8370410156249999 0.9663964843749999 0.8370410156249999 0.9408300781250001
0 0.758017578125 0.44849609375000005 0.737099609375 0.44849609375000005 0.737099609375 0.46802734375000005 0.758017578125 0.46802734375000005 0.758017578125 0.44849609375000005
0 0.493564453125 0.913359375 0.473232421875 0.913359375 0.473232421875 0.93625 0.493564453125 0.93625 0.493564453125 0.913359375
0 0.715458984375 0.787578125 0.696650390625 0.787578125 0.696650390625 0.8061718750000001 0.715458984375 0.8061718750000001 0.715458984375 0.787578125
0 0.9733300781249999 0.69912109375 0.9475683593750001 0.69912109375 0.9475683593750001 0.71689453125 0.9733300781249999 0.71689453125 0.9733300781249999 0.69912109375
0 0.49590820312500006 0.46431640625000004 0.44307617187500004 0.46431640625000004 0.44307617187500004 0.5166601562500001 0.49590820312500006 0.5166601562500001 0.49590820312500006 0.46431640625000004
0 0.6690039062500001 0.7156640624999999 0.5907617187499999 0.7156640624999999 0.5907617187499999 0.7784765625000001 0.6690039062500001 0.7784765625000001 0.6690039062500001 0.7156640624999999
0 0.9427148437499999 0.76125 0.9264257812500001 0.76125 0.9264257812500001 0.779765625 0.9427148437499999 0.779765625 0.9427148437499999 0.76125
0 0.460341796875 0.793486328125 0.443486328125 0.793486328125 0.443486328125 0.825654296875 0.460341796875 0.825654296875 0.460341796875 0.793486328125
0 0.647734375 0.46765625 0.5505078125 0.46765625 0.5505078125 0.5269921875 0.647734375 0.5269921875 0.647734375 0.46765625
0 0.9919140625 0.782255859375 0.9182421875 0.782255859375 0.9182421875 0.844697265625 0.9919140625 0.844697265625 0.9919140625 0.782255859375
0 0.358193359375 0.7662695312500001 0.343955078125 0.7662695312500001 0.343955078125 0.7806054687499999 0.358193359375 0.7806054687499999 0.358193359375 0.7662695312500001
0 0.47022460937500005 0.9430371093750001 0.42969726562500005 0.9430371093750001 0.42969726562500005 0.9661425781249999 0.47022460937500005 0.9661425781249999 0.47022460937500005 0.9430371093750001
2 0.171875 0.841796875 0.205078125 0.849609375 0.228515625 0.873046875 0.26171875 0.888671875 0.37890625 0.921875 0.404296875 0.947265625 0.412109375 0.9453125 0.439453125 0.966796875 0.51953125 0.966796875 0.556640625 0.95703125 0.6171875 0.927734375 0.666015625 0.88671875 0.712890625 0.818359375 0.740234375 0.759765625 0.775390625 0.6171875 0.78515625 0.4765625 0.771484375 0.412109375 0.724609375 0.314453125 0.689453125 0.26171875 0.669921875 0.2109375 0.640625 0.2109375 0.572265625 0.23046875 0.5 0.234375 0.4453125 0.25390625 0.427734375 0.271484375 0.4140625 0.271484375 0.35546875 0.3046875 0.212890625 0.4140625 0.103515625 0.548828125 0.080078125 0.615234375 0.078125 0.6953125 0.087890625 0.73828125 0.126953125 0.806640625 0.171875 0.841796875