10 0.5234375 0.376953125 0.466796875 0.376953125 0.466796875 0.5078125 0.5234375 0.5078125 0.5234375 0.376953125
10 0.494140625 0.716796875 0.3984375 0.716796875 0.3984375 0.8203125 0.494140625 0.8203125 0.494140625 0.716796875
10 0.5267968749999999 0.253671875 0.47320312500000006 0.253671875 0.47320312500000006 0.523203125 0.5267968749999999 0.523203125 0.5267968749999999 0.253671875
10 0.5291113281250001 0.2077734375 0.45819335937499994 0.2077734375 0.45819335937499994 0.3601171875 0.5291113281250001 0.3601171875 0.5291113281250001 0.2077734375
10 0.6458105468750001 0.503291015625 0.5045800781249999 0.503291015625 0.5045800781249999 0.750615234375 0.6458105468750001 0.750615234375 0.6458105468750001 0.503291015625
10 0.5379101562499999 0.85177734375 0.5255664062500001 0.85177734375 0.5255664062500001 0.86697265625 0.5379101562499999 0.86697265625 0.5379101562499999 0.85177734375
10 0.5884375000000001 0.82205078125 0.47699218749999994 0.82205078125 0.47699218749999994 0.89669921875 0.5884375000000001 0.89669921875 0.5884375000000001 0.82205078125
10 0.520966796875 0.709716796875 0.511259765625 0.709716796875 0.511259765625 0.718994140625 0.520966796875 0.718994140625 0.520966796875 0.709716796875
10 0.528291015625 0.145751953125 0.44631835937500003 0.145751953125 0.44631835937500003 0.894287109375 0.528291015625 0.894287109375 0.528291015625 0.145751953125
10 0.6521874999999999 0.379189453125 0.5411718750000001 0.379189453125 0.5411718750000001 0.500224609375 0.6521874999999999 0.500224609375 0.6521874999999999 0.379189453125
10 0.665986328125 0.4892578125 0.596708984375 0.4892578125 0.596708984375 0.7509765625 0.665986328125 0.7509765625 0.665986328125 0.4892578125
10 0.493056640625 0.8158593749999999 0.470810546875 0.8158593749999999 0.470810546875 0.8794531250000001 0.493056640625 0.8794531250000001 0.493056640625 0.8158593749999999
2 0.383599609375 0.32725781249999997 0.38125390625 0.40577148437500005 0.368357421875 0.5557636718750001 0.36366796875 0.7069296875 0.39297851562499997 0.82059765625 0.48207812499999997 0.89559375 0.6145546875 0.82059765625 0.748205078125 0.7268515625 0.745861328125 0.6600566406249999 0.7224140625000001 0.51240625 0.70365625 0.41045703125 0.64034765625 0.295619140625 0.5535917968749999 0.188982421875 0.469318359375 0.064783203125 0.4656640625 0.13625 0.431666015625 0.23351171874999999 0.383599609375 0.32725781249999997