0 0.6360546874999999 0.4778515625 0.5581640625000001 0.4778515625 0.5581640625000001 0.558984375 0.6360546874999999 0.558984375 0.6360546874999999 0.4778515625
0 0.498134765625 0.5454296875 0.437919921875 0.5454296875 0.437919921875 0.6059375 0.498134765625 0.6059375 0.498134765625 0.5454296875
0 0.45265625 0.3358203125 0.416484375 0.3358203125 0.416484375 0.39125 0.45265625 0.39125 0.45265625 0.3358203125
0 0.481865234375 0.690302734375 0.431728515625 0.690302734375 0.431728515625 0.733525390625 0.481865234375 0.733525390625 0.481865234375 0.690302734375
0 0.557841796875 0.42548828125 0.519306640625 0.42548828125 0.519306640625 0.46662109375 0.557841796875 0.46662109375 0.557841796875 0.42548828125
0 0.495625 0.11443359374999999 0.459453125 0.11443359374999999 0.459453125 0.15169921875 0.495625 0.15169921875 0.495625 0.11443359374999999
0 0.46208007812499996 0.832001953125 0.431982421875 0.832001953125 0.431982421875 0.864287109375 0.46208007812499996 0.864287109375 0.46208007812499996 0.832001953125
0 0.716689453125 0.7597070312499999 0.681748046875 0.7597070312499999 0.681748046875 0.7940039062500001 0.716689453125 0.7940039062500001 0.716689453125 0.7597070312499999
0 0.447978515625 0.607587890625 0.412373046875 0.607587890625 0.412373046875 0.645341796875 0.447978515625 0.645341796875 0.447978515625 0.607587890625
0 0.24578125 0.4900390625 0.2061328125 0.4900390625 0.2061328125 0.532421875 0.24578125 0.532421875 0.24578125 0.4900390625
0 0.09447265625 0.89765625 0.04970703125 0.89765625 0.04970703125 0.9490234375 0.09447265625 0.9490234375 0.09447265625 0.89765625
0 0.247080078125 0.242041015625 0.203857421875 0.242041015625 0.203857421875 0.29655273437499996 0.247080078125 0.29655273437499996 0.247080078125 0.242041015625
0 0.36514648437499997 0.36392578124999997 0.29989257812500003 0.36392578124999997 0.29989257812500003 0.43294921875 0.36514648437499997 0.43294921875 0.36514648437499997 0.36392578124999997
0 0.304326171875 0.74376953125 0.268916015625 0.74376953125 0.268916015625 0.78845703125 0.304326171875 0.78845703125 0.304326171875 0.74376953125
0 0.6138574218749999 0.8092480468750001 0.5785253906250001 0.8092480468750001 0.5785253906250001 0.8470019531249999 0.6138574218749999 0.8470019531249999 0.6138574218749999 0.8092480468750001
0 0.385849609375 0.826142578125 0.348525390625 0.826142578125 0.348525390625 0.865263671875 0.385849609375 0.865263671875 0.385849609375 0.826142578125
0 0.23718750000000002 0.158955078125 0.20519531249999998 0.158955078125 0.20519531249999998 0.209951171875 0.23718750000000002 0.209951171875 0.23718750000000002 0.158955078125
0 0.335341796875 0.16748046875 0.305791015625 0.16748046875 0.305791015625 0.20068359375 0.335341796875 0.20068359375 0.335341796875 0.16748046875
0 0.36996093750000003 0.13651367187500002 0.314140625 0.13651367187500002 0.314140625 0.195283203125 0.36996093750000003 0.195283203125 0.36996093750000003 0.13651367187500002
0 0.7708105468750001 0.313515625 0.7418847656249999 0.313515625 0.7418847656249999 0.350078125 0.7708105468750001 0.350078125 0.7708105468750001 0.313515625
0 0.738994140625 0.9303320312500001 0.691669921875 0.9303320312500001 0.691669921875 0.9827539062499999 0.738994140625 0.9827539062499999 0.738994140625 0.9303320312500001
0 0.540390625 0.230537109375 0.5035546875 0.230537109375 0.5035546875 0.269970703125 0.540390625 0.269970703125 0.540390625 0.230537109375
0 0.8334374999999999 0.380751953125 0.8013281250000001 0.380751953125 0.8013281250000001 0.429794921875 0.8334374999999999 0.429794921875 0.8334374999999999 0.380751953125
0 0.6980566406250001 0.506103515625 0.6662011718749999 0.506103515625 0.6662011718749999 0.545654296875 0.6980566406250001 0.545654296875 0.6980566406250001 0.506103515625
0 0.45408203125 0.7490234375 0.42240234374999996 0.7490234375 0.42240234374999996 0.7802734375 0.45408203125 0.7802734375 0.45408203125 0.7490234375
0 0.571943359375 0.615107421875 0.551103515625 0.615107421875 0.551103515625 0.635869140625 0.571943359375 0.635869140625 0.571943359375 0.615107421875
0 0.76548828125 0.69224609375 0.74134765625 0.69224609375 0.74134765625 0.71791015625 0.76548828125 0.71791015625 0.76548828125 0.69224609375
0 0.387255859375 0.0462890625 0.345166015625 0.0462890625 0.345166015625 0.082734375 0.387255859375 0.082734375 0.387255859375 0.0462890625
0 0.333837890625 0.8093847656250001 0.29850585937499996 0.8093847656250001 0.29850585937499996 0.8468652343749999 0.333837890625 0.8468652343749999 0.333837890625 0.8093847656250001
0 0.8283496093749999 0.50291015625 0.8015332031250001 0.50291015625 0.8015332031250001 0.53908203125 0.8283496093749999 0.53908203125 0.8283496093749999 0.50291015625
0 0.28306640625 0.24254882812499998 0.26185546875 0.24254882812499998 0.26185546875 0.275029296875 0.28306640625 0.275029296875 0.28306640625 0.24254882812499998
0 0.42134765625000004 0.6533789062500001 0.39458984375 0.6533789062500001 0.39458984375 0.6854882812499999 0.42134765625000004 0.6854882812499999 0.42134765625000004 0.6533789062500001
0 0.56220703125 0.708935546875 0.54521484375 0.708935546875 0.54521484375 0.728564453125 0.56220703125 0.728564453125 0.56220703125 0.708935546875
0 0.23203125 0.9352246093750001 0.17863281250000002 0.9352246093750001 0.17863281250000002 0.9925097656249999 0.23203125 0.9925097656249999 0.23203125 0.9352246093750001
0 0.551533203125 0.34090820312500003 0.528544921875 0.34090820312500003 0.528544921875 0.383232421875 0.551533203125 0.383232421875 0.551533203125 0.34090820312500003
0 0.30387695312499996 0.9588574218750001 0.28010742187500004 0.9588574218750001 0.28010742187500004 0.9884082031249999 0.30387695312499996 0.9884082031249999 0.30387695312499996 0.9588574218750001
0 0.65966796875 0.769423828125 0.63720703125 0.769423828125 0.63720703125 0.791123046875 0.65966796875 0.791123046875 0.65966796875 0.769423828125
0 0.560712890625 0.77369140625 0.544755859375 0.77369140625 0.544755859375 0.78978515625 0.560712890625 0.78978515625 0.560712890625 0.77369140625
0 0.120166015625 0.9587597656250001 0.103115234375 0.9587597656250001 0.103115234375 0.9777636718749999 0.120166015625 0.9777636718749999 0.120166015625 0.9587597656250001
0 0.432001953125 0.9072070312499999 0.413232421875 0.9072070312499999 0.413232421875 0.9306835937500001 0.432001953125 0.9306835937500001 0.432001953125 0.9072070312499999
0 0.088125 0.853173828125 0.0751953125 0.853173828125 0.0751953125 0.866552734375 0.088125 0.866552734375 0.088125 0.853173828125
0 0.55015625 0.017744140624999998 0.5328515625 0.017744140624999998 0.5328515625 0.033115234375000004 0.55015625 0.033115234375000004 0.55015625 0.017744140624999998
0 1 0.780732421875 0.9571484375000001 0.780732421875 0.9571484375000001 0.845244140625 1 0.845244140625 1 0.780732421875
0 0.6197167968749999 0.86 0.5912207031250001 0.86 0.5912207031250001 0.8870703125 0.6197167968749999 0.8870703125 0.6197167968749999 0.86
0 0.020361328125 0.8858593750000001 0.000380859375 0.8858593750000001 0.000380859375 0.9295703124999999 0.020361328125 0.9295703124999999 0.020361328125 0.8858593750000001
0 0.636689453125 0.9402636718749999 0.572294921875 0.9402636718749999 0.572294921875 0.9972363281250001 0.636689453125 0.9972363281250001 0.636689453125 0.9402636718749999
0 0.11521484374999999 0.8690527343750001 0.10306640625 0.8690527343750001 0.10306640625 0.8819238281249999 0.11521484374999999 0.8819238281249999 0.11521484374999999 0.8690527343750001
0 0.44950195312499996 0.4141796875 0.390849609375 0.4141796875 0.390849609375 0.4744921875 0.44950195312499996 0.4744921875 0.44950195312499996 0.4141796875
0 0.195830078125 0.599638671875 0.170888671875 0.599638671875 0.170888671875 0.629853515625 0.195830078125 0.629853515625 0.195830078125 0.599638671875
0 0.28640625000000003 0.8681445312499999 0.25363281249999997 0.8681445312499999 0.25363281249999997 0.9062695312500001 0.28640625000000003 0.9062695312500001 0.28640625000000003 0.8681445312499999
0 0.7588476562500001 0.49368164062500003 0.7304101562499999 0.49368164062500003 0.7304101562499999 0.531708984375 0.7588476562500001 0.531708984375 0.7588476562500001 0.49368164062500003
2 0.4375 0 0.412109375 0.013671875 0.328125 0.03125 0.30859375 0.060546875 0.203125 0.16796875 0.173828125 0.224609375 0.150390625 0.318359375 0.154296875 0.46875 0.1796875 0.58203125 0.228515625 0.708984375 0.291015625 0.814453125 0.41015625 0.93359375 0.43359375 0.935546875 0.443359375 0.923828125 0.462890625 0.9375 0.46484375 0.947265625 0.48828125 0.9453125 0.583984375 0.8984375 0.68359375 0.8203125 0.703125 0.7890625 0.765625 0.740234375 0.822265625 0.666015625 0.841796875 0.615234375 0.8515625 0.560546875 0.85546875 0.486328125 0.845703125 0.375 0.806640625 0.296875 0.69140625 0.154296875 0.630859375 0.025390625 0.6015625 0 0.4375 0