10 0.537109375 0.56640625 0.400390625 0.56640625 0.400390625 0.734375 0.537109375 0.734375 0.537109375 0.56640625
10 0.535595703125 0.5369238281250001 0.399482421875 0.5369238281250001 0.399482421875 0.6925683593749999 0.535595703125 0.6925683593749999 0.535595703125 0.5369238281250001
10 0.61990234375 0.5285058593749999 0.50412109375 0.5285058593749999 0.50412109375 0.6726660156250001 0.61990234375 0.6726660156250001 0.61990234375 0.5285058593749999
10 0.534404296875 0.270751953125 0.44364257812499996 0.270751953125 0.44364257812499996 0.424560546875 0.534404296875 0.424560546875 0.534404296875 0.270751953125
10 0.5595703125 0.489375 0.4765625 0.489375 0.4765625 0.571171875 0.5595703125 0.571171875 0.5595703125 0.489375
10 0.626435546875 0.4116015625 0.534697265625 0.4116015625 0.534697265625 0.5273828125 0.626435546875 0.5273828125 0.626435546875 0.4116015625
10 0.46907226562500004 0.585283203125 0.43229492187499996 0.585283203125 0.43229492187499996 0.627607421875 0.46907226562500004 0.627607421875 0.46907226562500004 0.585283203125
10 0.41462890625000004 0.792939453125 0.35880859374999996 0.792939453125 0.35880859374999996 0.851591796875 0.41462890625000004 0.851591796875 0.41462890625000004 0.792939453125
10 0.60615234375 0.394404296875 0.37384765625 0.394404296875 0.37384765625 0.724736328125 0.60615234375 0.724736328125 0.60615234375 0.394404296875
10 0.5852636718750001 0.20691406250000002 0.41278320312499994 0.20691406250000002 0.41278320312499994 0.529921875 0.5852636718750001 0.529921875 0.5852636718750001 0.20691406250000002
10 0.8746679687500001 0.9034375000000001 0.8157617187499999 0.9034375000000001 0.8157617187499999 0.9510546874999999 0.8746679687500001 0.9510546874999999 0.8746679687500001 0.9034375000000001
10 0.10556640625 0.9066113281250001 0.06802734375 0.9066113281250001 0.06802734375 0.9410449218749999 0.10556640625 0.9410449218749999 0.10556640625 0.9066113281250001
10 0.45017578125 0.31935546875 0.43654296875 0.31935546875 0.43654296875 0.33251953125 0.45017578125 0.33251953125 0.45017578125 0.31935546875
10 0.304404296875 0.616494140625 0.295205078125 0.616494140625 0.295205078125 0.627646484375 0.304404296875 0.627646484375 0.304404296875 0.616494140625
10 0.5238671874999999 0.8087109375000001 0.367734375 0.8087109375000001 0.367734375 0.9364062499999999 0.5238671874999999 0.9364062499999999 0.5238671874999999 0.8087109375000001
10 0.26125976562500003 0.9084765625 0.14327148437499998 0.9084765625 0.14327148437499998 0.9919140625 0.26125976562500003 0.9919140625 0.26125976562500003 0.9084765625
10 0.09357421875000001 0.94267578125 0.05619140625 0.94267578125 0.05619140625 0.97041015625 0.09357421875000001 0.97041015625 0.09357421875000001 0.94267578125
10 0.3447265625 1 0.3447265625 0.9671484375 0.28125 0.9671484375 0.28125 1 0.3447265625 1
10 0.195732421875 0.9408398437500001 0.169736328125 0.9408398437500001 0.169736328125 0.9654101562499999 0.195732421875 0.9654101562499999 0.195732421875 0.9408398437500001
10 0.26217773437499997 0.9156152343749999 0.236376953125 0.9156152343749999 0.236376953125 0.9418066406250001 0.26217773437499997 0.9418066406250001 0.26217773437499997 0.9156152343749999
10 0.11099609375 0.901640625 0.05146484375 0.901640625 0.05146484375 0.9753125 0.11099609375 0.9753125 0.11099609375 0.901640625
10 0.6939062500000001 0.9020117187500001 0.5599999999999999 0.9020117187500001 0.5599999999999999 0.9895898437499999 0.6939062500000001 0.9895898437499999 0.6939062500000001 0.9020117187500001
10 0.9867578124999999 0.927353515625 0.8735937500000001 0.927353515625 0.8735937500000001 0.988662109375 0.9867578124999999 0.988662109375 0.9867578124999999 0.927353515625
10 0.51484375 0.27662109375 0.478828125 0.27662109375 0.478828125 0.36158203125 0.51484375 0.36158203125 0.51484375 0.27662109375
10 0.431533203125 1 0.431533203125 0.9531640625 0.270146484375 0.9531640625 0.270146484375 1 0.431533203125 1
10 0.999755859375 0.885009765625 0.645751953125 0.885009765625 0.645751953125 0.998779296875 0.999755859375 0.998779296875 0.999755859375 0.885009765625
10 0.306044921875 0.8790234375000001 0.012822265625 0.8790234375000001 0.012822265625 0.9949999999999999 0.306044921875 0.9949999999999999 0.306044921875 0.8790234375000001
10 0.25873046875 0.9664648437500001 0.22736328125 0.9664648437500001 0.22736328125 0.9954492187499999 0.25873046875 0.9954492187499999 0.25873046875 0.9664648437500001
10 0.5547753906249999 0.8307226562500001 0.467685546875 0.8307226562500001 0.467685546875 0.8958398437499999 0.5547753906249999 0.8958398437499999 0.5547753906249999 0.8307226562500001
10 0.401748046875 0.590546875 0.325322265625 0.590546875 0.325322265625 0.698515625 0.401748046875 0.698515625 0.401748046875 0.590546875
10 0.182666015625 1 0.182666015625 0.9930468749999999 0.145458984375 0.9930468749999999 0.145458984375 1 0.182666015625 1
10 0.42724609375 0.379453125 0.33056640625 0.379453125 0.33056640625 0.49261718749999994 0.42724609375 0.49261718749999994 0.42724609375 0.379453125
10 0.022548828125 0.8932910156249999 0.0018261718749999999 0.8932910156249999 0.0018261718749999999 0.9162792968750001 0.022548828125 0.9162792968750001 0.022548828125 0.8932910156249999
10 0.3920703125 0.36392578124999997 0.3418359375 0.36392578124999997 0.3418359375 0.43099609375 0.3920703125 0.43099609375 0.3920703125 0.36392578124999997
10 0.67439453125 0.9178027343749999 0.63029296875 0.9178027343749999 0.63029296875 0.9747753906250001 0.67439453125 0.9747753906250001 0.67439453125 0.9178027343749999
10 0.486748046875 0.8310742187500001 0.462978515625 0.8310742187500001 0.462978515625 0.8525195312499999 0.486748046875 0.8525195312499999 0.486748046875 0.8310742187500001
10 0.9820605468749999 0.8335546875000001 0.8030957031250001 0.8335546875000001 0.8030957031250001 0.9330468749999999 0.9820605468749999 0.9330468749999999 0.9820605468749999 0.8335546875000001
10 0.362265625 0.375107421875 0.3452734375 0.375107421875 0.3452734375 0.402744140625 0.362265625 0.402744140625 0.362265625 0.375107421875
10 0.719697265625 0.90833984375 0.671904296875 0.90833984375 0.671904296875 0.97056640625 0.719697265625 0.97056640625 0.719697265625 0.90833984375
10 0.440078125 0.706298828125 0.3807421875 0.706298828125 0.3807421875 0.776123046875 0.440078125 0.776123046875 0.440078125 0.706298828125
10 0.600234375 0.733759765625 0.3241015625 0.733759765625 0.3241015625 0.9869433593749999 0.600234375 0.9869433593749999 0.600234375 0.733759765625
10 0.5437890624999999 0.80078125 0.5157812500000001 0.80078125 0.5157812500000001 0.83203125 0.5437890624999999 0.83203125 0.5437890624999999 0.80078125
10 0.582158203125 0.111083984375 0.489130859375 0.111083984375 0.489130859375 0.249033203125 0.582158203125 0.249033203125 0.582158203125 0.111083984375
10 0.37760742187499996 0.7878125 0.36165039062500004 0.7878125 0.36165039062500004 0.80984375 0.37760742187499996 0.80984375 0.37760742187499996 0.7878125
2 0.5078125 0 0.501953125 0.005859375 0.392578125 0.19140625 0.29296875 0.587890625 0.29296875 0.75390625 0.298828125 0.78515625 0.404296875 0.95703125 0.41796875 0.96875 0.462890625 0.978515625 0.490234375 0.962890625 0.58984375 0.8359375 0.607421875 0.775390625 0.6171875 0.677734375 0.6328125 0.607421875 0.634765625 0.435546875 0.560546875 0 0.5078125 0