0 0.52322265625 0.391064453125 0.42794921874999997 0.391064453125 0.42794921874999997 0.46877929687500003 0.52322265625 0.46877929687500003 0.52322265625 0.391064453125
0 0.513408203125 0.3990234375 0.44901367187499996 0.3990234375 0.44901367187499996 0.45988281249999996 0.513408203125 0.45988281249999996 0.513408203125 0.3990234375
0 0.38166015625 0.72390625 0.30732421875 0.72390625 0.30732421875 0.7907421875 0.38166015625 0.7907421875 0.38166015625 0.72390625
0 0.387998046875 0.88169921875 0.318056640625 0.88169921875 0.318056640625 0.93470703125 0.387998046875 0.93470703125 0.387998046875 0.88169921875
0 0.6262890624999999 0.629638671875 0.5963671875000001 0.629638671875 0.5963671875000001 0.658447265625 0.6262890624999999 0.658447265625 0.6262890624999999 0.629638671875
0 0.65087890625 0.304912109375 0.57568359375 0.304912109375 0.57568359375 0.360126953125 0.65087890625 0.360126953125 0.65087890625 0.304912109375
0 0.6393457031249999 0.15453125 0.5872167968750001 0.15453125 0.5872167968750001 0.20535156250000003 0.6393457031249999 0.20535156250000003 0.6393457031249999 0.15453125
0 0.2236328125 0.566845703125 0.16625 0.566845703125 0.16625 0.619677734375 0.2236328125 0.619677734375 0.2236328125 0.566845703125
0 0.6700097656249999 0.38638671874999997 0.6073339843750001 0.38638671874999997 0.6073339843750001 0.43587890625 0.6700097656249999 0.43587890625 0.6700097656249999 0.38638671874999997
0 0.398212890625 0.20921875 0.342998046875 0.20921875 0.342998046875 0.263203125 0.398212890625 0.263203125 0.398212890625 0.20921875
0 0.6756249999999999 0.25285156249999996 0.6192968750000001 0.25285156249999996 0.6192968750000001 0.30867187500000004 0.6756249999999999 0.30867187500000004 0.6756249999999999 0.25285156249999996
0 0.781845703125 0.726025390625 0.734755859375 0.726025390625 0.734755859375 0.771044921875 0.781845703125 0.771044921875 0.781845703125 0.726025390625
0 0.649296875 0.33111328125 0.6094921875 0.33111328125 0.6094921875 0.36666015625 0.649296875 0.36666015625 0.649296875 0.33111328125
0 0.706005859375 0.46172851562500006 0.663134765625 0.46172851562500006 0.663134765625 0.49581054687500004 0.706005859375 0.49581054687500004 0.706005859375 0.46172851562500006
0 0.5668066406250001 0.548212890625 0.5367089843749999 0.548212890625 0.5367089843749999 0.577763671875 0.5668066406250001 0.577763671875 0.5668066406250001 0.548212890625
0 0.344765625 0.421611328125 0.315390625 0.421611328125 0.315390625 0.45389648437499996 0.344765625 0.45389648437499996 0.344765625 0.421611328125
0 0.44889648437499996 0.23236328125 0.418798828125 0.23236328125 0.418798828125 0.27154296875 0.44889648437499996 0.27154296875 0.44889648437499996 0.23236328125
0 0.30734374999999997 0.43475585937499994 0.27566406250000003 0.43475585937499994 0.27566406250000003 0.46223632812500004 0.30734374999999997 0.46223632812500004 0.30734374999999997 0.43475585937499994
0 0.65724609375 0.774365234375 0.62107421875 0.774365234375 0.62107421875 0.812548828125 0.65724609375 0.812548828125 0.65724609375 0.774365234375
0 0.7911035156249999 0.583037109375 0.7333105468750001 0.583037109375 0.7333105468750001 0.631806640625 0.7911035156249999 0.631806640625 0.7911035156249999 0.583037109375
0 0.46239257812499995 0.6491113281249999 0.44678710937500005 0.6491113281249999 0.44678710937500005 0.6878027343750001 0.46239257812499995 0.6878027343750001 0.46239257812499995 0.6491113281249999
0 0.392099609375 0.491123046875 0.352548828125 0.491123046875 0.352548828125 0.5489160156249999 0.392099609375 0.5489160156249999 0.392099609375 0.491123046875
0 0.49210937499999996 0.16102539062500001 0.45078125 0.16102539062500001 0.45078125 0.191748046875 0.49210937499999996 0.191748046875 0.49210937499999996 0.16102539062500001
0 0.33512695312499996 0.3874609375 0.307958984375 0.3874609375 0.307958984375 0.41773437500000005 0.33512695312499996 0.41773437500000005 0.33512695312499996 0.3874609375
0 0.5476953124999999 0.16374023437500002 0.5089453125000001 0.16374023437500002 0.5089453125000001 0.195166015625 0.5476953124999999 0.195166015625 0.5476953124999999 0.16374023437500002
0 0.38609375 0.49576171875 0.3590234375 0.49576171875 0.3590234375 0.5208398437499999 0.38609375 0.5208398437499999 0.38609375 0.49576171875
0 0.580205078125 0.193115234375 0.547724609375 0.193115234375 0.547724609375 0.225595703125 0.580205078125 0.225595703125 0.580205078125 0.193115234375
0 0.4430078125 0.694345703125 0.41734375 0.694345703125 0.41734375 0.719716796875 0.4430078125 0.719716796875 0.4430078125 0.694345703125
0 0.784375 0.600390625 0.7537109375 0.600390625 0.7537109375 0.6271484375 0.784375 0.6271484375 0.784375 0.600390625
0 0.613447265625 0.31080078125 0.577958984375 0.31080078125 0.577958984375 0.34302734375 0.613447265625 0.34302734375 0.613447265625 0.31080078125
0 0.6910742187500001 0.318427734375 0.5784570312499999 0.318427734375 0.5784570312499999 0.449658203125 0.6910742187500001 0.449658203125 0.6910742187500001 0.318427734375
0 0.7608105468749999 0.2430859375 0.7343066406250001 0.2430859375 0.7343066406250001 0.27937500000000004 0.7608105468749999 0.27937500000000004 0.7608105468749999 0.2430859375
0 0.86345703125 0.582841796875 0.83380859375 0.582841796875 0.83380859375 0.609541015625 0.86345703125 0.609541015625 0.86345703125 0.582841796875
0 0.206875 0.44996093750000005 0.1222265625 0.44996093750000005 0.1222265625 0.48707031250000005 0.206875 0.48707031250000005 0.206875 0.44996093750000005
0 0.45220703125000006 0.190341796875 0.34076171875 0.190341796875 0.34076171875 0.29012695312500003 0.45220703125000006 0.29012695312500003 0.45220703125000006 0.190341796875
0 0.5672265624999999 0.09153320312499999 0.5314062500000001 0.09153320312499999 0.5314062500000001 0.120029296875 0.5672265624999999 0.120029296875 0.5672265624999999 0.09153320312499999
0 0.339560546875 0.644384765625 0.311337890625 0.644384765625 0.311337890625 0.672021484375 0.339560546875 0.672021484375 0.339560546875 0.644384765625
0 0.436435546875 0.28912109375 0.414150390625 0.28912109375 0.414150390625 0.31978515625 0.436435546875 0.31978515625 0.436435546875 0.28912109375
0 0.58146484375 0.5353515625 0.52205078125 0.5353515625 0.52205078125 0.5896484375 0.58146484375 0.5896484375 0.58146484375 0.5353515625
0 0.387197265625 0.524521484375 0.363779296875 0.524521484375 0.363779296875 0.546767578125 0.387197265625 0.546767578125 0.387197265625 0.524521484375
0 0.8169824218749999 0.541181640625 0.7933691406250001 0.541181640625 0.7933691406250001 0.561357421875 0.8169824218749999 0.561357421875 0.8169824218749999 0.541181640625
0 0.7870507812499999 0.517216796875 0.7598242187500001 0.517216796875 0.7598242187500001 0.537470703125 0.7870507812499999 0.537470703125 0.7870507812499999 0.517216796875
0 0.2356640625 0.622431640625 0.212109375 0.622431640625 0.212109375 0.646123046875 0.2356640625 0.646123046875 0.2356640625 0.622431640625
0 0.724736328125 0.41165039062500003 0.695185546875 0.41165039062500003 0.695185546875 0.44237304687499995 0.724736328125 0.44237304687499995 0.724736328125 0.41165039062500003
0 0.363564453125 0.3804296875 0.339091796875 0.3804296875 0.339091796875 0.40328125000000004 0.363564453125 0.40328125000000004 0.363564453125 0.3804296875
0 0.47529296875 0.7969921875 0.45048828125 0.7969921875 0.45048828125 0.8211718749999999 0.47529296875 0.8211718749999999 0.47529296875 0.7969921875
0 0.244677734375 0.49678710937500004 0.22286132812499998 0.49678710937500004 0.22286132812499998 0.516884765625 0.244677734375 0.516884765625 0.244677734375 0.49678710937500004
0 0.12517578125 0.524404296875 0.09966796875 0.524404296875 0.09966796875 0.548837890625 0.12517578125 0.548837890625 0.12517578125 0.524404296875
0 0.5210546875000001 0.717763671875 0.49749999999999994 0.717763671875 0.49749999999999994 0.742197265625 0.5210546875000001 0.742197265625 0.5210546875000001 0.717763671875
0 0.7251562500000001 0.582890625 0.7025781249999999 0.582890625 0.7025781249999999 0.608515625 0.7251562500000001 0.608515625 0.7251562500000001 0.582890625
0 0.173779296875 0.706787109375 0.14286132812500002 0.706787109375 0.14286132812500002 0.735595703125 0.173779296875 0.735595703125 0.173779296875 0.706787109375
0 0.440380859375 0.915771484375 0.403876953125 0.915771484375 0.403876953125 0.948486328125 0.440380859375 0.948486328125 0.440380859375 0.915771484375
0 0.36496093749999997 0.382763671875 0.25808593750000003 0.382763671875 0.25808593750000003 0.481025390625 0.36496093749999997 0.481025390625 0.36496093749999997 0.382763671875
0 0.6931738281250001 0.14396484375000002 0.6720605468749999 0.14396484375000002 0.6720605468749999 0.16220703125 0.6931738281250001 0.16220703125 0.6931738281250001 0.14396484375000002
0 0.49801757812499997 0.86697265625 0.478076171875 0.86697265625 0.478076171875 0.89083984375 0.49801757812499997 0.89083984375 0.49801757812499997 0.86697265625
0 0.63326171875 0.563798828125 0.60892578125 0.563798828125 0.60892578125 0.583662109375 0.63326171875 0.583662109375 0.63326171875 0.563798828125
0 0.7361328125 0.82728515625 0.6818359375 0.82728515625 0.6818359375 0.88169921875 0.7361328125 0.88169921875 0.7361328125 0.82728515625
0 0.42379882812499997 0.612802734375 0.40627929687500003 0.612802734375 0.40627929687500003 0.629384765625 0.42379882812499997 0.629384765625 0.42379882812499997 0.612802734375
0 0.26473632812500003 0.75046875 0.241630859375 0.75046875 0.241630859375 0.7739453125 0.26473632812500003 0.7739453125 0.26473632812500003 0.75046875
0 0.233876953125 0.733515625 0.213623046875 0.733515625 0.213623046875 0.7528125 0.233876953125 0.7528125 0.233876953125 0.733515625
0 0.545576171875 0.499130859375 0.529619140625 0.499130859375 0.529619140625 0.517470703125 0.545576171875 0.517470703125 0.545576171875 0.499130859375
0 0.771611328125 0.78884765625 0.748896484375 0.78884765625 0.748896484375 0.81173828125 0.771611328125 0.81173828125 0.771611328125 0.78884765625
0 0.654462890625 0.108740234375 0.636552734375 0.108740234375 0.636552734375 0.129306640625 0.654462890625 0.129306640625 0.654462890625 0.108740234375
0 0.8483984375 0.5550878906250001 0.8312890625 0.5550878906250001 0.8312890625 0.5689355468749999 0.8483984375 0.5689355468749999 0.8483984375 0.5550878906250001
0 0.5799218749999999 0.714814453125 0.5646093750000001 0.714814453125 0.5646093750000001 0.739287109375 0.5799218749999999 0.739287109375 0.5799218749999999 0.714814453125
0 0.6133691406249999 0.9044238281249999 0.5946386718750001 0.9044238281249999 0.5946386718750001 0.9246777343750001 0.6133691406249999 0.9246777343750001 0.6133691406249999 0.9044238281249999
0 0.81533203125 0.5131640625 0.79990234375 0.5131640625 0.79990234375 0.536640625 0.81533203125 0.536640625 0.81533203125 0.5131640625
0 0.1897265625 0.725615234375 0.13472656249999998 0.725615234375 0.13472656249999998 0.781220703125 0.1897265625 0.781220703125 0.1897265625 0.725615234375
0 0.6900097656249999 0.914404296875 0.6693652343750001 0.914404296875 0.6693652343750001 0.938134765625 0.6900097656249999 0.938134765625 0.6900097656249999 0.914404296875
2 0.125 0.748046875 0.162109375 0.806640625 0.1953125 0.833984375 0.24609375 0.857421875 0.271484375 0.880859375 0.3828125 0.94921875 0.49609375 0.9921875 0.52734375 0.984375 0.533203125 0.974609375 0.591796875 0.978515625 0.625 0.994140625 0.63671875 0.9921875 0.7109375 0.953125 0.744140625 0.919921875 0.84765625 0.755859375 0.857421875 0.685546875 0.876953125 0.630859375 0.88671875 0.572265625 0.884765625 0.533203125 0.837890625 0.45703125 0.830078125 0.384765625 0.8125 0.31640625 0.767578125 0.2421875 0.74609375 0.1640625 0.716796875 0.115234375 0.650390625 0.05859375 0.62109375 0.083984375 0.5234375 0.095703125 0.4765625 0.111328125 0.361328125 0.169921875 0.337890625 0.193359375 0.29296875 0.291015625 0.23828125 0.365234375 0.15234375 0.44921875 0.08984375 0.494140625 0.060546875 0.53125 0.056640625 0.568359375 0.06640625 0.6171875 0.09375 0.666015625 0.125 0.748046875