0 0.268056640625 0.404072265625 0.193583984375 0.404072265625 0.193583984375 0.461826171875 0.268056640625 0.461826171875 0.268056640625 0.404072265625
0 0.752197265625 0.48390625 0.699951171875 0.48390625 0.699951171875 0.529765625 0.752197265625 0.529765625 0.752197265625 0.48390625
0 0.38427734375 0.22677734374999997 0.34130859375 0.22677734374999997 0.34130859375 0.28396484375000003 0.38427734375 0.28396484375000003 0.38427734375 0.22677734374999997
0 0.5901757812499999 0.64744140625 0.5250585937500001 0.64744140625 0.5250585937500001 0.68947265625 0.5901757812499999 0.68947265625 0.5901757812499999 0.64744140625
0 0.7036328125 0.277333984375 0.67625 0.277333984375 0.67625 0.306650390625 0.7036328125 0.306650390625 0.7036328125 0.277333984375
0 0.715654296875 0.371455078125 0.681806640625 0.371455078125 0.681806640625 0.408349609375 0.715654296875 0.408349609375 0.715654296875 0.371455078125
0 0.668916015625 0.18660156249999998 0.626982421875 0.18660156249999998 0.626982421875 0.22234375 0.668916015625 0.22234375 0.668916015625 0.18660156249999998
0 0.5023828124999999 0.706279296875 0.47175781250000004 0.706279296875 0.47175781250000004 0.730244140625 0.5023828124999999 0.730244140625 0.5023828124999999 0.706279296875
0 0.45624023437499994 0.44756835937500006 0.41485351562500006 0.44756835937500006 0.41485351562500006 0.48407226562499994 0.45624023437499994 0.48407226562499994 0.45624023437499994 0.44756835937500006
0 0.271103515625 0.597041015625 0.24940429687500001 0.597041015625 0.24940429687500001 0.615849609375 0.271103515625 0.615849609375 0.271103515625 0.597041015625
0 0.8199511718749999 0.5341796875 0.8030957031250001 0.5341796875 0.8030957031250001 0.5517578125 0.8199511718749999 0.5517578125 0.8199511718749999 0.5341796875
0 0.56580078125 0.121455078125 0.53478515625 0.121455078125 0.53478515625 0.149052734375 0.56580078125 0.149052734375 0.56580078125 0.121455078125
0 0.55482421875 0.242373046875 0.53599609375 0.242373046875 0.53599609375 0.26399414062500004 0.55482421875 0.26399414062500004 0.55482421875 0.242373046875
0 0.550029296875 0.6701171875 0.530048828125 0.6701171875 0.530048828125 0.6873046875 0.550029296875 0.6873046875 0.550029296875 0.6701171875
0 0.27255859375 0.6761816406250001 0.25626953124999996 0.6761816406250001 0.25626953124999996 0.6929589843749999 0.27255859375 0.6929589843749999 0.27255859375 0.6761816406250001
0 0.7140234375000001 0.3724609375 0.6951562499999999 0.3724609375 0.6951562499999999 0.390234375 0.7140234375000001 0.390234375 0.7140234375000001 0.3724609375
0 0.654296875 0.7205468749999999 0.5791015625 0.7205468749999999 0.5791015625 0.8038671875000001 0.654296875 0.8038671875000001 0.654296875 0.7205468749999999
0 0.527509765625 0.325673828125 0.515458984375 0.325673828125 0.515458984375 0.339365234375 0.527509765625 0.339365234375 0.527509765625 0.325673828125
0 0.684580078125 0.16044921875 0.669912109375 0.16044921875 0.669912109375 0.18185546875 0.684580078125 0.18185546875 0.684580078125 0.16044921875
0 0.613505859375 0.757646484375 0.594501953125 0.757646484375 0.594501953125 0.775556640625 0.613505859375 0.775556640625 0.613505859375 0.757646484375
0 0.6991503906250001 0.39181640624999997 0.6826855468749999 0.39181640624999997 0.6826855468749999 0.40556640625 0.6991503906250001 0.40556640625 0.6991503906250001 0.39181640624999997
0 0.6415332031250001 0.8278613281249999 0.6250683593749999 0.8278613281249999 0.6250683593749999 0.8518261718750001 0.6415332031250001 0.8518261718750001 0.6415332031250001 0.8278613281249999
0 0.39615234374999997 0.821748046875 0.38267578125 0.821748046875 0.38267578125 0.838408203125 0.39615234374999997 0.838408203125 0.39615234374999997 0.821748046875
0 0.1658984375 0.631455078125 0.15515625 0.631455078125 0.15515625 0.641982421875 0.1658984375 0.641982421875 0.1658984375 0.631455078125
0 0.5255761718749999 0.48028320312500006 0.5144628906250001 0.48028320312500006 0.5144628906250001 0.49334960937499994 0.5255761718749999 0.49334960937499994 0.5255761718749999 0.48028320312500006
0 0.61982421875 0.7238085937500001 0.60771484375 0.7238085937500001 0.60771484375 0.7361523437499999 0.61982421875 0.7361523437499999 0.61982421875 0.7238085937500001
0 0.34970703125 0.6607324218749999 0.33779296875 0.6607324218749999 0.33779296875 0.6712988281250001 0.34970703125 0.6712988281250001 0.34970703125 0.6607324218749999
0 0.44532226562500005 0.852646484375 0.43358398437499995 0.852646484375 0.43358398437499995 0.865126953125 0.44532226562500005 0.865126953125 0.44532226562500005 0.852646484375
0 0.82083984375 0.710791015625 0.80806640625 0.710791015625 0.80806640625 0.722802734375 0.82083984375 0.722802734375 0.82083984375 0.710791015625
0 0.288291015625 0.81107421875 0.278623046875 0.81107421875 0.278623046875 0.81978515625 0.288291015625 0.81978515625 0.288291015625 0.81107421875
2 0.158203125 0.77734375 0.21484375 0.8125 0.220703125 0.87890625 0.244140625 0.880859375 0.259765625 0.873046875 0.251953125 0.845703125 0.26171875 0.84375 0.41796875 0.9140625 0.4375 0.943359375 0.533203125 0.9609375 0.80078125 0.779296875 0.859375 0.708984375 0.896484375 0.61328125 0.89453125 0.556640625 0.865234375 0.494140625 0.814453125 0.41796875 0.8125 0.404296875 0.830078125 0.361328125 0.8203125 0.294921875 0.732421875 0.208984375 0.697265625 0.1640625 0.59375 0.07421875 0.533203125 0.001953125 0.5234375 0.00390625 0.5 0.0390625 0.458984375 0.078125 0.40625 0.1015625 0.375 0.125 0.296875 0.22265625 0.26171875 0.25390625 0.251953125 0.310546875 0.224609375 0.357421875 0.134765625 0.439453125 0.1171875 0.48046875 0.087890625 0.515625 0.07421875 0.552734375 0.07421875 0.646484375 0.087890625 0.69921875 0.107421875 0.73046875 0.158203125 0.77734375