10 0.35546875 0.421875 0.185546875 0.421875 0.185546875 0.505859375 0.35546875 0.505859375 0.35546875 0.421875
10 0.304375 0.38900390625000003 0.1382421875 0.38900390625000003 0.1382421875 0.5094335937500001 0.304375 0.5094335937500001 0.304375 0.38900390625000003
10 0.472548828125 0.38711914062499997 0.287724609375 0.38711914062499997 0.287724609375 0.495693359375 0.472548828125 0.495693359375 0.472548828125 0.38711914062499997
10 0.502822265625 0.5091894531250001 0.349248046875 0.5091894531250001 0.349248046875 0.6138574218749999 0.502822265625 0.6138574218749999 0.502822265625 0.5091894531250001
10 0.539189453125 0.36939453125 0.121943359375 0.36939453125 0.121943359375 0.61744140625 0.539189453125 0.61744140625 0.539189453125 0.36939453125
10 0.6901269531249999 0.3334375 0.5071386718750001 0.3334375 0.5071386718750001 0.5044531250000001 0.6901269531249999 0.5044531250000001 0.6901269531249999 0.3334375
10 0.703857421875 0.519775390625 0.488525390625 0.519775390625 0.488525390625 0.682373046875 0.703857421875 0.682373046875 0.703857421875 0.519775390625
10 0.70578125 0.254697265625 0.6340625 0.254697265625 0.6340625 0.334169921875 0.70578125 0.334169921875 0.70578125 0.254697265625
10 0.529423828125 0.51171875 0.164912109375 0.51171875 0.164912109375 0.7060546875 0.529423828125 0.7060546875 0.529423828125 0.51171875
10 0.599091796875 0.28779296875 0.500517578125 0.28779296875 0.500517578125 0.36701171875 0.599091796875 0.36701171875 0.599091796875 0.28779296875
10 0.761357421875 0.29796875 0.379267578125 0.29796875 0.379267578125 0.6619921875 0.761357421875 0.6619921875 0.761357421875 0.29796875
10 0.6041601562500001 0.20669921875 0.49251953125 0.20669921875 0.49251953125 0.29134765625000003 0.6041601562500001 0.29134765625000003 0.6041601562500001 0.20669921875
2 0.038921875 0.529494140625 0.09446875 0.569400390625 0.15175 0.621451171875 0.2159765625 0.6630917968750001 0.285408203125 0.7116718750000001 0.3669921875 0.727287109375 0.44163281249999997 0.7342265625 0.504123046875 0.7723984374999999 0.5909140625 0.820978515625 0.658611328125 0.8175078125 0.733251953125 0.749841796875 0.8078925781249999 0.65788671875 0.8721171875 0.585015625 0.918984375 0.5017343750000001 0.8825312500000001 0.45315429687500003 0.82177734375 0.36466796874999996 0.752345703125 0.274447265625 0.655138671875 0.182490234375 0.5614042968749999 0.170345703125 0.48329296875 0.2293359375 0.44163281249999997 0.24842187500000001 0.351369140625 0.26403710937499997 0.299294921875 0.3108828125 0.2350703125 0.3334375 0.143072265625 0.37507812500000004 0.0666953125 0.444478515625 0.009412109375 0.48264843749999997 0 0.48438476562500005 0.007677734375 0.517349609375 0.038921875 0.529494140625