10 0.47634765625000003 0.41058593749999994 0.34548828125000003 0.41058593749999994 0.34548828125000003 0.51734375 0.47634765625000003 0.51734375 0.47634765625000003 0.41058593749999994
10 0.48046875 0.41328125 0.3486328125 0.41328125 0.3486328125 0.5159374999999999 0.48046875 0.5159374999999999 0.48046875 0.41328125
10 0.85302734375 0.290341796875 0.56103515625 0.290341796875 0.56103515625 0.44012695312499994 0.85302734375 0.44012695312499994 0.85302734375 0.290341796875
10 0.838134765625 0.41815429687499994 0.626708984375 0.41815429687499994 0.626708984375 0.5740332031250001 0.838134765625 0.5740332031250001 0.838134765625 0.41815429687499994
10 0.432021484375 0.427607421875 0.22864257812500002 0.427607421875 0.22864257812500002 0.594853515625 0.432021484375 0.594853515625 0.432021484375 0.427607421875
10 0.589853515625 0.231689453125 0.381357421875 0.231689453125 0.381357421875 0.359130859375 0.589853515625 0.359130859375 0.589853515625 0.231689453125
10 0.261123046875 0.44024414062500006 0.123173828125 0.44024414062500006 0.123173828125 0.6828027343749999 0.261123046875 0.6828027343749999 0.261123046875 0.44024414062500006
10 0.53927734375 0.5388769531250001 0.46462890625000003 0.5388769531250001 0.46462890625000003 0.6144433593749999 0.53927734375 0.6144433593749999 0.53927734375 0.5388769531250001
10 0.391494140625 0.41525390624999997 0.383427734375 0.41525390624999997 0.383427734375 0.42263671875000003 0.391494140625 0.42263671875000003 0.391494140625 0.41525390624999997
10 0.284287109375 0.373876953125 0.25430664062499997 0.373876953125 0.25430664062499997 0.40397460937499996 0.284287109375 0.40397460937499996 0.284287109375 0.373876953125
10 0.698974609375 0.48546875 0.430908203125 0.48546875 0.430908203125 0.67859375 0.698974609375 0.67859375 0.698974609375 0.48546875
10 0.3472265625 0.606904296875 0.3290625 0.606904296875 0.3290625 0.624541015625 0.3472265625 0.624541015625 0.3472265625 0.606904296875
10 0.46258789062499994 0.6739453125 0.380185546875 0.6739453125 0.380185546875 0.7479296875 0.46258789062499994 0.7479296875 0.46258789062499994 0.6739453125
10 0.548857421875 0.42530273437500005 0.46676757812499997 0.42530273437500005 0.46676757812499997 0.502939453125 0.548857421875 0.502939453125 0.548857421875 0.42530273437500005
10 0.679169921875 0.475947265625 0.576689453125 0.475947265625 0.576689453125 0.553349609375 0.679169921875 0.553349609375 0.679169921875 0.475947265625
10 0.43453125000000004 0.434453125 0.40679687500000006 0.434453125 0.40679687500000006 0.4630078125 0.43453125000000004 0.4630078125 0.43453125000000004 0.434453125
10 0.218505859375 0.631787109375 0.176025390625 0.631787109375 0.176025390625 0.679736328125 0.218505859375 0.679736328125 0.218505859375 0.631787109375
10 0.45552734375000004 0.715595703125 0.40142578125000006 0.715595703125 0.40142578125000006 0.768779296875 0.45552734375000004 0.768779296875 0.45552734375000004 0.715595703125
10 0.622314453125 0.263740234375 0.577880859375 0.263740234375 0.577880859375 0.296337890625 0.622314453125 0.296337890625 0.622314453125 0.263740234375
10 0.45873046874999995 0.770166015625 0.43384765625000005 0.770166015625 0.43384765625000005 0.793310546875 0.45873046874999995 0.793310546875 0.45873046874999995 0.770166015625
10 0.7229589843750001 0.614091796875 0.7077050781249999 0.614091796875 0.7077050781249999 0.628095703125 0.7229589843750001 0.628095703125 0.7229589843750001 0.614091796875
10 0.9703417968749999 0.35669921875 0.8109082031250001 0.35669921875 0.8109082031250001 0.48365234375000005 0.9703417968749999 0.48365234375000005 0.9703417968749999 0.35669921875
10 0.6643652343750001 0.305546875 0.49872070312499994 0.305546875 0.49872070312499994 0.443984375 0.6643652343750001 0.443984375 0.6643652343750001 0.305546875
10 0.674560546875 0.20934570312499998 0.135986328125 0.20934570312499998 0.135986328125 0.442021484375 0.674560546875 0.442021484375 0.674560546875 0.20934570312499998
2 0.158203125 0.748046875 0.208984375 0.794921875 0.236328125 0.806640625 0.26953125 0.80859375 0.369140625 0.8046875 0.4765625 0.787109375 0.541015625 0.759765625 0.591796875 0.724609375 0.70703125 0.677734375 0.736328125 0.654296875 0.755859375 0.623046875 0.798828125 0.587890625 0.8359375 0.5390625 0.966796875 0.404296875 0.890625 0.373046875 0.82421875 0.322265625 0.7265625 0.27734375 0.65625 0.232421875 0.5703125 0.21875 0.52734375 0.203125 0.490234375 0.203125 0.353515625 0.21484375 0.27734375 0.236328125 0.2109375 0.265625 0.150390625 0.3203125 0.126953125 0.369140625 0.134765625 0.400390625 0.1171875 0.4140625 0.111328125 0.5 0.115234375 0.611328125 0.142578125 0.720703125 0.158203125 0.748046875