0 0.426005859375 0.540791015625 0.34114257812500004 0.540791015625 0.34114257812500004 0.6405371093750001 0.426005859375 0.6405371093750001 0.426005859375 0.540791015625
0 0.4194140625 0.519990234375 0.3476953125 0.519990234375 0.3476953125 0.617705078125 0.4194140625 0.617705078125 0.4194140625 0.519990234375
0 0.49349609375 0.6389453125 0.42740234375 0.6389453125 0.42740234375 0.707734375 0.49349609375 0.707734375 0.49349609375 0.6389453125
0 0.568408203125 0.505615234375 0.516552734375 0.505615234375 0.516552734375 0.549072265625 0.568408203125 0.549072265625 0.568408203125 0.505615234375
0 0.65080078125 0.5646386718749999 0.60896484375 0.5646386718749999 0.60896484375 0.6101660156250001 0.65080078125 0.6101660156250001 0.65080078125 0.5646386718749999
0 0.45084960937499996 0.23386718750000002 0.410986328125 0.23386718750000002 0.410986328125 0.29984375 0.45084960937499996 0.29984375 0.45084960937499996 0.23386718750000002
0 0.38620117187499997 0.5563378906249999 0.35012695312500003 0.5563378906249999 0.35012695312500003 0.5950292968750001 0.38620117187499997 0.5950292968750001 0.38620117187499997 0.5563378906249999
0 0.391728515625 0.5218359375 0.349482421875 0.5218359375 0.349482421875 0.5699609375 0.391728515625 0.5699609375 0.391728515625 0.5218359375
0 0.6202734375000001 0.30485351562499996 0.5545312499999999 0.30485351562499996 0.5545312499999999 0.372412109375 0.6202734375000001 0.372412109375 0.6202734375000001 0.30485351562499996
0 0.5067675781250001 0.62546875 0.489326171875 0.62546875 0.489326171875 0.6469921875 0.5067675781250001 0.6469921875 0.5067675781250001 0.62546875
0 0.5470703125 0.166982421875 0.528125 0.166982421875 0.528125 0.188017578125 0.5470703125 0.188017578125 0.5470703125 0.166982421875
0 0.6299609375 0.57646484375 0.6102734375 0.57646484375 0.6102734375 0.60322265625 0.6299609375 0.60322265625 0.6299609375 0.57646484375
0 0.579541015625 0.34056640625 0.564990234375 0.34056640625 0.564990234375 0.35916015625000003 0.579541015625 0.35916015625000003 0.579541015625 0.34056640625
0 0.478154296875 0.8034472656249999 0.458876953125 0.8034472656249999 0.458876953125 0.8235058593750001 0.478154296875 0.8235058593750001 0.478154296875 0.8034472656249999
0 0.39166015625 0.758779296875 0.37787109375 0.758779296875 0.37787109375 0.773447265625 0.39166015625 0.773447265625 0.39166015625 0.758779296875
0 0.38564453125 0.59837890625 0.36435546875 0.59837890625 0.36435546875 0.61939453125 0.38564453125 0.61939453125 0.38564453125 0.59837890625
0 0.537470703125 0.37405273437500003 0.522099609375 0.37405273437500003 0.522099609375 0.388173828125 0.537470703125 0.388173828125 0.537470703125 0.37405273437500003
0 0.546748046875 0.582509765625 0.530400390625 0.582509765625 0.530400390625 0.597177734375 0.546748046875 0.597177734375 0.546748046875 0.582509765625
0 0.522568359375 0.8520312499999999 0.506728515625 0.8520312499999999 0.506728515625 0.8676953125000001 0.522568359375 0.8676953125000001 0.522568359375 0.8520312499999999
0 0.5097265625 0.45389648437499996 0.49027343749999996 0.45389648437499996 0.49027343749999996 0.47188476562500004 0.5097265625 0.47188476562500004 0.5097265625 0.45389648437499996
0 0.45799804687499995 0.7686230468749999 0.44239257812500005 0.7686230468749999 0.44239257812500005 0.7860644531250001 0.45799804687499995 0.7860644531250001 0.45799804687499995 0.7686230468749999
0 0.48369140625 0.35767578125 0.47091796874999997 0.35767578125 0.47091796874999997 0.37083984375 0.48369140625 0.37083984375 0.48369140625 0.35767578125
0 0.5357324218749999 0.336630859375 0.5228613281250001 0.336630859375 0.5228613281250001 0.348916015625 0.5357324218749999 0.348916015625 0.5357324218749999 0.336630859375
0 0.5958984375 0.324443359375 0.5671875 0.324443359375 0.5671875 0.354267578125 0.5958984375 0.354267578125 0.5958984375 0.324443359375
0 0.58271484375 0.45341796875 0.56669921875 0.45341796875 0.56669921875 0.46994140624999997 0.58271484375 0.46994140624999997 0.58271484375 0.45341796875
0 0.5690039062500001 0.81783203125 0.5540429687499999 0.81783203125 0.5540429687499999 0.83060546875 0.5690039062500001 0.83060546875 0.5690039062500001 0.81783203125
0 0.42568359375 0.5297167968750001 0.41025390625 0.5297167968750001 0.41025390625 0.5445019531249999 0.42568359375 0.5445019531249999 0.42568359375 0.5297167968750001
0 0.5271484375 0.095595703125 0.5138671875 0.095595703125 0.5138671875 0.11155273437499999 0.5271484375 0.11155273437499999 0.5271484375 0.095595703125
2 0.333984375 0.818359375 0.4375 0.91015625 0.46875 0.923828125 0.54296875 0.916015625 0.603515625 0.880859375 0.65234375 0.8359375 0.666015625 0.8046875 0.666015625 0.751953125 0.658203125 0.72265625 0.658203125 0.44140625 0.638671875 0.30078125 0.576171875 0.142578125 0.525390625 0.037109375 0.517578125 0.0390625 0.494140625 0.12109375 0.44140625 0.193359375 0.4140625 0.28125 0.38671875 0.33984375 0.330078125 0.693359375 0.30859375 0.75390625 0.310546875 0.783203125 0.333984375 0.818359375