10 0.717626953125 0.766484375 0.621083984375 0.766484375 0.621083984375 0.8626171875 0.717626953125 0.8626171875 0.717626953125 0.766484375
10 0.5809375 0.63748046875 0.483515625 0.63748046875 0.483515625 0.74142578125 0.5809375 0.74142578125 0.5809375 0.63748046875
10 0.39744140625 0.8697070312499999 0.35990234375 0.8697070312499999 0.35990234375 0.9252148437500001 0.39744140625 0.9252148437500001 0.39744140625 0.8697070312499999
10 0.5203125 0.7985253906249999 0.458203125 0.7985253906249999 0.458203125 0.8626074218750001 0.5203125 0.8626074218750001 0.5203125 0.7985253906249999
10 0.615556640625 0.39802734375000004 0.580732421875 0.39802734375000004 0.580732421875 0.43302734374999996 0.615556640625 0.43302734374999996 0.615556640625 0.39802734375000004
10 0.560986328125 0.536328125 0.506396484375 0.536328125 0.506396484375 0.5876953125 0.560986328125 0.5876953125 0.560986328125 0.536328125
10 0.751728515625 0.319462890625 0.716044921875 0.319462890625 0.716044921875 0.353896484375 0.751728515625 0.353896484375 0.751728515625 0.319462890625
10 0.6710839843749999 0.497578125 0.6453222656250001 0.497578125 0.6453222656250001 0.521953125 0.6710839843749999 0.521953125 0.6710839843749999 0.497578125
10 0.67041015625 0.40838867187499994 0.58349609375 0.40838867187499994 0.58349609375 0.48223632812500006 0.67041015625 0.48223632812500006 0.67041015625 0.40838867187499994
10 0.551533203125 0.8875 0.515849609375 0.8875 0.515849609375 0.930859375 0.551533203125 0.930859375 0.551533203125 0.8875
10 0.6755859375 0.670146484375 0.6388671875 0.670146484375 0.6388671875 0.708759765625 0.6755859375 0.708759765625 0.6755859375 0.670146484375
10 0.37240234375000003 0.46548828125 0.34341796874999997 0.46548828125 0.34341796874999997 0.49447265625 0.37240234375000003 0.49447265625 0.37240234375000003 0.46548828125
10 0.488154296875 0.557099609375 0.433251953125 0.557099609375 0.433251953125 0.643095703125 0.488154296875 0.643095703125 0.488154296875 0.557099609375
10 0.6294140625 0.346318359375 0.607890625 0.346318359375 0.607890625 0.370009765625 0.6294140625 0.370009765625 0.6294140625 0.346318359375
10 0.6346777343750001 0.233955078125 0.6016503906249999 0.233955078125 0.6016503906249999 0.25846679687499996 0.6346777343750001 0.25846679687499996 0.6346777343750001 0.233955078125
10 0.670400390625 0.211513671875 0.646982421875 0.211513671875 0.646982421875 0.230634765625 0.670400390625 0.230634765625 0.670400390625 0.211513671875
10 0.6665234375 0.348564453125 0.645 0.348564453125 0.645 0.369208984375 0.6665234375 0.369208984375 0.6665234375 0.348564453125
10 0.4890625 0.9465136718749999 0.462109375 0.9465136718749999 0.462109375 0.9773144531250001 0.4890625 0.9773144531250001 0.4890625 0.9465136718749999
10 0.697861328125 0.48578124999999994 0.661513671875 0.48578124999999994 0.661513671875 0.5210546875000001 0.697861328125 0.5210546875000001 0.697861328125 0.48578124999999994
10 0.657109375 0.833056640625 0.63 0.833056640625 0.63 0.864208984375 0.657109375 0.864208984375 0.657109375 0.833056640625
10 0.391318359375 0.602001953125 0.360166015625 0.602001953125 0.360166015625 0.639208984375 0.391318359375 0.639208984375 0.391318359375 0.602001953125
10 0.35447265625 0.30890625 0.31791015625 0.30890625 0.31791015625 0.3419921875 0.35447265625 0.3419921875 0.35447265625 0.30890625
10 0.483779296875 0.280048828125 0.457158203125 0.280048828125 0.457158203125 0.310771484375 0.483779296875 0.310771484375 0.483779296875 0.280048828125
10 0.747314453125 0.588251953125 0.720458984375 0.588251953125 0.720458984375 0.622685546875 0.747314453125 0.622685546875 0.747314453125 0.588251953125
10 0.7025683593750001 0.774912109375 0.6890332031249999 0.774912109375 0.6890332031249999 0.791494140625 0.7025683593750001 0.791494140625 0.7025683593750001 0.774912109375
10 0.3478515625 0.741962890625 0.326953125 0.741962890625 0.326953125 0.768779296875 0.3478515625 0.768779296875 0.3478515625 0.741962890625
10 0.60302734375 0.746123046875 0.54931640625 0.746123046875 0.54931640625 0.801728515625 0.60302734375 0.801728515625 0.60302734375 0.746123046875
10 0.685087890625 0.415791015625 0.676240234375 0.415791015625 0.676240234375 0.426005859375 0.685087890625 0.426005859375 0.685087890625 0.415791015625
10 0.532705078125 0.7863671875 0.524912109375 0.7863671875 0.524912109375 0.7956640625 0.532705078125 0.7956640625 0.532705078125 0.7863671875
10 0.438232421875 0.64796875 0.409423828125 0.64796875 0.409423828125 0.6772265625 0.438232421875 0.6772265625 0.438232421875 0.64796875
10 0.631220703125 0.731806640625 0.605107421875 0.731806640625 0.605107421875 0.759404296875 0.631220703125 0.759404296875 0.631220703125 0.731806640625
10 0.7612109375 0.7574804687500001 0.7524609375 0.7574804687500001 0.7524609375 0.7669335937499999 0.7612109375 0.7669335937499999 0.7612109375 0.7574804687500001
10 0.5767285156249999 0.244638671875 0.5590136718750001 0.244638671875 0.5590136718750001 0.260244140625 0.5767285156249999 0.260244140625 0.5767285156249999 0.244638671875
10 0.6815527343750001 0.23474609375000002 0.6612207031249999 0.23474609375000002 0.6612207031249999 0.25279296875 0.6815527343750001 0.25279296875 0.6815527343750001 0.23474609375000002
10 0.5053027343750001 0.9485742187499999 0.476650390625 0.9485742187499999 0.476650390625 0.9801367187500001 0.5053027343750001 0.9801367187500001 0.5053027343750001 0.9485742187499999
10 0.8255859375 0.369892578125 0.808203125 0.369892578125 0.808203125 0.386943359375 0.8255859375 0.386943359375 0.8255859375 0.369892578125
2 0.3515625 0.9609375 0.376953125 0.98046875 0.388671875 0.978515625 0.412109375 0.994140625 0.453125 0.994140625 0.498046875 0.97265625 0.5859375 0.921875 0.70703125 0.865234375 0.80078125 0.794921875 0.841796875 0.744140625 0.890625 0.509765625 0.873046875 0.44921875 0.875 0.412109375 0.865234375 0.375 0.736328125 0.24609375 0.669921875 0.208984375 0.6419277343750001 0.182943359375 0.4765625 0.005859375 0.345703125 0.12109375 0.3046875 0.19140625 0.29296875 0.294921875 0.24609375 0.4609375 0.236328125 0.669921875 0.251953125 0.76953125 0.3125 0.904296875 0.3515625 0.9609375