0 0.540576171875 0.252158203125 0.449658203125 0.252158203125 0.449658203125 0.336904296875 0.540576171875 0.336904296875 0.540576171875 0.252158203125
0 0.534765625 0.252236328125 0.45988281249999996 0.252236328125 0.45988281249999996 0.331279296875 0.534765625 0.331279296875 0.534765625 0.252236328125
0 0.232998046875 0.315625 0.131259765625 0.315625 0.131259765625 0.41046875 0.232998046875 0.41046875 0.232998046875 0.315625
0 0.605009765625 0.49151367187500006 0.549287109375 0.49151367187500006 0.549287109375 0.5534082031249999 0.605009765625 0.5534082031249999 0.605009765625 0.49151367187500006
0 0.397158203125 0.184501953125 0.37288085937500004 0.184501953125 0.37288085937500004 0.213701171875 0.397158203125 0.213701171875 0.397158203125 0.184501953125
0 0.29891601562500003 0.809677734375 0.258232421875 0.809677734375 0.258232421875 0.843642578125 0.29891601562500003 0.843642578125 0.29891601562500003 0.809677734375
0 0.546171875 0.5585058593750001 0.49874999999999997 0.5585058593750001 0.49874999999999997 0.6065332031249999 0.546171875 0.6065332031249999 0.546171875 0.5585058593750001
0 0.160703125 0.56935546875 0.118125 0.56935546875 0.118125 0.61033203125 0.160703125 0.61033203125 0.160703125 0.56935546875
0 0.126962890625 0.640087890625 0.077646484375 0.640087890625 0.077646484375 0.677294921875 0.126962890625 0.677294921875 0.126962890625 0.640087890625
0 0.32365234374999996 0.5243554687499999 0.28474609375000004 0.5243554687499999 0.28474609375000004 0.5596289062500001 0.32365234374999996 0.5596289062500001 0.32365234374999996 0.5243554687499999
0 0.515087890625 0.04244140625 0.466865234375 0.04244140625 0.466865234375 0.13076171875 0.515087890625 0.13076171875 0.515087890625 0.04244140625
0 0.078115234375 0.675263671875 0.033525390625 0.675263671875 0.033525390625 0.715361328125 0.078115234375 0.715361328125 0.078115234375 0.675263671875
0 0.381044921875 0.933583984375 0.36555664062500004 0.933583984375 0.36555664062500004 0.954111328125 0.381044921875 0.954111328125 0.381044921875 0.933583984375
0 0.6485253906249999 0.231845703125 0.6063574218750001 0.231845703125 0.6063574218750001 0.27401367187500003 0.6485253906249999 0.27401367187500003 0.6485253906249999 0.231845703125
0 0.289912109375 0.17283203125 0.252587890625 0.17283203125 0.252587890625 0.21216796875 0.289912109375 0.21216796875 0.289912109375 0.17283203125
0 0.362431640625 0.332861328125 0.332880859375 0.332861328125 0.332880859375 0.357568359375 0.362431640625 0.357568359375 0.362431640625 0.332861328125
0 0.6490136718749999 0.42240234374999996 0.6185644531250001 0.42240234374999996 0.6185644531250001 0.46189453125 0.6490136718749999 0.46189453125 0.6490136718749999 0.42240234374999996
0 0.07400390625 0.76798828125 0.03560546875 0.76798828125 0.03560546875 0.8052539062499999 0.07400390625 0.8052539062499999 0.07400390625 0.76798828125
0 0.43948242187500003 0.32266601562499997 0.41356445312499995 0.32266601562499997 0.41356445312499995 0.345810546875 0.43948242187500003 0.345810546875 0.43948242187500003 0.32266601562499997
0 0.264765625 0.338193359375 0.23449218749999998 0.338193359375 0.23449218749999998 0.369814453125 0.264765625 0.369814453125 0.264765625 0.338193359375
0 0.14310546875000002 0.699443359375 0.10810546875 0.699443359375 0.10810546875 0.730244140625 0.14310546875000002 0.730244140625 0.14310546875000002 0.699443359375
0 0.183955078125 0.847138671875 0.146357421875 0.847138671875 0.146357421875 0.877470703125 0.183955078125 0.877470703125 0.183955078125 0.847138671875
0 0.420498046875 0.377373046875 0.37247070312499997 0.377373046875 0.37247070312499997 0.418056640625 0.420498046875 0.418056640625 0.420498046875 0.377373046875
0 0.622998046875 0.4604296875 0.602587890625 0.4604296875 0.602587890625 0.48 0.622998046875 0.48 0.622998046875 0.4604296875
0 0.24796875 0.496943359375 0.21640625 0.496943359375 0.21640625 0.523564453125 0.24796875 0.523564453125 0.24796875 0.496943359375
0 0.52275390625 0.373779296875 0.49775390625 0.373779296875 0.49775390625 0.398212890625 0.52275390625 0.398212890625 0.52275390625 0.373779296875
0 0.708876953125 0.38501953125 0.683701171875 0.38501953125 0.683701171875 0.40892578124999995 0.708876953125 0.40892578124999995 0.708876953125 0.38501953125
0 0.524697265625 0.158564453125 0.500693359375 0.158564453125 0.500693359375 0.185185546875 0.524697265625 0.185185546875 0.524697265625 0.158564453125
0 0.383037109375 0.268173828125 0.353291015625 0.268173828125 0.353291015625 0.296279296875 0.383037109375 0.296279296875 0.383037109375 0.268173828125
0 0.23425781250000002 0.431865234375 0.198359375 0.431865234375 0.198359375 0.47196289062499996 0.23425781250000002 0.47196289062499996 0.23425781250000002 0.431865234375
0 0.36282226562500003 0.29489257812499997 0.32272460937499997 0.29489257812499997 0.32272460937499997 0.33401367187500003 0.36282226562500003 0.33401367187500003 0.36282226562500003 0.29489257812499997
0 0.172548828125 0.6581152343750001 0.15608398437499998 0.6581152343750001 0.15608398437499998 0.6748925781249999 0.172548828125 0.6748925781249999 0.172548828125 0.6581152343750001
0 0.7275976562500001 0.73201171875 0.6962304687499999 0.73201171875 0.6962304687499999 0.76115234375 0.7275976562500001 0.76115234375 0.7275976562500001 0.73201171875
0 0.1692578125 0.63341796875 0.025820312499999998 0.63341796875 0.025820312499999998 0.77380859375 0.1692578125 0.77380859375 0.1692578125 0.63341796875
0 0.44917968750000004 0.117587890625 0.42046875000000006 0.117587890625 0.42046875000000006 0.149990234375 0.44917968750000004 0.149990234375 0.44917968750000004 0.117587890625
0 0.8432031249999999 0.447109375 0.7691015625000001 0.447109375 0.7691015625000001 0.5607031250000001 0.8432031249999999 0.5607031250000001 0.8432031249999999 0.447109375
0 0.9214453125000001 0.8183007812499999 0.7641015624999999 0.8183007812499999 0.7641015624999999 0.9649023437500001 0.9214453125000001 0.9649023437500001 0.9214453125000001 0.8183007812499999
0 0.7830468749999999 0.51345703125 0.7374609375000001 0.51345703125 0.7374609375000001 0.56857421875 0.7830468749999999 0.56857421875 0.7830468749999999 0.51345703125
0 0.722294921875 0.46807617187500006 0.590205078125 0.46807617187500006 0.590205078125 0.6178613281249999 0.722294921875 0.6178613281249999 0.722294921875 0.46807617187500006
0 0.31583007812499997 0.6292187499999999 0.28573242187500003 0.6292187499999999 0.28573242187500003 0.6588671875000001 0.31583007812499997 0.6588671875000001 0.31583007812499997 0.6292187499999999
0 0.5823339843750001 0.539423828125 0.45770507812499994 0.539423828125 0.45770507812499994 0.680302734375 0.5823339843750001 0.680302734375 0.5823339843750001 0.539423828125
0 0.6012597656249999 0.014775390625 0.45342773437500006 0.014775390625 0.45342773437500006 0.267216796875 0.6012597656249999 0.267216796875 0.6012597656249999 0.014775390625
0 0.6607324218749999 0.526806640625 0.6420019531250001 0.526806640625 0.6420019531250001 0.545458984375 0.6607324218749999 0.545458984375 0.6607324218749999 0.526806640625
0 0.62296875 0.902763671875 0.5948046875 0.902763671875 0.5948046875 0.929267578125 0.62296875 0.929267578125 0.62296875 0.902763671875
0 0.48095703125 0.18873046875 0.34130859375 0.18873046875 0.34130859375 0.39185546875 0.48095703125 0.39185546875 0.48095703125 0.18873046875
0 0.257802734375 0.260869140625 0.235595703125 0.260869140625 0.235595703125 0.282607421875 0.257802734375 0.282607421875 0.257802734375 0.260869140625
0 0.544599609375 0.2189453125 0.523759765625 0.2189453125 0.523759765625 0.237109375 0.544599609375 0.237109375 0.544599609375 0.2189453125
0 0.37681640625 0.10448242187500001 0.35267578125 0.10448242187500001 0.35267578125 0.129423828125 0.37681640625 0.129423828125 0.37681640625 0.10448242187500001
0 0.78318359375 0.531962890625 0.76369140625 0.531962890625 0.76369140625 0.557880859375 0.78318359375 0.557880859375 0.78318359375 0.531962890625
2 0.443359375 0 0.396484375 0.06640625 0.33984375 0.123046875 0.2578125 0.1875 0.171875 0.3125 0.15625 0.3515625 0.109375 0.40625 0.046875 0.529296875 0.025390625 0.55078125 0.00390625 0.591796875 0 0.791015625 0.0234375 0.810546875 0.017578125 0.85546875 0.08203125 0.904296875 0.1015625 0.927734375 0.234375 0.984375 0.23828125 0.9921875 0.275390625 0.998046875 0.466796875 0.998046875 0.52734375 0.974609375 0.5859375 0.94140625 0.599609375 0.919921875 0.751953125 0.84765625 0.810546875 0.794921875 0.830078125 0.767578125 0.830078125 0.70703125 0.80078125 0.55859375 0.6953125 0.322265625 0.677734375 0.263671875 0.607421875 0.140625 0.53125 0.068359375 0.501953125 0 0.443359375 0