10 0.157421875 0.3476953125 0.0718359375 0.3476953125 0.0718359375 0.4695703125 0.157421875 0.4695703125 0.157421875 0.3476953125
10 0.15267578125 0.403662109375 0.039707031250000004 0.403662109375 0.039707031250000004 0.48649414062499996 0.15267578125 0.48649414062499996 0.15267578125 0.403662109375
10 0.220224609375 0.32375976562500003 0.061767578125 0.32375976562500003 0.061767578125 0.42428710937499997 0.220224609375 0.42428710937499997 0.220224609375 0.32375976562500003
10 0.37134765625 0.43121093750000006 0.11158203124999999 0.43121093750000006 0.11158203124999999 0.5746484374999999 0.37134765625 0.5746484374999999 0.37134765625 0.43121093750000006
10 0.052988281250000005 0.011689453125 0.00248046875 0.011689453125 0.00248046875 0.08713867187499999 0.052988281250000005 0.08713867187499999 0.052988281250000005 0.011689453125
10 0.7517675781250001 0.43705078124999996 0.6076074218749999 0.43705078124999996 0.6076074218749999 0.53123046875 0.7517675781250001 0.53123046875 0.7517675781250001 0.43705078124999996
10 0.37704101562500003 0.395361328125 0.27237304687499997 0.395361328125 0.27237304687499997 0.46842773437499996 0.37704101562500003 0.46842773437499996 0.37704101562500003 0.395361328125
10 0.10265625 0.0933203125 0.00140625 0.0933203125 0.00140625 0.2682421875 0.10265625 0.2682421875 0.10265625 0.0933203125
10 0.5619531249999999 0.420634765625 0.348203125 0.420634765625 0.348203125 0.527138671875 0.5619531249999999 0.527138671875 0.5619531249999999 0.420634765625
10 0.3059765625 0.3012109375 0.16328125 0.3012109375 0.16328125 0.395078125 0.3059765625 0.395078125 0.3059765625 0.3012109375
10 0.24489257812499998 0.514208984375 0.22311523437499997 0.514208984375 0.22311523437499997 0.536572265625 0.24489257812499998 0.536572265625 0.24489257812499998 0.514208984375
10 0.43330078125 0.3380078125 0.19220703125 0.3380078125 0.19220703125 0.532109375 0.43330078125 0.532109375 0.43330078125 0.3380078125
10 0.091611328125 0.422001953125 0.06940429687500001 0.422001953125 0.06940429687500001 0.440810546875 0.091611328125 0.440810546875 0.091611328125 0.422001953125
10 0.6109960937500001 0.40554687500000003 0.5149804687499999 0.40554687500000003 0.5149804687499999 0.44652343749999995 0.6109960937500001 0.44652343749999995 0.6109960937500001 0.40554687500000003
10 0.6309179687500001 0.460791015625 0.6200585937499999 0.460791015625 0.6200585937499999 0.47135742187499996 0.6309179687500001 0.47135742187499996 0.6309179687500001 0.460791015625
10 0.11809570312499999 0.022978515625 0.107138671875 0.022978515625 0.107138671875 0.033154296875 0.11809570312499999 0.033154296875 0.11809570312499999 0.022978515625
10 0.141484375 0.00626953125 0.09812499999999999 0.00626953125 0.09812499999999999 0.04439453125 0.141484375 0.04439453125 0.141484375 0.00626953125
10 0.42388671875000006 0.5797753906249999 0.41302734374999994 0.5797753906249999 0.41302734374999994 0.5901464843750001 0.42388671875000006 0.5901464843750001 0.42388671875000006 0.5797753906249999
10 0.14090820312500002 0.075986328125 0.032685546875 0.075986328125 0.032685546875 0.161552734375 0.14090820312500002 0.161552734375 0.14090820312500002 0.075986328125
10 0.028583984375 0.30900390624999996 0.010478515625 0.30900390624999996 0.010478515625 0.33115234375 0.028583984375 0.33115234375 0.028583984375 0.30900390624999996
10 0.35037109375000003 0.5604589843750001 0.28732421874999997 0.5604589843750001 0.28732421874999997 0.5889550781249999 0.35037109375000003 0.5889550781249999 0.35037109375000003 0.5604589843750001
10 0.981201171875 0.413486328125 0.911376953125 0.413486328125 0.911376953125 0.447841796875 0.981201171875 0.447841796875 0.981201171875 0.413486328125
10 0.30728515624999997 0.312236328125 0.29185546875 0.312236328125 0.29185546875 0.324482421875 0.30728515624999997 0.324482421875 0.30728515624999997 0.312236328125
10 0.68501953125 0.381279296875 0.67142578125 0.381279296875 0.67142578125 0.394111328125 0.68501953125 0.394111328125 0.68501953125 0.381279296875
10 0.040292968750000005 0.098505859375 0.004121093750000001 0.098505859375 0.004121093750000001 0.130986328125 0.040292968750000005 0.130986328125 0.040292968750000005 0.098505859375
2 0.091796875 0.560546875 0.12890625 0.578125 0.205078125 0.576171875 0.265625 0.58984375 0.390625 0.595703125 0.5703125 0.591796875 0.58203125 0.587890625 0.591796875 0.5703125 0.6171875 0.560546875 0.62890625 0.564453125 0.640625 0.58203125 0.658203125 0.583984375 0.771484375 0.548828125 0.95703125 0.4609375 0.998046875 0.44921875 0.998046875 0.423828125 0.900390625 0.40234375 0.708984375 0.318359375 0.583984375 0.28515625 0.47265625 0.26953125 0.2109375 0.283203125 0.134765625 0.296875 0.09765625 0.3125 0.046875 0.3515625 0.033203125 0.384765625 0.03515625 0.427734375 0.046875 0.466796875 0.068359375 0.529296875 0.091796875 0.560546875