0 0.426005859375 0.6276171875000001 0.36067382812500004 0.6276171875000001 0.36067382812500004 0.6787109375 0.426005859375 0.6787109375 0.426005859375 0.6276171875000001
0 0.41429687499999995 0.34518554687499997 0.38308593750000003 0.34518554687499997 0.38308593750000003 0.37551757812500003 0.41429687499999995 0.37551757812500003 0.41429687499999995 0.34518554687499997
0 0.5448046875 0.5586523437500001 0.5128125 0.5586523437500001 0.5128125 0.5888085937499999 0.5448046875 0.5888085937499999 0.5448046875 0.5586523437500001
0 0.6422753906249999 0.55517578125 0.5940527343750001 0.55517578125 0.5940527343750001 0.60986328125 0.6422753906249999 0.60986328125 0.6422753906249999 0.55517578125
0 0.22569335937499999 0.5976953125 0.198876953125 0.5976953125 0.198876953125 0.62203125 0.22569335937499999 0.62203125 0.22569335937499999 0.5976953125
0 0.35848632812500003 0.41092773437499996 0.33584960937499997 0.41092773437499996 0.33584960937499997 0.43086914062500004 0.35848632812500003 0.43086914062500004 0.35848632812500003 0.41092773437499996
0 0.404921875 0.47400390625 0.3807421875 0.47400390625 0.3807421875 0.50111328125 0.404921875 0.50111328125 0.404921875 0.47400390625
0 0.357890625 0.75166015625 0.321328125 0.75166015625 0.321328125 0.78935546875 0.357890625 0.78935546875 0.357890625 0.75166015625
0 0.223623046875 0.556875 0.189970703125 0.556875 0.189970703125 0.5847265625 0.223623046875 0.5847265625 0.223623046875 0.556875
0 0.627158203125 0.614892578125 0.606240234375 0.614892578125 0.606240234375 0.638037109375 0.627158203125 0.638037109375 0.627158203125 0.614892578125
0 0.19251953125000001 0.2951171875 0.16541015625 0.2951171875 0.16541015625 0.3220703125 0.19251953125000001 0.3220703125 0.19251953125000001 0.2951171875
0 0.29391601562499997 0.310361328125 0.27053710937500003 0.310361328125 0.27053710937500003 0.332724609375 0.29391601562499997 0.332724609375 0.29391601562499997 0.310361328125
0 0.41962890625 0.8479785156249999 0.39189453125 0.8479785156249999 0.39189453125 0.8815136718750001 0.41962890625 0.8815136718750001 0.41962890625 0.8479785156249999
0 0.44745117187499994 0.718974609375 0.42512695312500004 0.718974609375 0.42512695312500004 0.743916015625 0.44745117187499994 0.743916015625 0.44745117187499994 0.718974609375
0 0.325810546875 0.394189453125 0.303095703125 0.394189453125 0.303095703125 0.416865234375 0.325810546875 0.416865234375 0.325810546875 0.394189453125
0 0.19005859375 0.6182519531249999 0.16443359375 0.6182519531249999 0.16443359375 0.6444433593750001 0.19005859375 0.6444433593750001 0.19005859375 0.6182519531249999
0 0.568193359375 0.3306640625 0.525556640625 0.3306640625 0.525556640625 0.37199218749999996 0.568193359375 0.37199218749999996 0.568193359375 0.3306640625
0 0.29934570312500003 0.8435644531250001 0.265615234375 0.8435644531250001 0.265615234375 0.8829980468749999 0.29934570312500003 0.8829980468749999 0.29934570312500003 0.8435644531250001
0 0.27628906249999996 0.5366015625 0.2505859375 0.5366015625 0.2505859375 0.5591015625 0.27628906249999996 0.5591015625 0.27628906249999996 0.5366015625
0 0.239453125 0.715927734375 0.201484375 0.715927734375 0.201484375 0.757705078125 0.239453125 0.757705078125 0.239453125 0.715927734375
0 0.668896484375 0.575712890625 0.640673828125 0.575712890625 0.640673828125 0.599091796875 0.668896484375 0.599091796875 0.668896484375 0.575712890625
0 0.5220410156249999 0.48307617187499996 0.471630859375 0.48307617187499996 0.471630859375 0.543291015625 0.5220410156249999 0.543291015625 0.5220410156249999 0.48307617187499996
0 0.57763671875 0.48384765625000004 0.54345703125 0.48384765625000004 0.54345703125 0.50638671875 0.57763671875 0.50638671875 0.57763671875 0.48384765625000004
0 0.36086914062500003 0.127080078125 0.335927734375 0.127080078125 0.335927734375 0.15440429687499999 0.36086914062500003 0.15440429687499999 0.36086914062500003 0.127080078125
0 0.3823828125 0.142529296875 0.3603125 0.142529296875 0.3603125 0.168994140625 0.3823828125 0.168994140625 0.3823828125 0.142529296875
0 0.559765625 0.929150390625 0.5388671875 0.929150390625 0.5388671875 0.955615234375 0.559765625 0.955615234375 0.559765625 0.929150390625
0 0.334833984375 0.8480078125 0.297509765625 0.8480078125 0.297509765625 0.88734375 0.334833984375 0.88734375 0.334833984375 0.8480078125
0 0.44962890624999996 0.21925781249999998 0.42978515625 0.21925781249999998 0.42978515625 0.2353515625 0.44962890624999996 0.2353515625 0.44962890624999996 0.21925781249999998
0 0.314453125 0.20113281249999998 0.294921875 0.20113281249999998 0.294921875 0.22097656250000003 0.314453125 0.22097656250000003 0.314453125 0.20113281249999998
0 0.744091796875 0.7001074218750001 0.710009765625 0.7001074218750001 0.710009765625 0.7325097656249999 0.744091796875 0.7325097656249999 0.744091796875 0.7001074218750001
0 0.6408007812500001 0.753681640625 0.6131054687499999 0.753681640625 0.6131054687499999 0.782451171875 0.6408007812500001 0.782451171875 0.6408007812500001 0.753681640625
0 0.54716796875 0.390810546875 0.53388671875 0.390810546875 0.53388671875 0.40364257812500004 0.54716796875 0.40364257812500004 0.54716796875 0.390810546875
0 0.315361328125 0.779072265625 0.28182617187500003 0.779072265625 0.28182617187500003 0.8146777343749999 0.315361328125 0.8146777343749999 0.315361328125 0.779072265625
0 0.60505859375 0.31149414062499997 0.58537109375 0.31149414062499997 0.58537109375 0.32913085937500003 0.60505859375 0.32913085937500003 0.60505859375 0.31149414062499997
0 0.680908203125 0.5454687500000001 0.577880859375 0.5454687500000001 0.577880859375 0.6703515624999999 0.680908203125 0.6703515624999999 0.680908203125 0.5454687500000001
0 0.48532226562499997 0.412451171875 0.46487304687500003 0.412451171875 0.46487304687500003 0.43278320312499996 0.48532226562499997 0.43278320312499996 0.48532226562499997 0.412451171875
0 0.39841796875 0.57435546875 0.37013671875 0.57435546875 0.37013671875 0.61216796875 0.39841796875 0.61216796875 0.39841796875 0.57435546875
0 0.759892578125 0.45311523437499995 0.728388671875 0.45311523437499995 0.728388671875 0.512236328125 0.759892578125 0.512236328125 0.759892578125 0.45311523437499995
0 0.45999023437500003 0.418056640625 0.42625976562499995 0.418056640625 0.42625976562499995 0.451083984375 0.45999023437500003 0.451083984375 0.45999023437500003 0.418056640625
0 0.273857421875 0.9314746093749999 0.253486328125 0.9314746093749999 0.253486328125 0.9523144531250001 0.273857421875 0.9523144531250001 0.273857421875 0.9314746093749999
0 0.40348632812499996 0.0707421875 0.39143554687500004 0.0707421875 0.39143554687500004 0.0840625 0.40348632812499996 0.0840625 0.40348632812499996 0.0707421875
0 0.6571386718750001 0.3637109375 0.5489160156249999 0.3637109375 0.5489160156249999 0.5015234375000001 0.6571386718750001 0.5015234375000001 0.6571386718750001 0.3637109375
0 0.54951171875 0.553955078125 0.37287109375 0.553955078125 0.37287109375 0.750732421875 0.54951171875 0.750732421875 0.54951171875 0.553955078125
0 0.191142578125 0.51046875 0.151865234375 0.51046875 0.151865234375 0.542265625 0.191142578125 0.542265625 0.191142578125 0.51046875
0 0.364765625 0.203779296875 0.353515625 0.203779296875 0.353515625 0.213955078125 0.364765625 0.213955078125 0.364765625 0.203779296875
2 0.125 0.837890625 0.162109375 0.912109375 0.2265625 0.9765625 0.279296875 0.998046875 0.498046875 0.998046875 0.568359375 0.974609375 0.669921875 0.927734375 0.716796875 0.88671875 0.7421875 0.849609375 0.76953125 0.78515625 0.77734375 0.724609375 0.76953125 0.5546875 0.728515625 0.447265625 0.65234375 0.3125 0.5703125 0.220703125 0.462890625 0.142578125 0.41015625 0.078125 0.373046875 0.015625 0.359375 0.0234375 0.34375 0.0859375 0.318359375 0.1328125 0.26953125 0.185546875 0.19140625 0.25 0.158203125 0.298828125 0.109375 0.396484375 0.091796875 0.5078125 0.08984375 0.591796875 0.111328125 0.685546875 0.11328125 0.76953125 0.125 0.837890625