0 0.7627636718749999 0.48220703125000003 0.699228515625 0.48220703125000003 0.699228515625 0.55205078125 0.7627636718749999 0.55205078125 0.7627636718749999 0.48220703125000003
0 0.478984375 0.41898437499999996 0.45511718749999996 0.41898437499999996 0.45511718749999996 0.443828125 0.478984375 0.443828125 0.478984375 0.41898437499999996
0 0.235283203125 0.679443359375 0.203427734375 0.679443359375 0.203427734375 0.712158203125 0.235283203125 0.712158203125 0.235283203125 0.679443359375
0 0.50404296875 0.50611328125 0.47544921875 0.50611328125 0.47544921875 0.53099609375 0.50404296875 0.53099609375 0.50404296875 0.50611328125
0 0.28958007812500003 0.6795996093750001 0.263662109375 0.6795996093750001 0.263662109375 0.7110253906249999 0.28958007812500003 0.7110253906249999 0.28958007812500003 0.6795996093750001
0 0.536123046875 0.522705078125 0.510751953125 0.522705078125 0.510751953125 0.549560546875 0.536123046875 0.549560546875 0.536123046875 0.522705078125
0 0.479384765625 0.27830078125 0.457646484375 0.27830078125 0.457646484375 0.30470703125 0.479384765625 0.30470703125 0.479384765625 0.27830078125
0 0.739638671875 0.6541113281250001 0.687119140625 0.6541113281250001 0.687119140625 0.7179589843749999 0.739638671875 0.7179589843749999 0.739638671875 0.6541113281250001
0 0.41013671875 0.7203027343749999 0.37357421875 0.7203027343749999 0.37357421875 0.7562597656250001 0.41013671875 0.7562597656250001 0.41013671875 0.7203027343749999
0 0.576943359375 0.28505859375 0.549033203125 0.28505859375 0.549033203125 0.30919921875 0.576943359375 0.30919921875 0.576943359375 0.28505859375
0 0.28108398437500004 0.610068359375 0.254580078125 0.610068359375 0.254580078125 0.637978515625 0.28108398437500004 0.637978515625 0.28108398437500004 0.610068359375
0 0.58166015625 0.768359375 0.55310546875 0.768359375 0.55310546875 0.7970703125 0.58166015625 0.7970703125 0.58166015625 0.768359375
0 0.665634765625 0.45120117187500003 0.642958984375 0.45120117187500003 0.642958984375 0.47313476562499995 0.665634765625 0.47313476562499995 0.665634765625 0.45120117187500003
0 0.5017773437499999 0.32473632812500003 0.47822265625 0.32473632812500003 0.47822265625 0.351552734375 0.5017773437499999 0.351552734375 0.5017773437499999 0.32473632812500003
0 0.6621679687500001 0.25244140625 0.6386132812499999 0.25244140625 0.6386132812499999 0.27443359375 0.6621679687500001 0.27443359375 0.6621679687500001 0.25244140625
0 0.681611328125 0.266298828125 0.656279296875 0.266298828125 0.656279296875 0.29280273437500004 0.681611328125 0.29280273437500004 0.681611328125 0.266298828125
0 0.384326171875 0.8910253906250001 0.359814453125 0.8910253906250001 0.359814453125 0.9117089843749999 0.384326171875 0.9117089843749999 0.384326171875 0.8910253906250001
0 0.35263671875 0.27697265625 0.33146484374999996 0.27697265625 0.33146484374999996 0.29626953125 0.35263671875 0.29626953125 0.35263671875 0.27697265625
0 0.5808203125 0.511796875 0.5598046875 0.511796875 0.5598046875 0.531171875 0.5808203125 0.531171875 0.5808203125 0.511796875
0 0.683330078125 0.360390625 0.655537109375 0.360390625 0.655537109375 0.3823046875 0.683330078125 0.3823046875 0.683330078125 0.360390625
0 0.31192382812499997 0.8735546875000001 0.282333984375 0.8735546875000001 0.282333984375 0.9018359374999999 0.31192382812499997 0.9018359374999999 0.31192382812499997 0.8735546875000001
0 0.29310546875 0.513076171875 0.25232421875 0.513076171875 0.25232421875 0.573837890625 0.29310546875 0.573837890625 0.29310546875 0.513076171875
0 0.569287109375 0.395400390625 0.541064453125 0.395400390625 0.541064453125 0.424443359375 0.569287109375 0.424443359375 0.569287109375 0.395400390625
0 0.57751953125 0.0896875 0.54552734375 0.0896875 0.54552734375 0.12859375 0.57751953125 0.12859375 0.57751953125 0.0896875
0 0.592734375 0.6766015624999999 0.571328125 0.6766015624999999 0.571328125 0.6964453125000001 0.592734375 0.6964453125000001 0.592734375 0.6766015624999999
0 0.517109375 0.212958984375 0.5014453125 0.212958984375 0.5014453125 0.228681640625 0.517109375 0.228681640625 0.517109375 0.212958984375
0 0.51484375 0.66416015625 0.498828125 0.66416015625 0.498828125 0.68154296875 0.51484375 0.68154296875 0.51484375 0.66416015625
0 0.20944335937499997 0.814560546875 0.18583007812500002 0.814560546875 0.18583007812500002 0.839736328125 0.20944335937499997 0.839736328125 0.20944335937499997 0.814560546875
0 0.313984375 0.4350390625 0.26609375 0.4350390625 0.26609375 0.5019921875 0.313984375 0.5019921875 0.313984375 0.4350390625
0 0.19380859374999998 0.7625 0.16607421875 0.7625 0.16607421875 0.7853515625 0.19380859374999998 0.7853515625 0.19380859374999998 0.7625
0 0.46224609375 0.527119140625 0.44400390625 0.527119140625 0.44400390625 0.544169921875 0.46224609375 0.544169921875 0.46224609375 0.527119140625
0 0.57958984375 0.9210156250000001 0.55712890625 0.9210156250000001 0.55712890625 0.9510546874999999 0.57958984375 0.9510546874999999 0.57958984375 0.9210156250000001
0 0.196162109375 0.600302734375 0.175908203125 0.600302734375 0.175908203125 0.619423828125 0.196162109375 0.619423828125 0.196162109375 0.600302734375
0 0.284736328125 0.740234375 0.264599609375 0.740234375 0.264599609375 0.7626953125 0.284736328125 0.7626953125 0.284736328125 0.740234375
0 0.42587890625 0.44072265625 0.40810546875 0.44072265625 0.40810546875 0.45771484375 0.42587890625 0.45771484375 0.42587890625 0.44072265625
0 0.36007812499999997 0.839404296875 0.3416015625 0.839404296875 0.3416015625 0.859814453125 0.36007812499999997 0.859814453125 0.36007812499999997 0.839404296875
0 0.34861328125 0.50611328125 0.32716796875 0.50611328125 0.32716796875 0.53099609375 0.34861328125 0.53099609375 0.34861328125 0.50611328125
0 0.32291015624999997 0.47384765624999997 0.27669921875000003 0.47384765624999997 0.27669921875000003 0.57888671875 0.32291015624999997 0.57888671875 0.32291015624999997 0.47384765624999997
0 0.64599609375 0.622392578125 0.61279296875 0.622392578125 0.61279296875 0.657880859375 0.64599609375 0.657880859375 0.64599609375 0.622392578125
0 0.96560546875 0.5503808593749999 0.89669921875 0.5503808593749999 0.89669921875 0.6185644531250001 0.96560546875 0.6185644531250001 0.96560546875 0.5503808593749999
2 0.26171875 0.904296875 0.318359375 0.943359375 0.490234375 0.990234375 0.58984375 0.98828125 0.6640625 0.96484375 0.736328125 0.8984375 0.775390625 0.837890625 0.798828125 0.765625 0.818359375 0.572265625 0.814453125 0.521484375 0.724609375 0.283203125 0.66796875 0.23046875 0.55859375 0.076171875 0.3125 0.275390625 0.255859375 0.376953125 0.17578125 0.453125 0.142578125 0.501953125 0.111328125 0.58203125 0.09765625 0.662109375 0.103515625 0.77734375 0.134765625 0.849609375 0.1640625 0.87890625 0.26171875 0.904296875