0 0.295830078125 0.304248046875 0.23264648437500002 0.304248046875 0.23264648437500002 0.36465820312499997 0.295830078125 0.36465820312499997 0.295830078125 0.304248046875
0 0.286416015625 0.3048046875 0.24045898437500002 0.3048046875 0.24045898437500002 0.3568359375 0.286416015625 0.3568359375 0.286416015625 0.3048046875
0 0.112470703125 0.6712304687499999 0.07526367187500001 0.6712304687499999 0.07526367187500001 0.7223242187500001 0.112470703125 0.7223242187500001 0.112470703125 0.6712304687499999
0 0.55408203125 0.52404296875 0.51330078125 0.52404296875 0.51330078125 0.55994140625 0.55408203125 0.55994140625 0.55408203125 0.52404296875
0 0.5494726562500001 0.21409179687500002 0.5169335937499999 0.21409179687500002 0.5169335937499999 0.24782226562499998 0.5494726562500001 0.24782226562499998 0.5494726562500001 0.21409179687500002
0 0.8820214843749999 0.5443457031250001 0.7849707031250001 0.5443457031250001 0.7849707031250001 0.6656152343749999 0.8820214843749999 0.6656152343749999 0.8820214843749999 0.5443457031250001
0 0.9291796874999999 0.764453125 0.8706250000000001 0.764453125 0.8706250000000001 0.8234375 0.9291796874999999 0.8234375 0.9291796874999999 0.764453125
0 0.210458984375 0.45943359375000004 0.181376953125 0.45943359375000004 0.181376953125 0.49322265625000006 0.210458984375 0.49322265625000006 0.210458984375 0.45943359375000004
0 0.420986328125 0.060419921875000004 0.39737304687499997 0.060419921875000004 0.39737304687499997 0.08375976562500001 0.420986328125 0.08375976562500001 0.420986328125 0.060419921875000004
0 0.529072265625 0.171533203125 0.498271484375 0.171533203125 0.498271484375 0.201513671875 0.529072265625 0.201513671875 0.529072265625 0.171533203125
0 0.39591796874999996 0.7868359375 0.33115234375 0.7868359375 0.33115234375 0.8528125 0.39591796874999996 0.8528125 0.39591796874999996 0.7868359375
0 0.5759765625 0.8495507812499999 0.5294921875 0.8495507812499999 0.5294921875 0.8965429687500001 0.5759765625 0.8965429687500001 0.5759765625 0.8495507812499999
0 0.480400390625 0.7440820312499999 0.458076171875 0.7440820312499999 0.458076171875 0.7676367187500001 0.480400390625 0.7676367187500001 0.480400390625 0.7440820312499999
0 0.088994140625 0.55982421875 0.061396484375000004 0.55982421875 0.061396484375000004 0.58373046875 0.088994140625 0.58373046875 0.088994140625 0.55982421875
0 0.489501953125 0.16109374999999998 0.446044921875 0.16109374999999998 0.446044921875 0.1948828125 0.489501953125 0.1948828125 0.489501953125 0.16109374999999998
0 0.316357421875 0.438583984375 0.290087890625 0.438583984375 0.290087890625 0.466220703125 0.316357421875 0.466220703125 0.316357421875 0.438583984375
0 0.6353417968749999 0.13846679687500002 0.6058691406250001 0.13846679687500002 0.6058691406250001 0.165478515625 0.6353417968749999 0.165478515625 0.6353417968749999 0.13846679687500002
0 0.38411132812500004 0.8818164062499999 0.32682617187499996 0.8818164062499999 0.32682617187499996 0.9238476562500001 0.38411132812500004 0.9238476562500001 0.38411132812500004 0.8818164062499999
0 0.243642578125 0.543681640625 0.218505859375 0.543681640625 0.218505859375 0.573505859375 0.243642578125 0.573505859375 0.243642578125 0.543681640625
0 0.20705078124999998 0.692490234375 0.17845703125 0.692490234375 0.17845703125 0.721572265625 0.20705078124999998 0.721572265625 0.20705078124999998 0.692490234375
0 0.17111328125 0.5642968749999999 0.14650390625 0.5642968749999999 0.14650390625 0.5900000000000001 0.17111328125 0.5900000000000001 0.17111328125 0.5642968749999999
0 0.28176757812500003 0.7941308593749999 0.18331054687499998 0.7941308593749999 0.18331054687499998 0.8894628906250001 0.28176757812500003 0.8894628906250001 0.28176757812500003 0.7941308593749999
0 0.8263671875 0.36814453125 0.8064453125 0.36814453125 0.8064453125 0.38673828125 0.8263671875 0.38673828125 0.8263671875 0.36814453125
0 0.7091796875 0.337294921875 0.6873046875 0.337294921875 0.6873046875 0.358994140625 0.7091796875 0.358994140625 0.7091796875 0.337294921875
0 0.661142578125 0.44354492187499994 0.636708984375 0.44354492187499994 0.636708984375 0.46516601562500004 0.661142578125 0.46516601562500004 0.661142578125 0.44354492187499994
0 0.24271484375000002 0.6409570312499999 0.21091796875000002 0.6409570312499999 0.21091796875000002 0.6734960937500001 0.24271484375000002 0.6734960937500001 0.24271484375000002 0.6409570312499999
0 0.369150390625 0.3996484375 0.342294921875 0.3996484375 0.342294921875 0.42507812500000003 0.369150390625 0.42507812500000003 0.369150390625 0.3996484375
0 0.88658203125 0.449853515625 0.86244140625 0.449853515625 0.86244140625 0.506708984375 0.88658203125 0.506708984375 0.88658203125 0.449853515625
0 0.782509765625 0.41605468749999996 0.754599609375 0.41605468749999996 0.754599609375 0.4389453125 0.782509765625 0.4389453125 0.782509765625 0.41605468749999996
0 0.7653515625 0.8261914062500001 0.741484375 0.8261914062500001 0.741484375 0.8505664062499999 0.7653515625 0.8505664062499999 0.7653515625 0.8261914062500001
0 0.77857421875 0.7015917968750001 0.75755859375 0.7015917968750001 0.75755859375 0.7232128906249999 0.77857421875 0.7232128906249999 0.77857421875 0.7015917968750001
0 0.805654296875 0.342705078125 0.789072265625 0.342705078125 0.789072265625 0.35995117187500003 0.805654296875 0.35995117187500003 0.805654296875 0.342705078125
0 0.0423046875 0.8013964843749999 0.02640625 0.8013964843749999 0.02640625 0.8167675781250001 0.0423046875 0.8167675781250001 0.0423046875 0.8013964843749999
0 0.25944335937499996 0.575224609375 0.25032226562500004 0.575224609375 0.25032226562500004 0.584931640625 0.25944335937499996 0.584931640625 0.25944335937499996 0.575224609375
0 0.8039746093750001 0.295390625 0.765361328125 0.295390625 0.765361328125 0.356484375 0.8039746093750001 0.356484375 0.8039746093750001 0.295390625
0 0.8881249999999999 0.51904296875 0.6616796875000001 0.51904296875 0.6616796875000001 0.71435546875 0.8881249999999999 0.71435546875 0.8881249999999999 0.51904296875
0 0.49830078125000005 0.5699609375 0.48900390624999995 0.5699609375 0.48900390624999995 0.579453125 0.49830078125000005 0.579453125 0.49830078125000005 0.5699609375
0 0.5914648437500001 0.811064453125 0.49056640625 0.811064453125 0.49056640625 0.902802734375 0.5914648437500001 0.902802734375 0.5914648437500001 0.811064453125
0 0.54978515625 0.28087890625 0.43119140624999996 0.28087890625 0.43119140624999996 0.39099609375 0.54978515625 0.39099609375 0.54978515625 0.28087890625
0 0.6450781250000001 0.207529296875 0.5512109374999999 0.207529296875 0.5512109374999999 0.345712890625 0.6450781250000001 0.345712890625 0.6450781250000001 0.207529296875
0 0.445654296875 0.220263671875 0.434228515625 0.220263671875 0.434228515625 0.230908203125 0.445654296875 0.230908203125 0.445654296875 0.220263671875
0 0.9419531250000001 0.518671875 0.7621484374999999 0.518671875 0.7621484374999999 0.9041796874999999 0.9419531250000001 0.9041796874999999 0.9419531250000001 0.518671875
0 0.5473046874999999 0.0556640625 0.398984375 0.0556640625 0.398984375 0.322265625 0.5473046874999999 0.322265625 0.5473046874999999 0.0556640625
0 0.78845703125 0.5365624999999999 0.74376953125 0.5365624999999999 0.74376953125 0.5757421875000001 0.78845703125 0.5757421875000001 0.78845703125 0.5365624999999999
0 0.014326171874999998 0.863388671875 0.000087890625 0.863388671875 0.000087890625 0.881728515625 0.014326171874999998 0.881728515625 0.014326171874999998 0.863388671875
0 0.441357421875 0.164853515625 0.285712890625 0.164853515625 0.285712890625 0.364443359375 0.441357421875 0.364443359375 0.441357421875 0.164853515625
0 0.46001953125000006 0.32275390625 0.24701171875 0.32275390625 0.24701171875 0.59326171875 0.46001953125000006 0.59326171875 0.46001953125000006 0.32275390625
2 0.2109375 0.8203125 0.240234375 0.88671875 0.380859375 0.943359375 0.4296875 0.94140625 0.455078125 0.955078125 0.55078125 0.953125 0.625 0.96484375 0.6953125 0.958984375 0.83984375 0.912109375 0.912109375 0.849609375 0.931640625 0.81640625 0.94140625 0.7578125 0.935546875 0.681640625 0.919921875 0.634765625 0.869140625 0.5859375 0.880859375 0.439453125 0.84765625 0.369140625 0.728515625 0.220703125 0.56640625 0.087890625 0.427734375 0.01171875 0.40625 0.0234375 0.35546875 0.11328125 0.283203125 0.208984375 0.2421875 0.302734375 0.185546875 0.369140625 0.162109375 0.4375 0.13671875 0.59375 0.138671875 0.716796875 0.16015625 0.779296875 0.185546875 0.80859375 0.2109375 0.8203125