10 0.314453125 0.54296875 0.25390625 0.54296875 0.25390625 0.609375 0.314453125 0.609375 0.314453125 0.54296875
10 0.31291015624999996 0.552197265625 0.25498046875 0.552197265625 0.25498046875 0.604052734375 0.31291015624999996 0.604052734375 0.31291015624999996 0.552197265625
10 0.528447265625 0.8599218750000001 0.501826171875 0.8599218750000001 0.501826171875 0.8969140624999999 0.528447265625 0.8969140624999999 0.528447265625 0.8599218750000001
10 0.5360546875 0.55171875 0.5127734375 0.55171875 0.5127734375 0.575234375 0.5360546875 0.575234375 0.5360546875 0.55171875
10 0.61259765625 0.26513671875 0.59638671875 0.26513671875 0.59638671875 0.28662109375 0.61259765625 0.28662109375 0.61259765625 0.26513671875
10 0.549853515625 0.4226953125 0.525341796875 0.4226953125 0.525341796875 0.4420703125 0.549853515625 0.4420703125 0.549853515625 0.4226953125
10 0.6731835937499999 0.25703125 0.6578710937500001 0.25703125 0.6578710937500001 0.27375 0.6731835937499999 0.27375 0.6731835937499999 0.25703125
10 0.33169921874999997 0.47957031250000004 0.31041015625 0.47957031250000004 0.31041015625 0.49847656249999994 0.33169921874999997 0.49847656249999994 0.33169921874999997 0.47957031250000004
10 0.777392578125 0.56982421875 0.719677734375 0.56982421875 0.719677734375 0.64501953125 0.777392578125 0.64501953125 0.777392578125 0.56982421875
10 0.257041015625 0.44384765625 0.23905273437500002 0.44384765625 0.23905273437500002 0.46095703125 0.257041015625 0.46095703125 0.257041015625 0.44384765625
10 0.6914746093749999 0.39107421875 0.6815722656250001 0.39107421875 0.6815722656250001 0.40923828125000006 0.6914746093749999 0.40923828125000006 0.6914746093749999 0.39107421875
10 0.753056640625 0.5917578125 0.738154296875 0.5917578125 0.738154296875 0.606484375 0.753056640625 0.606484375 0.753056640625 0.5917578125
10 0.8289843749999999 0.582744140625 0.7989453125 0.582744140625 0.7989453125 0.603779296875 0.8289843749999999 0.603779296875 0.8289843749999999 0.582744140625
10 0.8285937499999999 0.5854296875 0.8071484375000001 0.5854296875 0.8071484375000001 0.59328125 0.8285937499999999 0.59328125 0.8285937499999999 0.5854296875
10 0.83615234375 0.7966796875 0.82302734375 0.7966796875 0.82302734375 0.8107421875 0.83615234375 0.8107421875 0.83615234375 0.7966796875
10 0.781015625 0.625634765625 0.76390625 0.625634765625 0.76390625 0.643896484375 0.781015625 0.643896484375 0.781015625 0.625634765625
10 0.372939453125 0.24658203125 0.358037109375 0.24658203125 0.358037109375 0.26076171875 0.372939453125 0.26076171875 0.372939453125 0.24658203125
10 0.301142578125 0.541025390625 0.285302734375 0.541025390625 0.285302734375 0.556630859375 0.301142578125 0.556630859375 0.301142578125 0.541025390625
10 0.47046875000000005 0.7929296875 0.45628906249999995 0.7929296875 0.45628906249999995 0.80765625 0.47046875000000005 0.80765625 0.47046875000000005 0.7929296875
10 0.7492578125 0.6169921875 0.7331640625 0.6169921875 0.7331640625 0.637890625 0.7492578125 0.637890625 0.7492578125 0.6169921875
2 0.388671875 0 0.357421875 0.048828125 0.302734375 0.173828125 0.28515625 0.248046875 0.24609375 0.326171875 0.232421875 0.47265625 0.224609375 0.505859375 0.201171875 0.546875 0.1953125 0.580078125 0.19140625 0.65234375 0.212890625 0.720703125 0.24609375 0.779296875 0.369140625 0.90625 0.439453125 0.96875 0.484375 0.998046875 0.6015625 0.998046875 0.654296875 0.939453125 0.669921875 0.908203125 0.708984375 0.861328125 0.818359375 0.6484375 0.826171875 0.6171875 0.818359375 0.5546875 0.80859375 0.5234375 0.775390625 0.4765625 0.751953125 0.42578125 0.625 0.12109375 0.552734375 0 0.388671875 0