0 0.51974609375 0.5277734374999999 0.46267578125000003 0.5277734374999999 0.46267578125000003 0.5798046875 0.51974609375 0.5798046875 0.51974609375 0.5277734374999999
2 0.310546875 0.5703125 0.24609375 0.5703125 0.24609375 0.630859375 0.310546875 0.630859375 0.310546875 0.5703125
0 0.22327148437500002 0.40950195312500004 0.180791015625 0.40950195312500004 0.180791015625 0.45475585937499996 0.22327148437500002 0.45475585937499996 0.22327148437500002 0.40950195312500004
0 0.540693359375 0.78185546875 0.49641601562500004 0.78185546875 0.49641601562500004 0.8216601562499999 0.540693359375 0.8216601562499999 0.540693359375 0.78185546875
0 0.6174609375 0.5838281249999999 0.5856640625 0.5838281249999999 0.5856640625 0.6202734375000001 0.6174609375 0.6202734375000001 0.6174609375 0.5838281249999999
0 0.48394531250000006 0.382939453125 0.45843749999999994 0.382939453125 0.45843749999999994 0.408076171875 0.48394531250000006 0.408076171875 0.48394531250000006 0.382939453125
0 0.40231445312499997 0.31754882812499996 0.37014648437500003 0.31754882812499996 0.37014648437500003 0.350927734375 0.40231445312499997 0.350927734375 0.40231445312499997 0.31754882812499996
0 0.42674804687499995 0.24989257812500001 0.40579101562500003 0.24989257812500001 0.40579101562500003 0.269169921875 0.42674804687499995 0.269169921875 0.42674804687499995 0.24989257812500001
0 0.400126953125 0.6446191406249999 0.364052734375 0.6446191406249999 0.364052734375 0.6766699218750001 0.400126953125 0.6766699218750001 0.400126953125 0.6446191406249999
0 0.415166015625 0.5142578125 0.398818359375 0.5142578125 0.398818359375 0.5296875 0.415166015625 0.5296875 0.415166015625 0.5142578125
0 0.439990234375 0.7720410156249999 0.413525390625 0.7720410156249999 0.413525390625 0.7963183593750001 0.439990234375 0.7963183593750001 0.439990234375 0.7720410156249999
0 0.5063671875 0.7416308593750001 0.4838671875 0.7416308593750001 0.4838671875 0.7622753906249999 0.5063671875 0.7622753906249999 0.5063671875 0.7416308593750001
0 0.6984765625 0.755908203125 0.67359375 0.755908203125 0.67359375 0.782177734375 0.6984765625 0.782177734375 0.6984765625 0.755908203125
0 0.40439453125 0.58046875 0.38662109375 0.58046875 0.38662109375 0.5982421875 0.40439453125 0.5982421875 0.40439453125 0.58046875
0 0.49533203124999997 0.251044921875 0.47587890625 0.251044921875 0.47587890625 0.266533203125 0.49533203124999997 0.266533203125 0.49533203124999997 0.251044921875
0 0.554423828125 0.196142578125 0.534443359375 0.196142578125 0.534443359375 0.213779296875 0.554423828125 0.213779296875 0.554423828125 0.196142578125
0 0.32546875000000003 0.280068359375 0.30343749999999997 0.280068359375 0.30343749999999997 0.300986328125 0.32546875000000003 0.300986328125 0.32546875000000003 0.280068359375
0 0.172109375 0.5635351562500001 0.1496875 0.5635351562500001 0.1496875 0.5907617187499999 0.172109375 0.5907617187499999 0.172109375 0.5635351562500001
0 0.382685546875 0.540361328125 0.346337890625 0.540361328125 0.346337890625 0.573896484375 0.382685546875 0.573896484375 0.382685546875 0.540361328125
0 0.57912109375 0.42254882812499994 0.56052734375 0.42254882812499994 0.56052734375 0.44416992187500004 0.57912109375 0.44416992187500004 0.57912109375 0.42254882812499994
0 0.53515625 0.625361328125 0.517578125 0.625361328125 0.517578125 0.642216796875 0.53515625 0.642216796875 0.53515625 0.625361328125
0 0.606572265625 0.86837890625 0.563349609375 0.86837890625 0.563349609375 0.90017578125 0.606572265625 0.90017578125 0.606572265625 0.86837890625
0 0.42461914062500006 0.893564453125 0.40155273437499994 0.893564453125 0.40155273437499994 0.918935546875 0.42461914062500006 0.918935546875 0.42461914062500006 0.893564453125
0 0.312724609375 0.5410839843749999 0.295673828125 0.5410839843749999 0.295673828125 0.5585253906250001 0.312724609375 0.5585253906250001 0.312724609375 0.5410839843749999
0 0.20608398437500003 0.814970703125 0.175751953125 0.814970703125 0.175751953125 0.841279296875 0.20608398437500003 0.841279296875 0.20608398437500003 0.814970703125
0 0.47001953125 0.47927734375000003 0.45529296874999997 0.47927734375000003 0.45529296874999997 0.49435546874999997 0.47001953125 0.49435546874999997 0.47001953125 0.47927734375000003
0 0.288037109375 0.516591796875 0.265673828125 0.516591796875 0.265673828125 0.537119140625 0.288037109375 0.537119140625 0.288037109375 0.516591796875
0 0.7118359375 0.7918359374999999 0.6905078125 0.7918359374999999 0.6905078125 0.8146093750000001 0.7118359375 0.8146093750000001 0.7118359375 0.7918359374999999
0 0.32986328125000003 0.248603515625 0.31466796874999997 0.248603515625 0.31466796874999997 0.263115234375 0.32986328125000003 0.263115234375 0.32986328125000003 0.248603515625
0 0.49619140625 0.46769531249999996 0.48380859374999996 0.46769531249999996 0.48380859374999996 0.480078125 0.49619140625 0.480078125 0.49619140625 0.46769531249999996
0 0.375 0.69607421875 0.35890625 0.69607421875 0.35890625 0.71115234375 0.375 0.71115234375 0.375 0.69607421875
0 0.178642578125 0.50166015625 0.160458984375 0.50166015625 0.160458984375 0.51884765625 0.178642578125 0.51884765625 0.178642578125 0.50166015625
0 0.275517578125 0.3536328125 0.259169921875 0.3536328125 0.259169921875 0.36953125 0.275517578125 0.36953125 0.275517578125 0.3536328125
0 0.14298828125000002 0.7132910156250001 0.11482421875 0.7132910156250001 0.11482421875 0.7398339843749999 0.14298828125000002 0.7398339843749999 0.14298828125000002 0.7132910156250001
0 0.7166015625 0.5219140624999999 0.6994140625 0.5219140624999999 0.6994140625 0.5357031250000001 0.7166015625 0.5357031250000001 0.7166015625 0.5219140624999999
0 0.253271484375 0.280078125 0.23329101562500001 0.280078125 0.23329101562500001 0.2990234375 0.253271484375 0.2990234375 0.253271484375 0.280078125
0 0.3986328125 0.9109082031250001 0.3787109375 0.9109082031250001 0.3787109375 0.9328417968749999 0.3986328125 0.9328417968749999 0.3986328125 0.9109082031250001
0 0.6415625 0.47734375 0.629921875 0.47734375 0.629921875 0.493359375 0.6415625 0.493359375 0.6415625 0.47734375
0 0.658125 0.37162109375 0.623125 0.37162109375 0.623125 0.40427734375 0.658125 0.40427734375 0.658125 0.37162109375
0 0.5591015625 0.73173828125 0.537578125 0.73173828125 0.537578125 0.76044921875 0.5591015625 0.76044921875 0.5591015625 0.73173828125
0 0.480556640625 0.8951953125 0.470146484375 0.8951953125 0.470146484375 0.9075390625 0.480556640625 0.9075390625 0.480556640625 0.8951953125
0 0.33804687499999997 0.71943359375 0.30160156250000003 0.71943359375 0.30160156250000003 0.75615234375 0.33804687499999997 0.75615234375 0.33804687499999997 0.71943359375
0 0.88935546875 0.374736328125 0.83037109375 0.374736328125 0.83037109375 0.43045898437499996 0.88935546875 0.43045898437499996 0.88935546875 0.374736328125
0 0.4740234375 0.061494140625000006 0.460078125 0.061494140625000006 0.460078125 0.075341796875 0.4740234375 0.075341796875 0.4740234375 0.061494140625000006
0 0.39453125 0.998046875 0.49609375 0.998046875 0.560546875 0.958984375 0.615234375 0.90625 0.7421875 0.828125 0.79296875 0.7734375 0.8046875 0.72265625 0.794921875 0.6328125 0.75390625 0.49609375 0.724609375 0.43359375 0.69921875 0.32421875 0.625 0.216796875 0.515625 0.099609375 0.470703125 0.037109375 0.45703125 0.041015625 0.439453125 0.07421875 0.302734375 0.205078125 0.263671875 0.23046875 0.203125 0.310546875 0.16015625 0.40234375 0.1328125 0.546875 0.09375 0.671875 0.095703125 0.7578125 0.1484375 0.83203125 0.2890625 0.939453125 0.39453125 0.998046875