10 0.37394531249999996 0.23264648437500002 0.299921875 0.23264648437500002 0.299921875 0.37508789062500003 0.37394531249999996 0.37508789062500003 0.37394531249999996 0.23264648437500002
10 0.4337890625 0.2222265625 0.2903515625 0.2222265625 0.2903515625 0.3949609375 0.4337890625 0.3949609375 0.4337890625 0.2222265625
10 0.229248046875 0.5489843750000001 0.136220703125 0.5489843750000001 0.136220703125 0.6365624999999999 0.229248046875 0.6365624999999999 0.229248046875 0.5489843750000001
10 0.636611328125 0.23059570312500002 0.259404296875 0.23059570312500002 0.259404296875 0.541396484375 0.636611328125 0.541396484375 0.636611328125 0.23059570312500002
10 0.19453125 0.411728515625 0.1565625 0.411728515625 0.1565625 0.461318359375 0.19453125 0.461318359375 0.19453125 0.411728515625
10 0.530166015625 0.311376953125 0.477646484375 0.311376953125 0.477646484375 0.38346679687499996 0.530166015625 0.38346679687499996 0.530166015625 0.311376953125
10 0.35294921874999996 0.22607421875 0.30185546875 0.22607421875 0.30185546875 0.28759765625 0.35294921874999996 0.28759765625 0.35294921874999996 0.22607421875
10 0.5294531250000001 0.65904296875 0.478359375 0.65904296875 0.478359375 0.71107421875 0.5294531250000001 0.71107421875 0.5294531250000001 0.65904296875
10 0.426123046875 0.44356445312500004 0.38395507812499996 0.44356445312500004 0.38395507812499996 0.48077148437500006 0.426123046875 0.48077148437500006 0.426123046875 0.44356445312500004
10 0.219892578125 0.5854296875 0.200263671875 0.5854296875 0.200263671875 0.6079296875 0.219892578125 0.6079296875 0.219892578125 0.5854296875
10 0.30842773437500004 0.515849609375 0.289736328125 0.515849609375 0.289736328125 0.535908203125 0.30842773437500004 0.535908203125 0.30842773437500004 0.515849609375
10 0.85431640625 0.5491308593750001 0.83220703125 0.5491308593750001 0.83220703125 0.5748925781249999 0.85431640625 0.5748925781249999 0.85431640625 0.5491308593750001
10 0.51857421875 0.68046875 0.49119140625 0.68046875 0.49119140625 0.7091796875 0.51857421875 0.7091796875 0.51857421875 0.68046875
10 0.44696289062499994 0.49603515624999994 0.303037109375 0.49603515624999994 0.303037109375 0.6240820312500001 0.44696289062499994 0.6240820312500001 0.44696289062499994 0.49603515624999994
10 0.551806640625 0.8582714843750001 0.491162109375 0.8582714843750001 0.491162109375 0.9220019531249999 0.551806640625 0.9220019531249999 0.551806640625 0.8582714843750001
10 0.15213867187500002 0.703203125 0.132783203125 0.703203125 0.132783203125 0.726484375 0.15213867187500002 0.726484375 0.15213867187500002 0.703203125
10 0.19439453125 0.5880078125 0.14861328125 0.5880078125 0.14861328125 0.6307421875 0.19439453125 0.6307421875 0.19439453125 0.5880078125
10 0.76513671875 0.752802734375 0.72802734375 0.752802734375 0.72802734375 0.797001953125 0.76513671875 0.797001953125 0.76513671875 0.752802734375
10 0.82826171875 0.7562890624999999 0.78111328125 0.7562890624999999 0.78111328125 0.8130468750000001 0.82826171875 0.8130468750000001 0.82826171875 0.7562890624999999
10 0.571181640625 0.8069042968750001 0.543076171875 0.8069042968750001 0.543076171875 0.8346972656249999 0.571181640625 0.8346972656249999 0.571181640625 0.8069042968750001
10 0.85501953125 0.67294921875 0.84224609375 0.67294921875 0.84224609375 0.69423828125 0.85501953125 0.69423828125 0.85501953125 0.67294921875
10 0.46708007812499996 0.7910546875 0.442607421875 0.7910546875 0.442607421875 0.8183203125 0.46708007812499996 0.8183203125 0.46708007812499996 0.7910546875
10 0.5591796875 0.29298828125 0.54140625 0.29298828125 0.54140625 0.31689453125 0.5591796875 0.31689453125 0.5591796875 0.29298828125
10 0.848671875 0.584248046875 0.834921875 0.584248046875 0.834921875 0.595439453125 0.848671875 0.595439453125 0.848671875 0.584248046875
10 0.61728515625 0.362998046875 0.59951171875 0.362998046875 0.59951171875 0.383095703125 0.61728515625 0.383095703125 0.61728515625 0.362998046875
2 0.150390625 0.890625 0.25 0.931640625 0.34375 0.916015625 0.384765625 0.91796875 0.501953125 0.96875 0.541015625 0.974609375 0.587890625 0.97265625 0.73046875 0.912109375 0.830078125 0.814453125 0.873046875 0.75390625 0.927734375 0.720703125 0.9609375 0.7109375 0.970703125 0.69921875 0.88671875 0.615234375 0.78125 0.4296875 0.64453125 0.291015625 0.515625 0.212890625 0.4609375 0.197265625 0.375 0.1875 0.3515625 0.1875 0.322265625 0.201171875 0.19921875 0.33984375 0.1640625 0.404296875 0.04296875 0.6796875 0.041015625 0.740234375 0.072265625 0.802734375 0.08984375 0.83203125 0.150390625 0.890625