10 0.39453125 0.6953125 0.32421875 0.6953125 0.32421875 0.748046875 0.39453125 0.748046875 0.39453125 0.6953125
10 0.38708984375 0.69607421875 0.34044921875 0.69607421875 0.34044921875 0.74630859375 0.38708984375 0.74630859375 0.38708984375 0.69607421875
10 0.48380859374999996 0.6812109375000001 0.44248046875 0.6812109375000001 0.44248046875 0.7338281249999999 0.48380859374999996 0.7338281249999999 0.48380859374999996 0.6812109375000001
10 0.28011718750000003 0.578447265625 0.244296875 0.578447265625 0.244296875 0.622724609375 0.28011718750000003 0.622724609375 0.28011718750000003 0.578447265625
10 0.538740234375 0.7805859374999999 0.514970703125 0.7805859374999999 0.514970703125 0.810234375 0.538740234375 0.810234375 0.538740234375 0.7805859374999999
10 0.5510839843750001 0.597626953125 0.5231347656249999 0.597626953125 0.5231347656249999 0.629912109375 0.5510839843750001 0.629912109375 0.5510839843750001 0.597626953125
10 0.615888671875 0.644794921875 0.570634765625 0.644794921875 0.570634765625 0.693095703125 0.615888671875 0.693095703125 0.615888671875 0.644794921875
10 0.40638671875 0.46984375 0.37341796875 0.46984375 0.37341796875 0.5135546875 0.40638671875 0.5135546875 0.40638671875 0.46984375
10 0.7510351562500001 0.40217773437500004 0.7167382812499999 0.40217773437500004 0.7167382812499999 0.44254882812499996 0.7510351562500001 0.44254882812499996 0.7510351562500001 0.40217773437500004
10 0.44494140625 0.50509765625 0.39052734375 0.50509765625 0.39052734375 0.57400390625 0.44494140625 0.57400390625 0.44494140625 0.50509765625
10 0.776982421875 0.34781249999999997 0.741572265625 0.34781249999999997 0.741572265625 0.37972656250000003 0.776982421875 0.37972656250000003 0.776982421875 0.34781249999999997
10 0.8797656249999999 0.386708984375 0.8526562500000001 0.386708984375 0.8526562500000001 0.42239257812500003 0.8797656249999999 0.42239257812500003 0.8797656249999999 0.386708984375
10 0.34552734375 0.23017578125 0.31560546875 0.23017578125 0.31560546875 0.25931640625 0.34552734375 0.25931640625 0.34552734375 0.23017578125
10 0.37494140625 0.48708984375000003 0.34431640625000004 0.48708984375000003 0.34431640625000004 0.53244140625 0.37494140625 0.53244140625 0.37494140625 0.48708984375000003
10 0.7901171875 0.7210351562499999 0.7528515625 0.7210351562499999 0.7528515625 0.7721289062500001 0.7901171875 0.7721289062500001 0.7901171875 0.7210351562499999
10 0.778427734375 0.22156250000000002 0.723525390625 0.22156250000000002 0.723525390625 0.295546875 0.778427734375 0.295546875 0.778427734375 0.22156250000000002
10 0.561552734375 0.700302734375 0.531220703125 0.700302734375 0.531220703125 0.728408203125 0.561552734375 0.728408203125 0.561552734375 0.700302734375
10 0.644150390625 0.747041015625 0.620498046875 0.747041015625 0.620498046875 0.775419921875 0.644150390625 0.775419921875 0.644150390625 0.747041015625
10 0.5506640625 0.242197265625 0.495234375 0.242197265625 0.495234375 0.320810546875 0.5506640625 0.320810546875 0.5506640625 0.242197265625
10 0.820546875 0.42119140625 0.7976171875 0.42119140625 0.7976171875 0.44892578125 0.820546875 0.44892578125 0.820546875 0.42119140625
10 0.5652539062499999 0.185703125 0.5431445312500001 0.185703125 0.5431445312500001 0.2098046875 0.5652539062499999 0.2098046875 0.5652539062499999 0.185703125
10 0.368779296875 0.282529296875 0.342666015625 0.282529296875 0.342666015625 0.317080078125 0.368779296875 0.317080078125 0.368779296875 0.282529296875
10 0.615478515625 0.6831640625000001 0.582763671875 0.6831640625000001 0.582763671875 0.7152734374999999 0.615478515625 0.7152734374999999 0.615478515625 0.6831640625000001
10 0.479833984375 0.437060546875 0.448876953125 0.437060546875 0.448876953125 0.466259765625 0.479833984375 0.466259765625 0.479833984375 0.437060546875
10 0.753388671875 0.746259765625 0.727080078125 0.746259765625 0.727080078125 0.781083984375 0.753388671875 0.781083984375 0.753388671875 0.746259765625
10 0.423515625 0.242177734375 0.38167968750000003 0.242177734375 0.38167968750000003 0.27297851562500003 0.423515625 0.27297851562500003 0.423515625 0.242177734375
10 0.64802734375 0.41231445312500004 0.62833984375 0.41231445312500004 0.62833984375 0.43827148437499996 0.64802734375 0.43827148437499996 0.64802734375 0.41231445312500004
10 0.425908203125 0.257509765625 0.404169921875 0.257509765625 0.404169921875 0.27522460937500004 0.425908203125 0.27522460937500004 0.425908203125 0.257509765625
10 0.443984375 0.447509765625 0.3338671875 0.447509765625 0.3338671875 0.562255859375 0.443984375 0.562255859375 0.443984375 0.447509765625
10 0.904541015625 0.482783203125 0.735107421875 0.482783203125 0.735107421875 0.616826171875 0.904541015625 0.616826171875 0.904541015625 0.482783203125
10 0.760283203125 0.22262695312499997 0.727998046875 0.22262695312499997 0.727998046875 0.25784179687500003 0.760283203125 0.25784179687500003 0.760283203125 0.22262695312499997
10 0.3134375 0.57689453125 0.2969140625 0.57689453125 0.2969140625 0.59400390625 0.3134375 0.59400390625 0.3134375 0.57689453125
10 0.6579296875 0.154072265625 0.6428515625 0.154072265625 0.6428515625 0.175029296875 0.6579296875 0.175029296875 0.6579296875 0.154072265625
10 0.6381640625 0.718798828125 0.58546875 0.718798828125 0.58546875 0.780224609375 0.6381640625 0.780224609375 0.6381640625 0.718798828125
10 0.41940429687499997 0.45751953125 0.40188476562500003 0.45751953125 0.40188476562500003 0.47705078125 0.41940429687499997 0.47705078125 0.41940429687499997 0.45751953125
10 0.542998046875 0.20852539062500003 0.522431640625 0.20852539062500003 0.522431640625 0.22604492187499997 0.542998046875 0.22604492187499997 0.542998046875 0.20852539062500003
10 0.32359375 0.47064453124999994 0.3062890625 0.47064453124999994 0.3062890625 0.49419921875000006 0.32359375 0.49419921875000006 0.32359375 0.47064453124999994
10 0.689248046875 0.5877148437499999 0.663291015625 0.5877148437499999 0.663291015625 0.6183398437500001 0.689248046875 0.6183398437500001 0.689248046875 0.5877148437499999
10 0.8926367187500001 0.5639062499999999 0.7782617187499999 0.5639062499999999 0.7782617187499999 0.6694921875000001 0.8926367187500001 0.6694921875000001 0.8926367187500001 0.5639062499999999
10 0.259169921875 0.421484375 0.22985351562499998 0.421484375 0.22985351562499998 0.45402343749999996 0.259169921875 0.45402343749999996 0.259169921875 0.421484375
10 0.913134765625 0.5466894531250001 0.874951171875 0.5466894531250001 0.874951171875 0.5792871093749999 0.913134765625 0.5792871093749999 0.913134765625 0.5466894531250001
10 0.334482421875 0.42425781249999994 0.314462890625 0.42425781249999994 0.314462890625 0.44781250000000006 0.334482421875 0.44781250000000006 0.334482421875 0.42425781249999994
10 0.4348828125 0.303447265625 0.4181640625 0.303447265625 0.4181640625 0.323505859375 0.4348828125 0.323505859375 0.4348828125 0.303447265625
10 0.461064453125 0.152861328125 0.440302734375 0.152861328125 0.440302734375 0.17452148437499998 0.461064453125 0.17452148437499998 0.461064453125 0.152861328125
10 0.9568066406250001 0.41369140625 0.9220996093749999 0.41369140625 0.9220996093749999 0.44568359375 0.9568066406250001 0.44568359375 0.9568066406250001 0.41369140625
10 0.597431640625 0.521845703125 0.578349609375 0.521845703125 0.578349609375 0.545537109375 0.597431640625 0.545537109375 0.597431640625 0.521845703125
10 0.871044921875 0.47024414062500003 0.835986328125 0.47024414062500003 0.835986328125 0.49217773437499995 0.871044921875 0.49217773437499995 0.871044921875 0.47024414062500003
10 0.7806054687499999 0.7150000000000001 0.7027929687500001 0.7150000000000001 0.7027929687500001 0.8142968749999999 0.7806054687499999 0.8142968749999999 0.7806054687499999 0.7150000000000001
10 0.67236328125 0.6006445312500001 0.33544921875 0.6006445312500001 0.33544921875 0.8114648437499999 0.67236328125 0.8114648437499999 0.67236328125 0.6006445312500001
10 0.535771484375 0.223486328125 0.316767578125 0.223486328125 0.316767578125 0.34538085937499996 0.535771484375 0.34538085937499996 0.535771484375 0.223486328125
10 0.411259765625 0.7442089843749999 0.394404296875 0.7442089843749999 0.394404296875 0.7645800781250001 0.411259765625 0.7645800781250001 0.411259765625 0.7442089843749999
10 0.80908203125 0.50859375 0.75244140625 0.50859375 0.75244140625 0.5626953125 0.80908203125 0.5626953125 0.80908203125 0.50859375
10 0.8683496093749999 0.216123046875 0.6882910156250001 0.216123046875 0.6882910156250001 0.45086914062499994 0.8683496093749999 0.45086914062499994 0.8683496093749999 0.216123046875
10 0.859169921875 0.3066796875 0.840048828125 0.3066796875 0.840048828125 0.330546875 0.859169921875 0.330546875 0.859169921875 0.3066796875
10 0.6256445312500001 0.200341796875 0.6106835937499999 0.200341796875 0.6106835937499999 0.21739257812499999 0.6256445312500001 0.21739257812499999 0.6256445312500001 0.200341796875
10 0.7876171875 0.73365234375 0.7690234375 0.73365234375 0.7690234375 0.75853515625 0.7876171875 0.75853515625 0.7876171875 0.73365234375
10 0.537119140625 0.427734375 0.254404296875 0.427734375 0.254404296875 0.6484375 0.537119140625 0.6484375 0.537119140625 0.427734375
10 0.360166015625 0.592763671875 0.352255859375 0.592763671875 0.352255859375 0.599619140625 0.360166015625 0.599619140625 0.360166015625 0.592763671875
10 0.4626953125 0.198359375 0.446484375 0.198359375 0.446484375 0.21546875000000001 0.4626953125 0.21546875000000001 0.4626953125 0.198359375
10 0.589111328125 0.648388671875 0.581787109375 0.648388671875 0.581787109375 0.656298828125 0.589111328125 0.656298828125 0.589111328125 0.648388671875
2 0.158203125 0.59375 0.220703125 0.66015625 0.287109375 0.748046875 0.482421875 0.84375 0.5625 0.8671875 0.646484375 0.8671875 0.69921875 0.833984375 0.77734375 0.759765625 0.939453125 0.548828125 0.998046875 0.509765625 0.998046875 0.486328125 0.984375 0.466796875 0.984375 0.4453125 0.970703125 0.416015625 0.8984375 0.330078125 0.861328125 0.2734375 0.744140625 0.15625 0.708984375 0.1328125 0.666015625 0.1171875 0.60546875 0.12109375 0.5078125 0.16015625 0.4140625 0.130859375 0.34375 0.1484375 0.19921875 0.259765625 0.115234375 0.337890625 0.076171875 0.36328125 0.00390625 0.390625 0 0.421875 0.048828125 0.44921875 0.09375 0.494140625 0.158203125 0.59375