10 0.533203125 0.478515625 0.482421875 0.478515625 0.482421875 0.54296875 0.533203125 0.54296875 0.533203125 0.478515625
10 0.43138671874999995 0.684619140625 0.38552734375000003 0.684619140625 0.38552734375000003 0.723583984375 0.43138671874999995 0.723583984375 0.43138671874999995 0.684619140625
10 0.41949218750000006 0.420458984375 0.3886328125 0.420458984375 0.3886328125 0.464306640625 0.41949218750000006 0.464306640625 0.41949218750000006 0.420458984375
10 0.8461132812500001 0.683623046875 0.8042773437499999 0.683623046875 0.8042773437499999 0.731416015625 0.8461132812500001 0.731416015625 0.8461132812500001 0.683623046875
10 0.785595703125 0.646484375 0.744677734375 0.646484375 0.744677734375 0.685546875 0.785595703125 0.685546875 0.785595703125 0.646484375
10 0.46722656249999994 0.467041015625 0.43660156250000004 0.467041015625 0.43660156250000004 0.506591796875 0.46722656249999994 0.506591796875 0.46722656249999994 0.467041015625
10 0.614716796875 0.479541015625 0.582548828125 0.479541015625 0.582548828125 0.518505859375 0.614716796875 0.518505859375 0.614716796875 0.479541015625
10 0.7152734374999999 0.745283203125 0.6792578125000001 0.745283203125 0.6792578125000001 0.785966796875 0.7152734374999999 0.785966796875 0.7152734374999999 0.745283203125
10 0.71115234375 0.1986328125 0.68728515625 0.1986328125 0.68728515625 0.2312890625 0.71115234375 0.2312890625 0.71115234375 0.1986328125
10 0.5216406250000001 0.658740234375 0.4871484375 0.658740234375 0.4871484375 0.701611328125 0.5216406250000001 0.701611328125 0.5216406250000001 0.658740234375
10 0.658662109375 0.364736328125 0.633330078125 0.364736328125 0.633330078125 0.38967773437500003 0.658662109375 0.38967773437500003 0.658662109375 0.364736328125
10 0.47847656250000004 0.53708984375 0.45367187500000006 0.53708984375 0.45367187500000006 0.56447265625 0.47847656250000004 0.56447265625 0.47847656250000004 0.53708984375
10 0.6571386718750001 0.29641601562500003 0.6319238281249999 0.29641601562500003 0.6319238281249999 0.33249023437499997 0.6571386718750001 0.33249023437499997 0.6571386718750001 0.29641601562500003
10 0.588994140625 0.26673828125 0.567255859375 0.26673828125 0.567255859375 0.29724609375 0.588994140625 0.29724609375 0.588994140625 0.26673828125
10 0.872705078125 0.38290039062500003 0.850927734375 0.38290039062500003 0.850927734375 0.415927734375 0.872705078125 0.415927734375 0.872705078125 0.38290039062500003
10 0.57693359375 0.506484375 0.54513671875 0.506484375 0.54513671875 0.5433203125 0.57693359375 0.5433203125 0.57693359375 0.506484375
10 0.70283203125 0.39671875 0.68193359375 0.39671875 0.68193359375 0.41531250000000003 0.70283203125 0.41531250000000003 0.70283203125 0.39671875
10 0.8599511718749999 0.53486328125 0.8412207031250001 0.53486328125 0.8412207031250001 0.56572265625 0.8599511718749999 0.56572265625 0.8599511718749999 0.53486328125
10 0.643232421875 0.5838964843750001 0.614580078125 0.5838964843750001 0.614580078125 0.6133691406249999 0.643232421875 0.6133691406249999 0.643232421875 0.5838964843750001
10 0.8160449218749999 0.479892578125 0.799189453125 0.479892578125 0.799189453125 0.500107421875 0.8160449218749999 0.500107421875 0.8160449218749999 0.479892578125
10 0.7114843750000001 0.523955078125 0.6976953124999999 0.523955078125 0.6976953124999999 0.541474609375 0.7114843750000001 0.541474609375 0.7114843750000001 0.523955078125
10 0.603388671875 0.721484375 0.588017578125 0.721484375 0.588017578125 0.7404296875 0.603388671875 0.7404296875 0.603388671875 0.721484375
10 0.355400390625 0.71455078125 0.346748046875 0.71455078125 0.346748046875 0.72783203125 0.355400390625 0.72783203125 0.355400390625 0.71455078125
10 0.90345703125 0.700166015625 0.88755859375 0.700166015625 0.88755859375 0.720732421875 0.90345703125 0.720732421875 0.90345703125 0.700166015625
10 0.23075195312500002 0.6640234375 0.21846679687499998 0.6640234375 0.21846679687499998 0.6777734375 0.23075195312500002 0.6777734375 0.23075195312500002 0.6640234375
10 0.7552148437499999 0.42369140625 0.7369726562500001 0.42369140625 0.7369726562500001 0.43958984375 0.7552148437499999 0.43958984375 0.7552148437499999 0.42369140625
2 0.2421875 0.75 0.291015625 0.787109375 0.373046875 0.83203125 0.41015625 0.84375 0.546875 0.85546875 0.65234375 0.892578125 0.740234375 0.8828125 0.783203125 0.865234375 0.8671875 0.802734375 0.9140625 0.751953125 0.958984375 0.681640625 0.98828125 0.669921875 0.990234375 0.6484375 0.962890625 0.611328125 0.9296875 0.51953125 0.8671875 0.267578125 0.84765625 0.23046875 0.79296875 0.16015625 0.771484375 0.140625 0.71484375 0.11328125 0.615234375 0.11328125 0.548828125 0.150390625 0.427734375 0.189453125 0.373046875 0.197265625 0.28515625 0.232421875 0.234375 0.279296875 0.15234375 0.3359375 0.064453125 0.39453125 0.00390625 0.419921875 0 0.484375 0.09765625 0.57421875 0.130859375 0.625 0.2421875 0.75