0 0.7228417968749999 0.6449609374999999 0.595048828125 0.6449609374999999 0.595048828125 0.7342187499999999 0.7228417968749999 0.7342187499999999 0.7228417968749999 0.6449609374999999
0 0.709599609375 0.6142578125 0.605830078125 0.6142578125 0.605830078125 0.744140625 0.709599609375 0.744140625 0.709599609375 0.6142578125
0 0.297978515625 0.49200195312500006 0.21959960937499998 0.49200195312500006 0.21959960937499998 0.6369042968749999 0.297978515625 0.6369042968749999 0.297978515625 0.49200195312500006
0 0.3198828125 0.338251953125 0.2367578125 0.338251953125 0.2367578125 0.410771484375 0.3198828125 0.410771484375 0.3198828125 0.338251953125
0 0.6965625 0.42277343749999996 0.5993359375 0.42277343749999996 0.5993359375 0.519140625 0.6965625 0.519140625 0.6965625 0.42277343749999996
0 0.62634765625 0.27337890625 0.52599609375 0.27337890625 0.52599609375 0.43658203125000006 0.62634765625 0.43658203125000006 0.62634765625 0.27337890625
0 0.511669921875 0.04939453125 0.439033203125 0.04939453125 0.439033203125 0.11162109375 0.511669921875 0.11162109375 0.511669921875 0.04939453125
0 0.37650390625 0.174677734375 0.32810546875 0.174677734375 0.32810546875 0.268681640625 0.37650390625 0.268681640625 0.37650390625 0.174677734375
0 0.27541015625 0.600703125 0.21947265625 0.600703125 0.21947265625 0.7215625 0.27541015625 0.7215625 0.27541015625 0.600703125
0 0.2469140625 0.446513671875 0.2103515625 0.446513671875 0.2103515625 0.485126953125 0.2469140625 0.485126953125 0.2469140625 0.446513671875
0 0.38154296875 0.53279296875 0.34845703125 0.53279296875 0.34845703125 0.57560546875 0.38154296875 0.57560546875 0.38154296875 0.53279296875
0 0.665986328125 0.432548828125 0.617216796875 0.432548828125 0.617216796875 0.489833984375 0.665986328125 0.489833984375 0.665986328125 0.432548828125
0 0.506787109375 0.9593457031250001 0.469306640625 0.9593457031250001 0.469306640625 0.9947558593749999 0.506787109375 0.9947558593749999 0.506787109375 0.9593457031250001
0 0.17665039062500001 0.420068359375 0.138310546875 0.420068359375 0.138310546875 0.471064453125 0.17665039062500001 0.471064453125 0.17665039062500001 0.420068359375
0 0.589599609375 0.2719921875 0.549072265625 0.2719921875 0.549072265625 0.3246875 0.589599609375 0.3246875 0.589599609375 0.2719921875
0 0.191953125 0.295830078125 0.1588671875 0.295830078125 0.1588671875 0.33944335937500003 0.191953125 0.33944335937500003 0.191953125 0.295830078125
0 0.43271484375 0.30212890625 0.40373046874999996 0.30212890625 0.40373046874999996 0.33802734375 0.43271484375 0.33802734375 0.43271484375 0.30212890625
0 0.495693359375 0.709833984375 0.465244140625 0.709833984375 0.465244140625 0.748173828125 0.495693359375 0.748173828125 0.495693359375 0.709833984375
0 0.356708984375 0.190830078125 0.328369140625 0.190830078125 0.328369140625 0.238623046875 0.356708984375 0.238623046875 0.356708984375 0.190830078125
0 0.46063476562499994 0.49041992187499994 0.343076171875 0.49041992187499994 0.343076171875 0.6209082031250001 0.46063476562499994 0.6209082031250001 0.46063476562499994 0.49041992187499994
0 0.57763671875 0.357802734375 0.54443359375 0.357802734375 0.54443359375 0.394150390625 0.57763671875 0.394150390625 0.57763671875 0.357802734375
0 0.5096875 0.493505859375 0.48984375 0.493505859375 0.48984375 0.520166015625 0.5096875 0.520166015625 0.5096875 0.493505859375
0 0.37412109375 0.638017578125 0.35587890624999996 0.638017578125 0.35587890624999996 0.673505859375 0.37412109375 0.673505859375 0.37412109375 0.638017578125
0 0.553486328125 0.549853515625 0.530498046875 0.549853515625 0.530498046875 0.579052734375 0.553486328125 0.579052734375 0.553486328125 0.549853515625
0 0.809375 0.605791015625 0.76875 0.605791015625 0.76875 0.641279296875 0.809375 0.641279296875 0.809375 0.605791015625
0 0.40426757812499997 0.349853515625 0.383349609375 0.349853515625 0.383349609375 0.378662109375 0.40426757812499997 0.378662109375 0.40426757812499997 0.349853515625
0 0.456787109375 0.18302734375000002 0.430439453125 0.18302734375000002 0.430439453125 0.21029296875 0.456787109375 0.21029296875 0.456787109375 0.18302734375000002
0 0.62806640625 0.227216796875 0.61021484375 0.227216796875 0.61021484375 0.25032226562500004 0.62806640625 0.25032226562500004 0.62806640625 0.227216796875
0 0.504599609375 0.3742578125 0.48368164062499996 0.3742578125 0.48368164062499996 0.40164062500000003 0.504599609375 0.40164062500000003 0.504599609375 0.3742578125
0 0.45573242187499996 0.041318359375 0.43196289062500004 0.041318359375 0.43196289062500004 0.070908203125 0.45573242187499996 0.070908203125 0.45573242187499996 0.041318359375
2 0.29296875 0 0.205078125 0.109375 0.1328125 0.220703125 0.111328125 0.265625 0.095703125 0.328125 0.095703125 0.421875 0.12109375 0.509765625 0.185546875 0.591796875 0.21875 0.61328125 0.224609375 0.705078125 0.24609375 0.7578125 0.279296875 0.794921875 0.3046875 0.84375 0.34375 0.880859375 0.388671875 0.94140625 0.423828125 0.998046875 0.873046875 0.998046875 0.8828125 0.873046875 0.900390625 0.8046875 0.90625 0.732421875 0.900390625 0.595703125 0.884765625 0.490234375 0.8515625 0.392578125 0.8046875 0.30859375 0.755859375 0.154296875 0.703125 0.056640625 0.66796875 0.009765625 0.654296875 0 0.29296875 0