10 0.556640625 0.75 0.474609375 0.75 0.474609375 0.822265625 0.556640625 0.822265625 0.556640625 0.75
10 0.672490234375 0.375869140625 0.579853515625 0.375869140625 0.579853515625 0.44795898437500004 0.672490234375 0.44795898437500004 0.672490234375 0.375869140625
10 0.610009765625 0.599384765625 0.549482421875 0.599384765625 0.549482421875 0.661357421875 0.610009765625 0.661357421875 0.610009765625 0.599384765625
10 0.591259765625 0.6039453124999999 0.556201171875 0.6039453124999999 0.556201171875 0.6509375000000001 0.591259765625 0.6509375000000001 0.591259765625 0.6039453124999999
10 0.6097070312499999 0.7319921875000001 0.48990234375 0.7319921875000001 0.48990234375 0.8314843749999999 0.6097070312499999 0.8314843749999999 0.6097070312499999 0.7319921875000001
10 0.6886621093749999 0.67638671875 0.5720800781250001 0.67638671875 0.5720800781250001 0.77869140625 0.6886621093749999 0.77869140625 0.6886621093749999 0.67638671875
10 0.5290234375 0.7450292968750001 0.47878906250000003 0.7450292968750001 0.47878906250000003 0.7901269531249999 0.5290234375 0.7901269531249999 0.5290234375 0.7450292968750001
10 0.722060546875 0.348916015625 0.680283203125 0.348916015625 0.680283203125 0.427958984375 0.722060546875 0.427958984375 0.722060546875 0.348916015625
10 0.901640625 0.5243554687499999 0.778046875 0.5243554687499999 0.778046875 0.6348242187500001 0.901640625 0.6348242187500001 0.901640625 0.5243554687499999
10 0.614609375 0.15103515625 0.5875390625 0.15103515625 0.5875390625 0.17587890625 0.614609375 0.17587890625 0.614609375 0.15103515625
10 0.708232421875 0.6317773437499999 0.659931640625 0.6317773437499999 0.659931640625 0.6826757812500001 0.708232421875 0.6826757812500001 0.708232421875 0.6317773437499999
10 0.575087890625 0.48572265625 0.549912109375 0.48572265625 0.549912109375 0.51623046875 0.575087890625 0.51623046875 0.575087890625 0.48572265625
10 0.46139648437499997 0.753798828125 0.443408203125 0.753798828125 0.443408203125 0.775498046875 0.46139648437499997 0.775498046875 0.46139648437499997 0.753798828125
10 0.610712890625 0.746796875 0.581669921875 0.746796875 0.581669921875 0.7795703125 0.610712890625 0.7795703125 0.610712890625 0.746796875
10 0.8261523437499999 0.662216796875 0.76759765625 0.662216796875 0.76759765625 0.715712890625 0.8261523437499999 0.715712890625 0.8261523437499999 0.662216796875
10 0.5720703125 0.713642578125 0.5470703125 0.713642578125 0.5470703125 0.744365234375 0.5720703125 0.744365234375 0.5720703125 0.713642578125
10 0.7098828125 0.38140625 0.654375 0.38140625 0.654375 0.45160156249999994 0.7098828125 0.45160156249999994 0.7098828125 0.38140625
10 0.65421875 0.821279296875 0.632890625 0.821279296875 0.632890625 0.845712890625 0.65421875 0.845712890625 0.65421875 0.821279296875
10 0.718583984375 0.6167578125000001 0.687666015625 0.6167578125000001 0.687666015625 0.6537499999999999 0.718583984375 0.6537499999999999 0.718583984375 0.6167578125000001
10 0.69556640625 0.443232421875 0.67357421875 0.443232421875 0.67357421875 0.470830078125 0.69556640625 0.470830078125 0.69556640625 0.443232421875
10 0.7843359375000001 0.631123046875 0.7517968749999999 0.631123046875 0.7517968749999999 0.658916015625 0.7843359375000001 0.658916015625 0.7843359375000001 0.631123046875
10 0.750205078125 0.735029296875 0.724404296875 0.735029296875 0.724404296875 0.769853515625 0.750205078125 0.769853515625 0.750205078125 0.735029296875
10 0.76513671875 0.400478515625 0.73486328125 0.400478515625 0.73486328125 0.432529296875 0.76513671875 0.432529296875 0.76513671875 0.400478515625
10 0.590205078125 0.818369140625 0.573857421875 0.818369140625 0.573857421875 0.834951171875 0.590205078125 0.834951171875 0.590205078125 0.818369140625
10 0.656416015625 0.23782226562500003 0.634599609375 0.23782226562500003 0.634599609375 0.258779296875 0.656416015625 0.258779296875 0.656416015625 0.23782226562500003
10 0.417333984375 0.7903710937499999 0.371533203125 0.7903710937499999 0.371533203125 0.8261914062500001 0.417333984375 0.8261914062500001 0.417333984375 0.7903710937499999
2 0.494140625 0 0.4140625 0.048828125 0.39453125 0.0703125 0.36328125 0.1171875 0.333984375 0.1875 0.326171875 0.2109375 0.318359375 0.33984375 0.255859375 0.642578125 0.25390625 0.75390625 0.27734375 0.833984375 0.3203125 0.896484375 0.384765625 0.958984375 0.419921875 0.96875 0.6171875 0.970703125 0.833984375 0.955078125 0.876953125 0.919921875 0.912109375 0.869140625 0.91796875 0.849609375 0.9140625 0.734375 0.955078125 0.6875 0.970703125 0.654296875 0.9609375 0.5859375 0.958984375 0.474609375 0.92578125 0.408203125 0.869140625 0.34375 0.828125 0.330078125 0.751953125 0.326171875 0.73046875 0.25 0.625 0.125 0.60546875 0.05078125 0.5390625 0 0.494140625 0