0 0.6672949218750001 0.16537109375 0.610244140625 0.16537109375 0.610244140625 0.22240234375 0.6672949218750001 0.22240234375 0.6672949218750001 0.16537109375
0 0.5021289062500001 0.265576171875 0.45443359375 0.265576171875 0.45443359375 0.313525390625 0.5021289062500001 0.313525390625 0.5021289062500001 0.265576171875
0 0.711181640625 0.25588867187500003 0.664794921875 0.25588867187500003 0.664794921875 0.291494140625 0.711181640625 0.291494140625 0.711181640625 0.25588867187500003
0 0.9413476562499999 0.3280859375 0.9092382812500001 0.3280859375 0.9092382812500001 0.3574609375 0.9413476562499999 0.3574609375 0.9413476562499999 0.3280859375
0 0.8114062499999999 0.5501074218750001 0.7755078125 0.5501074218750001 0.7755078125 0.5875878906249999 0.8114062499999999 0.5875878906249999 0.8114062499999999 0.5501074218750001
0 0.638017578125 0.598388671875 0.593427734375 0.598388671875 0.593427734375 0.649658203125 0.638017578125 0.649658203125 0.638017578125 0.598388671875
0 0.771611328125 0.35856445312499996 0.728388671875 0.35856445312499996 0.728388671875 0.390966796875 0.771611328125 0.390966796875 0.771611328125 0.35856445312499996
0 0.118896484375 0.098681640625 0.087158203125 0.098681640625 0.087158203125 0.124599609375 0.118896484375 0.124599609375 0.118896484375 0.098681640625
0 0.42919921875 0.327373046875 0.39208984375 0.327373046875 0.39208984375 0.359658203125 0.42919921875 0.359658203125 0.42919921875 0.327373046875
0 0.046005859375 0.2196484375 0.004072265625 0.2196484375 0.004072265625 0.261328125 0.046005859375 0.261328125 0.046005859375 0.2196484375
0 0.49896484374999994 0.61119140625 0.44634765625000006 0.61119140625 0.44634765625000006 0.65833984375 0.49896484374999994 0.65833984375 0.49896484374999994 0.61119140625
0 0.135966796875 0.44931640625 0.11598632812500001 0.44931640625 0.11598632812500001 0.46916015624999996 0.135966796875 0.46916015624999996 0.135966796875 0.44931640625
0 0.9192675781249999 0.38208984375 0.8756542968750001 0.38208984375 0.8756542968750001 0.42505859375000005 0.9192675781249999 0.42505859375000005 0.9192675781249999 0.38208984375
0 0.6775488281250001 0.35061523437500003 0.6495996093749999 0.35061523437500003 0.6495996093749999 0.38278320312499997 0.6775488281250001 0.38278320312499997 0.6775488281250001 0.35061523437500003
0 0.535439453125 0.3852734375 0.509482421875 0.3852734375 0.509482421875 0.4076953125 0.535439453125 0.4076953125 0.535439453125 0.3852734375
0 0.79150390625 0.22389648437499998 0.76123046875 0.22389648437499998 0.76123046875 0.245595703125 0.79150390625 0.245595703125 0.79150390625 0.22389648437499998
0 0.265146484375 0.171015625 0.244619140625 0.171015625 0.244619140625 0.1934765625 0.265146484375 0.1934765625 0.265146484375 0.171015625
0 0.430302734375 0.08017578125 0.405166015625 0.08017578125 0.405166015625 0.10525390625 0.430302734375 0.10525390625 0.430302734375 0.08017578125
0 0.27728515625 0.24661132812500003 0.16681640625 0.24661132812500003 0.16681640625 0.33737304687499997 0.27728515625 0.33737304687499997 0.27728515625 0.24661132812500003
0 0.825791015625 0.12188476562499999 0.809951171875 0.12188476562499999 0.809951171875 0.136669921875 0.825791015625 0.136669921875 0.825791015625 0.12188476562499999
0 0.28568359375 0.027294921875 0.25681640625 0.027294921875 0.25681640625 0.05036132812500001 0.28568359375 0.05036132812500001 0.28568359375 0.027294921875
0 0.45657226562500003 0.41017578125 0.42186523437499995 0.41017578125 0.42186523437499995 0.45017578125 0.45657226562500003 0.45017578125 0.45657226562500003 0.41017578125
0 0.96458984375 0.16861328125 0.94068359375 0.16861328125 0.94068359375 0.19076171875 0.96458984375 0.19076171875 0.96458984375 0.16861328125
0 0.8590625 0.364951171875 0.8313671875 0.364951171875 0.8313671875 0.392861328125 0.8590625 0.392861328125 0.8590625 0.364951171875
0 0.47568359375 0.00025390625 0.44279296874999996 0.00025390625 0.44279296874999996 0.018300781250000002 0.47568359375 0.018300781250000002 0.47568359375 0.00025390625
0 0.6303124999999999 0.505380859375 0.6118750000000001 0.505380859375 0.6118750000000001 0.518056640625 0.6303124999999999 0.518056640625 0.6303124999999999 0.505380859375
0 0.908798828125 0.181181640625 0.871474609375 0.181181640625 0.871474609375 0.20749023437499997 0.908798828125 0.20749023437499997 0.908798828125 0.181181640625
0 0.57587890625 0.00009765625 0.54521484375 0.00009765625 0.54521484375 0.01748046875 0.57587890625 0.01748046875 0.57587890625 0.00009765625
0 0 0.331240234375 0.035595703125 0.331240234375 0.035595703125 0.267392578125 0 0.267392578125 0 0.331240234375
0 0.501845703125 0.336044921875 0.490341796875 0.336044921875 0.490341796875 0.347548828125 0.501845703125 0.347548828125 0.501845703125 0.336044921875
0 0.7366601562499999 0.10040039062499999 0.7223242187500001 0.10040039062499999 0.7223242187500001 0.114794921875 0.7366601562499999 0.114794921875 0.7366601562499999 0.10040039062499999
0 0.9058886718749999 0.121494140625 0.8831738281250001 0.121494140625 0.8831738281250001 0.14463867187499999 0.9058886718749999 0.14463867187499999 0.9058886718749999 0.121494140625
0 0.340712890625 0.11402343749999999 0.308232421875 0.11402343749999999 0.308232421875 0.1452734375 0.340712890625 0.1452734375 0.340712890625 0.11402343749999999
0 0.95439453125 0.063388671875 0.91767578125 0.063388671875 0.91767578125 0.08860351562499999 0.95439453125 0.08860351562499999 0.95439453125 0.063388671875
0 0.9320703124999999 0.044638671875 0.8999609375000001 0.044638671875 0.8999609375000001 0.086103515625 0.9320703124999999 0.086103515625 0.9320703124999999 0.044638671875
2 0 0.546875 0.24609375 0.611328125 0.35546875 0.658203125 0.41796875 0.6640625 0.44921875 0.654296875 0.49609375 0.65625 0.63671875 0.681640625 0.701171875 0.677734375 0.779296875 0.654296875 0.810546875 0.630859375 0.849609375 0.626953125 0.896484375 0.607421875 0.935546875 0.56640625 0.958984375 0.5078125 0.962890625 0.416015625 0.95703125 0.3515625 0.939453125 0.291015625 0.935546875 0.1875 0.921875 0.18359375 0.912109375 0.146484375 0.88671875 0.138671875 0.888671875 0.119140625 0.880859375 0.109375 0.849609375 0.09375 0.7578125 0.0703125 0.623046875 0.060546875 0.52734375 0.109375 0.4921875 0.142578125 0.474609375 0.17578125 0.416015625 0.166015625 0.34375 0.185546875 0.294921875 0.216796875 0.21875 0.29296875 0.1171875 0.3671875 0 0.4765625 0 0.546875