0 0.839140625 0.304248046875 0.7230859374999999 0.304248046875 0.7230859374999999 0.406298828125 0.839140625 0.406298828125 0.839140625 0.304248046875
0 0.44955078125 0.34855468749999996 0.37076171874999997 0.34855468749999996 0.37076171874999997 0.433203125 0.44955078125 0.433203125 0.44955078125 0.34855468749999996
0 0.564697265625 0.47992187499999994 0.491943359375 0.47992187499999994 0.491943359375 0.5581640625000001 0.564697265625 0.5581640625000001 0.564697265625 0.47992187499999994
0 0.7139257812500001 0.368203125 0.6132226562499999 0.368203125 0.6132226562499999 0.463359375 0.7139257812500001 0.463359375 0.7139257812500001 0.368203125
0 0.512802734375 0.040322265625 0.457900390625 0.040322265625 0.457900390625 0.106787109375 0.512802734375 0.106787109375 0.512802734375 0.040322265625
0 0.4340625 0.26490234375 0.3730859375 0.26490234375 0.3730859375 0.31958984375 0.4340625 0.31958984375 0.4340625 0.26490234375
0 0.508037109375 0.6615624999999999 0.43485351562499996 0.6615624999999999 0.43485351562499996 0.7378515625000001 0.508037109375 0.7378515625000001 0.508037109375 0.6615624999999999
0 0.6141699218750001 0.600390625 0.5518457031249999 0.600390625 0.5518457031249999 0.6603515625 0.6141699218750001 0.6603515625 0.6141699218750001 0.600390625
0 0.3609765625 0.6222558593749999 0.3089453125 0.6222558593749999 0.3089453125 0.6814550781250001 0.3609765625 0.6814550781250001 0.3609765625 0.6222558593749999
0 0.6946386718750001 0.8609277343749999 0.6315332031249999 0.8609277343749999 0.6315332031249999 0.9252050781250001 0.6946386718750001 0.9252050781250001 0.6946386718750001 0.8609277343749999
0 0.669326171875 0.316171875 0.615830078125 0.316171875 0.615830078125 0.3679296875 0.669326171875 0.3679296875 0.669326171875 0.316171875
0 0.20625976562499998 0.444072265625 0.165341796875 0.444072265625 0.165341796875 0.502724609375 0.20625976562499998 0.502724609375 0.20625976562499998 0.444072265625
0 0.24440429687499998 0.421513671875 0.20579101562500002 0.421513671875 0.20579101562500002 0.459853515625 0.24440429687499998 0.459853515625 0.24440429687499998 0.421513671875
0 0.303662109375 0.816650390625 0.264228515625 0.816650390625 0.264228515625 0.870849609375 0.303662109375 0.870849609375 0.303662109375 0.816650390625
0 0.44315429687499996 0.635224609375 0.393291015625 0.635224609375 0.393291015625 0.693876953125 0.44315429687499996 0.693876953125 0.44315429687499996 0.635224609375
0 0.42339843750000006 0.57287109375 0.3769140625 0.57287109375 0.3769140625 0.61755859375 0.42339843750000006 0.61755859375 0.42339843750000006 0.57287109375
0 0.7730859375 0.8095703125 0.720078125 0.8095703125 0.720078125 0.853515625 0.7730859375 0.853515625 0.7730859375 0.8095703125
0 0.622392578125 0.6467871093750001 0.562177734375 0.6467871093750001 0.562177734375 0.7028222656249999 0.622392578125 0.7028222656249999 0.622392578125 0.6467871093750001
0 0.471533203125 0.7520117187500001 0.41764648437499996 0.7520117187500001 0.41764648437499996 0.8124414062499999 0.471533203125 0.8124414062499999 0.471533203125 0.7520117187500001
0 0.64453125 0.5375390624999999 0.607421875 0.5375390624999999 0.607421875 0.5776953125000001 0.64453125 0.5776953125000001 0.64453125 0.5375390624999999
0 0.467412109375 0.18712890625 0.439345703125 0.18712890625 0.439345703125 0.22130859374999998 0.467412109375 0.22130859374999998 0.467412109375 0.18712890625
0 0.2887109375 0.16988281249999998 0.24597656250000002 0.16988281249999998 0.24597656250000002 0.22488281250000003 0.2887109375 0.22488281250000003 0.2887109375 0.16988281249999998
0 0.653759765625 0.9165625000000001 0.614794921875 0.9165625000000001 0.614794921875 0.9545312499999999 0.653759765625 0.9545312499999999 0.653759765625 0.9165625000000001
0 0.3449609375 0.7152441406250001 0.31570312500000003 0.7152441406250001 0.31570312500000003 0.7476464843749999 0.3449609375 0.7476464843749999 0.3449609375 0.7152441406250001
0 0.7989843750000001 0.51044921875 0.7664453124999999 0.51044921875 0.7664453124999999 0.53740234375 0.7989843750000001 0.53740234375 0.7989843750000001 0.51044921875
0 0.539033203125 0.0006445312499999999 0.48342773437500003 0.0006445312499999999 0.48342773437500003 0.02611328125 0.539033203125 0.02611328125 0.539033203125 0.0006445312499999999
0 0.3469140625 0.463505859375 0.32449218750000003 0.463505859375 0.32449218750000003 0.491103515625 0.3469140625 0.491103515625 0.3469140625 0.463505859375
0 0.671416015625 0.82208984375 0.643037109375 0.82208984375 0.643037109375 0.85173828125 0.671416015625 0.85173828125 0.671416015625 0.82208984375
0 0.5365527343750001 0.92595703125 0.5122753906249999 0.92595703125 0.5122753906249999 0.95099609375 0.5365527343750001 0.95099609375 0.5365527343750001 0.92595703125
0 0.30221679687499997 0.39518554687499996 0.276416015625 0.39518554687499996 0.276416015625 0.421728515625 0.30221679687499997 0.421728515625 0.30221679687499997 0.39518554687499996
0 0.81759765625 0.609541015625 0.79861328125 0.609541015625 0.79861328125 0.626787109375 0.81759765625 0.626787109375 0.81759765625 0.609541015625
0 0.23697265625 0.506318359375 0.21568359374999999 0.506318359375 0.21568359374999999 0.538603515625 0.23697265625 0.538603515625 0.23697265625 0.506318359375
0 0.506796875 0.41034179687499994 0.48589843750000006 0.41034179687499994 0.48589843750000006 0.42903320312500004 0.506796875 0.42903320312500004 0.506796875 0.41034179687499994
0 0.5108984375000001 0.8512304687500001 0.493984375 0.8512304687500001 0.493984375 0.8675195312499999 0.5108984375000001 0.8675195312499999 0.5108984375000001 0.8512304687500001
0 0.3787890625 0.20794921875 0.365859375 0.20794921875 0.365859375 0.22052734375 0.3787890625 0.22052734375 0.3787890625 0.20794921875
0 0.420654296875 0.80537109375 0.402119140625 0.80537109375 0.402119140625 0.84208984375 0.420654296875 0.84208984375 0.420654296875 0.80537109375
0 0.9290429687499999 0.6780078125 0.9166601562500001 0.6780078125 0.9166601562500001 0.7008984375 0.9290429687499999 0.7008984375 0.9290429687499999 0.6780078125
2 0.33984375 0.984375 0.35546875 0.990234375 0.443359375 0.986328125 0.505859375 0.998046875 0.72265625 0.998046875 0.72265625 0.986328125 0.7734375 0.96484375 0.8203125 0.93359375 0.884765625 0.85546875 0.90625 0.810546875 0.931640625 0.6640625 0.916015625 0.517578125 0.88671875 0.431640625 0.87109375 0.400390625 0.8203125 0.337890625 0.787109375 0.251953125 0.71484375 0.18359375 0.552734375 0 0.376953125 0.00390625 0.310546875 0.09375 0.25 0.2109375 0.22265625 0.248046875 0.162109375 0.458984375 0.171875 0.73828125 0.2109375 0.828125 0.248046875 0.888671875 0.33984375 0.984375