10 0.29755859375 0.48871093749999994 0.19357421875 0.48871093749999994 0.19357421875 0.58328125 0.29755859375 0.58328125 0.29755859375 0.48871093749999994
10 0.31123046875 0.49148437500000003 0.19904296875 0.49148437500000003 0.19904296875 0.574921875 0.31123046875 0.574921875 0.31123046875 0.49148437500000003
10 0.397099609375 0.1759375 0.310908203125 0.1759375 0.310908203125 0.241796875 0.397099609375 0.241796875 0.397099609375 0.1759375
10 0.27125 0.48101562500000006 0.099375 0.48101562500000006 0.099375 0.6039453124999999 0.27125 0.6039453124999999 0.27125 0.48101562500000006
10 0.25447265625000004 0.7090722656249999 0.19865234375000002 0.7090722656249999 0.19865234375000002 0.7772558593750001 0.25447265625000004 0.7772558593750001 0.25447265625000004 0.7090722656249999
10 0.15165039062500002 0.526640625 0.101513671875 0.526640625 0.101513671875 0.5719921875 0.15165039062500002 0.5719921875 0.15165039062500002 0.526640625
10 0.269296875 0.6627539062500001 0.226328125 0.6627539062500001 0.226328125 0.7044335937499999 0.269296875 0.7044335937499999 0.269296875 0.6627539062500001
10 0.21927734375000002 0.255380859375 0.17306640625 0.255380859375 0.17306640625 0.342783203125 0.21927734375000002 0.342783203125 0.21927734375000002 0.255380859375
10 0.438076171875 0.750703125 0.389580078125 0.750703125 0.389580078125 0.807890625 0.438076171875 0.807890625 0.438076171875 0.750703125
10 0.305791015625 0.510849609375 0.263544921875 0.510849609375 0.263544921875 0.544814453125 0.305791015625 0.544814453125 0.305791015625 0.510849609375
10 0.35529296875 0.485576171875 0.32001953125 0.485576171875 0.32001953125 0.524189453125 0.35529296875 0.524189453125 0.35529296875 0.485576171875
10 0.5340625 0.598837890625 0.5098828125 0.598837890625 0.5098828125 0.626748046875 0.5340625 0.626748046875 0.5340625 0.598837890625
10 0.28052734375 0.6585058593750001 0.18798828125 0.6585058593750001 0.18798828125 0.8053613281249999 0.28052734375 0.8053613281249999 0.28052734375 0.6585058593750001
10 0.39171875 0.46533203125 0.104609375 0.46533203125 0.104609375 0.82470703125 0.39171875 0.82470703125 0.39171875 0.46533203125
10 0.33254882812500003 0.0016210937500000001 0.296865234375 0.0016210937500000001 0.296865234375 0.03974609375 0.33254882812500003 0.03974609375 0.33254882812500003 0.0016210937500000001
10 0.44476562499999994 0.68029296875 0.2134375 0.68029296875 0.2134375 0.8382617187499999 0.44476562499999994 0.8382617187499999 0.44476562499999994 0.68029296875
10 0.333623046875 0.197412109375 0.309931640625 0.197412109375 0.309931640625 0.227392578125 0.333623046875 0.227392578125 0.333623046875 0.197412109375
10 0.639287109375 0.58349609375 0.606806640625 0.58349609375 0.606806640625 0.61767578125 0.639287109375 0.61767578125 0.639287109375 0.58349609375
10 0.486328125 0.23776367187499997 0.46046875 0.23776367187499997 0.46046875 0.261767578125 0.486328125 0.261767578125 0.486328125 0.23776367187499997
10 0.367529296875 0.435546875 0.33903320312499996 0.435546875 0.33903320312499996 0.466796875 0.367529296875 0.466796875 0.367529296875 0.435546875
10 0.5639453125 0.21937500000000001 0.544453125 0.21937500000000001 0.544453125 0.24500000000000002 0.5639453125 0.24500000000000002 0.5639453125 0.21937500000000001
10 0.1999609375 0.304189453125 0.1713671875 0.304189453125 0.1713671875 0.34280273437500003 0.1999609375 0.34280273437500003 0.1999609375 0.304189453125
10 0.2391796875 0.504423828125 0.2137109375 0.504423828125 0.2137109375 0.546357421875 0.2391796875 0.546357421875 0.2391796875 0.504423828125
10 0.4383203125 0.6245703125000001 0.4103125 0.6245703125000001 0.4103125 0.6547265624999999 0.4383203125 0.6547265624999999 0.4383203125 0.6245703125000001
10 0.310654296875 0.765869140625 0.28750976562499997 0.765869140625 0.28750976562499997 0.794677734375 0.310654296875 0.794677734375 0.310654296875 0.765869140625
10 0.37985351562499997 0.7711816406249999 0.35452148437500003 0.7711816406249999 0.35452148437500003 0.7991308593750001 0.37985351562499997 0.7991308593750001 0.37985351562499997 0.7711816406249999
10 0.7251562500000001 0.5684375 0.6859765624999999 0.5684375 0.6859765624999999 0.6161328125 0.7251562500000001 0.6161328125 0.7251562500000001 0.5684375
10 0.40523437500000004 0.19517578124999999 0.3896875 0.19517578124999999 0.3896875 0.22302734375000002 0.40523437500000004 0.22302734375000002 0.40523437500000004 0.19517578124999999
10 0.22340820312499998 0.17828125 0.20432617187500002 0.17828125 0.20432617187500002 0.2035546875 0.22340820312499998 0.2035546875 0.22340820312499998 0.17828125
10 0.457958984375 0.43251953125 0.428759765625 0.43251953125 0.428759765625 0.46740234375 0.457958984375 0.46740234375 0.457958984375 0.43251953125
10 0.22218749999999998 0.7447167968749999 0.1987109375 0.7447167968749999 0.1987109375 0.7748144531250001 0.22218749999999998 0.7748144531250001 0.22218749999999998 0.7447167968749999
10 0.566181640625 0.299599609375 0.545146484375 0.299599609375 0.545146484375 0.329814453125 0.566181640625 0.329814453125 0.566181640625 0.299599609375
10 0.381533203125 0.183173828125 0.340146484375 0.183173828125 0.340146484375 0.221357421875 0.381533203125 0.221357421875 0.381533203125 0.183173828125
10 0.466416015625 0.719453125 0.442763671875 0.719453125 0.442763671875 0.7463671875 0.466416015625 0.7463671875 0.466416015625 0.719453125
10 0.49642578125 0.344853515625 0.47427734375 0.344853515625 0.47427734375 0.369990234375 0.49642578125 0.369990234375 0.49642578125 0.344853515625
10 0.21315429687499998 0.25982421875 0.185048828125 0.25982421875 0.185048828125 0.29291015625 0.21315429687499998 0.29291015625 0.21315429687499998 0.25982421875
10 0.65376953125 0.276728515625 0.63529296875 0.276728515625 0.63529296875 0.302880859375 0.65376953125 0.302880859375 0.65376953125 0.276728515625
10 0.5141796875 0.149169921875 0.494609375 0.149169921875 0.494609375 0.168447265625 0.5141796875 0.168447265625 0.5141796875 0.149169921875
10 0.562734375 0.44572265624999996 0.5495703125 0.44572265624999996 0.5495703125 0.46005859375 0.562734375 0.46005859375 0.562734375 0.44572265624999996
10 0.49954101562500003 0.45330078125 0.48143554687499995 0.45330078125 0.48143554687499995 0.47541015625 0.49954101562500003 0.47541015625 0.49954101562500003 0.45330078125
10 0.13345703125 0.543701171875 0.10884765625 0.543701171875 0.10884765625 0.570556640625 0.13345703125 0.570556640625 0.13345703125 0.543701171875
10 0.24177734375 0.726904296875 0.22208984375 0.726904296875 0.22208984375 0.750634765625 0.24177734375 0.750634765625 0.24177734375 0.726904296875
10 0.27896484374999997 0.8154882812500001 0.25619140625000003 0.8154882812500001 0.25619140625000003 0.8407617187499999 0.27896484374999997 0.8407617187499999 0.27896484374999997 0.8154882812500001
10 0.23000976562500003 0.66697265625 0.20163085937499997 0.66697265625 0.20163085937499997 0.69435546875 0.23000976562500003 0.69435546875 0.23000976562500003 0.66697265625
10 0.702158203125 0.45196289062500006 0.687490234375 0.45196289062500006 0.687490234375 0.46651367187500004 0.702158203125 0.46651367187500004 0.702158203125 0.45196289062500006
10 0.40632812500000004 0.8057910156249999 0.38175781249999996 0.8057910156249999 0.38175781249999996 0.8309277343750001 0.40632812500000004 0.8309277343750001 0.40632812500000004 0.8057910156249999
10 0.613779296875 0.21587890625 0.600087890625 0.21587890625 0.600087890625 0.23259765625 0.613779296875 0.23259765625 0.613779296875 0.21587890625
2 0.248046875 0 0.21484375 0.04296875 0.169921875 0.1484375 0.125 0.296875 0.115234375 0.365234375 0.05859375 0.548828125 0.03515625 0.59375 0.03515625 0.650390625 0.017578125 0.658203125 0.02734375 0.671875 0.044921875 0.666015625 0.078125 0.724609375 0.11328125 0.759765625 0.197265625 0.8203125 0.23828125 0.837890625 0.296875 0.84765625 0.408203125 0.841796875 0.62109375 0.779296875 0.65234375 0.751953125 0.705078125 0.73828125 0.7265625 0.724609375 0.828125 0.64453125 0.9140625 0.52734375 0.998046875 0.455078125 0.998046875 0.404296875 0.775390625 0.130859375 0.703125 0.076171875 0.640625 0 0.248046875 0