10 0.537109375 0.5859375 0.46875 0.5859375 0.46875 0.669921875 0.537109375 0.669921875 0.537109375 0.5859375
10 0.733154296875 0.554765625 0.689697265625 0.554765625 0.689697265625 0.613203125 0.733154296875 0.613203125 0.733154296875 0.554765625
10 0.352275390625 0.52587890625 0.283974609375 0.52587890625 0.283974609375 0.58935546875 0.352275390625 0.58935546875 0.352275390625 0.52587890625
10 0.524931640625 0.54541015625 0.47506835937499997 0.54541015625 0.47506835937499997 0.58935546875 0.524931640625 0.58935546875 0.524931640625 0.54541015625
10 0.35012695312500003 0.6036328125 0.29147460937499997 0.6036328125 0.29147460937499997 0.661015625 0.35012695312500003 0.661015625 0.35012695312500003 0.6036328125
10 0.7699316406250001 0.510986328125 0.7437402343749999 0.510986328125 0.7437402343749999 0.542724609375 0.7699316406250001 0.542724609375 0.7699316406250001 0.510986328125
10 0.500029296875 0.48483398437499997 0.43454101562499997 0.48483398437499997 0.43454101562499997 0.552275390625 0.500029296875 0.552275390625 0.500029296875 0.48483398437499997
10 0.640419921875 0.354716796875 0.616416015625 0.354716796875 0.616416015625 0.385048828125 0.640419921875 0.385048828125 0.640419921875 0.354716796875
10 0.188623046875 0.476787109375 0.142666015625 0.476787109375 0.142666015625 0.527119140625 0.188623046875 0.527119140625 0.188623046875 0.476787109375
10 0.6463281249999999 0.5004296874999999 0.6222265625000001 0.5004296874999999 0.6222265625000001 0.5239843750000001 0.6463281249999999 0.5239843750000001 0.6463281249999999 0.5004296874999999
10 0.39787109374999996 0.684619140625 0.36533203125 0.684619140625 0.36533203125 0.723583984375 0.39787109374999996 0.723583984375 0.39787109374999996 0.684619140625
10 0.6907617187499999 0.41653320312500003 0.6617773437500001 0.41653320312500003 0.6617773437500001 0.44530273437499995 0.6907617187499999 0.44530273437499995 0.6907617187499999 0.41653320312500003
10 0.286201171875 0.342841796875 0.253369140625 0.342841796875 0.253369140625 0.377392578125 0.286201171875 0.377392578125 0.286201171875 0.342841796875
10 0.839345703125 0.490146484375 0.812998046875 0.490146484375 0.812998046875 0.5215722656249999 0.839345703125 0.5215722656249999 0.839345703125 0.490146484375
10 0.24857421875000002 0.42186523437499995 0.21357421875 0.42186523437499995 0.21357421875 0.45559570312500003 0.24857421875000002 0.45559570312500003 0.24857421875000002 0.42186523437499995
10 0.35650390625 0.2975390625 0.31587890625 0.2975390625 0.31587890625 0.34164062500000003 0.35650390625 0.34164062500000003 0.35650390625 0.2975390625
10 0.32875 0.43750976562500005 0.27671875 0.43750976562500005 0.27671875 0.48096679687500005 0.32875 0.48096679687500005 0.32875 0.43750976562500005
10 0.254111328125 0.33303710937500003 0.192685546875 0.33303710937500003 0.192685546875 0.39938476562499997 0.254111328125 0.39938476562499997 0.254111328125 0.33303710937500003
10 0.42559570312500006 0.2851953125 0.380576171875 0.2851953125 0.380576171875 0.3354296875 0.42559570312500006 0.3354296875 0.42559570312500006 0.2851953125
10 0.461318359375 0.7605859374999999 0.436142578125 0.7605859374999999 0.436142578125 0.7862890625000001 0.461318359375 0.7862890625000001 0.461318359375 0.7605859374999999
10 0.664296875 0.246494140625 0.6384375 0.246494140625 0.6384375 0.27596679687500003 0.664296875 0.27596679687500003 0.664296875 0.246494140625
10 0.5980566406250001 0.423681640625 0.5601464843749999 0.423681640625 0.5601464843749999 0.45963867187499996 0.5980566406250001 0.45963867187499996 0.5980566406250001 0.423681640625
10 0.776240234375 0.70130859375 0.756962890625 0.70130859375 0.756962890625 0.72837890625 0.776240234375 0.72837890625 0.776240234375 0.70130859375
10 0.5685449218749999 0.27682617187499997 0.5320410156250001 0.27682617187499997 0.5320410156250001 0.304736328125 0.5685449218749999 0.304736328125 0.5685449218749999 0.27682617187499997
10 0.432734375 0.618916015625 0.4022265625 0.618916015625 0.4022265625 0.649638671875 0.432734375 0.649638671875 0.432734375 0.618916015625
10 0.78421875 0.467822265625 0.760703125 0.467822265625 0.760703125 0.496044921875 0.78421875 0.496044921875 0.78421875 0.467822265625
10 0.55115234375 0.314814453125 0.49181640625 0.314814453125 0.49181640625 0.357060546875 0.55115234375 0.357060546875 0.55115234375 0.314814453125
10 0.4426953125 0.224677734375 0.409375 0.224677734375 0.409375 0.266298828125 0.4426953125 0.266298828125 0.4426953125 0.224677734375
10 0.5271874999999999 0.731669921875 0.5118750000000001 0.731669921875 0.5118750000000001 0.751728515625 0.5271874999999999 0.751728515625 0.5271874999999999 0.731669921875
10 0.708544921875 0.45217773437500003 0.684033203125 0.45217773437500003 0.684033203125 0.47899414062499995 0.708544921875 0.47899414062499995 0.708544921875 0.45217773437500003
10 0.769267578125 0.33818359375 0.742451171875 0.33818359375 0.742451171875 0.36884765625 0.769267578125 0.36884765625 0.769267578125 0.33818359375
10 0.5752539062500001 0.6439843749999999 0.5526757812499999 0.6439843749999999 0.5526757812499999 0.6724218750000001 0.5752539062500001 0.6724218750000001 0.5752539062500001 0.6439843749999999
10 0.8630175781249999 0.412939453125 0.8410839843750001 0.412939453125 0.8410839843750001 0.43913085937499996 0.8630175781249999 0.43913085937499996 0.8630175781249999 0.412939453125
10 0.182421875 0.405341796875 0.1330078125 0.405341796875 0.1330078125 0.452587890625 0.182421875 0.452587890625 0.182421875 0.405341796875
10 0.6896093750000001 0.5159765625 0.6551171874999999 0.5159765625 0.6551171874999999 0.5562890625 0.6896093750000001 0.5562890625 0.6896093750000001 0.5159765625
10 0.280888671875 0.25686523437500003 0.251337890625 0.25686523437500003 0.251337890625 0.28219726562499997 0.280888671875 0.28219726562499997 0.280888671875 0.25686523437500003
10 0.572373046875 0.217119140625 0.550673828125 0.217119140625 0.550673828125 0.243583984375 0.572373046875 0.243583984375 0.572373046875 0.217119140625
10 0.571904296875 0.48365234375000005 0.550166015625 0.48365234375000005 0.550166015625 0.50853515625 0.571904296875 0.50853515625 0.571904296875 0.48365234375000005
10 0.8810253906250001 0.601611328125 0.8650683593749999 0.601611328125 0.8650683593749999 0.624951171875 0.8810253906250001 0.624951171875 0.8810253906250001 0.601611328125
2 0 0.369140625 0.076171875 0.40625 0.080078125 0.42578125 0.203125 0.591796875 0.283203125 0.685546875 0.37890625 0.765625 0.451171875 0.80078125 0.505859375 0.8046875 0.642578125 0.7578125 0.70703125 0.765625 0.767578125 0.755859375 0.998046875 0.623046875 0.998046875 0.53125 0.787109375 0.3203125 0.642578125 0.2109375 0.54296875 0.15625 0.46484375 0.154296875 0.353515625 0.185546875 0.232421875 0.26171875 0.03515625 0.3671875 0 0.357421875 0 0.369140625