10 0.505859375 0.76171875 0.44921875 0.76171875 0.44921875 0.830078125 0.505859375 0.830078125 0.505859375 0.76171875
10 0.5048046875 0.762666015625 0.45613281250000004 0.762666015625 0.45613281250000004 0.825224609375 0.5048046875 0.825224609375 0.5048046875 0.762666015625
10 0.341015625 0.6434765625 0.29765625 0.6434765625 0.29765625 0.687578125 0.341015625 0.687578125 0.341015625 0.6434765625
10 0.608173828125 0.5306738281250001 0.548076171875 0.5306738281250001 0.548076171875 0.6353417968749999 0.608173828125 0.6353417968749999 0.608173828125 0.5306738281250001
10 0.686162109375 0.30534179687499996 0.642939453125 0.30534179687499996 0.642939453125 0.36653320312500004 0.686162109375 0.36653320312500004 0.686162109375 0.30534179687499996
10 0.08701171875 0.071943359375 0.045175781250000005 0.071943359375 0.045175781250000005 0.11579101562500001 0.08701171875 0.11579101562500001 0.08701171875 0.071943359375
10 0.4249609375 0.9176953125 0.35824218750000003 0.9176953125 0.35824218750000003 0.9934375 0.4249609375 0.9934375 0.4249609375 0.9176953125
10 0.400966796875 0.135341796875 0.360283203125 0.135341796875 0.360283203125 0.189853515625 0.400966796875 0.189853515625 0.400966796875 0.135341796875
10 0.941865234375 0.391240234375 0.899931640625 0.391240234375 0.899931640625 0.433486328125 0.941865234375 0.433486328125 0.941865234375 0.391240234375
10 0.42621093749999994 0.45968749999999997 0.36578125 0.45968749999999997 0.36578125 0.52078125 0.42621093749999994 0.52078125 0.42621093749999994 0.45968749999999997
10 0.7308984374999999 0.33138671875000003 0.6948828125000001 0.33138671875000003 0.6948828125000001 0.37466796874999997 0.7308984374999999 0.37466796874999997 0.7308984374999999 0.33138671875000003
10 0.290107421875 0.072783203125 0.248486328125 0.072783203125 0.248486328125 0.110693359375 0.290107421875 0.110693359375 0.290107421875 0.072783203125
10 0.437099609375 0.372666015625 0.396416015625 0.372666015625 0.396416015625 0.418349609375 0.437099609375 0.418349609375 0.437099609375 0.372666015625
10 0.3693359375 0.23736328125 0.3196484375 0.23736328125 0.3196484375 0.29732421875 0.3693359375 0.29732421875 0.3693359375 0.23736328125
10 0.722763671875 0.4695703125 0.665908203125 0.4695703125 0.665908203125 0.5289843750000001 0.722763671875 0.5289843750000001 0.722763671875 0.4695703125
10 0.29546875 0.746611328125 0.25875 0.746611328125 0.25875 0.795380859375 0.29546875 0.795380859375 0.29546875 0.746611328125
10 0.5291113281250001 0.494296875 0.49725585937499994 0.494296875 0.49725585937499994 0.5437890624999999 0.5291113281250001 0.5437890624999999 0.5291113281250001 0.494296875
10 0.60859375 0.080400390625 0.565234375 0.080400390625 0.565234375 0.12249023437499999 0.60859375 0.12249023437499999 0.60859375 0.080400390625
10 0.561640625 0.630205078125 0.5330859375 0.630205078125 0.5330859375 0.675458984375 0.561640625 0.675458984375 0.561640625 0.630205078125
10 0.6305078125 0.6826953125 0.6019140625 0.6826953125 0.6019140625 0.7294140625 0.6305078125 0.7294140625 0.6305078125 0.6826953125
10 0.27444335937500003 0.056855468750000006 0.20700195312499997 0.056855468750000006 0.20700195312499997 0.10525390625 0.27444335937500003 0.10525390625 0.27444335937500003 0.056855468750000006
10 0.529814453125 0.057402343749999994 0.48971679687499997 0.057402343749999994 0.48971679687499997 0.09787109375 0.529814453125 0.09787109375 0.529814453125 0.057402343749999994
10 0.339365234375 0.16410156250000002 0.298837890625 0.16410156250000002 0.298837890625 0.21554687499999997 0.339365234375 0.21554687499999997 0.339365234375 0.16410156250000002
10 0.37439453125 0.0011035156250000001 0.30333984375 0.0011035156250000001 0.30333984375 0.056318359375 0.37439453125 0.056318359375 0.37439453125 0.0011035156250000001
10 0.478154296875 0.37244140625 0.448603515625 0.37244140625 0.448603515625 0.41615234375 0.478154296875 0.41615234375 0.478154296875 0.37244140625
10 0.40884765625 0.264990234375 0.33529296875000003 0.264990234375 0.33529296875000003 0.34489257812499996 0.40884765625 0.34489257812499996 0.40884765625 0.264990234375
10 0.615107421875 0.33840820312500003 0.586064453125 0.33840820312500003 0.586064453125 0.369130859375 0.615107421875 0.369130859375 0.615107421875 0.33840820312500003
10 0.06183593750000001 0.453701171875 0.0107421875 0.453701171875 0.0107421875 0.498955078125 0.06183593750000001 0.498955078125 0.06183593750000001 0.453701171875
10 0.319296875 0.40560546875 0.29984375 0.40560546875 0.29984375 0.42888671875 0.319296875 0.42888671875 0.319296875 0.40560546875
10 0.6138281250000001 0.481201171875 0.49066406249999994 0.481201171875 0.49066406249999994 0.677978515625 0.6138281250000001 0.677978515625 0.6138281250000001 0.481201171875
10 0.843681640625 0.5299707031249999 0.823310546875 0.5299707031249999 0.823310546875 0.5579199218750001 0.843681640625 0.5579199218750001 0.843681640625 0.5299707031249999
10 0.8521777343749999 0.46654296874999995 0.8323925781250001 0.46654296874999995 0.8323925781250001 0.49294921875000003 0.8521777343749999 0.49294921875000003 0.8521777343749999 0.46654296874999995
10 0.42447265625 0.315283203125 0.39291015625000003 0.315283203125 0.39291015625000003 0.34733398437499996 0.42447265625 0.34733398437499996 0.42447265625 0.315283203125
10 0.780048828125 0.32438476562499996 0.750224609375 0.32438476562499996 0.750224609375 0.36799804687500004 0.780048828125 0.36799804687500004 0.780048828125 0.32438476562499996
10 0.22625 0.001064453125 0.18734375 0.001064453125 0.18734375 0.030146484374999998 0.22625 0.030146484374999998 0.22625 0.001064453125
10 0.5531640624999999 0.275859375 0.5278906250000001 0.275859375 0.5278906250000001 0.31203125 0.5531640624999999 0.31203125 0.5531640624999999 0.275859375
10 0.712509765625 0.574677734375 0.671279296875 0.574677734375 0.671279296875 0.609892578125 0.712509765625 0.609892578125 0.712509765625 0.574677734375
10 0.7615332031250001 0.29678710937499997 0.6154199218749999 0.29678710937499997 0.6154199218749999 0.39266601562500003 0.7615332031250001 0.39266601562500003 0.7615332031250001 0.29678710937499997
10 0.8743847656250001 0.38778320312500003 0.8482714843749999 0.38778320312500003 0.8482714843749999 0.419833984375 0.8743847656250001 0.419833984375 0.8743847656250001 0.38778320312500003
10 0.22673828125 0.285751953125 0.19611328125 0.285751953125 0.19611328125 0.31631835937499997 0.22673828125 0.31631835937499997 0.22673828125 0.285751953125
10 0.6005859375 0.5040234375 0.5693359375 0.5040234375 0.5693359375 0.5467578125 0.6005859375 0.5467578125 0.6005859375 0.5040234375
10 0.45245117187500006 0.099248046875 0.281923828125 0.099248046875 0.281923828125 0.353408203125 0.45245117187500006 0.353408203125 0.45245117187500006 0.099248046875
10 0.112470703125 0.14156249999999998 0.085771484375 0.14156249999999998 0.085771484375 0.16484375 0.112470703125 0.16484375 0.112470703125 0.14156249999999998
10 0.512373046875 0.005888671874999999 0.485205078125 0.005888671874999999 0.485205078125 0.032001953124999996 0.512373046875 0.032001953124999996 0.512373046875 0.005888671874999999
10 0.8171484375 0.46880859375000006 0.7961328125 0.46880859375000006 0.7961328125 0.49654296875000004 0.8171484375 0.49654296875000004 0.8171484375 0.46880859375000006
10 0.03984375 0.27435546875 0.0014453125 0.27435546875 0.0014453125 0.32525390625 0.03984375 0.32525390625 0.03984375 0.27435546875
10 0.225986328125 0.646494140625 0.206630859375 0.646494140625 0.206630859375 0.669912109375 0.225986328125 0.669912109375 0.225986328125 0.646494140625
10 0.166455078125 0 0.166455078125 0.1166015625 0.387763671875 0.1166015625 0.387763671875 0 0.166455078125 0
10 0.11851562499999999 0.6449609374999999 0.0908203125 0.6449609374999999 0.0908203125 0.6802343750000001 0.11851562499999999 0.6802343750000001 0.11851562499999999 0.6449609374999999
10 0.534306640625 0.736552734375 0.513544921875 0.736552734375 0.513544921875 0.767353515625 0.534306640625 0.767353515625 0.534306640625 0.736552734375
10 0.180048828125 0.09751953125 0.153193359375 0.09751953125 0.153193359375 0.12185546875 0.180048828125 0.12185546875 0.180048828125 0.09751953125
10 0.9431738281250001 0.35607421875 0.7531152343749999 0.35607421875 0.7531152343749999 0.52771484375 0.9431738281250001 0.52771484375 0.9431738281250001 0.35607421875
10 0.21041992187499997 0.28713867187500003 0.201220703125 0.28713867187500003 0.201220703125 0.29684570312499997 0.21041992187499997 0.29684570312499997 0.21041992187499997 0.28713867187500003
10 0.8358789062499999 0.320068359375 0.5918554687500001 0.320068359375 0.5918554687500001 0.642822265625 0.8358789062499999 0.642822265625 0.8358789062499999 0.320068359375
10 0.6065332031249999 0.019384765625 0.5858496093750001 0.019384765625 0.5858496093750001 0.046552734375 0.6065332031249999 0.046552734375 0.6065332031249999 0.019384765625
2 0.03125 0 0.00390625 0.015625 0 0.544921875 0.017578125 0.576171875 0.09375 0.677734375 0.15625 0.7421875 0.365234375 0.998046875 0.60546875 0.998046875 0.625 0.958984375 0.642578125 0.8671875 0.681640625 0.791015625 0.763671875 0.68359375 0.998046875 0.458984375 0.998046875 0.318359375 0.93359375 0.2421875 0.884765625 0.201171875 0.771484375 0.052734375 0.7421875 0.03125 0.6640625 0 0.03125 0