10 0.46072265625000003 0.423603515625 0.40841796874999997 0.423603515625 0.40841796874999997 0.49479492187499996 0.46072265625000003 0.49479492187499996 0.46072265625000003 0.423603515625
10 0.46009765625 0.41924804687500006 0.42126953125 0.41924804687500006 0.42126953125 0.48993164062499994 0.46009765625 0.48993164062499994 0.46009765625 0.41924804687500006
10 0.7828710937500001 0.45265625 0.7464257812499999 0.45265625 0.7464257812499999 0.49265625 0.7828710937500001 0.49265625 0.7828710937500001 0.45265625
10 0.393173828125 0.647333984375 0.355849609375 0.647333984375 0.355849609375 0.709111328125 0.393173828125 0.709111328125 0.393173828125 0.647333984375
10 0.5078710937500001 0.466708984375 0.46724609375000004 0.466708984375 0.46724609375000004 0.5196191406249999 0.5078710937500001 0.5196191406249999 0.5078710937500001 0.466708984375
10 0.35193359375 0.573408203125 0.31115234375 0.573408203125 0.31115234375 0.621904296875 0.35193359375 0.621904296875 0.35193359375 0.573408203125
10 0.558623046875 0.6949804687500001 0.526337890625 0.6949804687500001 0.526337890625 0.7483789062499999 0.558623046875 0.7483789062499999 0.558623046875 0.6949804687500001
10 0.5845605468749999 0.329541015625 0.5541113281250001 0.329541015625 0.5541113281250001 0.368232421875 0.5845605468749999 0.368232421875 0.5845605468749999 0.329541015625
10 0.33602539062500003 0.5249902343749999 0.299248046875 0.5249902343749999 0.299248046875 0.5658300781250001 0.33602539062500003 0.5658300781250001 0.33602539062500003 0.5249902343749999
10 0.49735351562499996 0.7723046874999999 0.465068359375 0.7723046874999999 0.465068359375 0.8233984375000001 0.49735351562499996 0.8233984375000001 0.49735351562499996 0.7723046874999999
10 0.35725585937500004 0.8187109375 0.31950195312499996 0.8187109375 0.31950195312499996 0.87171875 0.35725585937500004 0.87171875 0.35725585937500004 0.8187109375
10 0.34685546875 0.362060546875 0.32845703125000003 0.362060546875 0.32845703125000003 0.391376953125 0.34685546875 0.391376953125 0.34685546875 0.362060546875
10 0.6117578124999999 0.713837890625 0.5786718750000001 0.713837890625 0.5786718750000001 0.744169921875 0.6117578124999999 0.744169921875 0.6117578124999999 0.713837890625
10 0.552216796875 0.543818359375 0.526884765625 0.543818359375 0.526884765625 0.578251953125 0.552216796875 0.578251953125 0.552216796875 0.543818359375
10 0.695537109375 0.540087890625 0.675556640625 0.540087890625 0.675556640625 0.569287109375 0.695537109375 0.569287109375 0.695537109375 0.540087890625
10 0.6217382812500001 0.690546875 0.5266992187499999 0.690546875 0.5266992187499999 0.7616015625 0.6217382812500001 0.7616015625 0.6217382812500001 0.690546875
10 0.675498046875 0.713271484375 0.654580078125 0.713271484375 0.654580078125 0.733994140625 0.675498046875 0.733994140625 0.675498046875 0.713271484375
10 0.488857421875 0.5403515624999999 0.462314453125 0.5403515624999999 0.462314453125 0.5709765625000001 0.488857421875 0.5709765625000001 0.488857421875 0.5403515624999999
10 0.52966796875 0.40392578125 0.42052734375 0.40392578125 0.42052734375 0.54236328125 0.52966796875 0.54236328125 0.52966796875 0.40392578125
10 0.522958984375 0.31908203125 0.511220703125 0.31908203125 0.511220703125 0.33619140625 0.522958984375 0.33619140625 0.522958984375 0.31908203125
10 0.6057714843750001 0.372314453125 0.5856347656249999 0.372314453125 0.5856347656249999 0.386982421875 0.6057714843750001 0.386982421875 0.6057714843750001 0.372314453125
10 0.799541015625 0.6441796875 0.782490234375 0.6441796875 0.782490234375 0.661484375 0.799541015625 0.661484375 0.799541015625 0.6441796875
10 0.368359375 0.752880859375 0.3494140625 0.752880859375 0.3494140625 0.783251953125 0.368359375 0.783251953125 0.368359375 0.752880859375
10 0.539541015625 0.42150390625 0.521005859375 0.42150390625 0.521005859375 0.45447265625 0.539541015625 0.45447265625 0.539541015625 0.42150390625
10 0.8380078125000001 0.391376953125 0.8241015624999999 0.391376953125 0.8241015624999999 0.405498046875 0.8380078125000001 0.405498046875 0.8380078125000001 0.391376953125
10 0.39290039062500004 0.346455078125 0.37565429687499996 0.346455078125 0.37565429687499996 0.365458984375 0.39290039062500004 0.365458984375 0.39290039062500004 0.346455078125
10 0.782880859375 0.303369140625 0.764970703125 0.303369140625 0.764970703125 0.324091796875 0.782880859375 0.324091796875 0.782880859375 0.303369140625
10 0.8264941406249999 0.567236328125 0.8092480468750001 0.567236328125 0.8092480468750001 0.594873046875 0.8264941406249999 0.594873046875 0.8264941406249999 0.567236328125
10 0.7581445312499999 0.6244433593750001 0.7457617187500001 0.6244433593750001 0.7457617187500001 0.6372753906249999 0.7581445312499999 0.6372753906249999 0.7581445312499999 0.6244433593750001
10 0.311875 0.39840820312499997 0.287734375 0.39840820312499997 0.287734375 0.42288085937500003 0.311875 0.42288085937500003 0.311875 0.39840820312499997
10 0.367734375 0.50662109375 0.2894921875 0.50662109375 0.2894921875 0.63107421875 0.367734375 0.63107421875 0.367734375 0.50662109375
10 0.41529296875000005 0.09404296875 0.39623046875 0.09404296875 0.39623046875 0.11056640625 0.41529296875000005 0.11056640625 0.41529296875000005 0.09404296875
10 0.158935546875 0.24822265625 0.11473632812500001 0.24822265625 0.11473632812500001 0.27814453125 0.158935546875 0.27814453125 0.158935546875 0.24822265625
10 0.6787792968749999 0.45818359375 0.6639941406250001 0.45818359375 0.6639941406250001 0.47005859375 0.6787792968749999 0.47005859375 0.6787792968749999 0.45818359375
10 0.385751953125 0.733642578125 0.321787109375 0.733642578125 0.321787109375 0.887451171875 0.385751953125 0.887451171875 0.385751953125 0.733642578125
10 0.62048828125 0.3935546875 0.39806640625 0.3935546875 0.39806640625 0.7001953125 0.62048828125 0.7001953125 0.62048828125 0.3935546875
10 0.5555859375 0.692900390625 0.5342578125 0.692900390625 0.5342578125 0.713349609375 0.5555859375 0.713349609375 0.5555859375 0.692900390625
10 0.349677734375 0.595830078125 0.328056640625 0.595830078125 0.328056640625 0.623896484375 0.349677734375 0.623896484375 0.349677734375 0.595830078125
10 0.39125 0.642373046875 0.3753515625 0.642373046875 0.3753515625 0.668173828125 0.39125 0.668173828125 0.39125 0.642373046875
10 0.370791015625 0.5343652343749999 0.35627929687500004 0.5343652343749999 0.35627929687500004 0.5496191406250001 0.370791015625 0.5496191406250001 0.370791015625 0.5343652343749999
10 0.80203125 0.401455078125 0.7301953125 0.401455078125 0.7301953125 0.5057714843750001 0.80203125 0.5057714843750001 0.80203125 0.401455078125
10 0.625751953125 0.5197070312500001 0.615458984375 0.5197070312500001 0.615458984375 0.5330273437499999 0.625751953125 0.5330273437499999 0.625751953125 0.5197070312500001
10 0.286484375 0.5104101562500001 0.27164062499999997 0.5104101562500001 0.27164062499999997 0.5286523437499999 0.286484375 0.5286523437499999 0.286484375 0.5104101562500001
10 0.6049609375 0.5420605468749999 0.591328125 0.5420605468749999 0.591328125 0.5595019531250001 0.6049609375 0.5595019531250001 0.6049609375 0.5420605468749999
10 0.812744140625 0.331171875 0.496826171875 0.331171875 0.496826171875 0.688359375 0.812744140625 0.688359375 0.812744140625 0.331171875
10 0.5048828125 0.66501953125 0.4887890625 0.66501953125 0.4887890625 0.68361328125 0.5048828125 0.68361328125 0.5048828125 0.66501953125
10 0.9863085937499999 0.43240234375000003 0.9726757812500001 0.43240234375000003 0.9726757812500001 0.44701171874999995 0.9863085937499999 0.44701171874999995 0.9863085937499999 0.43240234375000003
2 0.134765625 0.642578125 0.19140625 0.8046875 0.21875 0.857421875 0.265625 0.90625 0.31640625 0.931640625 0.42578125 0.962890625 0.47265625 0.958984375 0.55078125 0.935546875 0.685546875 0.861328125 0.736328125 0.78515625 0.8125 0.716796875 0.927734375 0.466796875 0.94921875 0.4375 0.974609375 0.419921875 0.96875 0.40625 0.935546875 0.3828125 0.822265625 0.271484375 0.75 0.171875 0.6875 0.123046875 0.626953125 0.08984375 0.45703125 0.029296875 0.392578125 0.021484375 0.30859375 0.02734375 0.212890625 0.076171875 0.1328125 0.13671875 0.095703125 0.185546875 0.076171875 0.232421875 0.068359375 0.234375 0.06640625 0.291015625 0.08203125 0.4296875 0.103515625 0.4921875 0.134765625 0.642578125