0 0.814833984375 0.72091796875 0.697041015625 0.72091796875 0.697041015625 0.82271484375 0.814833984375 0.82271484375 0.814833984375 0.72091796875
0 0.774052734375 0.705810546875 0.697626953125 0.705810546875 0.697626953125 0.793212890625 0.774052734375 0.793212890625 0.774052734375 0.705810546875
0 0.365703125 0.379384765625 0.3159375 0.379384765625 0.3159375 0.42971679687500003 0.365703125 0.42971679687500003 0.365703125 0.379384765625
0 0.49876953124999995 0.6924511718749999 0.47927734375000003 0.6924511718749999 0.47927734375000003 0.7167285156250001 0.49876953124999995 0.7167285156250001 0.49876953124999995 0.6924511718749999
0 0.38888671874999997 0.63546875 0.33376953125000003 0.63546875 0.33376953125000003 0.6838671875 0.38888671874999997 0.6838671875 0.38888671874999997 0.63546875
0 0.5048242187499999 0.1057421875 0.42388671875000006 0.1057421875 0.42388671875000006 0.20699218749999998 0.5048242187499999 0.20699218749999998 0.5048242187499999 0.1057421875
0 0.282451171875 0.5336328124999999 0.251728515625 0.5336328124999999 0.251728515625 0.5679296875000001 0.282451171875 0.5679296875000001 0.282451171875 0.5336328124999999
0 0.37923828125000003 0.6444433593750001 0.35513671874999997 0.6444433593750001 0.35513671874999997 0.6680566406249999 0.37923828125000003 0.6680566406249999 0.37923828125000003 0.6444433593750001
0 0.60208984375 0.314755859375 0.57271484375 0.314755859375 0.57271484375 0.356142578125 0.60208984375 0.356142578125 0.60208984375 0.314755859375
0 0.69544921875 0.6149023437500001 0.64830078125 0.6149023437500001 0.64830078125 0.6663476562499999 0.69544921875 0.6663476562499999 0.69544921875 0.6149023437500001
0 0.59119140625 0.600322265625 0.56701171875 0.600322265625 0.56701171875 0.623310546875 0.59119140625 0.623310546875 0.59119140625 0.600322265625
0 0.7900390625 0.511064453125 0.73828125 0.511064453125 0.73828125 0.553388671875 0.7900390625 0.553388671875 0.7900390625 0.511064453125
0 0.732958984375 0.24064453125 0.673291015625 0.24064453125 0.673291015625 0.30771484375 0.732958984375 0.30771484375 0.732958984375 0.24064453125
0 0.554814453125 0.57912109375 0.510615234375 0.57912109375 0.510615234375 0.62888671875 0.554814453125 0.62888671875 0.554814453125 0.57912109375
0 0.5978515625 0.50419921875 0.5759765625 0.50419921875 0.5759765625 0.53193359375 0.5978515625 0.53193359375 0.5978515625 0.50419921875
0 0.8321582031249999 0.2293359375 0.788935546875 0.2293359375 0.788935546875 0.28042968749999997 0.8321582031249999 0.28042968749999997 0.8321582031249999 0.2293359375
0 0.203212890625 0.534521484375 0.169833984375 0.534521484375 0.169833984375 0.565087890625 0.203212890625 0.565087890625 0.203212890625 0.534521484375
0 0.2765625 0.31672851562500004 0.2395703125 0.31672851562500004 0.2395703125 0.36100585937499996 0.2765625 0.36100585937499996 0.2765625 0.31672851562500004
0 0.133857421875 0.282177734375 0.081728515625 0.282177734375 0.081728515625 0.330126953125 0.133857421875 0.330126953125 0.133857421875 0.282177734375
0 0.598134765625 0.323193359375 0.585458984375 0.323193359375 0.585458984375 0.337470703125 0.598134765625 0.337470703125 0.598134765625 0.323193359375
0 0.419697265625 0.462041015625 0.396708984375 0.462041015625 0.396708984375 0.484755859375 0.419697265625 0.484755859375 0.419697265625 0.462041015625
0 0.3658203125 0.171337890625 0.33781249999999996 0.171337890625 0.33781249999999996 0.204169921875 0.3658203125 0.204169921875 0.3658203125 0.171337890625
0 0.510498046875 0.93240234375 0.495361328125 0.93240234375 0.495361328125 0.95138671875 0.510498046875 0.95138671875 0.510498046875 0.93240234375
0 0.20537109375 0.239814453125 0.18697265624999998 0.239814453125 0.18697265624999998 0.257998046875 0.20537109375 0.257998046875 0.20537109375 0.239814453125
0 0.231591796875 0.74775390625 0.196376953125 0.74775390625 0.196376953125 0.79033203125 0.231591796875 0.79033203125 0.231591796875 0.74775390625
0 0.36165039062500004 0.8756054687500001 0.341005859375 0.8756054687500001 0.341005859375 0.8968554687499999 0.36165039062500004 0.8968554687499999 0.36165039062500004 0.8756054687500001
0 0.36978515624999997 0.76912109375 0.35533203125 0.76912109375 0.35533203125 0.78849609375 0.36978515624999997 0.78849609375 0.36978515624999997 0.76912109375
0 0.8533203125 0.336201171875 0.81953125 0.336201171875 0.81953125 0.356181640625 0.8533203125 0.356181640625 0.8533203125 0.336201171875
0 0.660146484375 0.36736328125 0.639658203125 0.36736328125 0.639658203125 0.39240234375 0.660146484375 0.39240234375 0.660146484375 0.36736328125
0 0.891572265625 0.050263671875000006 0.849638671875 0.050263671875000006 0.849638671875 0.09012695312499999 0.891572265625 0.09012695312499999 0.891572265625 0.050263671875000006
0 0 0.28385742187499996 0.013203125 0.28385742187499996 0.013203125 0.247900390625 0 0.247900390625 0 0.28385742187499996
0 0.271728515625 0.70212890625 0.259052734375 0.70212890625 0.259052734375 0.71779296875 0.271728515625 0.71779296875 0.271728515625 0.70212890625
0 0.5482519531250001 0.44022460937499996 0.460537109375 0.44022460937499996 0.460537109375 0.531962890625 0.5482519531250001 0.531962890625 0.5482519531250001 0.44022460937499996
0 0.430400390625 0.66025390625 0.416279296875 0.66025390625 0.416279296875 0.67470703125 0.430400390625 0.67470703125 0.430400390625 0.66025390625
0 0.6885644531249999 0.333271484375 0.6717871093750001 0.333271484375 0.6717871093750001 0.350322265625 0.6885644531249999 0.350322265625 0.6885644531249999 0.333271484375
0 0.753583984375 0.4482421875 0.724931640625 0.4482421875 0.724931640625 0.470703125 0.753583984375 0.470703125 0.753583984375 0.4482421875
0 0.328359375 0.495478515625 0.31375000000000003 0.495478515625 0.31375000000000003 0.510380859375 0.328359375 0.510380859375 0.328359375 0.495478515625
0 0.30060546875 0.231376953125 0.28681640625 0.231376953125 0.28681640625 0.245927734375 0.30060546875 0.245927734375 0.30060546875 0.231376953125
0 0.7522558593750001 0.353291015625 0.7321191406249999 0.353291015625 0.7321191406249999 0.378662109375 0.7522558593750001 0.378662109375 0.7522558593750001 0.353291015625
0 0.45712890625 0.7090234375 0.44474609374999996 0.7090234375 0.44474609374999996 0.7245703125 0.45712890625 0.7245703125 0.45712890625 0.7090234375
0 0.560380859375 0.8682519531249999 0.543134765625 0.8682519531249999 0.543134765625 0.8866308593750001 0.560380859375 0.8866308593750001 0.560380859375 0.8682519531249999
0 0.69798828125 0.823173828125 0.67310546875 0.823173828125 0.67310546875 0.843818359375 0.69798828125 0.843818359375 0.69798828125 0.823173828125
0 0.5754980468750001 0.773974609375 0.5602441406249999 0.773974609375 0.5602441406249999 0.788525390625 0.5754980468750001 0.788525390625 0.5754980468750001 0.773974609375
0 0.115185546875 0.22902343749999998 0.10344726562499999 0.22902343749999998 0.10344726562499999 0.2414453125 0.115185546875 0.2414453125 0.115185546875 0.22902343749999998
0 0.546865234375 0.954541015625 0.531259765625 0.954541015625 0.531259765625 0.976123046875 0.546865234375 0.976123046875 0.546865234375 0.954541015625
0 0.051455078125 0.35879882812499997 0.034990234375 0.35879882812499997 0.034990234375 0.377060546875 0.051455078125 0.377060546875 0.051455078125 0.35879882812499997
0 0.777998046875 0.8490039062499999 0.755205078125 0.8490039062499999 0.755205078125 0.8746289062500001 0.777998046875 0.8746289062500001 0.777998046875 0.8490039062499999
0 0.8243750000000001 0.16954101562499999 0.8045312499999999 0.16954101562499999 0.8045312499999999 0.19569335937500001 0.8243750000000001 0.19569335937500001 0.8243750000000001 0.16954101562499999
0 0.24647460937500001 0.5751074218750001 0.22766601562500002 0.5751074218750001 0.22766601562500002 0.5879785156249999 0.24647460937500001 0.5879785156249999 0.24647460937500001 0.5751074218750001
0 0.603984375 0.8972949218749999 0.58546875 0.8972949218749999 0.58546875 0.9181347656250001 0.603984375 0.9181347656250001 0.603984375 0.8972949218749999
2 0 0.21875 0.015625 0.31640625 0.109375 0.5234375 0.166015625 0.71484375 0.2890625 0.91015625 0.380859375 0.998046875 0.8046875 0.998046875 0.896484375 0.841796875 0.953125 0.71484375 0.962890625 0.66015625 0.966796875 0.490234375 0.947265625 0.458984375 0.947265625 0.392578125 0.9375 0.3359375 0.90234375 0.2578125 0.80859375 0.15625 0.724609375 0.1171875 0.65234375 0.103515625 0.451171875 0.119140625 0.43359375 0.107421875 0.416015625 0.107421875 0.279296875 0.126953125 0.185546875 0.1875 0.11328125 0.216796875 0.078125 0.224609375 0 0.21875