0 0.5266796874999999 0.371533203125 0.46484375 0.371533203125 0.46484375 0.41846679687500005 0.5266796874999999 0.41846679687500005 0.5266796874999999 0.371533203125
0 0.6033593749999999 0.133369140625 0.5675390625000001 0.133369140625 0.5675390625000001 0.172802734375 0.6033593749999999 0.172802734375 0.6033593749999999 0.133369140625
0 0.45165039062499995 0.274169921875 0.41604492187500003 0.274169921875 0.41604492187500003 0.310791015625 0.45165039062499995 0.310791015625 0.45165039062499995 0.274169921875
0 0.7453027343749999 0.39765625 0.7078222656250001 0.39765625 0.7078222656250001 0.43 0.7453027343749999 0.43 0.7453027343749999 0.39765625
0 0.6279882812500001 0.6672949218750001 0.5936914062499999 0.6672949218750001 0.5936914062499999 0.6989160156249999 0.6279882812500001 0.6989160156249999 0.6279882812500001 0.6672949218750001
0 0.35334960937500004 0.5995214843750001 0.326845703125 0.5995214843750001 0.326845703125 0.6231347656249999 0.35334960937500004 0.6231347656249999 0.35334960937500004 0.5995214843750001
0 0.416328125 0.463779296875 0.3869140625 0.463779296875 0.3869140625 0.494736328125 0.416328125 0.494736328125 0.416328125 0.463779296875
0 0.5876953125 0.220205078125 0.551953125 0.220205078125 0.551953125 0.26565429687500003 0.5876953125 0.26565429687500003 0.5876953125 0.220205078125
0 0.6488378906250001 0.283544921875 0.6128808593749999 0.283544921875 0.6128808593749999 0.32145507812499996 0.6488378906250001 0.32145507812499996 0.6488378906250001 0.283544921875
0 0.534326171875 0.741171875 0.503759765625 0.741171875 0.503759765625 0.76078125 0.534326171875 0.76078125 0.534326171875 0.741171875
0 0.7942773437499999 0.238369140625 0.7721289062500001 0.238369140625 0.7721289062500001 0.26358398437499997 0.7942773437499999 0.26358398437499997 0.7942773437499999 0.238369140625
0 0.735810546875 0.084853515625 0.712431640625 0.084853515625 0.712431640625 0.10959960937499999 0.735810546875 0.10959960937499999 0.735810546875 0.084853515625
0 0.7797167968750001 0.40560546875 0.7554394531249999 0.40560546875 0.7554394531249999 0.42447265625 0.7797167968750001 0.42447265625 0.7797167968750001 0.40560546875
0 0.444580078125 0.28268554687499997 0.429443359375 0.28268554687499997 0.429443359375 0.29934570312500003 0.444580078125 0.29934570312500003 0.444580078125 0.28268554687499997
0 0.454677734375 0.41558593750000006 0.424228515625 0.41558593750000006 0.424228515625 0.44429687500000004 0.454677734375 0.44429687500000004 0.454677734375 0.41558593750000006
0 0.334423828125 0.4920703125 0.311083984375 0.4920703125 0.311083984375 0.5176953125 0.334423828125 0.5176953125 0.334423828125 0.4920703125
0 0.261484375 0.48515625 0.23046875 0.48515625 0.23046875 0.5158203125 0.261484375 0.5158203125 0.261484375 0.48515625
0 0.556669921875 0.548447265625 0.532197265625 0.548447265625 0.532197265625 0.574599609375 0.556669921875 0.574599609375 0.556669921875 0.548447265625
0 0.5961035156250001 0.647177734375 0.5708886718749999 0.647177734375 0.5708886718749999 0.673134765625 0.5961035156250001 0.673134765625 0.5961035156250001 0.647177734375
0 0.582548828125 0.221923828125 0.564912109375 0.221923828125 0.564912109375 0.242685546875 0.582548828125 0.242685546875 0.582548828125 0.221923828125
0 0.740244140625 0.192236328125 0.725576171875 0.192236328125 0.725576171875 0.210849609375 0.740244140625 0.210849609375 0.740244140625 0.192236328125
0 0.653935546875 0.21830078125000002 0.629267578125 0.21830078125000002 0.629267578125 0.25583984375 0.653935546875 0.25583984375 0.653935546875 0.21830078125000002
0 0.477431640625 0.534697265625 0.451279296875 0.534697265625 0.451279296875 0.561005859375 0.477431640625 0.561005859375 0.477431640625 0.534697265625
2 0.689453125 0 0.607421875 0.033203125 0.548828125 0.046875 0.366537109375 0.231119140625 0.126953125 0.37890625 0.091796875 0.419921875 0.0703125 0.490234375 0.068359375 0.607421875 0.078125 0.685546875 0.166015625 0.767578125 0.2421875 0.798828125 0.373046875 0.8046875 0.580078125 0.794921875 0.669921875 0.779296875 0.837890625 0.779296875 0.875 0.76953125 0.900390625 0.75390625 0.931640625 0.72265625 0.955078125 0.677734375 0.970703125 0.671875 0.98828125 0.63671875 0.990234375 0.619140625 0.97265625 0.578125 0.986328125 0.46875 0.94140625 0.37890625 0.91015625 0.259765625 0.89453125 0.13671875 0.86328125 0.0546875 0.8046875 0 0.689453125 0