0 0.5804980468750001 0.475693359375 0.45833007812500004 0.475693359375 0.45833007812500004 0.591962890625 0.5804980468750001 0.591962890625 0.5804980468750001 0.475693359375
0 0.6725 0.5776953125000001 0.6167578125000001 0.5776953125000001 0.6167578125000001 0.6110546875 0.6725 0.6110546875 0.6725 0.5776953125000001
0 0.3999609375 0.30874999999999997 0.3730078125 0.30874999999999997 0.3730078125 0.33285156250000003 0.3999609375 0.33285156250000003 0.3999609375 0.30874999999999997
0 0.233095703125 0.52123046875 0.205615234375 0.52123046875 0.205615234375 0.54029296875 0.233095703125 0.54029296875 0.233095703125 0.52123046875
0 0.275322265625 0.503642578125 0.25936523437500003 0.503642578125 0.25936523437500003 0.516865234375 0.275322265625 0.516865234375 0.275322265625 0.503642578125
0 0.375009765625 0.493095703125 0.361318359375 0.493095703125 0.361318359375 0.5059277343749999 0.375009765625 0.5059277343749999 0.375009765625 0.493095703125
0 0.5890625 0.76857421875 0.573046875 0.76857421875 0.573046875 0.78318359375 0.5890625 0.78318359375 0.5890625 0.76857421875
0 0.500751953125 0.19359375 0.480224609375 0.19359375 0.480224609375 0.21902343750000003 0.500751953125 0.21902343750000003 0.500751953125 0.19359375
0 0.6687890624999999 0.45829101562499996 0.6446875000000001 0.45829101562499996 0.6446875000000001 0.478740234375 0.6687890624999999 0.478740234375 0.6687890624999999 0.45829101562499996
0 0.5897753906250001 0.41356445312499995 0.5742871093749999 0.41356445312499995 0.5742871093749999 0.42823242187500005 0.5897753906250001 0.42823242187500005 0.5897753906250001 0.41356445312499995
0 0.790087890625 0.46884765625 0.774365234375 0.46884765625 0.774365234375 0.48525390625 0.790087890625 0.48525390625 0.790087890625 0.46884765625
0 0.205380859375 0.7818359375 0.191103515625 0.7818359375 0.191103515625 0.79921875 0.205380859375 0.79921875 0.205380859375 0.7818359375
0 0.674970703125 0.65048828125 0.660966796875 0.65048828125 0.660966796875 0.66396484375 0.674970703125 0.66396484375 0.674970703125 0.65048828125
0 0.347724609375 0.66330078125 0.332470703125 0.66330078125 0.332470703125 0.67849609375 0.347724609375 0.67849609375 0.347724609375 0.66330078125
0 0.34982421874999997 0.274423828125 0.33623046875 0.274423828125 0.33623046875 0.287099609375 0.34982421874999997 0.287099609375 0.34982421874999997 0.274423828125
0 0.840771484375 0.5790332031250001 0.821337890625 0.5790332031250001 0.821337890625 0.5967480468749999 0.840771484375 0.5967480468749999 0.840771484375 0.5790332031250001
0 0.2306640625 0.397265625 0.21097656250000002 0.397265625 0.21097656250000002 0.41671874999999997 0.2306640625 0.41671874999999997 0.2306640625 0.397265625
0 0.369892578125 0.70484375 0.356669921875 0.70484375 0.356669921875 0.7180078125 0.369892578125 0.7180078125 0.369892578125 0.70484375
0 0.252890625 0.76359375 0.23441406250000002 0.76359375 0.23441406250000002 0.78328125 0.252890625 0.78328125 0.252890625 0.76359375
0 0.84482421875 0.61025390625 0.82998046875 0.61025390625 0.82998046875 0.62509765625 0.84482421875 0.62509765625 0.84482421875 0.61025390625
0 0.75947265625 0.845283203125 0.74248046875 0.845283203125 0.74248046875 0.860771484375 0.75947265625 0.860771484375 0.75947265625 0.845283203125
0 0.769892578125 0.80205078125 0.754521484375 0.80205078125 0.754521484375 0.81611328125 0.769892578125 0.81611328125 0.769892578125 0.80205078125
0 0.645986328125 0.5123828125000001 0.633310546875 0.5123828125000001 0.633310546875 0.5247265624999999 0.645986328125 0.5247265624999999 0.645986328125 0.5123828125000001
0 0.54142578125 0.914404296875 0.51228515625 0.914404296875 0.51228515625 0.938134765625 0.54142578125 0.938134765625 0.54142578125 0.914404296875
0 0.49095703124999995 0.7716406250000001 0.47876953125000005 0.7716406250000001 0.47876953125000005 0.7840234374999999 0.49095703124999995 0.7840234374999999 0.49095703124999995 0.7716406250000001
0 0.420986328125 0.778525390625 0.407138671875 0.778525390625 0.407138671875 0.806435546875 0.420986328125 0.806435546875 0.420986328125 0.778525390625
0 0.57509765625 0.32406250000000003 0.55869140625 0.32406250000000003 0.55869140625 0.34097656249999997 0.57509765625 0.34097656249999997 0.57509765625 0.32406250000000003
0 0.68833984375 0.28097656249999997 0.66126953125 0.28097656249999997 0.66126953125 0.30300781250000003 0.68833984375 0.30300781250000003 0.68833984375 0.28097656249999997
0 0.5043261718750001 0.061025390624999995 0.490791015625 0.061025390624999995 0.490791015625 0.075810546875 0.5043261718750001 0.075810546875 0.5043261718750001 0.061025390624999995
0 0.67484375 0.7061425781249999 0.6620703125 0.7061425781249999 0.6620703125 0.7176855468750001 0.67484375 0.7176855468750001 0.67484375 0.7061425781249999
0 0.20835937499999999 0.40625 0.19375 0.40625 0.19375 0.4341015625 0.20835937499999999 0.4341015625 0.20835937499999999 0.40625
0 0.30234375 0.602880859375 0.293359375 0.602880859375 0.293359375 0.612939453125 0.30234375 0.612939453125 0.30234375 0.602880859375
0 0.46745117187499996 0.8599804687500001 0.44563476562500004 0.8599804687500001 0.44563476562500004 0.8831835937499999 0.46745117187499996 0.8831835937499999 0.46745117187499996 0.8599804687500001
0 0.59599609375 0.503154296875 0.57880859375 0.503154296875 0.57880859375 0.519306640625 0.59599609375 0.519306640625 0.59599609375 0.503154296875
0 0.3666015625 0.5794335937499999 0.3501953125 0.5794335937499999 0.3501953125 0.5943945312500001 0.3666015625 0.5943945312500001 0.3666015625 0.5794335937499999
0 0.715478515625 0.346171875 0.705419921875 0.346171875 0.705419921875 0.3618359375 0.715478515625 0.3618359375 0.715478515625 0.346171875
0 0.586953125 0.26796875 0.5722265625 0.26796875 0.5722265625 0.2828125 0.586953125 0.2828125 0.586953125 0.26796875
0 0.286416015625 0.8804589843749999 0.272177734375 0.8804589843749999 0.272177734375 0.8929785156250001 0.286416015625 0.8929785156250001 0.286416015625 0.8804589843749999
0 0.495556640625 0.26474609375 0.463935546875 0.26474609375 0.463935546875 0.28798828125 0.495556640625 0.28798828125 0.495556640625 0.26474609375
0 0.37362304687500003 0.448115234375 0.363212890625 0.448115234375 0.363212890625 0.459111328125 0.37362304687500003 0.459111328125 0.37362304687500003 0.448115234375
0 0.31513671875 0.853994140625 0.30107421875 0.853994140625 0.30107421875 0.865732421875 0.31513671875 0.865732421875 0.31513671875 0.853994140625
0 0.39590820312499997 0.23610351562499998 0.38534179687500003 0.23610351562499998 0.38534179687500003 0.24729492187500002 0.39590820312499997 0.24729492187500002 0.39590820312499997 0.23610351562499998
0 0.60994140625 0.21875 0.59806640625 0.21875 0.59806640625 0.2316796875 0.60994140625 0.2316796875 0.60994140625 0.21875
0 0.24475585937500002 0.615439453125 0.23497070312499999 0.615439453125 0.23497070312499999 0.627724609375 0.24475585937500002 0.627724609375 0.24475585937500002 0.615439453125
0 0.3578515625 0.5462011718750001 0.3491796875 0.5462011718750001 0.3491796875 0.5553613281249999 0.3578515625 0.5553613281249999 0.3578515625 0.5462011718750001
0 0.28409179687499997 0.264990234375 0.27254882812500003 0.264990234375 0.27254882812500003 0.27653320312499996 0.28409179687499997 0.27653320312499996 0.28409179687499997 0.264990234375
0 0.8294921875 0.85111328125 0.816015625 0.85111328125 0.816015625 0.86470703125 0.8294921875 0.86470703125 0.8294921875 0.85111328125
0 0.23122070312499998 0.834404296875 0.21799804687500002 0.834404296875 0.21799804687500002 0.849189453125 0.23122070312499998 0.849189453125 0.23122070312499998 0.834404296875
0 0.7622949218749999 0.8728808593749999 0.7484472656250001 0.8728808593749999 0.7484472656250001 0.8859082031250001 0.7622949218749999 0.8859082031250001 0.7622949218749999 0.8728808593749999
0 0.52462890625 0.164541015625 0.51248046875 0.164541015625 0.51248046875 0.177021484375 0.52462890625 0.177021484375 0.52462890625 0.164541015625
0 0.46388671875 0.044921875 0.45310546875 0.044921875 0.45310546875 0.06046875 0.46388671875 0.06046875 0.46388671875 0.044921875
0 0.7280078125 0.8990136718749999 0.714375 0.8990136718749999 0.714375 0.9105566406250001 0.7280078125 0.9105566406250001 0.7280078125 0.8990136718749999
0 0.732587890625 0.6560546875 0.719560546875 0.6560546875 0.719560546875 0.6681640625 0.732587890625 0.6681640625 0.732587890625 0.6560546875
0 0.792802734375 0.8308886718749999 0.731611328125 0.8308886718749999 0.731611328125 0.8712597656250001 0.792802734375 0.8712597656250001 0.792802734375 0.8308886718749999
0 0.326591796875 0.585419921875 0.28231445312500003 0.585419921875 0.28231445312500003 0.625517578125 0.326591796875 0.625517578125 0.326591796875 0.585419921875
0 0.45608398437500003 0.538115234375 0.44286132812499995 0.538115234375 0.44286132812499995 0.564423828125 0.45608398437500003 0.564423828125 0.45608398437500003 0.538115234375
0 0.33978515625 0.882744140625 0.31255859375 0.882744140625 0.31255859375 0.910224609375 0.33978515625 0.910224609375 0.33978515625 0.882744140625
0 0.544189453125 0.182880859375 0.534912109375 0.182880859375 0.534912109375 0.193095703125 0.544189453125 0.193095703125 0.544189453125 0.182880859375
0 0.35234375 0.8718359375 0.32980468749999997 0.8718359375 0.32980468749999997 0.8957421875 0.35234375 0.8957421875 0.35234375 0.8718359375
0 0.637587890625 0.9476660156250001 0.615341796875 0.9476660156250001 0.615341796875 0.9615136718749999 0.637587890625 0.9615136718749999 0.637587890625 0.9476660156250001
0 0.8658105468749999 0.85958984375 0.8519628906250001 0.85958984375 0.8519628906250001 0.87087890625 0.8658105468749999 0.87087890625 0.8658105468749999 0.85958984375
0 0.922314453125 0.7425878906250001 0.907763671875 0.7425878906250001 0.907763671875 0.7593652343749999 0.922314453125 0.7593652343749999 0.922314453125 0.7425878906250001
0 0.47122070312500003 0.584638671875 0.44725585937499995 0.584638671875 0.44725585937499995 0.601884765625 0.47122070312500003 0.601884765625 0.47122070312500003 0.584638671875
0 0.830576171875 0.7604394531249999 0.816884765625 0.7604394531249999 0.816884765625 0.7747167968750001 0.830576171875 0.7747167968750001 0.830576171875 0.7604394531249999
2 0.2421875 0.888671875 0.298828125 0.923828125 0.353515625 0.9140625 0.392578125 0.935546875 0.419921875 0.962890625 0.466796875 0.962890625 0.578125 0.98046875 0.646484375 0.98046875 0.78515625 0.9609375 0.845703125 0.93359375 0.87109375 0.91015625 0.908203125 0.857421875 0.92578125 0.80078125 0.921875 0.716796875 0.896484375 0.59765625 0.880859375 0.548828125 0.80859375 0.396484375 0.724609375 0.306640625 0.662109375 0.22265625 0.623046875 0.189453125 0.544921875 0.087890625 0.51171875 0 0.466796875 0.00390625 0.423828125 0.107421875 0.287109375 0.2421875 0.212890625 0.361328125 0.197265625 0.404296875 0.169921875 0.63671875 0.169921875 0.7421875 0.193359375 0.810546875 0.224609375 0.8671875 0.2421875 0.888671875