10 0.432958984375 0.8229101562500001 0.28254882812500004 0.8229101562500001 0.28254882812500004 0.96845703125 0.432958984375 0.96845703125 0.432958984375 0.8229101562500001
10 0.449599609375 0.7756933593750001 0.285283203125 0.7756933593750001 0.285283203125 0.9557519531249999 0.449599609375 0.9557519531249999 0.449599609375 0.7756933593750001
10 0.602421875 0.8215625 0.5020703125 0.8215625 0.5020703125 0.9255078125 0.602421875 0.9255078125 0.602421875 0.8215625
10 0.6005273437499999 0.793818359375 0.38873046875 0.793818359375 0.38873046875 0.9552050781249999 0.6005273437499999 0.9552050781249999 0.6005273437499999 0.793818359375
10 0.69021484375 0.70626953125 0.57443359375 0.70626953125 0.57443359375 0.79666015625 0.69021484375 0.79666015625 0.69021484375 0.70626953125
10 0.284306640625 0.7067285156249999 0.149287109375 0.7067285156249999 0.149287109375 0.7922949218750001 0.284306640625 0.7922949218750001 0.284306640625 0.7067285156249999
10 0.7504003906250001 0.44729492187500003 0.6285058593749999 0.44729492187500003 0.6285058593749999 0.561494140625 0.7504003906250001 0.561494140625 0.7504003906250001 0.44729492187500003
10 0.40435546875000006 0.346923828125 0.26263671875 0.346923828125 0.26263671875 0.516357421875 0.40435546875000006 0.516357421875 0.40435546875000006 0.346923828125
10 0.41845703125 0.423583984375 0.27880859375 0.423583984375 0.27880859375 0.630126953125 0.41845703125 0.630126953125 0.41845703125 0.423583984375
10 0.5850195312500001 0.387734375 0.5067773437499999 0.387734375 0.5067773437499999 0.4545703125 0.5850195312500001 0.4545703125 0.5850195312500001 0.387734375
10 0.390810546875 0.8193359375 0.351376953125 0.8193359375 0.351376953125 0.8935546875 0.390810546875 0.8935546875 0.390810546875 0.8193359375
10 0.10230468749999999 0.58458984375 0.00140625 0.58458984375 0.00140625 0.8236132812499999 0.10230468749999999 0.8236132812499999 0.10230468749999999 0.58458984375
10 0.45895507812499997 0.51171875 0.34866210937500003 0.51171875 0.34866210937500003 0.6376953125 0.45895507812499997 0.6376953125 0.45895507812499997 0.51171875
10 0.05695312500000001 0.5966210937499999 0.001015625 0.5966210937499999 0.001015625 0.6992773437500001 0.05695312500000001 0.6992773437500001 0.05695312500000001 0.5966210937499999
10 0.771484375 0.386474609375 0.4873046875 0.386474609375 0.4873046875 0.623291015625 0.771484375 0.623291015625 0.771484375 0.386474609375
10 0.20544921875000002 0.54318359375 0.11095703125 0.54318359375 0.11095703125 0.65994140625 0.20544921875000002 0.65994140625 0.20544921875000002 0.54318359375
10 0.3965234375 0.17306640625 0.3061328125 0.17306640625 0.3061328125 0.27029296875000003 0.3965234375 0.27029296875000003 0.3965234375 0.17306640625
10 0.36529296875 0.522568359375 0.31197265625 0.522568359375 0.31197265625 0.576064453125 0.36529296875 0.576064453125 0.36529296875 0.522568359375
10 0.554208984375 0.283818359375 0.242197265625 0.283818359375 0.242197265625 0.668837890625 0.554208984375 0.668837890625 0.554208984375 0.283818359375
10 0.517470703125 0.1343359375 0.383427734375 0.1343359375 0.383427734375 0.28265625 0.517470703125 0.28265625 0.517470703125 0.1343359375
10 0.47763671875 0.5846582031249999 0.39103515624999996 0.5846582031249999 0.39103515624999996 0.6829199218750001 0.47763671875 0.6829199218750001 0.47763671875 0.5846582031249999
10 0.27083007812500004 0.471484375 0.25163085937499996 0.471484375 0.25163085937499996 0.4904296875 0.27083007812500004 0.4904296875 0.27083007812500004 0.471484375
10 0.35416992187499996 0.7145410156249999 0.285986328125 0.7145410156249999 0.285986328125 0.7600683593750001 0.35416992187499996 0.7600683593750001 0.35416992187499996 0.7145410156249999
10 0.39632812500000003 0.76630859375 0.380546875 0.76630859375 0.380546875 0.77958984375 0.39632812500000003 0.77958984375 0.39632812500000003 0.76630859375
10 0.721201171875 0.334228515625 0.165048828125 0.334228515625 0.165048828125 0.964599609375 0.721201171875 0.964599609375 0.721201171875 0.334228515625
10 0.386826171875 0.8194921875000001 0.370986328125 0.8194921875000001 0.370986328125 0.8357812499999999 0.386826171875 0.8357812499999999 0.386826171875 0.8194921875000001
10 0.53712890625 0.8840136718749999 0.52146484375 0.8840136718749999 0.52146484375 0.9001660156250001 0.53712890625 0.9001660156250001 0.53712890625 0.8840136718749999
10 0.63625 0.8172558593750001 0.623515625 0.8172558593750001 0.623515625 0.8292285156249999 0.63625 0.8292285156249999 0.63625 0.8172558593750001
10 0.57369140625 0.763388671875 0.56107421875 0.763388671875 0.56107421875 0.775673828125 0.57369140625 0.775673828125 0.57369140625 0.763388671875
10 0.30867187500000004 0.74794921875 0.2953515625 0.74794921875 0.2953515625 0.75986328125 0.30867187500000004 0.75986328125 0.30867187500000004 0.74794921875
10 0.471083984375 0.22763671875 0.441533203125 0.22763671875 0.441533203125 0.25501953125 0.471083984375 0.25501953125 0.471083984375 0.22763671875
10 0.37393554687499997 0.54892578125 0.361923828125 0.54892578125 0.361923828125 0.56533203125 0.37393554687499997 0.56533203125 0.37393554687499997 0.54892578125
10 0.65546875 0.7259863281250001 0.64140625 0.7259863281250001 0.64140625 0.7398339843749999 0.65546875 0.7398339843749999 0.65546875 0.7259863281250001
10 0.372275390625 0.931396484375 0.310849609375 0.931396484375 0.310849609375 0.983642578125 0.372275390625 0.983642578125 0.372275390625 0.931396484375
10 0.446376953125 0.6454296875 0.436435546875 0.6454296875 0.436435546875 0.656328125 0.446376953125 0.656328125 0.446376953125 0.6454296875
10 0.318544921875 0.39045898437500004 0.30305664062500004 0.39045898437500004 0.30305664062500004 0.40446289062499996 0.318544921875 0.40446289062499996 0.318544921875 0.39045898437500004
10 0.36205078125 0.541025390625 0.34744140625000003 0.541025390625 0.34744140625000003 0.553701171875 0.36205078125 0.553701171875 0.36205078125 0.541025390625
10 0.655166015625 0.504990234375 0.644638671875 0.504990234375 0.644638671875 0.515517578125 0.655166015625 0.515517578125 0.655166015625 0.504990234375
10 0.7177734375 0.748876953125 0.708984375 0.748876953125 0.708984375 0.757958984375 0.7177734375 0.757958984375 0.7177734375 0.748876953125
10 0.46209960937499994 0.570546875 0.45391601562500006 0.570546875 0.45391601562500006 0.57984375 0.46209960937499994 0.57984375 0.46209960937499994 0.570546875
10 0.7048828125 0.516396484375 0.6935546875 0.516396484375 0.6935546875 0.526572265625 0.7048828125 0.526572265625 0.7048828125 0.516396484375
10 0.591171875 0.875771484375 0.58265625 0.875771484375 0.58265625 0.884970703125 0.591171875 0.884970703125 0.591171875 0.875771484375
10 0.433203125 0.44631835937500003 0.42421875 0.44631835937500003 0.42421875 0.45458007812499995 0.433203125 0.45458007812499995 0.433203125 0.44631835937500003
10 0.5508496093749999 0.420166015625 0.5409472656250001 0.420166015625 0.5409472656250001 0.429443359375 0.5508496093749999 0.429443359375 0.5508496093749999 0.420166015625
10 0.8512988281249999 0.635361328125 0.8401074218750001 0.635361328125 0.8401074218750001 0.644912109375 0.8512988281249999 0.644912109375 0.8512988281249999 0.635361328125
10 0.3338671875 0.361630859375 0.3209375 0.361630859375 0.3209375 0.374697265625 0.3338671875 0.374697265625 0.3338671875 0.361630859375
10 0.504619140625 0.5055468750000001 0.496357421875 0.5055468750000001 0.496357421875 0.5130078124999999 0.504619140625 0.5130078124999999 0.504619140625 0.5055468750000001
10 0.7753222656250001 0.670380859375 0.7676464843749999 0.670380859375 0.7676464843749999 0.678251953125 0.7753222656250001 0.678251953125 0.7753222656250001 0.670380859375
10 0.5970117187499999 0.412705078125 0.5885351562500001 0.412705078125 0.5885351562500001 0.420302734375 0.5970117187499999 0.420302734375 0.5970117187499999 0.412705078125
10 0.7798535156249999 0.475166015625 0.7670214843750001 0.475166015625 0.7670214843750001 0.484326171875 0.7798535156249999 0.484326171875 0.7798535156249999 0.475166015625
10 0.864599609375 0.7710839843749999 0.857080078125 0.7710839843749999 0.857080078125 0.7787207031250001 0.864599609375 0.7787207031250001 0.864599609375 0.7710839843749999
10 0.41964843749999997 0.32707031249999996 0.4119140625 0.32707031249999996 0.4119140625 0.33406250000000004 0.41964843749999997 0.33406250000000004 0.41964843749999997 0.32707031249999996
10 0.249443359375 0.5286230468750001 0.242509765625 0.5286230468750001 0.242509765625 0.5358300781249999 0.249443359375 0.5358300781249999 0.249443359375 0.5286230468750001
2 0 0.8828125 0.005859375 0.88671875 0.1015625 0.912109375 0.119140625 0.93359375 0.27734375 0.990234375 0.38671875 0.9921875 0.423828125 0.974609375 0.658203125 0.927734375 0.72265625 0.90625 0.828125 0.85546875 0.8984375 0.78515625 0.94921875 0.67578125 0.9609375 0.6015625 0.9375 0.498046875 0.876953125 0.396484375 0.779296875 0.310546875 0.689453125 0.248046875 0.451171875 0.115234375 0.384765625 0.046875 0.37109375 0.046875 0.32421875 0.11328125 0.146484375 0.2890625 0.09765625 0.3984375 0.1015625 0.4296875 0.08984375 0.623046875 0.099609375 0.6640625 0.05859375 0.671875 0.02734375 0.578125 0 0.525390625 0 0.8828125