0 0.6846582031249999 0.401904296875 0.603740234375 0.401904296875 0.603740234375 0.46356445312499994 0.6846582031249999 0.46356445312499994 0.6846582031249999 0.401904296875
0 0.776806640625 0.5984472656250001 0.720263671875 0.5984472656250001 0.720263671875 0.6603417968749999 0.776806640625 0.6603417968749999 0.776806640625 0.5984472656250001
0 0.544541015625 0.384697265625 0.504287109375 0.384697265625 0.504287109375 0.424404296875 0.544541015625 0.424404296875 0.544541015625 0.384697265625
0 0.6208203125 0.28860351562500003 0.5705859375 0.28860351562500003 0.5705859375 0.33737304687499997 0.6208203125 0.33737304687499997 0.6208203125 0.28860351562500003
0 0.7471582031249999 0.5068945312500001 0.6503027343750001 0.5068945312500001 0.6503027343750001 0.5770898437499999 0.7471582031249999 0.5770898437499999 0.7471582031249999 0.5068945312500001
0 0.48893554687499996 0.461865234375 0.409033203125 0.461865234375 0.409033203125 0.522509765625 0.48893554687499996 0.522509765625 0.48893554687499996 0.461865234375
0 0.5374414062499999 0.33230468750000003 0.49576171875 0.33230468750000003 0.49576171875 0.36398437499999997 0.5374414062499999 0.36398437499999997 0.5374414062499999 0.33230468750000003
0 0.38583984375 0.22164062499999998 0.33341796874999996 0.22164062499999998 0.33341796874999996 0.26492187500000003 0.38583984375 0.26492187500000003 0.38583984375 0.22164062499999998
0 0.6930273437500001 0.625439453125 0.6253320312499999 0.625439453125 0.6253320312499999 0.679248046875 0.6930273437500001 0.679248046875 0.6930273437500001 0.625439453125
0 0.36002929687499996 0.78087890625 0.32649414062500004 0.78087890625 0.32649414062500004 0.8118945312499999 0.36002929687499996 0.8118945312499999 0.36002929687499996 0.78087890625
0 0.27265625 0.721220703125 0.236640625 0.721220703125 0.236640625 0.757294921875 0.27265625 0.757294921875 0.27265625 0.721220703125
0 0.40689453125 0.610322265625 0.36556640625000003 0.610322265625 0.36556640625000003 0.634794921875 0.40689453125 0.634794921875 0.40689453125 0.610322265625
0 0.4575 0.15562499999999999 0.4262890625 0.15562499999999999 0.4262890625 0.1810546875 0.4575 0.1810546875 0.4575 0.15562499999999999
0 0.22666992187499999 0.5885351562500001 0.20129882812500002 0.5885351562500001 0.20129882812500002 0.6136132812499999 0.22666992187499999 0.6136132812499999 0.22666992187499999 0.5885351562500001
0 0.483173828125 0.054833984375 0.427958984375 0.054833984375 0.427958984375 0.105556640625 0.483173828125 0.105556640625 0.483173828125 0.054833984375
0 0 0.8691601562500001 0.0466015625 0.8691601562500001 0.0466015625 0.8202929687499999 0 0.8202929687499999 0 0.8691601562500001
0 0.392529296875 0.8214453125000001 0.366259765625 0.8214453125000001 0.366259765625 0.8455468749999999 0.392529296875 0.8455468749999999 0.392529296875 0.8214453125000001
0 0.127490234375 0.34380859375 0.093837890625 0.34380859375 0.093837890625 0.37982421875 0.127490234375 0.37982421875 0.127490234375 0.34380859375
0 0.88232421875 0.427998046875 0.82763671875 0.427998046875 0.82763671875 0.475322265625 0.88232421875 0.475322265625 0.88232421875 0.427998046875
0 0.062490234374999995 0.44256835937499994 0.033408203125 0.44256835937499994 0.033408203125 0.46661132812500006 0.062490234374999995 0.46661132812500006 0.062490234374999995 0.44256835937499994
0 0.6307714843750001 0.8811914062499999 0.5645410156249999 0.8811914062499999 0.5645410156249999 0.9508398437500001 0.6307714843750001 0.9508398437500001 0.6307714843750001 0.8811914062499999
0 0.7019628906250001 0.6870996093749999 0.5734277343749999 0.6870996093749999 0.5734277343749999 0.7670019531250001 0.7019628906250001 0.7670019531250001 0.7019628906250001 0.6870996093749999
0 0.827392578125 0.092412109375 0.781005859375 0.092412109375 0.781005859375 0.148447265625 0.827392578125 0.148447265625 0.827392578125 0.092412109375
0 0.73572265625 0.796640625 0.71154296875 0.796640625 0.71154296875 0.8215234375 0.73572265625 0.8215234375 0.73572265625 0.796640625
0 0.19461914062500002 0.9411425781249999 0.154248046875 0.9411425781249999 0.154248046875 0.9826855468750001 0.19461914062500002 0.9826855468750001 0.19461914062500002 0.9411425781249999
0 0.197353515625 0.031318359375 0.163974609375 0.031318359375 0.163974609375 0.062119140625 0.197353515625 0.062119140625 0.197353515625 0.031318359375
0 0.336357421875 0.9644824218749999 0.29208007812500003 0.9644824218749999 0.29208007812500003 0.9925488281250001 0.336357421875 0.9925488281250001 0.336357421875 0.9644824218749999
0 0.540888671875 0.06361328125 0.518681640625 0.06361328125 0.518681640625 0.08947265625 0.540888671875 0.08947265625 0.540888671875 0.06361328125
0 0.21217773437499998 0.699169921875 0.178212890625 0.699169921875 0.178212890625 0.726611328125 0.21217773437499998 0.726611328125 0.21217773437499998 0.699169921875
0 0.7530175781249999 0.10011718750000001 0.7274511718750001 0.10011718750000001 0.7274511718750001 0.1309765625 0.7530175781249999 0.1309765625 0.7530175781249999 0.10011718750000001
0 0.62361328125 0.729462890625 0.60392578125 0.729462890625 0.60392578125 0.750029296875 0.62361328125 0.750029296875 0.62361328125 0.729462890625
0 0.409794921875 0.754033203125 0.390009765625 0.754033203125 0.390009765625 0.773310546875 0.409794921875 0.773310546875 0.409794921875 0.754033203125
0 0.499638671875 0.261865234375 0.482783203125 0.261865234375 0.482783203125 0.280634765625 0.499638671875 0.280634765625 0.499638671875 0.261865234375
0 0.5858984375 0.40282226562499995 0.5703515625 0.40282226562499995 0.5703515625 0.41897460937500003 0.5858984375 0.41897460937500003 0.5858984375 0.40282226562499995
0 0.98037109375 0.578486328125 0.95908203125 0.578486328125 0.95908203125 0.595341796875 0.98037109375 0.595341796875 0.98037109375 0.578486328125
0 0.069306640625 0.371572265625 0.029873046874999996 0.371572265625 0.029873046874999996 0.40725585937500003 0.069306640625 0.40725585937500003 0.069306640625 0.371572265625
0 0.04716796875 0.2447265625 0.027480468749999997 0.2447265625 0.027480468749999997 0.262109375 0.04716796875 0.262109375 0.04716796875 0.2447265625
0 0.238291015625 0.8026757812499999 0.201669921875 0.8026757812499999 0.201669921875 0.8340429687500001 0.238291015625 0.8340429687500001 0.238291015625 0.8026757812499999
0 0.98125 0.46378906249999996 0.96015625 0.46378906249999996 0.96015625 0.48347656250000004 0.98125 0.48347656250000004 0.98125 0.46378906249999996
0 0.393251953125 0.466708984375 0.37678710937500004 0.466708984375 0.37678710937500004 0.494228515625 0.393251953125 0.494228515625 0.393251953125 0.466708984375
0 0.401005859375 0.544697265625 0.382197265625 0.544697265625 0.382197265625 0.558818359375 0.401005859375 0.558818359375 0.401005859375 0.544697265625
0 0.483037109375 0.933525390625 0.462275390625 0.933525390625 0.462275390625 0.954169921875 0.483037109375 0.954169921875 0.483037109375 0.933525390625
0 0.599013671875 0.52982421875 0.586533203125 0.52982421875 0.586533203125 0.54244140625 0.599013671875 0.54244140625 0.599013671875 0.52982421875
0 0.6327246093750001 0.09765625 0.5577050781249999 0.09765625 0.5577050781249999 0.2236328125 0.6327246093750001 0.2236328125 0.6327246093750001 0.09765625
0 0.21983398437499999 0.77732421875 0.20325195312500002 0.77732421875 0.20325195312500002 0.79298828125 0.21983398437499999 0.79298828125 0.21983398437499999 0.77732421875
0 0.067333984375 0.7965429687500001 0.053095703125000004 0.7965429687500001 0.053095703125000004 0.8108789062499999 0.067333984375 0.8108789062499999 0.067333984375 0.7965429687500001
0 0.9303320312500001 0.5349707031250001 0.8890039062499999 0.5349707031250001 0.8890039062499999 0.5714746093749999 0.9303320312500001 0.5714746093749999 0.9303320312500001 0.5349707031250001
0 0.44458984375000005 0.69361328125 0.43384765625000005 0.69361328125 0.43384765625000005 0.70580078125 0.44458984375000005 0.70580078125 0.44458984375000005 0.69361328125
0 0.266259765625 0.59544921875 0.255732421875 0.59544921875 0.255732421875 0.60474609375 0.266259765625 0.60474609375 0.266259765625 0.59544921875
0 0.6102636718750001 0.477177734375 0.6006738281249999 0.477177734375 0.6006738281249999 0.488173828125 0.6102636718750001 0.488173828125 0.6102636718750001 0.477177734375
0 0.53552734375 0.7162402343750001 0.52599609375 0.7162402343750001 0.52599609375 0.7261425781249999 0.53552734375 0.7261425781249999 0.53552734375 0.7162402343750001
0 0.018662109375 0.044013671875 0.005830078125000001 0.044013671875 0.005830078125000001 0.05852539062499999 0.018662109375 0.05852539062499999 0.018662109375 0.044013671875
0 0.22457031249999998 0.4728515625 0.1812109375 0.4728515625 0.1812109375 0.5198437499999999 0.22457031249999998 0.5198437499999999 0.22457031249999998 0.4728515625
0 0.03650390625 0.98072265625 0.02177734375 0.98072265625 0.02177734375 0.99291015625 0.03650390625 0.99291015625 0.03650390625 0.98072265625
0 0.8442968750000001 0.493037109375 0.8041406249999999 0.493037109375 0.8041406249999999 0.543095703125 0.8442968750000001 0.543095703125 0.8442968750000001 0.493037109375
0 0.437119140625 0.6452050781249999 0.416904296875 0.6452050781249999 0.416904296875 0.6731542968750001 0.437119140625 0.6731542968750001 0.437119140625 0.6452050781249999
0 0.29318359374999997 0.8904003906250001 0.25662109375000003 0.8904003906250001 0.25662109375000003 0.9465136718749999 0.29318359374999997 0.9465136718749999 0.29318359374999997 0.8904003906250001
0 0.6294628906249999 0.497431640625 0.6195605468750001 0.497431640625 0.6195605468750001 0.507451171875 0.6294628906249999 0.507451171875 0.6294628906249999 0.497431640625
0 0.47271484375000006 1 0.47271484375000006 0.9609765625 0.31537109375 0.9609765625 0.31537109375 1 0.47271484375000006 1
0 0.9334765624999999 0.7947265625 0.8780468750000001 0.7947265625 0.8780468750000001 0.8537109375 0.9334765624999999 0.8537109375 0.9334765624999999 0.7947265625
0 0.9811816406249999 0.019902343750000002 0.9250683593750001 0.019902343750000002 0.9250683593750001 0.07099609375 0.9811816406249999 0.07099609375 0.9811816406249999 0.019902343750000002
2 0.271484375 0.888671875 0.2734375 0.904296875 0.46484375 0.94140625 0.517578125 0.9609375 0.64453125 0.96484375 0.71484375 0.9296875 0.802734375 0.78125 0.80859375 0.662109375 0.79296875 0.568359375 0.759765625 0.486328125 0.72265625 0.44140625 0.646484375 0.3203125 0.572265625 0.263671875 0.486328125 0.181640625 0.458984375 0.130859375 0.447265625 0.123046875 0.42578125 0.12890625 0.3203125 0.22265625 0.228515625 0.34375 0.208984375 0.390625 0.19921875 0.453125 0.166015625 0.509765625 0.1328125 0.6171875 0.1328125 0.69921875 0.1640625 0.771484375 0.220703125 0.857421875 0.271484375 0.888671875