10 0.431220703125 0.5364648437499999 0.330302734375 0.5364648437499999 0.330302734375 0.68564453125 0.431220703125 0.68564453125 0.431220703125 0.5364648437499999
10 0.6259179687499999 0.5361914062500001 0.45708984375000006 0.5361914062500001 0.45708984375000006 0.7548242187499999 0.6259179687499999 0.7548242187499999 0.6259179687499999 0.5361914062500001
10 0.639677734375 0.503447265625 0.520478515625 0.503447265625 0.520478515625 0.596162109375 0.639677734375 0.596162109375 0.639677734375 0.503447265625
10 0.47357421874999994 0.7058691406250001 0.34673828125 0.7058691406250001 0.34673828125 0.8761621093749999 0.47357421874999994 0.8761621093749999 0.47357421874999994 0.7058691406250001
10 0.7948632812499999 0.60958984375 0.7109960937500001 0.60958984375 0.7109960937500001 0.69607421875 0.7948632812499999 0.69607421875 0.7948632812499999 0.60958984375
10 0.42939453125 0.31548828125 0.27912109375 0.31548828125 0.27912109375 0.41693359374999994 0.42939453125 0.41693359374999994 0.42939453125 0.31548828125
10 0.6146874999999999 0.6994042968749999 0.46734375000000006 0.6994042968749999 0.46734375000000006 0.8562597656250001 0.6146874999999999 0.8562597656250001 0.6146874999999999 0.6994042968749999
10 0.9160742187500001 0.5647851562499999 0.8407617187499999 0.5647851562499999 0.8407617187499999 0.6197851562500001 0.9160742187500001 0.6197851562500001 0.9160742187500001 0.5647851562499999
10 0.24084960937500002 0.40723632812500005 0.170283203125 0.40723632812500005 0.170283203125 0.48487304687500005 0.24084960937500002 0.48487304687500005 0.24084960937500002 0.40723632812500005
10 0.7947363281250001 0.782587890625 0.7003808593749999 0.782587890625 0.7003808593749999 0.8551074218749999 0.7947363281250001 0.8551074218749999 0.7947363281250001 0.782587890625
10 0.32947265625 0.816865234375 0.24865234374999998 0.816865234375 0.24865234374999998 0.890166015625 0.32947265625 0.890166015625 0.32947265625 0.816865234375
10 0.892919921875 0.56763671875 0.861962890625 0.56763671875 0.861962890625 0.58373046875 0.892919921875 0.58373046875 0.892919921875 0.56763671875
10 0.532763671875 0.94501953125 0.478955078125 0.94501953125 0.478955078125 0.98564453125 0.532763671875 0.98564453125 0.532763671875 0.94501953125
10 0.40557617187500006 0.325439453125 0.387392578125 0.325439453125 0.387392578125 0.340107421875 0.40557617187500006 0.340107421875 0.40557617187500006 0.325439453125
10 0.309814453125 0.36569335937499997 0.294677734375 0.36569335937499997 0.294677734375 0.377978515625 0.309814453125 0.377978515625 0.309814453125 0.36569335937499997
10 0.49836914062500004 0.9661230468750001 0.47186523437499994 0.9661230468750001 0.47186523437499994 0.9918847656249999 0.49836914062500004 0.9918847656249999 0.49836914062500004 0.9661230468750001
10 0.369990234375 0.70927734375 0.355595703125 0.70927734375 0.355595703125 0.72333984375 0.369990234375 0.72333984375 0.369990234375 0.70927734375
10 0.7620312499999999 0.542255859375 0.7487109375000001 0.542255859375 0.7487109375000001 0.552470703125 0.7620312499999999 0.552470703125 0.7620312499999999 0.542255859375
10 0.37568359375 0.896552734375 0.35869140625 0.896552734375 0.35869140625 0.913994140625 0.37568359375 0.913994140625 0.37568359375 0.896552734375
10 0.272685546875 0.617109375 0.264423828125 0.617109375 0.264423828125 0.6260546875 0.272685546875 0.6260546875 0.272685546875 0.617109375
10 0.7261328125000001 0.8419824218749999 0.5805078124999999 0.8419824218749999 0.5805078124999999 0.9304785156250001 0.7261328125000001 0.9304785156250001 0.7261328125000001 0.8419824218749999
10 0.9690527343750001 0.43717773437499996 0.8327050781249999 0.43717773437499996 0.8327050781249999 0.538916015625 0.9690527343750001 0.538916015625 0.9690527343750001 0.43717773437499996
2 0.224609375 0 0.15625 0.125 0.1328125 0.19140625 0.115234375 0.2890625 0.11328125 0.40234375 0.1328125 0.529296875 0.146484375 0.572265625 0.158203125 0.7578125 0.220703125 0.857421875 0.298828125 0.939453125 0.359375 0.98046875 0.408203125 0.990234375 0.48046875 0.9921875 0.625 0.935546875 0.65234375 0.94140625 0.654296875 0.927734375 0.68359375 0.9140625 0.779296875 0.89453125 0.892578125 0.859375 0.94140625 0.841796875 0.998046875 0.806640625 0.998046875 0.4296875 0.943359375 0.3828125 0.810546875 0.2109375 0.671875 0.12109375 0.607421875 0.046875 0.564453125 0.015625 0.537109375 0 0.224609375 0