0 0.33401367187500003 0.4127734375 0.269541015625 0.4127734375 0.269541015625 0.4705078125 0.33401367187500003 0.4705078125 0.33401367187500003 0.4127734375
0 0.5140039062499999 0.544384765625 0.46158203125 0.544384765625 0.46158203125 0.605029296875 0.5140039062499999 0.605029296875 0.5140039062499999 0.544384765625
0 0.49017578124999994 0.32205078125000003 0.43267578125000006 0.32205078125000003 0.43267578125000006 0.38302734374999997 0.49017578124999994 0.38302734374999997 0.49017578124999994 0.32205078125000003
0 0.22373046875 0.349423828125 0.16419921875000001 0.349423828125 0.16419921875000001 0.42206054687499994 0.22373046875 0.42206054687499994 0.22373046875 0.349423828125
0 0.643525390625 0.44107421875 0.576201171875 0.44107421875 0.576201171875 0.5276757812499999 0.643525390625 0.5276757812499999 0.643525390625 0.44107421875
0 0.342412109375 0.6155078125 0.271845703125 0.6155078125 0.271845703125 0.6784375 0.342412109375 0.6784375 0.342412109375 0.6155078125
0 0.7281835937500001 0.5899316406249999 0.6136132812499999 0.5899316406249999 0.6136132812499999 0.6854589843750001 0.7281835937500001 0.6854589843750001 0.7281835937500001 0.5899316406249999
0 0.76220703125 0.5201074218749999 0.71923828125 0.5201074218749999 0.71923828125 0.5531347656250001 0.76220703125 0.5531347656250001 0.76220703125 0.5201074218749999
0 0.5817578125 0.35848632812500003 0.5412890625 0.35848632812500003 0.5412890625 0.392021484375 0.5817578125 0.392021484375 0.5817578125 0.35848632812500003
0 0.17463867187499998 0.744482421875 0.145439453125 0.744482421875 0.145439453125 0.769189453125 0.17463867187499998 0.769189453125 0.17463867187499998 0.744482421875
0 0.21748046875 0.540849609375 0.18681640625 0.540849609375 0.18681640625 0.569501953125 0.21748046875 0.569501953125 0.21748046875 0.540849609375
0 0.2687890625 0.57556640625 0.23757812500000003 0.57556640625 0.23757812500000003 0.60412109375 0.2687890625 0.60412109375 0.2687890625 0.57556640625
0 0.824755859375 0.601591796875 0.764111328125 0.601591796875 0.764111328125 0.665986328125 0.824755859375 0.665986328125 0.824755859375 0.601591796875
0 0.212392578125 0.5871875 0.176787109375 0.5871875 0.176787109375 0.6266796875 0.212392578125 0.6266796875 0.212392578125 0.5871875
0 0.67625 0.742412109375 0.6548046875 0.742412109375 0.6548046875 0.768330078125 0.67625 0.768330078125 0.67625 0.742412109375
0 0.591328125 0.69583984375 0.5756640625 0.69583984375 0.5756640625 0.71138671875 0.591328125 0.71138671875 0.591328125 0.69583984375
0 0.110810546875 0.664169921875 0.066806640625 0.664169921875 0.066806640625 0.713759765625 0.110810546875 0.713759765625 0.110810546875 0.664169921875
0 0.446357421875 0.491015625 0.424736328125 0.491015625 0.424736328125 0.5119140625 0.446357421875 0.5119140625 0.446357421875 0.491015625
0 0.393740234375 0.36357421875 0.37336914062500004 0.36357421875 0.37336914062500004 0.38302734374999997 0.393740234375 0.38302734374999997 0.393740234375 0.36357421875
2 0.080078125 0.71484375 0.12890625 0.76171875 0.193359375 0.802734375 0.23828125 0.8203125 0.318359375 0.833984375 0.55078125 0.83203125 0.59765625 0.818359375 0.669921875 0.779296875 0.728515625 0.7265625 0.837890625 0.6484375 0.962890625 0.607421875 0.95703125 0.595703125 0.888671875 0.564453125 0.84765625 0.53515625 0.615234375 0.341796875 0.42578125 0.25 0.359375 0.234375 0.322265625 0.234375 0.240234375 0.255859375 0.1875 0.29296875 0.115234375 0.419921875 0.068359375 0.564453125 0.0625 0.62109375 0.072265625 0.646484375 0.0703125 0.69921875 0.080078125 0.71484375