0 0.42427734375000004 0.623271484375 0.36935546874999997 0.623271484375 0.36935546874999997 0.683916015625 0.42427734375000004 0.683916015625 0.42427734375000004 0.623271484375
0 0.42966796875 0.630595703125 0.36185546875 0.630595703125 0.36185546875 0.688740234375 0.42966796875 0.688740234375 0.42966796875 0.630595703125
0 0.46061523437499996 0.279912109375 0.395361328125 0.279912109375 0.395361328125 0.350478515625 0.46061523437499996 0.350478515625 0.46061523437499996 0.279912109375
0 0.49674804687499996 0.8087597656250001 0.429541015625 0.8087597656250001 0.429541015625 0.8699511718749999 0.49674804687499996 0.8699511718749999 0.49674804687499996 0.8087597656250001
0 0.641796875 0.128359375 0.60625 0.128359375 0.60625 0.1694921875 0.641796875 0.1694921875 0.641796875 0.128359375
0 0.75490234375 0.440302734375 0.70798828125 0.440302734375 0.70798828125 0.483525390625 0.75490234375 0.483525390625 0.75490234375 0.440302734375
0 0.340693359375 0.53052734375 0.311650390625 0.53052734375 0.311650390625 0.55638671875 0.340693359375 0.55638671875 0.340693359375 0.53052734375
0 0.6550878906250001 0.549931640625 0.6261621093749999 0.549931640625 0.6261621093749999 0.578974609375 0.6550878906250001 0.578974609375 0.6550878906250001 0.549931640625
0 0.708876953125 0.596328125 0.679794921875 0.596328125 0.679794921875 0.6233984375 0.708876953125 0.6233984375 0.708876953125 0.596328125
0 0.653916015625 0.740185546875 0.612685546875 0.740185546875 0.612685546875 0.777392578125 0.653916015625 0.777392578125 0.653916015625 0.740185546875
0 0.5479296875 0.431533203125 0.5106640625 0.431533203125 0.5106640625 0.467880859375 0.5479296875 0.467880859375 0.5479296875 0.431533203125
0 0.389931640625 0.707861328125 0.365927734375 0.707861328125 0.365927734375 0.729638671875 0.389931640625 0.729638671875 0.389931640625 0.707861328125
0 0.63330078125 0.390419921875 0.59423828125 0.390419921875 0.59423828125 0.422587890625 0.63330078125 0.422587890625 0.63330078125 0.390419921875
0 0.56095703125 0.8063671875 0.53181640625 0.8063671875 0.53181640625 0.839140625 0.56095703125 0.839140625 0.56095703125 0.8063671875
0 0.476474609375 0.515107421875 0.449306640625 0.515107421875 0.449306640625 0.543486328125 0.476474609375 0.543486328125 0.476474609375 0.515107421875
0 0.663720703125 0.278916015625 0.634130859375 0.278916015625 0.634130859375 0.307998046875 0.663720703125 0.307998046875 0.663720703125 0.278916015625
0 0.459072265625 0.6053808593750001 0.33487304687499997 0.6053808593750001 0.33487304687499997 0.7295800781249999 0.459072265625 0.7295800781249999 0.459072265625 0.6053808593750001
0 0.5813574218750001 0.246875 0.5573144531249999 0.246875 0.5573144531249999 0.2697265625 0.5813574218750001 0.2697265625 0.5813574218750001 0.246875
0 0.53984375 0.75263671875 0.51875 0.75263671875 0.51875 0.77080078125 0.53984375 0.77080078125 0.53984375 0.75263671875
0 0.5911523437499999 0.457392578125 0.5416601562500001 0.457392578125 0.5416601562500001 0.499638671875 0.5911523437499999 0.499638671875 0.5911523437499999 0.457392578125
0 0.653583984375 0.490107421875 0.614970703125 0.490107421875 0.614970703125 0.528447265625 0.653583984375 0.528447265625 0.653583984375 0.490107421875
0 0.6095312500000001 0.5916015625 0.5867578124999999 0.5916015625 0.5867578124999999 0.614453125 0.6095312500000001 0.614453125 0.6095312500000001 0.5916015625
0 0.5194726562499999 0.6966894531250001 0.48736328125000006 0.6966894531250001 0.48736328125000006 0.7271386718749999 0.5194726562499999 0.7271386718749999 0.5194726562499999 0.6966894531250001
0 0.7516015625 0.5741601562499999 0.73765625 0.5741601562499999 0.73765625 0.5908789062500001 0.7516015625 0.5908789062500001 0.7516015625 0.5741601562499999
0 0.3628515625 0.774873046875 0.34078125 0.774873046875 0.34078125 0.810087890625 0.3628515625 0.810087890625 0.3628515625 0.774873046875
0 0.423876953125 0.9039746093750001 0.405224609375 0.9039746093750001 0.405224609375 0.9212207031249999 0.423876953125 0.9212207031249999 0.423876953125 0.9039746093750001
0 0.36726562500000004 0.514208984375 0.34269531249999996 0.514208984375 0.34269531249999996 0.536572265625 0.36726562500000004 0.536572265625 0.36726562500000004 0.514208984375
0 0.47100585937500006 0.43258789062499997 0.43477539062500004 0.43258789062499997 0.43477539062500004 0.46584960937500003 0.47100585937500006 0.46584960937500003 0.47100585937500006 0.43258789062499997
0 0.6046875 0.31803710937499996 0.5759765625 0.31803710937499996 0.5759765625 0.343603515625 0.6046875 0.343603515625 0.6046875 0.31803710937499996
0 0.651337890625 0.7440722656250001 0.633818359375 0.7440722656250001 0.633818359375 0.7617871093749999 0.651337890625 0.7617871093749999 0.651337890625 0.7440722656250001
0 0.44173828125 0.45869140625 0.41716796875 0.45869140625 0.41716796875 0.47978515625 0.44173828125 0.47978515625 0.44173828125 0.45869140625
0 0.342041015625 0.635390625 0.315693359375 0.635390625 0.315693359375 0.669296875 0.342041015625 0.669296875 0.342041015625 0.635390625
0 0.259404296875 0.5523046875000001 0.23864257812499998 0.5523046875000001 0.23864257812499998 0.5736718749999999 0.259404296875 0.5736718749999999 0.259404296875 0.5523046875000001
0 0.48125976562500006 0.42257812499999997 0.41034179687499994 0.42257812499999997 0.41034179687499994 0.49441406250000003 0.48125976562500006 0.49441406250000003 0.48125976562500006 0.42257812499999997
0 0.395146484375 0.490146484375 0.308955078125 0.490146484375 0.308955078125 0.5713769531249999 0.395146484375 0.5713769531249999 0.395146484375 0.490146484375
0 0.312685546875 0.5023828124999999 0.29622070312500004 0.5023828124999999 0.29622070312500004 0.5161718750000001 0.312685546875 0.5161718750000001 0.312685546875 0.5023828124999999
0 0.3107421875 0.7226171875 0.29375 0.7226171875 0.29375 0.7422265625 0.3107421875 0.7422265625 0.3107421875 0.7226171875
0 0.489521484375 0.505205078125 0.468994140625 0.505205078125 0.468994140625 0.528974609375 0.489521484375 0.528974609375 0.489521484375 0.505205078125
0 0.691201171875 0.09303710937500001 0.665244140625 0.09303710937500001 0.665244140625 0.124111328125 0.691201171875 0.124111328125 0.691201171875 0.09303710937500001
0 0.47528320312499994 0.7791015625 0.46026367187500006 0.7791015625 0.46026367187500006 0.79609375 0.47528320312499994 0.79609375 0.47528320312499994 0.7791015625
0 0.27023437499999997 0.70560546875 0.2537109375 0.70560546875 0.2537109375 0.72212890625 0.27023437499999997 0.72212890625 0.27023437499999997 0.70560546875
0 0.659794921875 0.15342773437499999 0.640009765625 0.15342773437499999 0.640009765625 0.175205078125 0.659794921875 0.175205078125 0.659794921875 0.15342773437499999
0 0.636337890625 0.6188671875 0.617568359375 0.6188671875 0.617568359375 0.6340625 0.636337890625 0.6340625 0.636337890625 0.6188671875
0 0.28239257812499996 0.45071289062500003 0.25862304687500004 0.45071289062500003 0.25862304687500004 0.46823242187499997 0.28239257812499996 0.46823242187499997 0.28239257812499996 0.45071289062500003
0 0.6323925781249999 0.268857421875 0.6176074218750001 0.268857421875 0.6176074218750001 0.283408203125 0.6323925781249999 0.283408203125 0.6323925781249999 0.268857421875
0 0.5826757812500001 0.24154296875 0.5335351562499999 0.24154296875 0.5335351562499999 0.28337890625 0.5826757812500001 0.28337890625 0.5826757812500001 0.24154296875
0 0.599658203125 0.520859375 0.581005859375 0.520859375 0.581005859375 0.5367578125 0.599658203125 0.5367578125 0.599658203125 0.520859375
0 0.532373046875 0.6466699218749999 0.501806640625 0.6466699218749999 0.501806640625 0.6697363281250001 0.532373046875 0.6697363281250001 0.532373046875 0.6466699218749999
0 0.72228515625 0.6786230468750001 0.70837890625 0.6786230468750001 0.70837890625 0.6924707031249999 0.72228515625 0.6924707031249999 0.72228515625 0.6786230468750001
0 0.5333203125 0.41745117187499997 0.524296875 0.41745117187499997 0.524296875 0.42727539062500003 0.5333203125 0.42727539062500003 0.5333203125 0.41745117187499997
0 0.34084960937500003 0.744609375 0.32223632812499997 0.744609375 0.32223632812499997 0.763203125 0.34084960937500003 0.763203125 0.34084960937500003 0.744609375
0 0.551142578125 0.24825195312499998 0.535771484375 0.24825195312499998 0.535771484375 0.267880859375 0.551142578125 0.267880859375 0.551142578125 0.24825195312499998
0 0.33369140625 0.5834374999999999 0.32111328125 0.5834374999999999 0.32111328125 0.5942968750000001 0.33369140625 0.5942968750000001 0.33369140625 0.5834374999999999
0 0.46125976562500004 0.555634765625 0.44354492187499994 0.555634765625 0.44354492187499994 0.572294921875 0.46125976562500004 0.572294921875 0.46125976562500004 0.555634765625
0 0.37986328125 0.778271484375 0.36818359375 0.778271484375 0.36818359375 0.790087890625 0.37986328125 0.790087890625 0.37986328125 0.778271484375
0 0.58328125 0.36662109374999996 0.56515625 0.36662109374999996 0.56515625 0.38095703125 0.58328125 0.38095703125 0.58328125 0.36662109374999996
0 0.637080078125 0.19666992187500001 0.622685546875 0.19666992187500001 0.622685546875 0.210791015625 0.637080078125 0.210791015625 0.637080078125 0.19666992187500001
0 0.5608496093750001 0.8114648437499999 0.48993164062499994 0.8114648437499999 0.48993164062499994 0.8682226562500001 0.5608496093750001 0.8682226562500001 0.5608496093750001 0.8114648437499999
0 0.573759765625 0.493671875 0.508271484375 0.493671875 0.508271484375 0.553203125 0.573759765625 0.553203125 0.573759765625 0.493671875
0 0.401748046875 0.36826171875 0.375126953125 0.36826171875 0.375126953125 0.38810546874999996 0.401748046875 0.38810546874999996 0.401748046875 0.36826171875
0 0.7003515625000001 0.23936523437499999 0.6853906249999999 0.23936523437499999 0.6853906249999999 0.267470703125 0.7003515625000001 0.267470703125 0.7003515625000001 0.23936523437499999
0 0.40166992187500006 0.8462500000000001 0.391298828125 0.8462500000000001 0.391298828125 0.8578515624999999 0.40166992187500006 0.8578515624999999 0.40166992187500006 0.8462500000000001
0 0.6045507812500001 0.791669921875 0.5536523437499999 0.791669921875 0.5536523437499999 0.8323535156249999 0.6045507812500001 0.8323535156249999 0.6045507812500001 0.791669921875
0 0.7201953125 0.647421875 0.7094921875 0.647421875 0.7094921875 0.6582421875 0.7201953125 0.6582421875 0.7201953125 0.647421875
0 0.43429687499999997 0.7725390625 0.38894531250000003 0.7725390625 0.38894531250000003 0.8143750000000001 0.43429687499999997 0.8143750000000001 0.43429687499999997 0.7725390625
0 0.415947265625 0.44045898437500003 0.406826171875 0.44045898437500003 0.406826171875 0.44872070312499995 0.415947265625 0.44872070312499995 0.415947265625 0.44045898437500003
0 0.70955078125 0.730810546875 0.70158203125 0.730810546875 0.70158203125 0.739892578125 0.70955078125 0.739892578125 0.70955078125 0.730810546875
0 0.582001953125 0.625126953125 0.572294921875 0.625126953125 0.572294921875 0.635615234375 0.582001953125 0.635615234375 0.582001953125 0.625126953125
0 0.56181640625 0.269599609375 0.55244140625 0.269599609375 0.55244140625 0.279228515625 0.56181640625 0.279228515625 0.56181640625 0.269599609375
0 0.5253515625 0.5663378906250001 0.5117578125 0.5663378906250001 0.5117578125 0.5791699218749999 0.5253515625 0.5791699218749999 0.5253515625 0.5663378906250001
0 0.21826171875 0.565908203125 0.21068359375 0.565908203125 0.21068359375 0.575693359375 0.21826171875 0.575693359375 0.21826171875 0.565908203125
0 0.39705078125000004 0.474541015625 0.37736328124999996 0.474541015625 0.37736328124999996 0.491787109375 0.39705078125000004 0.491787109375 0.39705078125000004 0.474541015625
0 0.7191796874999999 0.722197265625 0.7105078125000001 0.722197265625 0.7105078125000001 0.731904296875 0.7191796874999999 0.731904296875 0.7191796874999999 0.722197265625
0 0.58390625 0.772509765625 0.56453125 0.772509765625 0.56453125 0.787060546875 0.58390625 0.787060546875 0.58390625 0.772509765625
0 0.7651171875 0.5920996093750001 0.7563671875 0.5920996093750001 0.7563671875 0.6022363281249999 0.7651171875 0.6022363281249999 0.7651171875 0.5920996093750001
0 0.416328125 0.491591796875 0.4083984375 0.491591796875 0.4083984375 0.499619140625 0.416328125 0.499619140625 0.416328125 0.491591796875
0 0.46490234375000006 0.23391601562500003 0.40279296875000004 0.23391601562500003 0.40279296875000004 0.295888671875 0.46490234375000006 0.295888671875 0.46490234375000006 0.23391601562500003
0 0.549765625 0.32705078125 0.5410546875 0.32705078125 0.5410546875 0.33603515625 0.549765625 0.33603515625 0.549765625 0.32705078125
2 0.36328125 0.904296875 0.3984375 0.923828125 0.40234375 0.935546875 0.640625 0.802734375 0.708984375 0.748046875 0.765625 0.66015625 0.77734375 0.568359375 0.76953125 0.43359375 0.703125 0.185546875 0.697265625 0 0.658203125 0.005859375 0.5950527343750001 0.094400390625 0.46875 0.203125 0.40234375 0.27734375 0.337890625 0.326171875 0.23046875 0.470703125 0.212890625 0.529296875 0.212890625 0.599609375 0.228515625 0.66015625 0.251953125 0.712890625 0.36328125 0.904296875