0 0.63431640625 0.45181640625 0.57119140625 0.45181640625 0.57119140625 0.50693359375 0.63431640625 0.50693359375 0.63431640625 0.45181640625
0 0.5715917968750001 0.2544921875 0.5162988281249999 0.2544921875 0.5162988281249999 0.32414062499999996 0.5715917968750001 0.32414062499999996 0.5715917968750001 0.2544921875
0 0.434169921875 0.5840722656249999 0.36758789062499997 0.5840722656249999 0.36758789062499997 0.6532324218750001 0.434169921875 0.6532324218750001 0.434169921875 0.5840722656249999
0 0.459423828125 0.34518554687499997 0.397998046875 0.34518554687499997 0.397998046875 0.41458007812500003 0.459423828125 0.41458007812500003 0.459423828125 0.34518554687499997
0 0.5065625 0.6837500000000001 0.44070312500000003 0.6837500000000001 0.44070312500000003 0.7605859374999999 0.5065625 0.7605859374999999 0.5065625 0.6837500000000001
0 0.28898437499999996 0.46224609375 0.2412890625 0.46224609375 0.2412890625 0.5177539062500001 0.28898437499999996 0.5177539062500001 0.28898437499999996 0.46224609375
0 0.8239160156249999 0.530712890625 0.7708105468750001 0.530712890625 0.7708105468750001 0.588427734375 0.8239160156249999 0.588427734375 0.8239160156249999 0.530712890625
0 0.6333886718749999 0.36027343749999996 0.5619238281250001 0.36027343749999996 0.5619238281250001 0.4322265625 0.6333886718749999 0.4322265625 0.6333886718749999 0.36027343749999996
0 0.372333984375 0.22416015625000002 0.322001953125 0.22416015625000002 0.322001953125 0.29197265625 0.372333984375 0.29197265625 0.372333984375 0.22416015625000002
0 0.306025390625 0.389111328125 0.251123046875 0.389111328125 0.251123046875 0.441943359375 0.306025390625 0.441943359375 0.306025390625 0.389111328125
0 0.324091796875 0.5136132812499999 0.298955078125 0.5136132812499999 0.298955078125 0.5430273437500001 0.324091796875 0.5430273437500001 0.324091796875 0.5136132812499999
0 0.531767578125 0.531611328125 0.511201171875 0.531611328125 0.511201171875 0.559208984375 0.531767578125 0.559208984375 0.531767578125 0.531611328125
0 0.320205078125 0.67771484375 0.298466796875 0.67771484375 0.298466796875 0.70119140625 0.320205078125 0.70119140625 0.320205078125 0.67771484375
0 0.23208984375 0.388115234375 0.20029296875 0.388115234375 0.20029296875 0.421962890625 0.23208984375 0.421962890625 0.23208984375 0.388115234375
0 0.655009765625 0.299609375 0.624287109375 0.299609375 0.624287109375 0.3419921875 0.655009765625 0.3419921875 0.655009765625 0.299609375
0 0.653515625 0.6974609375 0.6375 0.6974609375 0.6375 0.7244140625 0.653515625 0.7244140625 0.653515625 0.6974609375
0 0.411494140625 0.24427734375000001 0.389794921875 0.24427734375000001 0.389794921875 0.27134765625 0.411494140625 0.27134765625 0.411494140625 0.24427734375000001
0 0.39168945312500003 0.675986328125 0.372490234375 0.675986328125 0.372490234375 0.699990234375 0.39168945312500003 0.699990234375 0.39168945312500003 0.675986328125
2 0.123046875 0.419921875 0.234375 0.56640625 0.30859375 0.708984375 0.375 0.78125 0.41015625 0.796875 0.51171875 0.802734375 0.59375 0.765625 0.65625 0.755859375 0.73828125 0.705078125 0.841796875 0.6171875 0.919921875 0.58203125 0.974609375 0.578125 0.970703125 0.56640625 0.91796875 0.5390625 0.853515625 0.484375 0.693359375 0.287109375 0.576171875 0.197265625 0.533203125 0.173828125 0.525390625 0.16015625 0.478515625 0.14453125 0.4453125 0.142578125 0.416015625 0.15625 0.37890625 0.1875 0.3427734375 0.2353515625 0.181640625 0.345703125 0.1484375 0.380859375 0.119140625 0.37890625 0.091796875 0.36328125 0.08203125 0.373046875 0.083984375 0.3828125 0.12109375 0.408203125 0.123046875 0.419921875