0 0.67771484375 0.33463867187499996 0.5755273437499999 0.33463867187499996 0.5755273437499999 0.43926757812500006 0.67771484375 0.43926757812500006 0.67771484375 0.33463867187499996
0 0.7403906250000001 0.29293945312499997 0.6707421874999999 0.29293945312499997 0.6707421874999999 0.38284179687500003 0.7403906250000001 0.38284179687500003 0.7403906250000001 0.29293945312499997
0 0.18587890625 0.27240234375 0.12294921875 0.27240234375 0.12294921875 0.34771484375 0.18587890625 0.34771484375 0.18587890625 0.27240234375
0 0.7118359375 0.5566992187500001 0.6670703125 0.5566992187500001 0.6670703125 0.6024804687499999 0.7118359375 0.6024804687499999 0.7118359375 0.5566992187500001
0 0.39469726562499996 0.6070214843749999 0.367529296875 0.6070214843749999 0.367529296875 0.6507910156250001 0.39469726562499996 0.6507910156250001 0.39469726562499996 0.6070214843749999
0 0.41150390625 0.4141796875 0.27599609375 0.4141796875 0.27599609375 0.5467578125 0.41150390625 0.5467578125 0.41150390625 0.4141796875
0 0.377392578125 0.194287109375 0.342333984375 0.194287109375 0.342333984375 0.236376953125 0.377392578125 0.236376953125 0.377392578125 0.194287109375
0 0.438125 0.18941406249999998 0.3377734375 0.18941406249999998 0.3377734375 0.25222656250000003 0.438125 0.25222656250000003 0.438125 0.18941406249999998
0 0.44837890625 0.58947265625 0.35876953125 0.58947265625 0.35876953125 0.68298828125 0.44837890625 0.68298828125 0.44837890625 0.58947265625
0 0.34293945312499996 0.805556640625 0.32112304687500004 0.805556640625 0.32112304687500004 0.851669921875 0.34293945312499996 0.851669921875 0.34293945312499996 0.805556640625
0 0.30787109375 0.5763671875 0.27759765625 0.5763671875 0.27759765625 0.6208984375 0.30787109375 0.6208984375 0.30787109375 0.5763671875
0 0.54044921875 0.59201171875 0.49568359375000004 0.59201171875 0.49568359375000004 0.65701171875 0.54044921875 0.65701171875 0.54044921875 0.59201171875
0 0.607158203125 0.32205078125000003 0.587177734375 0.32205078125000003 0.587177734375 0.35373046874999997 0.607158203125 0.35373046874999997 0.607158203125 0.32205078125000003
0 0.84796875 0.43525390625 0.818046875 0.43525390625 0.818046875 0.45732421875 0.84796875 0.45732421875 0.84796875 0.43525390625
0 0.26044921875 0.36605468750000003 0.22443359375 0.36605468750000003 0.22443359375 0.4093359375 0.26044921875 0.4093359375 0.26044921875 0.36605468750000003
0 0.391796875 0.7634765625 0.3748046875 0.7634765625 0.3748046875 0.790234375 0.391796875 0.790234375 0.391796875 0.7634765625
0 0.728408203125 0.46517578125 0.682724609375 0.46517578125 0.682724609375 0.5240820312500001 0.728408203125 0.5240820312500001 0.728408203125 0.46517578125
0 0.38203125 0.301826171875 0.2805859375 0.301826171875 0.2805859375 0.409619140625 0.38203125 0.409619140625 0.38203125 0.301826171875
0 0.15684570312499999 0.29513671874999997 0.129052734375 0.29513671874999997 0.129052734375 0.32791015625000003 0.15684570312499999 0.32791015625000003 0.15684570312499999 0.29513671874999997
0 0.605703125 0.281787109375 0.5925390625 0.281787109375 0.5925390625 0.305126953125 0.605703125 0.305126953125 0.605703125 0.281787109375
0 0.796533203125 0.39482421875 0.784521484375 0.39482421875 0.784521484375 0.41083984375 0.796533203125 0.41083984375 0.796533203125 0.39482421875
0 0.635634765625 0.565673828125 0.610458984375 0.565673828125 0.610458984375 0.602294921875 0.635634765625 0.602294921875 0.635634765625 0.565673828125
0 0.44847656249999995 0.44303710937499996 0.42996093750000003 0.44303710937499996 0.42996093750000003 0.47004882812500004 0.44847656249999995 0.47004882812500004 0.44847656249999995 0.44303710937499996
0 0.494384765625 0.58740234375 0.332763671875 0.58740234375 0.332763671875 0.84912109375 0.494384765625 0.84912109375 0.494384765625 0.58740234375
0 0.27839843750000004 0.367080078125 0.2660546875 0.367080078125 0.2660546875 0.382919921875 0.27839843750000004 0.382919921875 0.27839843750000004 0.367080078125
0 0.5342578125 0.262958984375 0.5096875 0.262958984375 0.5096875 0.290751953125 0.5342578125 0.290751953125 0.5342578125 0.262958984375
0 0.5121191406250001 0.3745703125 0.491787109375 0.3745703125 0.491787109375 0.40132812500000004 0.5121191406250001 0.40132812500000004 0.5121191406250001 0.3745703125
0 0.5970703125 0.594521484375 0.57578125 0.594521484375 0.57578125 0.624228515625 0.5970703125 0.624228515625 0.5970703125 0.594521484375
0 0.36275390625 0.284169921875 0.34330078125 0.284169921875 0.34330078125 0.30813476562500003 0.36275390625 0.30813476562500003 0.36275390625 0.284169921875
0 0.1607421875 0.237451171875 0.1456640625 0.237451171875 0.1456640625 0.25790039062500003 0.1607421875 0.25790039062500003 0.1607421875 0.237451171875
0 0.373662109375 0.272900390625 0.311884765625 0.272900390625 0.311884765625 0.342841796875 0.373662109375 0.342841796875 0.373662109375 0.272900390625
0 0.2880859375 0.457939453125 0.274921875 0.457939453125 0.274921875 0.475185546875 0.2880859375 0.475185546875 0.2880859375 0.457939453125
0 0.6849609375 0.29061523437500003 0.671484375 0.29061523437500003 0.671484375 0.31290039062499997 0.6849609375 0.31290039062499997 0.6849609375 0.29061523437500003
0 0.626962890625 0.49652343749999994 0.615224609375 0.49652343749999994 0.615224609375 0.5103125000000001 0.626962890625 0.5103125000000001 0.626962890625 0.49652343749999994
0 0.717041015625 0.6307031249999999 0.706787109375 0.6307031249999999 0.706787109375 0.6456640625000001 0.717041015625 0.6456640625000001 0.717041015625 0.6307031249999999
0 0.831591796875 0.33151367187499997 0.815869140625 0.33151367187499997 0.815869140625 0.34817382812500003 0.831591796875 0.34817382812500003 0.831591796875 0.33151367187499997
0 0.41804687500000004 0.619267578125 0.40714843749999996 0.619267578125 0.40714843749999996 0.634638671875 0.41804687500000004 0.634638671875 0.41804687500000004 0.619267578125
0 0.67236328125 0.684208984375 0.66357421875 0.684208984375 0.66357421875 0.695673828125 0.67236328125 0.695673828125 0.67236328125 0.684208984375
0 0.672841796875 0.2169921875 0.657236328125 0.2169921875 0.657236328125 0.2358984375 0.672841796875 0.2358984375 0.672841796875 0.2169921875
0 0.64634765625 0.20285156249999997 0.63392578125 0.20285156249999997 0.63392578125 0.22023437499999998 0.64634765625 0.22023437499999998 0.64634765625 0.20285156249999997
0 0.19429687499999998 0.60203125 0.174609375 0.60203125 0.174609375 0.6284375 0.19429687499999998 0.6284375 0.19429687499999998 0.60203125
0 0.168193359375 0.28267578125 0.154814453125 0.28267578125 0.154814453125 0.29642578125 0.168193359375 0.29642578125 0.168193359375 0.28267578125
0 0.2337890625 0.6613183593749999 0.21812499999999999 0.6613183593749999 0.21812499999999999 0.6843847656250001 0.2337890625 0.6843847656250001 0.2337890625 0.6613183593749999
0 0.570810546875 0.4301953125 0.557119140625 0.4301953125 0.557119140625 0.4496875 0.570810546875 0.4496875 0.570810546875 0.4301953125
0 0.14203125 0.439453125 0.123125 0.439453125 0.123125 0.458515625 0.14203125 0.458515625 0.14203125 0.439453125
0 0.594462890625 0.19015625 0.583271484375 0.19015625 0.583271484375 0.20753906249999998 0.594462890625 0.20753906249999998 0.594462890625 0.19015625
0 0.30513671875 0.575029296875 0.28958984375 0.575029296875 0.28958984375 0.590986328125 0.30513671875 0.590986328125 0.30513671875 0.575029296875
0 0.4070703125 0.307744140625 0.39175781249999997 0.307744140625 0.39175781249999997 0.324599609375 0.4070703125 0.324599609375 0.4070703125 0.307744140625
2 0.28125 0.921875 0.314453125 0.935546875 0.337890625 0.935546875 0.388671875 0.927734375 0.46875 0.888671875 0.673828125 0.720703125 0.75390625 0.625 0.78515625 0.576171875 0.82421875 0.490234375 0.900390625 0.384765625 0.943359375 0.337890625 0.837890625 0.31640625 0.759765625 0.28515625 0.724609375 0.25390625 0.693359375 0.2109375 0.654296875 0.181640625 0.603515625 0.154296875 0.560546875 0.150390625 0.447265625 0.19140625 0.388671875 0.193359375 0.291015625 0.173828125 0.23046875 0.1796875 0.16796875 0.21875 0.134765625 0.25390625 0.083984375 0.349609375 0.0703125 0.427734375 0.15234375 0.716796875 0.24609375 0.888671875 0.28125 0.921875