0 0.43121093750000006 0.40841796874999997 0.375859375 0.40841796874999997 0.375859375 0.47396484375 0.43121093750000006 0.47396484375 0.43121093750000006 0.40841796874999997
0 0.998046875 0.3129296875 0.967578125 0.3129296875 0.967578125 0.3334375 0.998046875 0.3334375 0.998046875 0.3129296875
0 0.19022460937500002 0.34098632812499996 0.149150390625 0.34098632812499996 0.149150390625 0.38850585937500004 0.19022460937500002 0.38850585937500004 0.19022460937500002 0.34098632812499996
0 0.469150390625 0.245693359375 0.39217773437500003 0.245693359375 0.39217773437500003 0.32364257812499997 0.469150390625 0.32364257812499997 0.469150390625 0.245693359375
0 0.733173828125 0.7989843750000001 0.707255859375 0.7989843750000001 0.707255859375 0.8377343749999999 0.733173828125 0.8377343749999999 0.733173828125 0.7989843750000001
0 0.354423828125 0.6689453125 0.32577148437500003 0.6689453125 0.32577148437500003 0.703125 0.354423828125 0.703125 0.354423828125 0.6689453125
0 0.9832421874999999 0.5279199218749999 0.9591406250000001 0.5279199218749999 0.9591406250000001 0.5599707031250001 0.9832421874999999 0.5599707031250001 0.9832421874999999 0.5279199218749999
0 0.22330078125 0.6736425781250001 0.12240234375 0.6736425781250001 0.12240234375 0.7824121093749999 0.22330078125 0.7824121093749999 0.22330078125 0.6736425781250001
0 0.7185937499999999 0.44927734375000006 0.6827734375000001 0.44927734375000006 0.6827734375000001 0.50826171875 0.7185937499999999 0.50826171875 0.7185937499999999 0.44927734375000006
0 0.240302734375 0.5752832031249999 0.221611328125 0.5752832031249999 0.221611328125 0.5975683593750001 0.240302734375 0.5975683593750001 0.240302734375 0.5752832031249999
0 0.25734375 0.202587890625 0.24191406249999997 0.202587890625 0.24191406249999997 0.220029296875 0.25734375 0.220029296875 0.25734375 0.202587890625
0 0.806591796875 0.745234375 0.752001953125 0.745234375 0.752001953125 0.791875 0.806591796875 0.791875 0.806591796875 0.745234375
0 0.6550878906250001 0.38772460937500003 0.6320214843749999 0.38772460937500003 0.6320214843749999 0.41305664062499997 0.6550878906250001 0.41305664062499997 0.6550878906250001 0.38772460937500003
0 0.44736328125 0.606416015625 0.40568359374999996 0.606416015625 0.40568359374999996 0.662138671875 0.44736328125 0.662138671875 0.44736328125 0.606416015625
0 0.344423828125 0.19408203125 0.333310546875 0.19408203125 0.333310546875 0.20705078124999998 0.344423828125 0.20705078124999998 0.344423828125 0.19408203125
0 0.58287109375 0.41330078124999997 0.56556640625 0.41330078124999997 0.56556640625 0.43291015625 0.58287109375 0.43291015625 0.58287109375 0.41330078124999997
0 0.392265625 0.7903515624999999 0.37093750000000003 0.7903515624999999 0.37093750000000003 0.8209765625 0.392265625 0.8209765625 0.392265625 0.7903515624999999
2 0.0234375 0.724609375 0.068359375 0.80078125 0.111328125 0.849609375 0.197265625 0.90234375 0.26171875 0.916015625 0.44140625 0.912109375 0.533203125 0.9375 0.720703125 0.927734375 0.77734375 0.90234375 0.87109375 0.818359375 0.998046875 0.763671875 0.998046875 0.376953125 0.923828125 0.310546875 0.88671875 0.287109375 0.8359375 0.232421875 0.775390625 0.1875 0.71875 0.16796875 0.595703125 0.099609375 0.486328125 0.056640625 0.4453125 0.048828125 0.359375 0.044921875 0.30078125 0.052734375 0.224609375 0.0859375 0.171875 0.15234375 0.064453125 0.400390625 0.013671875 0.650390625 0.025390625 0.681640625 0.01171875 0.703125 0.013671875 0.7265625 0.0234375 0.724609375