10 0.45724609374999997 0.48654296874999997 0.37369140624999997 0.48654296874999997 0.37369140624999997 0.63185546875 0.45724609374999997 0.63185546875 0.45724609374999997 0.48654296874999997
10 0.596923828125 0.5219140624999999 0.493896484375 0.5219140624999999 0.493896484375 0.6558203125000001 0.596923828125 0.6558203125000001 0.596923828125 0.5219140624999999
10 0.5210546875000001 0.09601562500000001 0.390078125 0.09601562500000001 0.390078125 0.28828125 0.5210546875000001 0.28828125 0.5210546875000001 0.09601562500000001
10 0.47238281249999997 0.31265624999999997 0.37429687500000003 0.31265624999999997 0.37429687500000003 0.4324609375 0.47238281249999997 0.4324609375 0.47238281249999997 0.31265624999999997
10 0.5129980468750001 0.76779296875 0.41766601562499994 0.76779296875 0.41766601562499994 0.88845703125 0.5129980468750001 0.88845703125 0.5129980468750001 0.76779296875
10 0.40091796874999996 0.7057226562500001 0.33201171875 0.7057226562500001 0.33201171875 0.7923242187499999 0.40091796874999996 0.7923242187499999 0.40091796874999996 0.7057226562500001
10 0.43899414062500003 0.7266210937500001 0.34127929687499997 0.7266210937500001 0.34127929687499997 0.8466210937499999 0.43899414062500003 0.8466210937499999 0.43899414062500003 0.7266210937500001
10 0.6127343749999999 0.294375 0.46343750000000006 0.294375 0.46343750000000006 0.5025000000000001 0.6127343749999999 0.5025000000000001 0.6127343749999999 0.294375
10 0.5569531249999999 0.023681640625 0.43671875 0.023681640625 0.43671875 0.186044921875 0.5569531249999999 0.186044921875 0.5569531249999999 0.023681640625
10 0.571884765625 0.8192773437499999 0.515029296875 0.8192773437499999 0.515029296875 0.8945898437500001 0.571884765625 0.8945898437500001 0.571884765625 0.8192773437499999
10 0.6251855468749999 0.767578125 0.5857519531250001 0.767578125 0.5857519531250001 0.8212890625 0.6251855468749999 0.8212890625 0.6251855468749999 0.767578125
10 0.36525390625 0.711748046875 0.32712890625 0.711748046875 0.32712890625 0.761884765625 0.36525390625 0.761884765625 0.36525390625 0.711748046875
10 0.5448339843750001 0.544677734375 0.478603515625 0.544677734375 0.478603515625 0.712158203125 0.5448339843750001 0.712158203125 0.5448339843750001 0.544677734375
10 0.48663085937500006 0.703447265625 0.46016601562500004 0.703447265625 0.46016601562500004 0.728193359375 0.48663085937500006 0.728193359375 0.48663085937500006 0.703447265625
10 0.42791992187499994 0.308984375 0.41047851562500004 0.308984375 0.41047851562500004 0.323828125 0.42791992187499994 0.323828125 0.42791992187499994 0.308984375
10 0.42189453125 0.1385546875 0.40478515625 0.1385546875 0.40478515625 0.15464843749999999 0.42189453125 0.15464843749999999 0.42189453125 0.1385546875
10 0.47391601562499996 0.04162109375 0.455302734375 0.04162109375 0.455302734375 0.06111328125 0.47391601562499996 0.06111328125 0.47391601562499996 0.04162109375
10 0.5787695312500001 0.8865624999999999 0.5188867187499999 0.8865624999999999 0.5188867187499999 0.9542578125000001 0.5787695312500001 0.9542578125000001 0.5787695312500001 0.8865624999999999
2 0.458984375 0 0.419921875 0.056640625 0.384765625 0.13671875 0.345703125 0.345703125 0.353515625 0.39453125 0.34765625 0.595703125 0.32421875 0.685546875 0.326171875 0.744140625 0.35546875 0.80859375 0.380859375 0.841796875 0.455078125 0.923828125 0.486328125 0.951171875 0.5078125 0.95703125 0.517578125 0.97265625 0.529296875 0.951171875 0.544921875 0.94921875 0.5625 0.93359375 0.591796875 0.892578125 0.646484375 0.77734375 0.66796875 0.693359375 0.66015625 0.576171875 0.640625 0.4765625 0.63671875 0.38671875 0.619140625 0.27734375 0.607421875 0.22265625 0.576171875 0.16015625 0.5703125 0.083984375 0.54296875 0 0.458984375 0