0 0.377 0.5700000000000001 0.346 0.5700000000000001 0.346 0.608 0.377 0.608 0.377 0.5700000000000001
0 0.374255 0.571895 0.351325 0.571895 0.351325 0.599005 0.374255 0.599005 0.374255 0.571895
0 0.48644499999999996 0.43604000000000004 0.457895 0.43604000000000004 0.457895 0.45946 0.48644499999999996 0.45946 0.48644499999999996 0.43604000000000004
0 0.50484 0.502765 0.4849 0.502765 0.4849 0.527515 0.50484 0.527515 0.50484 0.502765
0 0.303145 0.27485 0.28181500000000004 0.27485 0.28181500000000004 0.30181 0.303145 0.30181 0.303145 0.27485
0 0.091015 0.574415 0.07316500000000001 0.574415 0.07316500000000001 0.595505 0.091015 0.595505 0.091015 0.574415
0 0.18784499999999998 0.609405 0.158095 0.609405 0.158095 0.645475 0.18784499999999998 0.645475 0.18784499999999998 0.609405
0 0.416775 0.553465 0.39620500000000003 0.553465 0.39620500000000003 0.582275 0.416775 0.582275 0.416775 0.553465
0 0.395995 0.62175 0.356445 0.62175 0.356445 0.64485 0.395995 0.64485 0.395995 0.62175
0 0.614445 0.347175 0.601375 0.347175 0.601375 0.35790500000000003 0.614445 0.35790500000000003 0.614445 0.347175
0 0.63698 0.524405 0.5764 0.524405 0.5764 0.577555 0.63698 0.577555 0.63698 0.524405
0 0.8775299999999999 0.373355 0.76993 0.373355 0.76993 0.47040499999999996 0.8775299999999999 0.47040499999999996 0.8775299999999999 0.373355
0 0.7938850000000001 0.50339 0.621155 0.50339 0.621155 0.60697 0.7938850000000001 0.60697 0.7938850000000001 0.50339
0 0.7882049999999999 0.359255 0.647335 0.359255 0.647335 0.480105 0.7882049999999999 0.480105 0.7882049999999999 0.359255
0 0.90076 0.48242 0.74768 0.48242 0.74768 0.59082 0.90076 0.59082 0.90076 0.48242
0 0.447275 0.583425 0.433585 0.583425 0.433585 0.5982149999999999 0.447275 0.5982149999999999 0.447275 0.583425
0 0.49727499999999997 0.32343500000000003 0.487105 0.32343500000000003 0.487105 0.33526500000000004 0.49727499999999997 0.33526500000000004 0.49727499999999997 0.32343500000000003
0 0.70941 0.349645 0.57281 0.349645 0.57281 0.474095 0.70941 0.474095 0.70941 0.349645
0 0.5092399999999999 0.2973 0.4976 0.2973 0.4976 0.30572 0.5092399999999999 0.30572 0.5092399999999999 0.2973
0 0.93604 0.383175 0.8608399999999999 0.383175 0.8608399999999999 0.44640500000000005 0.93604 0.44640500000000005 0.93604 0.383175
0 0.43804 0.57185 0.42232000000000003 0.57185 0.42232000000000003 0.58831 0.43804 0.58831 0.43804 0.57185
0 0.51397 0.323665 0.49189 0.323665 0.49189 0.345775 0.51397 0.345775 0.51397 0.323665
0 0.47892999999999997 0.52678 0.43122999999999995 0.52678 0.43122999999999995 0.56404 0.47892999999999997 0.56404 0.47892999999999997 0.52678
0 0.596665 0.39703 0.583995 0.39703 0.583995 0.41401000000000004 0.596665 0.41401000000000004 0.596665 0.39703
0 0.57046 0.361745 0.54576 0.361745 0.54576 0.39265500000000003 0.57046 0.39265500000000003 0.57046 0.361745
0 0.47258500000000003 0.52901 0.45367499999999994 0.52901 0.45367499999999994 0.54619 0.47258500000000003 0.54619 0.47258500000000003 0.52901
0 0.58364 0.35668500000000003 0.56284 0.35668500000000003 0.56284 0.378675 0.58364 0.378675 0.58364 0.35668500000000003
0 0.62598 0.51593 0.39746000000000004 0.51593 0.39746000000000004 0.66473 0.62598 0.66473 0.62598 0.51593
0 0.54807 0.5277999999999999 0.48319 0.5277999999999999 0.48319 0.5737599999999999 0.54807 0.5737599999999999 0.54807 0.5277999999999999
0 0.59833 0.38425 0.56963 0.38425 0.56963 0.41947 0.59833 0.41947 0.59833 0.38425
0 0.99262 0.45563000000000003 0.85602 0.45563000000000003 0.85602 0.5756300000000001 0.99262 0.5756300000000001 0.99262 0.45563000000000003
0 0.20518999999999998 0.596505 0.18105 0.596505 0.18105 0.624195 0.20518999999999998 0.624195 0.20518999999999998 0.596505
0 0.580165 0.39925 0.558515 0.39925 0.558515 0.42252999999999996 0.580165 0.42252999999999996 0.580165 0.39925
0 0.99536 0.38455 0.89624 0.38455 0.89624 0.45187 0.99536 0.45187 0.99536 0.38455
0 0.5530649999999999 0.36296 0.534835 0.36296 0.534835 0.38216 0.5530649999999999 0.38216 0.5530649999999999 0.36296
0 0.548875 0.38814000000000004 0.530225 0.38814000000000004 0.530225 0.40972 0.548875 0.40972 0.548875 0.38814000000000004
0 0.622355 0.461345 0.599325 0.461345 0.599325 0.48397500000000004 0.622355 0.48397500000000004 0.622355 0.461345
0 0.45563000000000003 0.561275 0.40521 0.561275 0.40521 0.613525 0.45563000000000003 0.613525 0.45563000000000003 0.561275
0 0.5430550000000001 0.32209 0.533125 0.32209 0.533125 0.33025000000000004 0.5430550000000001 0.33025000000000004 0.5430550000000001 0.32209
0 0.595255 0.46025499999999997 0.575645 0.46025499999999997 0.575645 0.48262499999999997 0.595255 0.48262499999999997 0.595255 0.46025499999999997
0 0.645085 0.28704999999999997 0.43695500000000004 0.28704999999999997 0.43695500000000004 0.42047 0.645085 0.42047 0.645085 0.28704999999999997
0 0.46380499999999997 0.603775 0.40191499999999997 0.603775 0.40191499999999997 0.651105 0.46380499999999997 0.651105 0.46380499999999997 0.603775
0 0.498775 0.35705 0.473885 0.35705 0.473885 0.38075000000000003 0.498775 0.38075000000000003 0.498775 0.35705
0 0.44807499999999995 0.27864 0.387865 0.27864 0.387865 0.32536 0.44807499999999995 0.32536 0.44807499999999995 0.27864
0 0.69502 0.327515 0.679 0.327515 0.679 0.338985 0.69502 0.338985 0.69502 0.327515
9 0 0.572 0.076 0.622 0.179 0.6599999999999999 0.20800000000000002 0.665 0.27799999999999997 0.686 0.323 0.693 0.383 0.6900000000000001 0.44800000000000006 0.674 0.46299999999999997 0.667 0.507 0.6599999999999999 0.521 0.653 0.5690000000000001 0.641 0.609 0.637 0.637 0.628 0.679 0.622 0.693 0.615 0.729 0.609 0.742 0.602 0.782 0.597 0.808 0.589 0.8630000000000001 0.584 0.9279999999999999 0.5860000000000001 0.974 0.579 0.999 0.583 0.999 0.387 0.9019999999999999 0.382 0.86 0.368 0.7769999999999999 0.351 0.734 0.33599999999999997 0.701 0.33399999999999996 0.644 0.315 0.536 0.29700000000000004 0.492 0.27599999999999997 0.39 0.261 0.29900000000000004 0.269 0.233 0.266 0.178 0.274 0.067 0.314 0.008 0.351 0 0.359 0 0.572