0 0.7 0.384 0.642 0.384 0.642 0.45 0.7 0.45 0.7 0.384
0 0.7192350000000001 0.31937000000000004 0.676265 0.31937000000000004 0.676265 0.36423 0.7192350000000001 0.36423 0.7192350000000001 0.31937000000000004
0 0.22881999999999997 0.5583 0.19232 0.5583 0.19232 0.58038 0.22881999999999997 0.58038 0.22881999999999997 0.5583
0 0.696555 0.34541 0.681365 0.34541 0.681365 0.36113 0.696555 0.36113 0.696555 0.34541
0 0.85239 0.40814000000000006 0.82047 0.40814000000000006 0.82047 0.43658 0.85239 0.43658 0.85239 0.40814000000000006
0 0.31142 0.358355 0.28234 0.358355 0.28234 0.38382499999999997 0.31142 0.38382499999999997 0.31142 0.358355
0 0.5808500000000001 0.410515 0.54707 0.410515 0.54707 0.437625 0.5808500000000001 0.437625 0.5808500000000001 0.410515
0 0.804015 0.38931 0.677425 0.38931 0.677425 0.49057000000000006 0.804015 0.49057000000000006 0.804015 0.38931
0 0.662345 0.311985 0.637455 0.311985 0.637455 0.334495 0.662345 0.334495 0.662345 0.311985
0 0.696185 0.31972 0.685655 0.31972 0.685655 0.3375 0.696185 0.3375 0.696185 0.31972
0 0.56102 0.5712200000000001 0.54542 0.5712200000000001 0.54542 0.59284 0.56102 0.59284 0.56102 0.5712200000000001
0 0.8611700000000001 0.53872 0.82925 0.53872 0.82925 0.56674 0.8611700000000001 0.56674 0.8611700000000001 0.53872
0 0.207205 0.55873 0.19367499999999999 0.55873 0.19367499999999999 0.57603 0.207205 0.57603 0.207205 0.55873
0 0.925325 0.429105 0.8412750000000001 0.429105 0.8412750000000001 0.49667500000000003 0.925325 0.49667500000000003 0.925325 0.429105
0 0.680265 0.5494399999999999 0.608795 0.5494399999999999 0.608795 0.6331800000000001 0.680265 0.6331800000000001 0.680265 0.5494399999999999
0 0.72517 0.50649 0.7074499999999999 0.50649 0.7074499999999999 0.52671 0.72517 0.52671 0.72517 0.50649
0 0.8822800000000001 0.47376500000000005 0.8413600000000001 0.47376500000000005 0.8413600000000001 0.5023150000000001 0.8822800000000001 0.5023150000000001 0.8822800000000001 0.47376500000000005
0 0.7526550000000001 0.5714699999999999 0.7131649999999999 0.5714699999999999 0.7131649999999999 0.5974700000000001 0.7526550000000001 0.5974700000000001 0.7526550000000001 0.5714699999999999
0 0.73065 0.546555 0.6834100000000001 0.546555 0.6834100000000001 0.590165 0.73065 0.590165 0.73065 0.546555
0 0.77786 0.5183150000000001 0.73776 0.5183150000000001 0.73776 0.5578649999999999 0.77786 0.5578649999999999 0.77786 0.5183150000000001
0 0.66864 0.56384 0.64288 0.56384 0.64288 0.5826399999999999 0.66864 0.5826399999999999 0.66864 0.56384
0 0.74796 0.616385 0.6915 0.616385 0.6915 0.653155 0.74796 0.653155 0.74796 0.616385
0 0.8139900000000001 0.35807 0.7465499999999999 0.35807 0.7465499999999999 0.40317 0.8139900000000001 0.40317 0.8139900000000001 0.35807
0 0.66033 0.53606 0.62971 0.53606 0.62971 0.5635399999999999 0.66033 0.5635399999999999 0.66033 0.53606
0 0.65608 0.42017499999999997 0.63884 0.42017499999999997 0.63884 0.441145 0.65608 0.441145 0.65608 0.42017499999999997
0 0.9782 0.5039 0.9554 0.5039 0.9554 0.52442 0.9782 0.52442 0.9782 0.5039
0 0.81232 0.513265 0.78632 0.513265 0.78632 0.5433749999999999 0.81232 0.5433749999999999 0.81232 0.513265
0 0.854065 0.49969 0.6459349999999999 0.49969 0.6459349999999999 0.65167 0.854065 0.65167 0.854065 0.49969
0 0.62962 0.41314 0.61842 0.41314 0.61842 0.42426 0.62962 0.42426 0.62962 0.41314
9 0 0.43 0.027000000000000003 0.44000000000000006 0.051000000000000004 0.45599999999999996 0.08199999999999999 0.493 0.122 0.553 0.217 0.637 0.24300000000000002 0.649 0.29900000000000004 0.665 0.359 0.6940000000000001 0.383 0.696 0.46799999999999997 0.7150000000000001 0.529 0.7150000000000001 0.748 0.686 0.834 0.647 0.867 0.623 0.899 0.589 0.9259999999999999 0.5780000000000001 0.9800000000000001 0.572 0.999 0.564 0.999 0.484 0.975 0.48600000000000004 0.9630000000000001 0.476 0.95 0.47300000000000003 0.774 0.33999999999999997 0.747 0.325 0.705 0.312 0.612 0.296 0.5690000000000001 0.29700000000000004 0.534 0.306 0.442 0.308 0.351 0.324 0.29300000000000004 0.348 0.20299999999999999 0.37 0.136 0.375 0.044 0.397 0 0.40099999999999997 0 0.43