0 0.794 0.43 0.749 0.43 0.749 0.49000000000000005 0.794 0.49000000000000005 0.794 0.43
0 0.79062 0.430575 0.74844 0.430575 0.74844 0.47616500000000006 0.79062 0.47616500000000006 0.79062 0.430575
0 0.42025499999999993 0.43580500000000005 0.351225 0.43580500000000005 0.351225 0.49339500000000003 0.42025499999999993 0.49339500000000003 0.42025499999999993 0.43580500000000005
0 0.22546499999999997 0.46957000000000004 0.182255 0.46957000000000004 0.182255 0.5011300000000001 0.22546499999999997 0.5011300000000001 0.22546499999999997 0.46957000000000004
0 0.656245 0.38516 0.6396550000000001 0.38516 0.6396550000000001 0.40194 0.656245 0.40194 0.656245 0.38516
0 0.72563 0.535725 0.69917 0.535725 0.69917 0.5658350000000001 0.72563 0.5658350000000001 0.72563 0.535725
0 0.77671 0.45598 0.75649 0.45598 0.75649 0.47518000000000005 0.77671 0.47518000000000005 0.77671 0.45598
0 0.28182 0.48278999999999994 0.25284 0.48278999999999994 0.25284 0.50159 0.28182 0.50159 0.28182 0.48278999999999994
0 0.256075 0.629725 0.246365 0.629725 0.246365 0.639815 0.256075 0.639815 0.256075 0.629725
0 0.80046 0.581525 0.77766 0.581525 0.77766 0.603055 0.80046 0.603055 0.80046 0.581525
0 0.964955 0.48888 0.9237249999999999 0.48888 0.9237249999999999 0.5199 0.964955 0.5199 0.964955 0.48888
0 0.85541 0.572325 0.82427 0.572325 0.82427 0.600535 0.85541 0.600535 0.85541 0.572325
0 0.41569 0.44095500000000004 0.39876999999999996 0.44095500000000004 0.39876999999999996 0.453585 0.41569 0.453585 0.41569 0.44095500000000004
0 0.15664 0.50891 0.12998 0.50891 0.12998 0.54089 0.15664 0.54089 0.15664 0.50891
0 0.36851500000000004 0.705775 0.361945 0.705775 0.361945 0.7121850000000001 0.36851500000000004 0.7121850000000001 0.36851500000000004 0.705775
0 0.40742 0.47248999999999997 0.36307999999999996 0.47248999999999997 0.36307999999999996 0.49528999999999995 0.40742 0.49528999999999995 0.40742 0.47248999999999997
0 0.686575 0.399495 0.6747449999999999 0.399495 0.6747449999999999 0.41202500000000003 0.686575 0.41202500000000003 0.686575 0.399495
0 0.41919000000000006 0.436465 0.18091 0.436465 0.18091 0.508855 0.41919000000000006 0.508855 0.41919000000000006 0.436465
0 0.35879500000000003 0.441625 0.343845 0.441625 0.343845 0.456815 0.35879500000000003 0.456815 0.35879500000000003 0.441625
0 0.50047 0.66352 0.48927 0.66352 0.48927 0.67438 0.50047 0.67438 0.50047 0.66352
0 0.78888 0.43253 0.7746000000000001 0.43253 0.7746000000000001 0.44490999999999997 0.78888 0.44490999999999997 0.78888 0.43253
0 0.8864449999999999 0.571105 0.8235150000000001 0.571105 0.8235150000000001 0.627135 0.8864449999999999 0.627135 0.8864449999999999 0.571105
0 0.5311250000000001 0.6272249999999999 0.520635 0.6272249999999999 0.520635 0.636455 0.5311250000000001 0.636455 0.5311250000000001 0.6272249999999999
0 0.9771699999999999 0.41412000000000004 0.7269300000000001 0.41412000000000004 0.7269300000000001 0.51898 0.9771699999999999 0.51898 0.9771699999999999 0.41412000000000004
0 0.978895 0.43221499999999996 0.968365 0.43221499999999996 0.968365 0.44376499999999997 0.978895 0.44376499999999997 0.978895 0.43221499999999996
0 0.422175 0.7013499999999999 0.41474500000000003 0.7013499999999999 0.41474500000000003 0.7088099999999999 0.422175 0.7088099999999999 0.422175 0.7013499999999999
0 0.6106499999999999 0.5477000000000001 0.60127 0.5477000000000001 0.60127 0.55776 0.6106499999999999 0.55776 0.6106499999999999 0.5477000000000001
0 0.26798500000000003 0.6166400000000001 0.245695 0.6166400000000001 0.245695 0.6402 0.26798500000000003 0.6402 0.26798500000000003 0.6166400000000001
0 0.26575000000000004 0.61711 0.25379 0.61711 0.25379 0.62801 0.26575000000000004 0.62801 0.26575000000000004 0.61711
0 0.999995 0.49581 0.965725 0.49581 0.965725 0.53545 0.999995 0.53545 0.999995 0.49581
0 0.349945 0.45428499999999994 0.30435500000000004 0.45428499999999994 0.30435500000000004 0.482235 0.349945 0.482235 0.349945 0.45428499999999994
0 0.940995 0.50072 0.9320449999999999 0.50072 0.9320449999999999 0.5090399999999999 0.940995 0.5090399999999999 0.940995 0.50072
0 0.753675 0.535485 0.698465 0.535485 0.698465 0.598295 0.753675 0.598295 0.753675 0.535485
0 0.329635 0.46707 0.306605 0.46707 0.306605 0.48215 0.329635 0.48215 0.329635 0.46707
0 0.880495 0.5605749999999999 0.647825 0.5605749999999999 0.647825 0.6708649999999999 0.880495 0.6708649999999999 0.880495 0.5605749999999999
0 0.375455 0.45304 0.35746500000000003 0.45304 0.35746500000000003 0.46982 0.375455 0.46982 0.375455 0.45304
9 0.11499999999999999 0.6519999999999999 0.187 0.688 0.24100000000000002 0.71 0.288 0.7230000000000001 0.32599999999999996 0.727 0.392 0.729 0.45199999999999996 0.724 0.584 0.692 0.635 0.696 0.6839999999999999 0.6900000000000001 0.725 0.673 0.752 0.655 0.788 0.657 0.8140000000000001 0.646 0.873 0.647 0.999 0.635 0.999 0.41500000000000004 0.899 0.388 0.8160000000000001 0.374 0.753 0.377 0.709 0.366 0.655 0.362 0.575 0.363 0.49800000000000005 0.371 0.441 0.386 0.40099999999999997 0.40499999999999997 0.33399999999999996 0.45899999999999996 0.303 0.46900000000000003 0.277 0.471 0.256 0.458 0.23900000000000002 0.45599999999999996 0.175 0.461 0.125 0.477 0.051000000000000004 0.515 0.007000000000000001 0.5519999999999999 0 0.5589999999999999 0.001 0.613 0.048 0.634 0.11499999999999999 0.6519999999999999