0 0.333025 0.23440500000000003 0.248395 0.23440500000000003 0.248395 0.307315 0.333025 0.307315 0.333025 0.23440500000000003
0 0.317035 0.3224 0.280405 0.3224 0.280405 0.36008 0.317035 0.36008 0.317035 0.3224
0 0.564985 0.312405 0.5043949999999999 0.312405 0.5043949999999999 0.344095 0.564985 0.344095 0.564985 0.312405
0 0.421015 0.44640500000000005 0.304405 0.44640500000000005 0.304405 0.582355 0.421015 0.582355 0.421015 0.44640500000000005
0 0.419415 0.370395 0.358405 0.370395 0.358405 0.422445 0.419415 0.422445 0.419415 0.370395
0 0.41455000000000003 0.29651 0.34473 0.29651 0.34473 0.61951 0.41455000000000003 0.61951 0.41455000000000003 0.29651
0 0.374575 0.5725100000000001 0.289005 0.5725100000000001 0.289005 0.8659700000000001 0.374575 0.8659700000000001 0.374575 0.5725100000000001
0 0.28342 0.63019 0.17948 0.63019 0.17948 0.73505 0.28342 0.73505 0.28342 0.63019
0 0.5708599999999999 0.31435 0.43304 0.31435 0.43304 0.37511 0.5708599999999999 0.37511 0.5708599999999999 0.31435
0 0.667485 0.373775 0.539555 0.373775 0.539555 0.6291450000000001 0.667485 0.6291450000000001 0.667485 0.373775
0 0.600155 0.52606 0.372985 0.52606 0.372985 0.6594800000000001 0.600155 0.6594800000000001 0.600155 0.52606
0 0.35453999999999997 0.6003700000000001 0.29488 0.6003700000000001 0.29488 0.69455 0.35453999999999997 0.69455 0.35453999999999997 0.6003700000000001
0 0.21846000000000002 0.624895 0.16728 0.624895 0.16728 0.681745 0.21846000000000002 0.681745 0.21846000000000002 0.624895
0 0.19187 0.36599499999999996 0.13895 0.36599499999999996 0.13895 0.460665 0.19187 0.460665 0.19187 0.36599499999999996
0 0.36523500000000003 0.46380999999999994 0.235845 0.46380999999999994 0.235845 0.57819 0.36523500000000003 0.57819 0.36523500000000003 0.46380999999999994
0 0.33958499999999997 0.6748149999999999 0.298115 0.6748149999999999 0.298115 0.732405 0.33958499999999997 0.732405 0.33958499999999997 0.6748149999999999
7 0.404 0 0.373 0.024 0.356 0.044 0.339 0.054000000000000006 0.262 0.119 0.23500000000000001 0.145 0.223 0.162 0.196 0.185 0.161 0.229 0.121 0.303 0.11000000000000001 0.34199999999999997 0.10400000000000001 0.396 0.10400000000000001 0.438 0.12 0.585 0.13899999999999998 0.671 0.147 0.733 0.162 0.767 0.188 0.8109999999999999 0.22999999999999998 0.86 0.273 0.8960000000000001 0.273 0.901 0.262 0.9109999999999999 0.246 0.967 0.24 0.975 0.23700000000000002 0.994 0.231 0.999 0.271 0.999 0.303 0.9640000000000001 0.316 0.924 0.316 0.9109999999999999 0.322 0.9039999999999999 0.377 0.9 0.45199999999999996 0.868 0.496 0.835 0.537 0.7929999999999999 0.5690000000000001 0.742 0.612 0.643 0.659 0.5509999999999999 0.669 0.522 0.675 0.48 0.6759999999999999 0.437 0.665 0.39 0.593 0.23700000000000002 0.516 0.089 0.493 0.026000000000000002 0.47800000000000004 0 0.404 0