0 0.575 0.502 0.496 0.502 0.496 0.577 0.575 0.577 0.575 0.502
0 0.388735 0.504915 0.318785 0.504915 0.318785 0.5693050000000001 0.388735 0.5693050000000001 0.388735 0.504915
0 0.7160650000000001 0.5170250000000001 0.631595 0.5170250000000001 0.631595 0.606015 0.7160650000000001 0.606015 0.7160650000000001 0.5170250000000001
0 0.49741 0.5486150000000001 0.42789 0.5486150000000001 0.42789 0.616425 0.49741 0.616425 0.49741 0.5486150000000001
0 0.79678 0.506715 0.7139599999999999 0.506715 0.7139599999999999 0.568485 0.79678 0.568485 0.79678 0.506715
0 0.952205 0.51668 0.903255 0.51668 0.903255 0.57512 0.952205 0.57512 0.952205 0.51668
0 0.8234899999999999 0.41739499999999996 0.71753 0.41739499999999996 0.71753 0.497165 0.8234899999999999 0.497165 0.8234899999999999 0.41739499999999996
0 0.320175 0.522625 0.265765 0.522625 0.265765 0.583815 0.320175 0.583815 0.320175 0.522625
0 0.99469 0.528495 0.9437900000000001 0.528495 0.9437900000000001 0.559405 0.99469 0.559405 0.99469 0.528495
0 0.72191 0.38476499999999997 0.68337 0.38476499999999997 0.68337 0.41503500000000004 0.72191 0.41503500000000004 0.72191 0.38476499999999997
0 0.727045 0.37958 0.6000949999999999 0.37958 0.6000949999999999 0.46466 0.727045 0.46466 0.727045 0.37958
0 0.55847 0.41109 0.5147700000000001 0.41109 0.5147700000000001 0.44731 0.55847 0.44731 0.55847 0.41109
0 0.75946 0.506375 0.71124 0.506375 0.71124 0.535625 0.75946 0.535625 0.75946 0.506375
0 0.415235 0.4969 0.386025 0.4969 0.386025 0.53044 0.415235 0.53044 0.415235 0.4969
0 0.91335 0.483575 0.87865 0.483575 0.87865 0.5056849999999999 0.91335 0.5056849999999999 0.91335 0.483575
0 0.37082000000000004 0.399945 0.34744 0.399945 0.34744 0.43061499999999997 0.37082000000000004 0.43061499999999997 0.37082000000000004 0.399945
0 0.6267400000000001 0.579935 0.59982 0.579935 0.59982 0.607565 0.6267400000000001 0.607565 0.6267400000000001 0.579935
0 0.45135 0.548835 0.42706999999999995 0.548835 0.42706999999999995 0.5751850000000001 0.45135 0.5751850000000001 0.45135 0.548835
0 0.56218 0.49745999999999996 0.53938 0.49745999999999996 0.53938 0.53964 0.56218 0.53964 0.56218 0.49745999999999996
0 0.45487 0.591245 0.42794999999999994 0.591245 0.42794999999999994 0.6226149999999999 0.45487 0.6226149999999999 0.45487 0.591245
0 0.71233 0.5305 0.66951 0.5305 0.66951 0.56618 0.71233 0.56618 0.71233 0.5305
0 0.87955 0.478735 0.8216300000000001 0.478735 0.8216300000000001 0.505145 0.87955 0.505145 0.87955 0.478735
9 0 0.567 0.05 0.548 0.06999999999999999 0.5469999999999999 0.09 0.553 0.154 0.585 0.192 0.596 0.29300000000000004 0.611 0.396 0.613 0.43 0.628 0.476 0.635 0.596 0.623 0.609 0.625 0.621 0.635 0.632 0.638 0.683 0.638 0.745 0.624 0.8150000000000001 0.595 0.8470000000000001 0.595 0.9289999999999999 0.605 0.9460000000000001 0.604 0.96 0.5980000000000001 0.978 0.599 0.999 0.609 0.999 0.46299999999999997 0.9630000000000001 0.45499999999999996 0.923 0.45199999999999996 0.907 0.44299999999999995 0.881 0.44299999999999995 0.8460000000000001 0.449 0.8130000000000001 0.44699999999999995 0.741 0.388 0.701 0.361 0.682 0.352 0.5820000000000001 0.32599999999999996 0.508 0.316 0.44699999999999995 0.313 0.36 0.314 0.308 0.322 0.24700000000000003 0.339 0.16599999999999998 0.373 0.11299999999999999 0.40199999999999997 0.086 0.42699999999999994 0.046 0.481 0.025 0.5 0 0.515 0 0.567