0 0.589 0.38 0.536 0.38 0.536 0.445 0.589 0.445 0.589 0.38
0 0.640315 0.41641500000000004 0.6077250000000001 0.41641500000000004 0.6077250000000001 0.449805 0.640315 0.449805 0.640315 0.41641500000000004
0 0.702725 0.40819 0.636135 0.40819 0.636135 0.45607 0.702725 0.45607 0.702725 0.40819
0 0.607675 0.4269 0.566145 0.4269 0.566145 0.47594000000000003 0.607675 0.47594000000000003 0.607675 0.4269
0 0.6198750000000001 0.5128 0.5471250000000001 0.5128 0.5471250000000001 0.56532 0.6198750000000001 0.56532 0.6198750000000001 0.5128
0 0.74403 0.41967999999999994 0.70225 0.41967999999999994 0.70225 0.44654 0.74403 0.44654 0.74403 0.41967999999999994
0 0.67555 0.507235 0.64183 0.507235 0.64183 0.5347649999999999 0.67555 0.5347649999999999 0.67555 0.507235
0 0.68193 0.44040999999999997 0.64717 0.44040999999999997 0.64717 0.47609 0.68193 0.47609 0.68193 0.44040999999999997
0 0.57331 0.38060499999999997 0.54583 0.38060499999999997 0.54583 0.40161499999999994 0.57331 0.40161499999999994 0.57331 0.38060499999999997
0 0.70112 0.483765 0.66606 0.483765 0.66606 0.5069549999999999 0.70112 0.5069549999999999 0.70112 0.483765
0 0.52823 0.53038 0.48446999999999996 0.53038 0.48446999999999996 0.57606 0.52823 0.57606 0.52823 0.53038
0 0.725125 0.40734000000000004 0.6938150000000001 0.40734000000000004 0.6938150000000001 0.43006 0.725125 0.43006 0.725125 0.40734000000000004
0 0.6061449999999999 0.3841 0.585255 0.3841 0.585255 0.40153999999999995 0.6061449999999999 0.40153999999999995 0.6061449999999999 0.3841
0 0.6096 0.487965 0.54762 0.487965 0.54762 0.530595 0.6096 0.530595 0.6096 0.487965
0 0.57036 0.496 0.5341400000000001 0.496 0.5341400000000001 0.5313399999999999 0.57036 0.5313399999999999 0.57036 0.496
0 0.648685 0.501195 0.608155 0.501195 0.608155 0.521265 0.648685 0.521265 0.648685 0.501195
0 0.6235299999999999 0.486595 0.60107 0.486595 0.60107 0.500705 0.6235299999999999 0.500705 0.6235299999999999 0.486595
0 0.75566 0.508555 0.7209 0.508555 0.7209 0.5334450000000001 0.75566 0.5334450000000001 0.75566 0.508555
0 0.66301 0.40404999999999996 0.61531 0.40404999999999996 0.61531 0.45824999999999994 0.66301 0.45824999999999994 0.66301 0.40404999999999996
0 0.9371449999999999 0.50579 0.8851150000000001 0.50579 0.8851150000000001 0.5322899999999999 0.9371449999999999 0.5322899999999999 0.9371449999999999 0.50579
0 0.501855 0.525035 0.480085 0.525035 0.480085 0.545285 0.501855 0.545285 0.501855 0.525035
0 0.51315 0.5660000000000001 0.47659 0.5660000000000001 0.47659 0.59514 0.51315 0.59514 0.51315 0.5660000000000001
0 0.66754 0.394705 0.6508200000000001 0.394705 0.6508200000000001 0.40753500000000004 0.66754 0.40753500000000004 0.66754 0.394705
0 0.63168 0.443515 0.6027 0.443515 0.6027 0.46712499999999996 0.63168 0.46712499999999996 0.63168 0.443515
0 0.48573500000000003 0.544415 0.466905 0.544415 0.466905 0.5708249999999999 0.48573500000000003 0.5708249999999999 0.48573500000000003 0.544415
0 0.46111 0.41823 0.43049 0.41823 0.43049 0.44065000000000004 0.46111 0.44065000000000004 0.46111 0.41823
0 0.8926399999999999 0.482745 0.87592 0.482745 0.87592 0.495275 0.8926399999999999 0.495275 0.8926399999999999 0.482745
0 0.541505 0.37856999999999996 0.453615 0.37856999999999996 0.453615 0.44565 0.541505 0.44565 0.541505 0.37856999999999996
0 0.77298 0.42058999999999996 0.73776 0.42058999999999996 0.73776 0.44903000000000004 0.77298 0.44903000000000004 0.77298 0.42058999999999996
0 0.657215 0.48535500000000004 0.629885 0.48535500000000004 0.629885 0.509265 0.657215 0.509265 0.657215 0.48535500000000004
0 0.618205 0.41841 0.594695 0.41841 0.594695 0.43901 0.618205 0.43901 0.618205 0.41841
0 0.7048 0.53413 0.68582 0.53413 0.68582 0.55377 0.7048 0.55377 0.7048 0.53413
0 0.90094 0.505665 0.8549200000000001 0.505665 0.8549200000000001 0.526555 0.90094 0.526555 0.90094 0.505665
0 0.53768 0.5012800000000001 0.48186 0.5012800000000001 0.48186 0.5534 0.53768 0.5534 0.53768 0.5012800000000001
0 0.738235 0.5040549999999999 0.709025 0.5040549999999999 0.709025 0.527205 0.738235 0.527205 0.738235 0.5040549999999999
0 0.44004000000000004 0.44625000000000004 0.41981999999999997 0.44625000000000004 0.41981999999999997 0.46879 0.44004000000000004 0.46879 0.44004000000000004 0.44625000000000004
0 0.086555 0.51898 0.064565 0.51898 0.064565 0.55914 0.086555 0.55914 0.086555 0.51898
9 0 0.6679999999999999 0.020999999999999998 0.667 0.056999999999999995 0.674 0.136 0.6809999999999999 0.256 0.6759999999999999 0.308 0.666 0.362 0.661 0.414 0.649 0.461 0.632 0.999 0.58 0.999 0.5519999999999999 0.923 0.49000000000000005 0.898 0.48200000000000004 0.8630000000000001 0.479 0.825 0.46399999999999997 0.787 0.45499999999999996 0.7769999999999999 0.446 0.773 0.42800000000000005 0.741 0.41100000000000003 0.716 0.40800000000000003 0.648 0.386 0.5980000000000001 0.364 0.548 0.358 0.409 0.366 0.331 0.38 0.24500000000000002 0.403 0.198 0.418 0.152 0.44400000000000006 0.023 0.506 0.007000000000000001 0.518 0 0.525 0 0.6679999999999999