0 0.562 0.359 0.525 0.359 0.525 0.40700000000000003 0.562 0.40700000000000003 0.562 0.359
0 0.5582 0.35716000000000003 0.52286 0.35716000000000003 0.52286 0.39918 0.5582 0.39918 0.5582 0.35716000000000003
0 0.71266 0.3841 0.67406 0.3841 0.67406 0.41472 0.71266 0.41472 0.71266 0.3841
0 0.657395 0.370205 0.633625 0.370205 0.633625 0.389555 0.657395 0.389555 0.657395 0.370205
0 0.41621499999999995 0.376405 0.35640499999999997 0.376405 0.35640499999999997 0.44323499999999993 0.41621499999999995 0.44323499999999993 0.41621499999999995 0.376405
0 0.40359 0.38341 0.35617 0.38341 0.35617 0.42275 0.40359 0.42275 0.40359 0.38341
0 0.658755 0.36982 0.633245 0.36982 0.633245 0.38946000000000003 0.658755 0.38946000000000003 0.658755 0.36982
0 0.344365 0.347905 0.327515 0.347905 0.327515 0.364495 0.344365 0.364495 0.344365 0.347905
0 0.44231 0.38514 0.42487 0.38514 0.42487 0.40490000000000004 0.44231 0.40490000000000004 0.44231 0.38514
0 0.48442999999999997 0.347515 0.44525 0.347515 0.44525 0.375145 0.48442999999999997 0.375145 0.48442999999999997 0.347515
0 0.37713 0.377975 0.35480999999999996 0.377975 0.35480999999999996 0.400345 0.37713 0.400345 0.37713 0.377975
0 0.34281 0.5166850000000001 0.32419 0.5166850000000001 0.32419 0.529215 0.34281 0.529215 0.34281 0.5166850000000001
0 0.38495 0.369785 0.26495 0.369785 0.26495 0.43539500000000003 0.38495 0.43539500000000003 0.38495 0.369785
0 0.36924 0.39988999999999997 0.35731999999999997 0.39988999999999997 0.35731999999999997 0.41407 0.36924 0.41407 0.36924 0.39988999999999997
9 0.29100000000000004 0.519 0.307 0.52 0.317 0.5269999999999999 0.33399999999999996 0.529 0.353 0.537 0.477 0.567 0.537 0.572 0.602 0.572 0.665 0.5599999999999999 0.754 0.525 0.8230000000000001 0.507 0.85 0.495 0.885 0.46399999999999997 0.953 0.41900000000000004 0.975 0.409 0.982 0.397 0.975 0.379 0.96 0.385 0.921 0.389 0.89 0.397 0.868 0.397 0.833 0.379 0.773 0.362 0.738 0.358 0.671 0.36 0.622 0.335 0.5519999999999999 0.323 0.49000000000000005 0.327 0.466 0.33399999999999996 0.45599999999999996 0.339 0.446 0.352 0.43 0.355 0.417 0.363 0.394 0.385 0.385 0.376 0.382 0.366 0.368 0.353 0.341 0.337 0.315 0.33399999999999996 0.294 0.341 0.288 0.352 0.288 0.371 0.27999999999999997 0.377 0.273 0.377 0.257 0.365 0.236 0.364 0.229 0.356 0.229 0.339 0.21600000000000003 0.335 0.202 0.352 0.192 0.383 0.197 0.42400000000000004 0.21400000000000002 0.45499999999999996 0.252 0.49400000000000005 0.29100000000000004 0.519