0 0.584 0.31 0.508 0.31 0.508 0.354 0.584 0.354 0.584 0.31
0 0.503725 0.299975 0.47577499999999995 0.299975 0.47577499999999995 0.337725 0.503725 0.337725 0.503725 0.299975
0 0.6583 0.29372 0.60538 0.29372 0.60538 0.35228000000000004 0.6583 0.35228000000000004 0.6583 0.29372
0 0.61283 0.588595 0.5434300000000001 0.588595 0.5434300000000001 0.668245 0.61283 0.668245 0.61283 0.588595
0 0.8266899999999999 0.29608 0.7358100000000001 0.29608 0.7358100000000001 0.37970000000000004 0.8266899999999999 0.37970000000000004 0.8266899999999999 0.29608
0 0.8475949999999999 0.43079999999999996 0.810605 0.43079999999999996 0.810605 0.46568 0.8475949999999999 0.46568 0.8475949999999999 0.43079999999999996
0 0.21774 0.35886 0.14601999999999998 0.35886 0.14601999999999998 0.40726000000000007 0.21774 0.40726000000000007 0.21774 0.35886
0 0.692315 0.600305 0.671945 0.600305 0.671945 0.628215 0.692315 0.628215 0.692315 0.600305
0 0.80185 0.49973999999999996 0.7499100000000001 0.49973999999999996 0.7499100000000001 0.55788 0.80185 0.55788 0.80185 0.49973999999999996
0 0.533425 0.44116999999999995 0.523215 0.44116999999999995 0.523215 0.45091000000000003 0.533425 0.45091000000000003 0.533425 0.44116999999999995
0 0.337015 0.5779449999999999 0.280165 0.5779449999999999 0.280165 0.6339750000000001 0.337015 0.6339750000000001 0.337015 0.5779449999999999
9 0 0.5269999999999999 0.08 0.526 0.11200000000000002 0.533 0.207 0.596 0.21800000000000003 0.607 0.24300000000000002 0.619 0.319 0.64 0.357 0.6599999999999999 0.41900000000000004 0.669 0.44800000000000006 0.687 0.485 0.696 0.53 0.6980000000000001 0.6006 0.688 0.657 0.697 0.6910000000000001 0.697 0.746 0.6839999999999999 0.774 0.6719999999999999 0.8 0.653 0.82 0.619 0.858 0.589 0.9490000000000001 0.536 0.999 0.517 0.999 0.395 0.9640000000000001 0.404 0.9189999999999999 0.395 0.9119999999999999 0.391 0.9029999999999999 0.377 0.8880000000000001 0.33999999999999997 0.8390000000000001 0.29100000000000004 0.8009999999999999 0.273 0.753 0.263 0.6940000000000001 0.259 0.647 0.267 0.41 0.28500000000000003 0.318 0.312 0.209 0.366 0.172 0.395 0.088 0.479 0.059 0.487 0 0.492 0 0.5269999999999999