0 0.608 0.403 0.515 0.403 0.515 0.501 0.608 0.501 0.608 0.403
0 0.81226 0.592715 0.74146 0.592715 0.74146 0.693425 0.81226 0.693425 0.81226 0.592715
0 0.97766 0.42920499999999995 0.71472 0.42920499999999995 0.71472 0.692875 0.97766 0.692875 0.97766 0.42920499999999995
0 0.8291600000000001 0.436245 0.71966 0.436245 0.71966 0.5202950000000001 0.8291600000000001 0.5202950000000001 0.8291600000000001 0.436245
0 0.91644 0.441785 0.8325799999999999 0.441785 0.8325799999999999 0.498635 0.91644 0.498635 0.91644 0.441785
0 0.49394 0.41811999999999994 0.45918000000000003 0.41811999999999994 0.45918000000000003 0.46322 0.49394 0.46322 0.49394 0.41811999999999994
0 0.6094350000000001 0.41079999999999994 0.576105 0.41079999999999994 0.576105 0.43978 0.6094350000000001 0.43978 0.6094350000000001 0.41079999999999994
0 0.7452799999999999 0.392775 0.72444 0.392775 0.72444 0.429485 0.7452799999999999 0.429485 0.7452799999999999 0.392775
0 0.74245 0.48138500000000006 0.70873 0.48138500000000006 0.70873 0.5137349999999999 0.74245 0.5137349999999999 0.74245 0.48138500000000006
0 0.81913 0.593645 0.79513 0.593645 0.79513 0.617295 0.81913 0.617295 0.81913 0.593645
0 0.809525 0.4356 0.780315 0.4356 0.780315 0.46040000000000003 0.809525 0.46040000000000003 0.809525 0.4356
0 1 0.45691 0.9505800000000001 0.45691 0.9505800000000001 0.49962999999999996 1 0.49962999999999996 1 0.45691
0 0.85799 0.44093499999999997 0.8324299999999999 0.44093499999999997 0.8324299999999999 0.46190499999999995 0.85799 0.46190499999999995 0.85799 0.44093499999999997
0 0.4285 0.5587500000000001 0.3967 0.5587500000000001 0.3967 0.57503 0.4285 0.57503 0.4285 0.5587500000000001
0 0.68965 0.42087 0.66485 0.42087 0.66485 0.43851000000000007 0.68965 0.43851000000000007 0.68965 0.42087
0 0.48719999999999997 0.56794 0.45030000000000003 0.56794 0.45030000000000003 0.5844 0.48719999999999997 0.5844 0.48719999999999997 0.56794
0 0.577715 0.39032 0.569745 0.39032 0.569745 0.4046 0.577715 0.4046 0.577715 0.39032
0 0.2085 0.54908 0.15918000000000002 0.54908 0.15918000000000002 0.56518 0.2085 0.56518 0.2085 0.54908
0 0.360985 0.55911 0.346535 0.55911 0.346535 0.56785 0.360985 0.56785 0.360985 0.55911
9 0 0.579 0.018 0.579 0.051000000000000004 0.588 0.091 0.624 0.123 0.644 0.143 0.665 0.16 0.6759999999999999 0.176 0.6799999999999999 0.315 0.746 0.355 0.76 0.41 0.773 0.51 0.784 0.644 0.782 0.657 0.772 0.687 0.767 0.697 0.758 0.717 0.753 0.779 0.726 0.852 0.683 0.8779999999999999 0.678 0.8880000000000001 0.671 0.9109999999999999 0.665 0.9279999999999999 0.649 0.9349999999999999 0.636 0.942 0.593 0.9480000000000001 0.581 0.959 0.5740000000000001 0.999 0.572 0.999 0.45199999999999996 0.97 0.457 0.95 0.45099999999999996 0.915 0.45 0.901 0.446 0.882 0.438 0.8300000000000001 0.40199999999999997 0.76 0.363 0.732 0.34900000000000003 0.6990000000000001 0.33999999999999997 0.636 0.34199999999999997 0.5730000000000001 0.356 0.519 0.363 0.43099999999999994 0.388 0.312 0.40099999999999997 0.27 0.413 0.207 0.43899999999999995 0.16299999999999998 0.46399999999999997 0.11699999999999999 0.49800000000000005 0.028999999999999998 0.533 0 0.54 0 0.579