0 0.28900000000000003 0.5549999999999999 0.176 0.5549999999999999 0.176 0.623 0.28900000000000003 0.623 0.28900000000000003 0.5549999999999999
0 0.31683500000000003 0.46502499999999997 0.21734499999999998 0.46502499999999997 0.21734499999999998 0.5466949999999999 0.31683500000000003 0.5466949999999999 0.31683500000000003 0.46502499999999997
0 0.23849499999999998 0.46968 0.157985 0.46968 0.157985 0.52934 0.23849499999999998 0.52934 0.23849499999999998 0.46968
0 0.06961500000000001 0.565205 0.000825 0.565205 0.000825 0.618395 0.06961500000000001 0.618395 0.06961500000000001 0.565205
0 0.48529 0.45204500000000003 0.43707 0.45204500000000003 0.43707 0.488875 0.48529 0.488875 0.48529 0.45204500000000003
0 0.25546 0.61981 0.16128 0.61981 0.16128 0.6585099999999999 0.25546 0.6585099999999999 0.25546 0.61981
0 0.11343 0.59987 0.00027 0.59987 0.00027 0.65599 0.11343 0.65599 0.11343 0.59987
0 0.55374 0.526825 0.51364 0.526825 0.51364 0.5825549999999999 0.55374 0.5825549999999999 0.55374 0.526825
0 0.162945 0.60322 0.109755 0.60322 0.109755 0.6496999999999999 0.162945 0.6496999999999999 0.162945 0.60322
0 0.20666500000000002 0.50986 0.084355 0.50986 0.084355 0.5887800000000001 0.20666500000000002 0.5887800000000001 0.20666500000000002 0.50986
0 0.335245 0.46445 0.307335 0.46445 0.307335 0.48769 0.335245 0.48769 0.335245 0.46445
0 0.048825 0.568295 0.019115 0.568295 0.019115 0.5938049999999999 0.048825 0.5938049999999999 0.048825 0.568295
0 0.6578350000000001 0.48165500000000006 0.567745 0.48165500000000006 0.567745 0.568145 0.6578350000000001 0.568145 0.6578350000000001 0.48165500000000006
0 0.32707 0.41488500000000006 0.27693 0.41488500000000006 0.27693 0.453275 0.32707 0.453275 0.32707 0.41488500000000006
0 0.50142 0.53981 0.47465999999999997 0.53981 0.47465999999999997 0.59593 0.50142 0.59593 0.50142 0.53981
0 0.11085 0.569465 0.07983 0.569465 0.07983 0.595575 0.11085 0.595575 0.11085 0.569465
9 0 0.662 0.064 0.6599999999999999 0.11599999999999999 0.666 0.149 0.674 0.22149999999999997 0.667 0.29700000000000004 0.67 0.354 0.663 0.391 0.6759999999999999 0.413 0.6759999999999999 0.442 0.6719999999999999 0.47400000000000003 0.6599999999999999 0.497 0.644 0.51 0.616 0.5389999999999999 0.6 0.567 0.595 0.5900000000000001 0.579 0.635 0.576 0.6769999999999999 0.597 0.7230000000000001 0.61 0.7849999999999999 0.619 0.8150000000000001 0.619 0.952 0.597 0.999 0.5780000000000001 0.999 0.503 0.966 0.45599999999999996 0.923 0.413 0.8789999999999999 0.385 0.82 0.36 0.682 0.32599999999999996 0.649 0.322 0.5519999999999999 0.322 0.414 0.348 0.366 0.363 0.309 0.387 0.21200000000000002 0.43899999999999995 0.178 0.46399999999999997 0.11399999999999999 0.53 0.06899999999999999 0.561 0.02 0.564 0 0.5690000000000001 0 0.662