0 0.475 0.5519999999999999 0.392 0.5519999999999999 0.392 0.655 0.475 0.655 0.475 0.5519999999999999
0 0.48871000000000003 0.41323999999999994 0.45563000000000003 0.41323999999999994 0.45563000000000003 0.46274 0.48871000000000003 0.46274 0.48871000000000003 0.41323999999999994
0 0.58522 0.3116 0.54662 0.3116 0.54662 0.35832 0.58522 0.35832 0.58522 0.3116
0 0.688395 0.498775 0.6661050000000001 0.498775 0.6661050000000001 0.5393049999999999 0.688395 0.5393049999999999 0.688395 0.498775
0 0.649395 0.32697 0.609385 0.32697 0.609385 0.41083 0.649395 0.41083 0.649395 0.32697
0 0.68704 0.6163000000000001 0.65378 0.6163000000000001 0.65378 0.6561600000000001 0.68704 0.6561600000000001 0.68704 0.6163000000000001
0 0.574745 0.71333 0.549275 0.71333 0.549275 0.73979 0.574745 0.73979 0.574745 0.71333
0 0.59592 0.39028999999999997 0.53006 0.39028999999999997 0.53006 0.49497 0.59592 0.49497 0.59592 0.39028999999999997
0 0.56667 0.5515399999999999 0.54271 0.5515399999999999 0.54271 0.5832200000000001 0.56667 0.5832200000000001 0.56667 0.5515399999999999
0 0.709325 0.584645 0.667635 0.584645 0.667635 0.622395 0.709325 0.622395 0.709325 0.584645
0 0.8812900000000001 0.47934 0.7974300000000001 0.47934 0.7974300000000001 0.54898 0.8812900000000001 0.54898 0.8812900000000001 0.47934
0 0.8527100000000001 0.58029 0.79573 0.58029 0.79573 0.62381 0.8527100000000001 0.62381 0.8527100000000001 0.58029
0 0.689635 0.419165 0.612125 0.419165 0.612125 0.48709499999999994 0.689635 0.48709499999999994 0.689635 0.419165
0 0.490005 0.34369 0.47141500000000003 0.34369 0.47141500000000003 0.36968999999999996 0.490005 0.36968999999999996 0.490005 0.34369
0 0.55288 0.420945 0.53208 0.420945 0.53208 0.460895 0.55288 0.460895 0.55288 0.420945
0 0.609905 0.696805 0.590295 0.696805 0.590295 0.722135 0.609905 0.722135 0.609905 0.696805
0 0.6140399999999999 0.58026 0.58224 0.58026 0.58224 0.61212 0.6140399999999999 0.61212 0.6140399999999999 0.58026
0 0.7922399999999999 0.475955 0.75562 0.475955 0.75562 0.5025649999999999 0.7922399999999999 0.5025649999999999 0.7922399999999999 0.475955
0 0.746725 0.529625 0.724955 0.529625 0.724955 0.555335 0.746725 0.555335 0.746725 0.529625
0 0.566535 0.62763 0.5457650000000001 0.62763 0.5457650000000001 0.6536299999999999 0.566535 0.6536299999999999 0.566535 0.62763
0 0.41524 0.57698 0.39922 0.57698 0.39922 0.60564 0.41524 0.60564 0.41524 0.57698
0 0.736555 0.41601999999999995 0.695085 0.41601999999999995 0.695085 0.43944 0.736555 0.43944 0.736555 0.41601999999999995
0 0.5787 0.385795 0.54826 0.385795 0.54826 0.40912499999999996 0.5787 0.40912499999999996 0.5787 0.385795
0 0.449845 0.553945 0.42807500000000004 0.553945 0.42807500000000004 0.584735 0.449845 0.584735 0.449845 0.553945
0 0.917935 0.468935 0.869165 0.468935 0.869165 0.49444499999999997 0.917935 0.49444499999999997 0.917935 0.468935
0 0.9856550000000001 0.606465 0.859065 0.606465 0.859065 0.635715 0.9856550000000001 0.635715 0.9856550000000001 0.606465
0 0.70882 0.56979 0.6925399999999999 0.56979 0.6925399999999999 0.5942700000000001 0.70882 0.5942700000000001 0.70882 0.56979
0 0.5473049999999999 0.53433 0.522035 0.53433 0.522035 0.55357 0.5473049999999999 0.55357 0.5473049999999999 0.53433
0 0.847885 0.48131 0.8005549999999999 0.48131 0.8005549999999999 0.50649 0.847885 0.50649 0.847885 0.48131
0 0.584565 0.310495 0.571695 0.310495 0.571695 0.325745 0.584565 0.325745 0.584565 0.310495
0 0.389475 0.5561149999999999 0.376145 0.5561149999999999 0.376145 0.570845 0.389475 0.570845 0.389475 0.5561149999999999
0 0.927675 0.59114 0.9024050000000001 0.59114 0.9024050000000001 0.61198 0.927675 0.61198 0.927675 0.59114
0 0.78496 0.504095 0.72872 0.504095 0.72872 0.549625 0.78496 0.549625 0.78496 0.504095
0 0.7418 0.594615 0.72402 0.594615 0.72402 0.623165 0.7418 0.623165 0.7418 0.594615
0 0.7360800000000001 0.50369 0.71998 0.50369 0.71998 0.52171 0.7360800000000001 0.52171 0.7360800000000001 0.50369
0 0.20839500000000002 0.41780999999999996 0.196885 0.41780999999999996 0.196885 0.43669 0.20839500000000002 0.43669 0.20839500000000002 0.41780999999999996
0 0.752405 0.46657000000000004 0.732955 0.46657000000000004 0.732955 0.48851000000000006 0.752405 0.48851000000000006 0.752405 0.46657000000000004
0 0.350885 0.45555500000000004 0.339055 0.45555500000000004 0.339055 0.466805 0.350885 0.466805 0.350885 0.45555500000000004
0 0.347935 0.533245 0.27658499999999997 0.533245 0.27658499999999997 0.552695 0.347935 0.552695 0.347935 0.533245
0 0.853285 0.44516999999999995 0.827375 0.44516999999999995 0.827375 0.47035 0.853285 0.47035 0.853285 0.44516999999999995
0 0.718815 0.55465 0.646425 0.55465 0.646425 0.5732700000000001 0.718815 0.5732700000000001 0.718815 0.55465
0 0.47457000000000005 0.515135 0.46001000000000003 0.515135 0.46001000000000003 0.526865 0.47457000000000005 0.526865 0.47457000000000005 0.515135
0 0.297045 0.53705 0.284995 0.53705 0.284995 0.54791 0.297045 0.54791 0.297045 0.53705
9 0 0.5860000000000001 0.1214 0.5740000000000001 0.182 0.5780000000000001 0.202 0.593 0.258 0.651 0.33999999999999997 0.712 0.421 0.75 0.458 0.76 0.511 0.768 0.5429999999999999 0.768 0.5700000000000001 0.76 0.596 0.735 0.61 0.706 0.725 0.629 0.7769999999999999 0.634 0.795 0.626 0.8380000000000001 0.626 0.8470000000000001 0.63 0.893 0.632 0.921 0.639 0.961 0.638 0.9880000000000001 0.627 0.999 0.633 0.999 0.5509999999999999 0.9359999999999999 0.44299999999999995 0.9119999999999999 0.42699999999999994 0.8789999999999999 0.42800000000000005 0.861 0.40800000000000003 0.8 0.40099999999999997 0.766 0.359 0.6910000000000001 0.314 0.667 0.306 0.629 0.307 0.601 0.29700000000000004 0.537 0.28900000000000003 0.45899999999999996 0.301 0.422 0.313 0.368 0.339 0.309 0.377 0.27799999999999997 0.40199999999999997 0.2 0.496 0.177 0.511 0.145 0.521 0 0.542 0 0.5860000000000001