0 0.646 0.44800000000000006 0.483 0.44800000000000006 0.483 0.5389999999999999 0.646 0.5389999999999999 0.646 0.44800000000000006
0 0.49132999999999993 0.3892 0.38757 0.3892 0.38757 0.4438 0.49132999999999993 0.4438 0.49132999999999993 0.3892
0 0.322455 0.367245 0.146305 0.367245 0.146305 0.454035 0.322455 0.454035 0.322455 0.367245
0 0.306365 0.477175 0.217555 0.477175 0.217555 0.536505 0.306365 0.536505 0.306365 0.477175
0 0.634065 0.36208999999999997 0.5417150000000001 0.36208999999999997 0.5417150000000001 0.45187 0.634065 0.45187 0.634065 0.36208999999999997
0 0.220025 0.44678000000000007 0.047055 0.44678000000000007 0.047055 0.52344 0.220025 0.52344 0.220025 0.44678000000000007
0 0.22199 0.358395 0.04413 0.358395 0.04413 0.442865 0.22199 0.442865 0.22199 0.358395
0 0.55704 0.45468000000000003 0.4791 0.45468000000000003 0.4791 0.5292 0.55704 0.5292 0.55704 0.45468000000000003
0 0.39291 0.45967 0.35757 0.45967 0.35757 0.51201 0.39291 0.51201 0.39291 0.45967
0 0.092435 0.370305 0.045625 0.370305 0.045625 0.401675 0.092435 0.401675 0.092435 0.370305
0 0.53093 0.455765 0.48665 0.455765 0.48665 0.493455 0.53093 0.493455 0.53093 0.455765
0 0.573955 0.41221500000000005 0.543225 0.41221500000000005 0.543225 0.446185 0.573955 0.446185 0.573955 0.41221500000000005
0 0.54669 0.36441 0.49627 0.36441 0.49627 0.40659 0.54669 0.40659 0.54669 0.36441
0 0.162915 0.366275 0.103925 0.366275 0.103925 0.40326500000000004 0.162915 0.40326500000000004 0.162915 0.366275
0 0.09962499999999999 0.477415 0.06285500000000001 0.477415 0.06285500000000001 0.513305 0.09962499999999999 0.513305 0.09962499999999999 0.477415
0 0.42231500000000005 0.412405 0.383345 0.412405 0.383345 0.44061500000000003 0.42231500000000005 0.44061500000000003 0.42231500000000005 0.412405
0 0.5595749999999999 0.463885 0.5273450000000001 0.463885 0.5273450000000001 0.494615 0.5595749999999999 0.494615 0.5595749999999999 0.463885
0 0.5115149999999999 0.494325 0.480665 0.494325 0.480665 0.5222749999999999 0.5115149999999999 0.5222749999999999 0.5115149999999999 0.494325
0 0.04097 0.44855999999999996 0.00111 0.44855999999999996 0.00111 0.48356000000000005 0.04097 0.48356000000000005 0.04097 0.44855999999999996
0 0.307485 0.483005 0.28137500000000004 0.483005 0.28137500000000004 0.507235 0.307485 0.507235 0.307485 0.483005
0 0.57964 0.37731 0.5522 0.37731 0.5522 0.40833 0.57964 0.40833 0.57964 0.37731
0 0.64907 0.38244500000000003 0.61851 0.38244500000000003 0.61851 0.405635 0.64907 0.405635 0.64907 0.38244500000000003
0 0.681235 0.54744 0.658605 0.54744 0.658605 0.58244 0.681235 0.58244 0.681235 0.54744
0 0.6040099999999999 0.459545 0.57567 0.459545 0.57567 0.493575 0.6040099999999999 0.493575 0.6040099999999999 0.459545
0 0.583905 0.45713499999999996 0.555735 0.45713499999999996 0.555735 0.497445 0.583905 0.497445 0.583905 0.45713499999999996
0 0.5656399999999999 0.348425 0.54472 0.348425 0.54472 0.37033499999999997 0.5656399999999999 0.37033499999999997 0.5656399999999999 0.348425
9 0 0.532 0.052000000000000005 0.5429999999999999 0.064 0.541 0.087 0.526 0.10800000000000001 0.526 0.145 0.5469999999999999 0.189 0.561 0.227 0.5660000000000001 0.263 0.5519999999999999 0.33799999999999997 0.534 0.356 0.526 0.396 0.522 0.434 0.5269999999999999 0.454 0.5469999999999999 0.47800000000000004 0.5589999999999999 0.52 0.558 0.568 0.584 0.608 0.595 0.661 0.605 0.73 0.608 0.784 0.603 0.8480000000000001 0.585 0.8779999999999999 0.5730000000000001 0.999 0.509 0.999 0.28300000000000003 0.976 0.27599999999999997 0.881 0.261 0.784 0.262 0.674 0.271 0.5980000000000001 0.28900000000000003 0.545 0.307 0.534 0.319 0.48200000000000004 0.33399999999999996 0.46900000000000003 0.344 0.45599999999999996 0.346 0.43899999999999995 0.356 0.396 0.36 0.395 0.366 0.383 0.376 0.33599999999999997 0.38 0.29100000000000004 0.377 0.26 0.365 0.24100000000000002 0.353 0.217 0.348 0.20299999999999999 0.353 0.071 0.363 0.039 0.34900000000000003 0 0.34500000000000003 0 0.532