0 0.6559999999999999 0.43200000000000005 0.602 0.43200000000000005 0.602 0.545 0.6559999999999999 0.545 0.6559999999999999 0.43200000000000005
0 0.700715 0.673235 0.623505 0.673235 0.623505 0.730085 0.700715 0.730085 0.700715 0.673235
0 0.5299349999999999 0.585835 0.480805 0.585835 0.480805 0.632925 0.5299349999999999 0.632925 0.5299349999999999 0.585835
0 0.6543300000000001 0.40547000000000005 0.62595 0.40547000000000005 0.62595 0.43535 0.6543300000000001 0.43535 0.6543300000000001 0.40547000000000005
0 0.549775 0.65625 0.507845 0.65625 0.507845 0.68945 0.549775 0.68945 0.549775 0.65625
0 0.74336 0.367705 0.70976 0.367705 0.70976 0.40475500000000003 0.74336 0.40475500000000003 0.74336 0.367705
0 0.554265 0.7222999999999999 0.49261499999999997 0.7222999999999999 0.49261499999999997 0.75134 0.554265 0.75134 0.554265 0.7222999999999999
0 0.41717000000000004 0.462935 0.34161 0.462935 0.34161 0.522905 0.41717000000000004 0.522905 0.41717000000000004 0.462935
0 0.436945 0.6735800000000001 0.40925500000000004 0.6735800000000001 0.40925500000000004 0.7102 0.436945 0.7102 0.436945 0.6735800000000001
0 0.677395 0.338965 0.6106849999999999 0.338965 0.6106849999999999 0.382235 0.677395 0.382235 0.677395 0.338965
0 0.39315500000000003 0.571685 0.340725 0.571685 0.340725 0.605075 0.39315500000000003 0.605075 0.39315500000000003 0.571685
0 0.53598 0.41156 0.5040600000000001 0.41156 0.5040600000000001 0.45026 0.53598 0.45026 0.53598 0.41156
0 0.47835 0.493365 0.43522999999999995 0.493365 0.43522999999999995 0.542775 0.47835 0.542775 0.47835 0.493365
0 0.111605 0.58963 0.007475 0.58963 0.007475 0.66135 0.111605 0.66135 0.111605 0.58963
0 0.50342 0.41416000000000003 0.35009999999999997 0.41416000000000003 0.35009999999999997 0.48281999999999997 0.50342 0.48281999999999997 0.50342 0.41416000000000003
0 0.188605 0.44209 0.156375 0.44209 0.156375 0.48027 0.188605 0.48027 0.188605 0.44209
0 0.08359 0.54515 0.05155 0.54515 0.05155 0.56813 0.08359 0.56813 0.08359 0.54515
0 0.45999999999999996 0.59828 0.41791999999999996 0.59828 0.41791999999999996 0.63316 0.45999999999999996 0.63316 0.45999999999999996 0.59828
0 0.26272 0.39375 0.22824 0.39375 0.22824 0.42949000000000004 0.26272 0.42949000000000004 0.26272 0.39375
0 0.12924 0.5121 0.10025999999999999 0.5121 0.10025999999999999 0.5338 0.12924 0.5338 0.12924 0.5121
0 0.330975 0.574365 0.296945 0.574365 0.296945 0.616055 0.330975 0.616055 0.330975 0.574365
0 0.11671499999999999 0.475225 0.088605 0.475225 0.088605 0.501335 0.11671499999999999 0.501335 0.11671499999999999 0.475225
0 0.406325 0.58461 0.375415 0.58461 0.375415 0.61949 0.406325 0.61949 0.406325 0.58461
0 0.30665 0.5546249999999999 0.26805 0.5546249999999999 0.26805 0.585995 0.30665 0.585995 0.30665 0.5546249999999999
0 0.21098499999999998 0.41273499999999996 0.161575 0.41273499999999996 0.161575 0.446645 0.21098499999999998 0.446645 0.21098499999999998 0.41273499999999996
0 0.205055 0.450865 0.176785 0.450865 0.176785 0.479795 0.205055 0.479795 0.205055 0.450865
0 0.595615 0.744495 0.5596650000000001 0.744495 0.5596650000000001 0.773085 0.595615 0.773085 0.595615 0.744495
0 0.698535 0.6769499999999999 0.6735450000000001 0.6769499999999999 0.6735450000000001 0.69903 0.698535 0.69903 0.698535 0.6769499999999999
0 0.30882 0.35058500000000004 0.25612 0.35058500000000004 0.25612 0.382815 0.30882 0.382815 0.30882 0.35058500000000004
0 0.35875 0.53095 0.31947000000000003 0.53095 0.31947000000000003 0.55791 0.35875 0.55791 0.35875 0.53095
0 0.158305 0.4606 0.133695 0.4606 0.133695 0.48276 0.158305 0.48276 0.158305 0.4606
0 0.115505 0.44878999999999997 0.094935 0.44878999999999997 0.094935 0.48089000000000004 0.115505 0.48089000000000004 0.115505 0.44878999999999997
0 0.441575 0.645875 0.413405 0.645875 0.413405 0.678345 0.441575 0.678345 0.441575 0.645875
0 0.223475 0.594265 0.143705 0.594265 0.143705 0.6889350000000001 0.223475 0.6889350000000001 0.223475 0.594265
0 0.61028 0.37165499999999996 0.56746 0.37165499999999996 0.56746 0.399345 0.61028 0.399345 0.61028 0.37165499999999996
0 0.584075 0.446635 0.5516650000000001 0.446635 0.5516650000000001 0.47426500000000005 0.584075 0.47426500000000005 0.584075 0.446635
0 0.5823050000000001 0.48762999999999995 0.567115 0.48762999999999995 0.567115 0.49675 0.5823050000000001 0.49675 0.5823050000000001 0.48762999999999995
9 0.075 0.6719999999999999 0.128 0.682 0.175 0.708 0.2 0.7070000000000001 0.229 0.6809999999999999 0.24900000000000003 0.673 0.34700000000000003 0.696 0.369 0.72 0.378 0.724 0.414 0.7230000000000001 0.43099999999999994 0.727 0.465 0.742 0.546 0.765 0.571 0.7809999999999999 0.607 0.794 0.636 0.795 0.693 0.787 0.752 0.771 0.8119999999999999 0.744 0.875 0.709 0.916 0.678 0.999 0.631 0.999 0.426 0.851 0.363 0.8119999999999999 0.35 0.726 0.33799999999999997 0.6559999999999999 0.337 0.5549999999999999 0.382 0.504 0.39 0.40499999999999997 0.44699999999999995 0.362 0.45599999999999996 0.279 0.409 0.279 0.391 0.272 0.382 0.27599999999999997 0.368 0.266 0.362 0.263 0.388 0.24100000000000002 0.396 0.22200000000000003 0.414 0.152 0.414 0.088 0.46399999999999997 0.064 0.508 0.06 0.567 0.076 0.58 0.075 0.593 0.067 0.602 0.05 0.608 0.049 0.615 0.034999999999999996 0.634 0.034999999999999996 0.647 0.043 0.651 0.052000000000000005 0.663 0.075 0.6719999999999999