0 0.28900000000000003 0.307 0.223 0.307 0.223 0.352 0.28900000000000003 0.352 0.28900000000000003 0.307
0 0.36147 0.699175 0.30796999999999997 0.699175 0.30796999999999997 0.756885 0.36147 0.756885 0.36147 0.699175
0 0.29183 0.38073999999999997 0.25359 0.38073999999999997 0.25359 0.42298 0.29183 0.42298 0.29183 0.38073999999999997
0 0.566775 0.771115 0.5308849999999999 0.771115 0.5308849999999999 0.828485 0.566775 0.828485 0.566775 0.771115
0 0.215665 0.546835 0.194975 0.546835 0.194975 0.570345 0.215665 0.570345 0.215665 0.546835
0 0.61137 0.75706 0.58883 0.75706 0.58883 0.79274 0.61137 0.79274 0.61137 0.75706
0 0.56833 0.86294 0.5449499999999999 0.86294 0.5449499999999999 0.8939 0.56833 0.8939 0.56833 0.86294
0 0.485595 0.778965 0.41332500000000005 0.778965 0.41332500000000005 0.865575 0.485595 0.865575 0.485595 0.778965
0 0.24488500000000002 0.31706 0.230215 0.31706 0.230215 0.33578 0.24488500000000002 0.33578 0.24488500000000002 0.31706
0 0.57153 0.94002 0.48413000000000006 0.94002 0.48413000000000006 0.99846 0.57153 0.99846 0.57153 0.94002
0 0.5112949999999999 0.8628199999999999 0.449645 0.8628199999999999 0.449645 0.92526 0.5112949999999999 0.92526 0.5112949999999999 0.8628199999999999
0 0.24952999999999997 0.520245 0.19139 0.520245 0.19139 0.575455 0.24952999999999997 0.575455 0.24952999999999997 0.520245
7 0.307 0 0.248 0.014000000000000002 0.231 0.01 0.158 0.013000000000000001 0.16599999999999998 0.026000000000000002 0.16799999999999998 0.038 0.176 0.04 0.16399999999999998 0.081 0.092 0.078 0.081 0.071 0.05600000000000001 0.067 0.033 0.05600000000000001 0.012 0.05500000000000001 0.001 0.064 0 0.999 0.999 0.999 0.999 0 0.307 0