0 0.674 0.521 0.5660000000000001 0.521 0.5660000000000001 0.595 0.674 0.595 0.674 0.521
0 0.6443800000000001 0.483585 0.56558 0.483585 0.56558 0.529115 0.6443800000000001 0.529115 0.6443800000000001 0.483585
0 0.55682 0.32287499999999997 0.46954 0.32287499999999997 0.46954 0.462765 0.55682 0.462765 0.55682 0.32287499999999997
0 0.373105 0.551755 0.279235 0.551755 0.279235 0.639645 0.373105 0.639645 0.373105 0.551755
0 0.45068 0.32968000000000003 0.39648 0.32968000000000003 0.39648 0.45010000000000006 0.45068 0.45010000000000006 0.45068 0.32968000000000003
0 0.247315 0.41565 0.155765 0.41565 0.155765 0.48621 0.247315 0.48621 0.247315 0.41565
0 0.728915 0.464295 0.6246050000000001 0.464295 0.6246050000000001 0.505925 0.728915 0.505925 0.728915 0.464295
0 0.7981 0.401185 0.75464 0.401185 0.75464 0.439635 0.7981 0.439635 0.7981 0.401185
0 0.81451 0.48007 0.73529 0.48007 0.73529 0.54825 0.81451 0.54825 0.81451 0.48007
0 0.83945 0.43034999999999995 0.78165 0.43034999999999995 0.78165 0.45685000000000003 0.83945 0.45685000000000003 0.83945 0.43034999999999995
0 0.747665 0.58513 0.707415 0.58513 0.707415 0.60823 0.747665 0.60823 0.747665 0.58513
0 0.8515499999999999 0.38767999999999997 0.79299 0.38767999999999997 0.79299 0.42628000000000005 0.8515499999999999 0.42628000000000005 0.8515499999999999 0.38767999999999997
0 0.62248 0.349465 0.57576 0.349465 0.57576 0.403455 0.62248 0.403455 0.62248 0.349465
0 0.73807 0.36511499999999997 0.6623300000000001 0.36511499999999997 0.6623300000000001 0.446905 0.73807 0.446905 0.73807 0.36511499999999997
0 0.781215 0.57489 0.7510049999999999 0.57489 0.7510049999999999 0.5950300000000001 0.781215 0.5950300000000001 0.781215 0.57489
0 0.6758200000000001 0.407255 0.6396 0.407255 0.6396 0.443325 0.6758200000000001 0.443325 0.6758200000000001 0.407255
0 0.99795 0.45749000000000006 0.97471 0.45749000000000006 0.97471 0.49759000000000003 0.99795 0.49759000000000003 0.99795 0.45749000000000006
0 0.9603400000000001 0.502985 0.9068400000000001 0.502985 0.9068400000000001 0.5263150000000001 0.9603400000000001 0.5263150000000001 0.9603400000000001 0.502985
0 0.289095 0.36567500000000003 0.217745 0.36567500000000003 0.217745 0.41068499999999997 0.289095 0.41068499999999997 0.289095 0.36567500000000003
0 0.90152 0.41641500000000004 0.83188 0.41641500000000004 0.83188 0.45810500000000004 0.90152 0.45810500000000004 0.90152 0.41641500000000004
0 0.95441 0.39654500000000004 0.90399 0.39654500000000004 0.90399 0.435975 0.95441 0.435975 0.95441 0.39654500000000004
0 0.656905 0.39244500000000004 0.638995 0.39244500000000004 0.638995 0.41029499999999997 0.656905 0.41029499999999997 0.656905 0.39244500000000004
0 0.81227 0.46499499999999994 0.78245 0.46499499999999994 0.78245 0.491545 0.81227 0.491545 0.81227 0.46499499999999994
0 0.8984349999999999 0.46201 0.8662050000000001 0.46201 0.8662050000000001 0.5057699999999999 0.8984349999999999 0.5057699999999999 0.8984349999999999 0.46201
0 0.64464 0.39883 0.61414 0.39883 0.61414 0.45517 0.64464 0.45517 0.64464 0.39883
0 0.78064 0.27773 0.4928 0.27773 0.4928 0.33849 0.78064 0.33849 0.78064 0.27773
0 0.873265 0.519145 0.8386549999999999 0.519145 0.8386549999999999 0.541395 0.873265 0.541395 0.873265 0.519145
0 0.9125400000000001 0.41495499999999996 0.8853199999999999 0.41495499999999996 0.8853199999999999 0.428805 0.9125400000000001 0.428805 0.9125400000000001 0.41495499999999996
0 0.762035 0.36027 0.725265 0.36027 0.725265 0.37947000000000003 0.762035 0.37947000000000003 0.762035 0.36027
9 0 0.522 0.096636 0.52 0.129 0.524 0.157 0.5389999999999999 0.21400000000000002 0.5860000000000001 0.307 0.635 0.382 0.661 0.42699999999999994 0.6719999999999999 0.491 0.6809999999999999 0.538 0.683 0.605 0.6769999999999999 0.6639999999999999 0.662 0.779 0.6 0.7969999999999999 0.5730000000000001 0.8089999999999999 0.564 0.8300000000000001 0.5599999999999999 0.876 0.542 0.932 0.5429999999999999 0.958 0.53 0.999 0.519 0.999 0.395 0.9650000000000001 0.382 0.923 0.384 0.9019999999999999 0.379 0.8230000000000001 0.348 0.79 0.34199999999999997 0.748 0.314 0.6599999999999999 0.28900000000000003 0.607 0.28300000000000003 0.528 0.28500000000000003 0.45599999999999996 0.301 0.306 0.353 0.273 0.368 0.24300000000000002 0.388 0.13999999999999999 0.465 0.11499999999999999 0.472 0.0776 0.475 0 0.46900000000000003 0 0.522