0 0.526 0.538 0.487 0.538 0.487 0.596 0.526 0.596 0.526 0.538
0 0.60137 0.5657949999999999 0.56563 0.5657949999999999 0.56563 0.609985 0.60137 0.609985 0.60137 0.5657949999999999
0 0.372705 0.489285 0.345075 0.489285 0.345075 0.5146149999999999 0.372705 0.5146149999999999 0.372705 0.489285
0 0.08816 0.48761 0.07138 0.48761 0.07138 0.5192300000000001 0.08816 0.5192300000000001 0.08816 0.48761
0 0.15361 0.42256 0.12373 0.42256 0.12373 0.44902 0.15361 0.44902 0.15361 0.42256
0 0.090755 0.43128500000000003 0.059265 0.43128500000000003 0.059265 0.45835499999999996 0.090755 0.45835499999999996 0.090755 0.43128500000000003
0 0.81465 0.470565 0.80059 0.470565 0.80059 0.48451500000000003 0.81465 0.48451500000000003 0.81465 0.470565
0 0.329515 0.55915 0.315985 0.55915 0.315985 0.57659 0.329515 0.57659 0.329515 0.55915
0 0.315435 0.514405 0.30174500000000004 0.514405 0.30174500000000004 0.529535 0.315435 0.529535 0.315435 0.514405
0 0.027275 0.43718500000000005 0.014405000000000001 0.43718500000000005 0.014405000000000001 0.45051500000000005 0.027275 0.45051500000000005 0.027275 0.43718500000000005
0 0.267945 0.5173949999999999 0.240355 0.5173949999999999 0.240355 0.532405 0.267945 0.532405 0.267945 0.5173949999999999
0 0.11712 0.463105 0.10078000000000001 0.463105 0.10078000000000001 0.47829499999999997 0.11712 0.47829499999999997 0.11712 0.463105
0 0.91098 0.46547 0.8458600000000001 0.46547 0.8458600000000001 0.52037 0.91098 0.52037 0.91098 0.46547
0 0.362125 0.572255 0.352715 0.572255 0.352715 0.5859449999999999 0.362125 0.5859449999999999 0.362125 0.572255
0 0.19137500000000002 0.456625 0.174845 0.456625 0.174845 0.480395 0.19137500000000002 0.480395 0.19137500000000002 0.456625
0 0.116435 0.38306 0.090725 0.38306 0.090725 0.4016 0.116435 0.4016 0.116435 0.38306
0 0.533415 0.452735 0.511505 0.452735 0.511505 0.467185 0.533415 0.467185 0.533415 0.452735
0 0.011715 0.47984 0.000245 0.47984 0.000245 0.50502 0.011715 0.50502 0.011715 0.47984
0 0.14767 0.50028 0.13139 0.50028 0.13139 0.52022 0.14767 0.52022 0.14767 0.50028
0 0.074475 0.395905 0.049485 0.395905 0.049485 0.415615 0.074475 0.415615 0.074475 0.395905
0 0.18806 0.50327 0.17596 0.50327 0.17596 0.5133300000000001 0.18806 0.5133300000000001 0.18806 0.50327
0 0.61642 0.546895 0.59648 0.546895 0.59648 0.5605249999999999 0.61642 0.5605249999999999 0.61642 0.546895
9 0 0.523 0.11100000000000002 0.557 0.124 0.5549999999999999 0.13799999999999998 0.5349999999999999 0.21800000000000003 0.544 0.236 0.55 0.279 0.584 0.329 0.609 0.375 0.623 0.471 0.642 0.507 0.642 0.541 0.635 0.568 0.635 0.605 0.643 0.655 0.6599999999999999 0.6990000000000001 0.663 0.7110000000000001 0.659 0.724 0.646 0.78 0.567 0.8099999999999999 0.5389999999999999 0.844 0.5349999999999999 0.874 0.545 0.89 0.546 0.9119999999999999 0.544 0.922 0.534 0.906 0.505 0.8460000000000001 0.465 0.8380000000000001 0.453 0.808 0.376 0.782 0.33999999999999997 0.744 0.316 0.71 0.301 0.6639999999999999 0.28500000000000003 0.608 0.273 0.49000000000000005 0.273 0.373 0.28900000000000003 0.273 0.296 0.229 0.303 0.126 0.339 0.1 0.353 0.062 0.382 0.027000000000000003 0.388 0.015 0.397 0 0.41600000000000004 0 0.523