0 0.612 0.449 0.588 0.449 0.588 0.479 0.612 0.479 0.612 0.449
0 0.45889499999999994 0.452395 0.420505 0.452395 0.420505 0.482665 0.45889499999999994 0.482665 0.45889499999999994 0.452395
0 0.38615499999999997 0.36697 0.358465 0.36697 0.358465 0.39573 0.38615499999999997 0.39573 0.38615499999999997 0.36697
0 0.36079 0.344195 0.33697 0.344195 0.33697 0.369185 0.36079 0.369185 0.36079 0.344195
0 0.45824999999999994 0.33587 0.43287000000000003 0.33587 0.43287000000000003 0.36236999999999997 0.45824999999999994 0.36236999999999997 0.45824999999999994 0.33587
0 0.53662 0.258675 0.5151399999999999 0.258675 0.5151399999999999 0.278925 0.53662 0.278925 0.53662 0.258675
0 0.49799 0.31974 0.47077 0.31974 0.47077 0.34872000000000003 0.49799 0.34872000000000003 0.49799 0.31974
0 0.62169 0.18789499999999998 0.60097 0.18789499999999998 0.60097 0.216165 0.62169 0.216165 0.62169 0.18789499999999998
0 0.532655 0.32898499999999997 0.502505 0.32898499999999997 0.502505 0.355595 0.532655 0.355595 0.532655 0.32898499999999997
0 0.478345 0.54569 0.434735 0.54569 0.434735 0.61057 0.478345 0.61057 0.478345 0.54569
0 0.5133449999999999 0.29573 0.49543499999999996 0.29573 0.49543499999999996 0.31168999999999997 0.5133449999999999 0.31168999999999997 0.5133449999999999 0.29573
0 0.41093 0.797485 0.39375 0.797485 0.39375 0.8206749999999999 0.41093 0.8206749999999999 0.41093 0.797485
0 0.453505 0.65606 0.440535 0.65606 0.440535 0.6730400000000001 0.453505 0.6730400000000001 0.453505 0.65606
0 0.29165 0.4102 0.25961 0.4102 0.25961 0.46138 0.29165 0.46138 0.29165 0.4102
0 0.481435 0.48484499999999997 0.470705 0.48484499999999997 0.470705 0.495135 0.481435 0.495135 0.481435 0.48484499999999997
7 0.311 0.8320000000000001 0.318 0.8380000000000001 0.36 0.8390000000000001 0.379 0.835 0.496 0.7769999999999999 0.5349999999999999 0.763 0.63 0.6990000000000001 0.701 0.634 0.73 0.585 0.756 0.52 0.766 0.433 0.764 0.39 0.749 0.33399999999999996 0.734 0.3 0.627 0.16999999999999998 0.61 0.122 0.584 0.075 0.579 0.075 0.5700000000000001 0.088 0.5690000000000001 0.129 0.576 0.16499999999999998 0.5860000000000001 0.178 0.5860000000000001 0.192 0.577 0.213 0.562 0.233 0.536 0.255 0.485 0.28500000000000003 0.398 0.323 0.34900000000000003 0.339 0.32999999999999996 0.351 0.27799999999999997 0.418 0.261 0.454 0.244 0.513 0.24100000000000002 0.5980000000000001 0.248 0.658 0.28700000000000003 0.7769999999999999 0.311 0.8320000000000001