0 0.305 0.49800000000000005 0.21600000000000003 0.49800000000000005 0.21600000000000003 0.577 0.305 0.577 0.305 0.49800000000000005
0 0.38847 0.38422999999999996 0.34053 0.38422999999999996 0.34053 0.42142999999999997 0.38847 0.42142999999999997 0.38847 0.38422999999999996
0 0.419525 0.482815 0.387115 0.482815 0.387115 0.550385 0.419525 0.550385 0.419525 0.482815
0 0.54775 0.347895 0.51085 0.347895 0.51085 0.391845 0.54775 0.391845 0.54775 0.347895
0 0.315885 0.372035 0.25149499999999997 0.372035 0.25149499999999997 0.429225 0.315885 0.429225 0.315885 0.372035
0 0.5104650000000001 0.3952 0.484155 0.3952 0.484155 0.44610000000000005 0.5104650000000001 0.44610000000000005 0.5104650000000001 0.3952
0 0.53494 0.46319499999999997 0.46896000000000004 0.46319499999999997 0.46896000000000004 0.5426650000000001 0.53494 0.5426650000000001 0.53494 0.46319499999999997
0 0.13596999999999998 0.42789 0.09633 0.42789 0.09633 0.45736999999999994 0.13596999999999998 0.45736999999999994 0.13596999999999998 0.42789
0 0.43427 0.397135 0.40265000000000006 0.397135 0.40265000000000006 0.433425 0.43427 0.433425 0.43427 0.397135
0 0.628865 0.36145 0.606495 0.36145 0.606495 0.39343 0.628865 0.39343 0.628865 0.36145
0 0.46319499999999997 0.333495 0.431825 0.333495 0.431825 0.379885 0.46319499999999997 0.379885 0.46319499999999997 0.333495
0 0.03245 0.43027 0.00047000000000000004 0.43027 0.00047000000000000004 0.46329000000000004 0.03245 0.46329000000000004 0.03245 0.43027
0 0.204345 0.365265 0.159915 0.365265 0.159915 0.401335 0.204345 0.401335 0.204345 0.365265
0 0.26805500000000004 0.41665 0.241705 0.41665 0.241705 0.43491 0.26805500000000004 0.43491 0.26805500000000004 0.41665
0 0.41197999999999996 0.48250000000000004 0.39564 0.48250000000000004 0.39564 0.49846 0.41197999999999996 0.49846 0.41197999999999996 0.48250000000000004
0 0.42996 0.33807 0.39474 0.33807 0.39474 0.36555 0.42996 0.36555 0.42996 0.33807
0 0.29682 0.34138999999999997 0.2652 0.34138999999999997 0.2652 0.37639 0.29682 0.37639 0.29682 0.34138999999999997
9 0 0.5780000000000001 0.062 0.61 0.11100000000000002 0.624 0.182 0.635 0.255 0.635 0.367 0.624 0.45 0.605 0.6940000000000001 0.575 0.8130000000000001 0.536 0.898 0.492 0.977 0.465 0.999 0.461 0.999 0.308 0.9890000000000001 0.303 0.9199999999999999 0.294 0.634 0.28700000000000003 0.5700000000000001 0.29700000000000004 0.5349999999999999 0.308 0.48 0.311 0.45899999999999996 0.319 0.445 0.319 0.42400000000000004 0.312 0.397 0.312 0.337 0.325 0.3 0.33799999999999997 0.215 0.33399999999999996 0.191 0.34900000000000003 0.13899999999999998 0.34700000000000003 0.08399999999999999 0.364 0.034999999999999996 0.393 0.027000000000000003 0.421 0.017 0.438 0 0.437 0 0.5780000000000001