0 0.609 0.5599999999999999 0.533 0.5599999999999999 0.533 0.641 0.609 0.641 0.609 0.5599999999999999
0 0.662145 0.626635 0.6191150000000001 0.626635 0.6191150000000001 0.675125 0.662145 0.675125 0.662145 0.626635
0 0.5655249999999999 0.44919000000000003 0.532135 0.44919000000000003 0.532135 0.48830999999999997 0.5655249999999999 0.48830999999999997 0.5655249999999999 0.44919000000000003
0 0.729445 0.48518 0.690475 0.48518 0.690475 0.53532 0.729445 0.53532 0.729445 0.48518
0 0.495085 0.576625 0.469755 0.576625 0.469755 0.626495 0.495085 0.626495 0.495085 0.576625
0 0.68665 0.544775 0.66393 0.544775 0.66393 0.577305 0.68665 0.577305 0.68665 0.544775
0 0.6079049999999999 0.55272 0.581555 0.55272 0.581555 0.58888 0.6079049999999999 0.58888 0.6079049999999999 0.55272
0 0.68171 0.473645 0.65423 0.473645 0.65423 0.515115 0.68171 0.515115 0.68171 0.473645
0 0.577885 0.501995 0.549075 0.501995 0.549075 0.540965 0.577885 0.540965 0.577885 0.501995
0 0.644995 0.5346949999999999 0.6186849999999999 0.5346949999999999 0.6186849999999999 0.561005 0.644995 0.561005 0.644995 0.5346949999999999
0 0.68965 0.39941499999999996 0.6707099999999999 0.39941499999999996 0.6707099999999999 0.44384499999999993 0.68965 0.44384499999999993 0.68965 0.39941499999999996
0 0.44629 0.441145 0.38965 0.441145 0.38965 0.496355 0.44629 0.496355 0.44629 0.441145
0 0.560505 0.563765 0.539095 0.563765 0.539095 0.607135 0.560505 0.607135 0.560505 0.563765
0 0.79923 0.46546000000000004 0.71445 0.46546000000000004 0.71445 0.55994 0.79923 0.55994 0.79923 0.46546000000000004
0 0.5831000000000001 0.3747 0.54874 0.3747 0.54874 0.42072000000000004 0.5831000000000001 0.42072000000000004 0.5831000000000001 0.3747
0 0.67729 0.581375 0.64985 0.581375 0.64985 0.599285 0.67729 0.599285 0.67729 0.581375
0 0.659945 0.35748 0.579315 0.35748 0.579315 0.40326000000000006 0.659945 0.40326000000000006 0.659945 0.35748
0 0.656345 0.55262 0.631735 0.55262 0.631735 0.58312 0.656345 0.58312 0.656345 0.55262
0 0.734025 0.555195 0.7122550000000001 0.555195 0.7122550000000001 0.576645 0.734025 0.576645 0.734025 0.555195
0 0.50972 0.66521 0.49516 0.66521 0.49516 0.68831 0.50972 0.68831 0.50972 0.66521
0 0.652745 0.59518 0.616795 0.59518 0.616795 0.6352800000000001 0.652745 0.6352800000000001 0.652745 0.59518
0 0.921635 0.515285 0.8996449999999999 0.515285 0.8996449999999999 0.5403749999999999 0.921635 0.5403749999999999 0.921635 0.515285
0 0.66161 0.35367000000000004 0.63819 0.35367000000000004 0.63819 0.37583 0.66161 0.37583 0.66161 0.35367000000000004
0 0.814015 0.36490999999999996 0.762165 0.36490999999999996 0.762165 0.40803 0.814015 0.40803 0.814015 0.36490999999999996
0 0.705335 0.32252000000000003 0.674545 0.32252000000000003 0.674545 0.34838 0.705335 0.34838 0.705335 0.32252000000000003
0 0.60151 0.66489 0.56645 0.66489 0.56645 0.70133 0.60151 0.70133 0.60151 0.66489
0 0.737715 0.46208 0.709545 0.46208 0.709545 0.49934 0.737715 0.49934 0.737715 0.46208
0 0.52412 0.3305 0.49932 0.3305 0.49932 0.35992 0.52412 0.35992 0.52412 0.3305
0 0.570775 0.34204 0.544465 0.34204 0.544465 0.36352 0.570775 0.36352 0.570775 0.34204
0 0.7706500000000001 0.46314 0.75475 0.46314 0.75475 0.49976000000000004 0.7706500000000001 0.49976000000000004 0.7706500000000001 0.46314
0 0.91103 0.39621 0.8692500000000001 0.39621 0.8692500000000001 0.43631000000000003 0.91103 0.43631000000000003 0.91103 0.39621
0 0.7076 0.341555 0.66448 0.341555 0.66448 0.366445 0.7076 0.366445 0.7076 0.341555
0 0.729535 0.45252 0.710885 0.45252 0.710885 0.47228000000000003 0.729535 0.47228000000000003 0.729535 0.45252
0 0.9404 0.45393999999999995 0.9228799999999999 0.45393999999999995 0.9228799999999999 0.47478 0.9404 0.47478 0.9404 0.45393999999999995
0 0.783385 0.32784 0.7048949999999999 0.32784 0.7048949999999999 0.38164 0.783385 0.38164 0.783385 0.32784
0 0.938105 0.482695 0.9095549999999999 0.482695 0.9095549999999999 0.5090049999999999 0.938105 0.5090049999999999 0.938105 0.482695
0 0.8581799999999999 0.5042099999999999 0.83714 0.5042099999999999 0.83714 0.52705 0.8581799999999999 0.52705 0.8581799999999999 0.5042099999999999
0 0.9116500000000001 0.45878500000000005 0.87253 0.45878500000000005 0.87253 0.501175 0.9116500000000001 0.501175 0.9116500000000001 0.45878500000000005
0 0.71578 0.378935 0.70122 0.378935 0.70122 0.41354499999999994 0.71578 0.41354499999999994 0.71578 0.378935
0 0.638305 0.30846 0.606815 0.30846 0.606815 0.3478 0.638305 0.3478 0.638305 0.30846
0 0.8705849999999999 0.38275000000000003 0.8491350000000001 0.38275000000000003 0.8491350000000001 0.40533 0.8705849999999999 0.40533 0.8705849999999999 0.38275000000000003
0 0.8533149999999999 0.42414500000000005 0.832225 0.42414500000000005 0.832225 0.44547499999999995 0.8533149999999999 0.44547499999999995 0.8533149999999999 0.42414500000000005
0 0.992955 0.49008 0.8840049999999999 0.49008 0.8840049999999999 0.5714400000000001 0.992955 0.5714400000000001 0.992955 0.49008
0 0.90517 0.51073 0.8799899999999999 0.51073 0.8799899999999999 0.53615 0.90517 0.53615 0.90517 0.51073
0 0.185795 0.49843000000000004 0.17480500000000002 0.49843000000000004 0.17480500000000002 0.51427 0.185795 0.51427 0.185795 0.49843000000000004
0 0.8389599999999999 0.34995 0.82218 0.34995 0.82218 0.36343000000000003 0.8389599999999999 0.36343000000000003 0.8389599999999999 0.34995
0 0.8903700000000001 0.33984000000000003 0.85671 0.33984000000000003 0.85671 0.37158 0.8903700000000001 0.37158 0.8903700000000001 0.33984000000000003
0 0.365085 0.589585 0.354635 0.589585 0.354635 0.600835 0.365085 0.600835 0.365085 0.589585
0 0.257895 0.605605 0.22868499999999997 0.605605 0.22868499999999997 0.656115 0.257895 0.656115 0.257895 0.605605
9 0 0.562 0.10500000000000001 0.561 0.187 0.568 0.231 0.603 0.25 0.628 0.265 0.633 0.27 0.641 0.27999999999999997 0.643 0.348 0.6839999999999999 0.398 0.709 0.43 0.72 0.495 0.732 0.537 0.732 0.585 0.724 0.625 0.7110000000000001 0.662 0.692 0.6990000000000001 0.6809999999999999 0.733 0.659 0.758 0.635 0.7849999999999999 0.608 0.806 0.572 0.82 0.564 0.842 0.5429999999999999 0.865 0.544 0.907 0.5599999999999999 0.944 0.5660000000000001 0.983 0.609 0.999 0.613 0.999 0.526 0.9720000000000001 0.514 0.9630000000000001 0.504 0.9490000000000001 0.499 0.93 0.483 0.9289999999999999 0.46399999999999997 0.9359999999999999 0.457 0.932 0.433 0.9119999999999999 0.42000000000000004 0.9019999999999999 0.38 0.892 0.371 0.8859999999999999 0.357 0.874 0.34700000000000003 0.85 0.33999999999999997 0.8240000000000001 0.33999999999999997 0.8099999999999999 0.34700000000000003 0.796 0.348 0.786 0.33999999999999997 0.771 0.33599999999999997 0.688 0.323 0.6679999999999999 0.32799999999999996 0.647 0.32799999999999996 0.632 0.315 0.619 0.312 0.608 0.321 0.603 0.33999999999999997 0.606 0.356 0.601 0.366 0.595 0.371 0.58 0.372 0.567 0.351 0.5269999999999999 0.325 0.485 0.312 0.442 0.311 0.393 0.318 0.358 0.335 0.317 0.365 0.258 0.421 0.23399999999999999 0.449 0.20099999999999998 0.501 0.187 0.514 0.144 0.5269999999999999 0 0.532 0 0.562