0 0.517 0.4484 0.45439999999999997 0.4484 0.45439999999999997 0.496 0.517 0.496 0.517 0.4484
0 0.397085 0.556045 0.334855 0.556045 0.334855 0.602155 0.397085 0.602155 0.397085 0.556045
0 0.32954 0.4349 0.29594 0.4349 0.29594 0.46597999999999995 0.32954 0.46597999999999995 0.32954 0.4349
0 0.358485 0.42901999999999996 0.327055 0.42901999999999996 0.327055 0.46552 0.358485 0.46552 0.358485 0.42901999999999996
0 0.402035 0.390645 0.372385 0.390645 0.372385 0.42039499999999996 0.402035 0.42039499999999996 0.402035 0.390645
0 0.65371 0.56887 0.6304700000000001 0.56887 0.6304700000000001 0.60007 0.65371 0.60007 0.65371 0.56887
0 0.48555000000000004 0.55347 0.44121 0.55347 0.44121 0.59009 0.48555000000000004 0.59009 0.48555000000000004 0.55347
0 0.462385 0.41829 0.426775 0.41829 0.426775 0.44695 0.462385 0.44695 0.462385 0.41829
0 0.33016999999999996 0.38672 0.31583 0.38672 0.31583 0.42188 0.33016999999999996 0.42188 0.33016999999999996 0.38672
0 0.184725 0.499195 0.120455 0.499195 0.120455 0.547685 0.184725 0.547685 0.184725 0.499195
0 0.28776999999999997 0.465125 0.24348999999999998 0.465125 0.24348999999999998 0.49239499999999997 0.28776999999999997 0.49239499999999997 0.28776999999999997 0.465125
0 0.31554000000000004 0.58823 0.27822 0.58823 0.27822 0.61489 0.31554000000000004 0.61489 0.31554000000000004 0.58823
0 0.253625 0.43529 0.233915 0.43529 0.233915 0.46071 0.253625 0.46071 0.253625 0.43529
0 0.735615 0.41736000000000006 0.680405 0.41736000000000006 0.680405 0.47766000000000003 0.735615 0.47766000000000003 0.735615 0.41736000000000006
9 0 0.5389999999999999 0.025 0.548 0.08499999999999999 0.5559999999999999 0.16999999999999998 0.55 0.19 0.5549999999999999 0.304 0.646 0.388 0.6719999999999999 0.453 0.6809999999999999 0.648 0.688 0.6799999999999999 0.6849999999999999 0.737 0.6719999999999999 0.8779999999999999 0.61 0.914 0.5820000000000001 0.952 0.528 0.986 0.49400000000000005 0.999 0.48600000000000004 0.999 0.437 0.952 0.457 0.9259999999999999 0.458 0.833 0.41600000000000004 0.77 0.403 0.689 0.394 0.615 0.394 0.5730000000000001 0.378 0.53 0.372 0.49800000000000005 0.372 0.42000000000000004 0.382 0.399 0.381 0.367 0.368 0.33399999999999996 0.367 0.288 0.374 0.23500000000000001 0.389 0.193 0.41 0.159 0.41100000000000003 0.10600000000000001 0.40199999999999997 0.062 0.4 0.04 0.41100000000000003 0.025 0.41 0 0.399 0 0.5389999999999999