0 0.392 0.318 0.35 0.318 0.35 0.434 0.392 0.434 0.392 0.318
0 0.400945 0.48639 0.300235 0.48639 0.300235 0.5829500000000001 0.400945 0.5829500000000001 0.400945 0.48639
0 0.579835 0.28235 0.46020500000000003 0.28235 0.46020500000000003 0.45935 0.579835 0.45935 0.579835 0.28235
0 0.23762500000000003 0.34664 0.176195 0.34664 0.176195 0.40288 0.23762500000000003 0.40288 0.23762500000000003 0.34664
0 0.6683250000000001 0.478185 0.6529550000000001 0.478185 0.6529550000000001 0.546235 0.6683250000000001 0.546235 0.6683250000000001 0.478185
0 0.30343 0.32221 0.20535 0.32221 0.20535 0.47223 0.30343 0.47223 0.30343 0.32221
0 0.46078 0.32636 0.36392 0.32636 0.36392 0.4549 0.46078 0.4549 0.46078 0.32636
0 0.695675 0.324765 0.609985 0.324765 0.609985 0.405695 0.695675 0.405695 0.695675 0.324765
0 0.122955 0.5424 0.022065 0.5424 0.022065 0.58552 0.122955 0.58552 0.122955 0.5424
0 0.8079850000000001 0.40530499999999997 0.7437750000000001 0.40530499999999997 0.7437750000000001 0.485815 0.8079850000000001 0.485815 0.8079850000000001 0.40530499999999997
0 0.748265 0.390775 0.6794749999999999 0.390775 0.6794749999999999 0.46224499999999996 0.748265 0.46224499999999996 0.748265 0.390775
0 0.8015800000000001 0.49441499999999994 0.7121000000000001 0.49441499999999994 0.7121000000000001 0.5680850000000001 0.8015800000000001 0.5680850000000001 0.8015800000000001 0.49441499999999994
0 0.92487 0.50627 0.85053 0.50627 0.85053 0.52205 0.92487 0.52205 0.92487 0.50627
0 0.8930300000000001 0.5267299999999999 0.8745499999999999 0.5267299999999999 0.8745499999999999 0.54945 0.8930300000000001 0.54945 0.8930300000000001 0.5267299999999999
0 0.717625 0.53026 0.664215 0.53026 0.664215 0.56642 0.717625 0.56642 0.717625 0.53026
0 0.8690149999999999 0.429035 0.821405 0.429035 0.821405 0.46940499999999996 0.8690149999999999 0.46940499999999996 0.8690149999999999 0.429035
0 0.82172 0.34201000000000004 0.72516 0.34201000000000004 0.72516 0.40701 0.82172 0.40701 0.82172 0.34201000000000004
0 0.59829 0.269515 0.5638099999999999 0.269515 0.5638099999999999 0.300305 0.59829 0.300305 0.59829 0.269515
0 0.4848 0.330265 0.47564 0.330265 0.47564 0.344055 0.4848 0.344055 0.4848 0.330265
0 0.94536 0.40024 0.8915599999999999 0.40024 0.8915599999999999 0.4689 0.94536 0.4689 0.94536 0.40024
0 0.8814249999999999 0.48722000000000004 0.8695550000000001 0.48722000000000004 0.8695550000000001 0.49960000000000004 0.8814249999999999 0.49960000000000004 0.8814249999999999 0.48722000000000004
0 0.61583 0.54884 0.59999 0.54884 0.59999 0.56834 0.61583 0.56834 0.61583 0.54884
0 0.98058 0.5213300000000001 0.9676600000000001 0.5213300000000001 0.9676600000000001 0.53825 0.98058 0.53825 0.98058 0.5213300000000001
0 0.9383699999999999 0.57899 0.92003 0.57899 0.92003 0.59483 0.9383699999999999 0.59483 0.9383699999999999 0.57899
0 0.67764 0.46273 0.6641600000000001 0.46273 0.6641600000000001 0.47185 0.67764 0.47185 0.67764 0.46273
0 0.999995 0.52181 0.9934850000000001 0.52181 0.9934850000000001 0.53777 0.999995 0.53777 0.999995 0.52181
0 0.9831099999999999 0.5650649999999999 0.9563499999999999 0.5650649999999999 0.9563499999999999 0.588255 0.9831099999999999 0.588255 0.9831099999999999 0.5650649999999999
0 0.5984 0.569655 0.5637 0.569655 0.5637 0.594405 0.5984 0.594405 0.5984 0.569655
0 0.036 0.5967749999999999 0.00032 0.5967749999999999 0.00032 0.637605 0.036 0.637605 0.036 0.5967749999999999
0 0.175755 0.511285 0.157245 0.511285 0.157245 0.534615 0.175755 0.534615 0.175755 0.511285
0 0.9702149999999999 0.60027 0.933105 0.60027 0.933105 0.65755 0.9702149999999999 0.65755 0.9702149999999999 0.60027
9 0 0.643 0.041999999999999996 0.617 0.08 0.614 0.143 0.647 0.189 0.6599999999999999 0.273 0.671 0.321 0.665 0.373 0.642 0.42300000000000004 0.633 0.43099999999999994 0.618 0.41900000000000004 0.605 0.44000000000000006 0.536 0.48 0.509 0.493 0.51 0.517 0.523 0.5389999999999999 0.528 0.5599999999999999 0.526 0.584 0.513 0.606 0.514 0.61 0.518 0.613 0.5389999999999999 0.631 0.561 0.665 0.562 0.683 0.5730000000000001 0.726 0.571 0.773 0.584 0.786 0.584 0.7929999999999999 0.5780000000000001 0.808 0.544 0.8210000000000001 0.545 0.833 0.563 0.8460000000000001 0.571 0.876 0.562 0.899 0.549 0.915 0.549 0.9269999999999999 0.5589999999999999 0.93 0.609 0.9490000000000001 0.634 0.959 0.609 0.975 0.592 0.999 0.5900000000000001 0.999 0.49400000000000005 0.9560000000000001 0.475 0.931 0.426 0.9109999999999999 0.4 0.898 0.398 0.8859999999999999 0.41600000000000004 0.859 0.41900000000000004 0.8300000000000001 0.394 0.827 0.379 0.8119999999999999 0.353 0.708 0.29100000000000004 0.6809999999999999 0.27999999999999997 0.67 0.279 0.648 0.29100000000000004 0.623 0.29 0.602 0.311 0.5940000000000001 0.29900000000000004 0.5980000000000001 0.294 0.5980000000000001 0.27799999999999997 0.5860000000000001 0.262 0.546 0.23700000000000002 0.509 0.22599999999999998 0.441 0.22000000000000003 0.379 0.22200000000000003 0.354 0.22599999999999998 0.28300000000000003 0.25 0.22999999999999998 0.279 0.20400000000000001 0.29900000000000004 0.147 0.357 0.1 0.418 0.08299999999999999 0.453 0.064 0.528 0.051000000000000004 0.562 0.040999999999999995 0.5740000000000001 0 0.601 0 0.643