0 0.561 0.42400000000000004 0.537 0.42400000000000004 0.537 0.45499999999999996 0.561 0.45499999999999996 0.561 0.42400000000000004
0 0.682855 0.42990000000000006 0.650145 0.42990000000000006 0.650145 0.45438 0.682855 0.45438 0.682855 0.42990000000000006
0 0.587215 0.458635 0.571965 0.458635 0.571965 0.49254499999999996 0.587215 0.49254499999999996 0.587215 0.458635
0 0.745095 0.41235 0.695325 0.41235 0.695325 0.45141 0.745095 0.45141 0.745095 0.41235
0 0.665805 0.498295 0.643775 0.498295 0.643775 0.5495650000000001 0.665805 0.5495650000000001 0.665805 0.498295
0 0.77649 0.49177499999999996 0.7342500000000001 0.49177499999999996 0.7342500000000001 0.547285 0.77649 0.547285 0.77649 0.49177499999999996
0 0.610455 0.502135 0.563365 0.502135 0.563365 0.560365 0.610455 0.560365 0.610455 0.502135
0 0.799195 0.39899 0.776005 0.39899 0.776005 0.41642999999999997 0.799195 0.41642999999999997 0.799195 0.39899
0 0.641205 0.44498 0.6205149999999999 0.44498 0.6205149999999999 0.47396000000000005 0.641205 0.47396000000000005 0.641205 0.44498
0 0.61405 0.414065 0.59395 0.414065 0.59395 0.444335 0.61405 0.444335 0.61405 0.414065
0 0.85214 0.431705 0.8265800000000001 0.431705 0.8265800000000001 0.450615 0.85214 0.450615 0.85214 0.431705
0 0.9195949999999999 0.42889499999999997 0.893885 0.42889499999999997 0.893885 0.44708500000000007 0.9195949999999999 0.44708500000000007 0.9195949999999999 0.42889499999999997
0 0.49672 0.4455 0.48423999999999995 0.4455 0.48423999999999995 0.46906 0.49672 0.46906 0.49672 0.4455
0 0.47641999999999995 0.48109999999999997 0.45864000000000005 0.48109999999999997 0.45864000000000005 0.50132 0.47641999999999995 0.50132 0.47641999999999995 0.48109999999999997
0 0.562695 0.542375 0.555465 0.542375 0.555465 0.550405 0.562695 0.550405 0.562695 0.542375
9 0.188 0.542 0.31 0.576 0.339 0.589 0.379 0.595 0.45599999999999996 0.604 0.49400000000000005 0.604 0.55 0.5980000000000001 0.581 0.585 0.5980000000000001 0.585 0.644 0.596 0.7070000000000001 0.5980000000000001 0.8150000000000001 0.5820000000000001 0.876 0.562 0.968 0.49800000000000005 0.999 0.491 0.999 0.458 0.9789999999999999 0.449 0.9259999999999999 0.41500000000000004 0.9199999999999999 0.41600000000000004 0.9119999999999999 0.42699999999999994 0.905 0.426 0.891 0.40199999999999997 0.874 0.39 0.8390000000000001 0.382 0.7969999999999999 0.381 0.786 0.385 0.757 0.378 0.7150000000000001 0.387 0.635 0.385 0.6 0.397 0.476 0.397 0.331 0.42000000000000004 0.279 0.43600000000000005 0.173 0.48200000000000004 0.136 0.49400000000000005 0.049 0.504 0.046 0.506 0.048 0.51 0.073 0.519 0.188 0.542