0 0.173 0.248 0.11499999999999999 0.248 0.11499999999999999 0.344 0.173 0.344 0.173 0.248
0 0.18176 0.6531049999999999 0.11828000000000001 0.6531049999999999 0.11828000000000001 0.6935749999999999 0.18176 0.6935749999999999 0.18176 0.6531049999999999
0 0.37106 0.21573000000000003 0.29300000000000004 0.21573000000000003 0.29300000000000004 0.28060999999999997 0.37106 0.28060999999999997 0.37106 0.21573000000000003
0 0.69325 0.47217000000000003 0.64171 0.47217000000000003 0.64171 0.53565 0.69325 0.53565 0.69325 0.47217000000000003
0 0.33421500000000004 0.6478900000000001 0.284445 0.6478900000000001 0.284445 0.69489 0.33421500000000004 0.69489 0.33421500000000004 0.6478900000000001
0 0.028644999999999997 0.31697000000000003 0.000695 0.31697000000000003 0.000695 0.36467 0.028644999999999997 0.36467 0.028644999999999997 0.31697000000000003
0 0.42581499999999994 0.5144 0.384405 0.5144 0.384405 0.56316 0.42581499999999994 0.56316 0.42581499999999994 0.5144
0 0.69025 0.47379499999999997 0.66425 0.47379499999999997 0.66425 0.498365 0.69025 0.498365 0.69025 0.47379499999999997
0 0.13694 0.213 0.11916 0.213 0.11916 0.2499 0.13694 0.2499 0.13694 0.213
0 0.06794 0.575425 0.0379 0.575425 0.0379 0.601335 0.06794 0.601335 0.06794 0.575425
0 0.105895 0.23730500000000002 0.087465 0.23730500000000002 0.087465 0.26953499999999997 0.105895 0.26953499999999997 0.105895 0.23730500000000002
0 0.116295 0.714665 0.08866500000000001 0.714665 0.08866500000000001 0.747255 0.116295 0.747255 0.116295 0.714665
0 0.11734 0.3638 0.00552 0.3638 0.00552 0.45358 0.11734 0.45358 0.11734 0.3638
9 0 0.768 0.05 0.7849999999999999 0.11000000000000001 0.795 0.238 0.7969999999999999 0.268 0.794 0.28900000000000003 0.779 0.369 0.775 0.509 0.749 0.545 0.737 0.6 0.709 0.6719999999999999 0.6599999999999999 0.749 0.597 0.852 0.493 0.899 0.491 0.999 0.507 0.999 0.472 0.869 0.446 0.8460000000000001 0.43600000000000005 0.8039999999999999 0.394 0.74 0.317 0.686 0.266 0.659 0.248 0.558 0.199 0.483 0.174 0.43099999999999994 0.16699999999999998 0.366 0.16699999999999998 0.324 0.173 0.262 0.174 0.144 0.184 0.011 0.215 0 0.221 0 0.768