0 0.5519999999999999 0.502 0.457 0.502 0.457 0.591 0.5519999999999999 0.591 0.5519999999999999 0.502
0 0.5192 0.497985 0.44955999999999996 0.497985 0.44955999999999996 0.559635 0.5192 0.559635 0.5192 0.497985
0 0.71194 0.389405 0.67282 0.389405 0.67282 0.443115 0.71194 0.443115 0.71194 0.389405
0 0.511 0.49616 0.48266 0.49616 0.48266 0.52044 0.511 0.52044 0.511 0.49616
0 0.44392 0.5326500000000001 0.40666 0.5326500000000001 0.40666 0.5669500000000001 0.44392 0.5669500000000001 0.44392 0.5326500000000001
0 0.38187000000000004 0.510825 0.36423 0.510825 0.36423 0.533115 0.38187000000000004 0.533115 0.38187000000000004 0.510825
0 0.7810050000000001 0.37949 0.6613749999999999 0.37949 0.6613749999999999 0.44570999999999994 0.7810050000000001 0.44570999999999994 0.7810050000000001 0.37949
0 0.62174 0.38322 0.55698 0.38322 0.55698 0.41365999999999997 0.62174 0.41365999999999997 0.62174 0.38322
0 0.58459 0.392205 0.55505 0.392205 0.55505 0.412975 0.58459 0.412975 0.58459 0.392205
0 0.37492000000000003 0.528035 0.34872000000000003 0.528035 0.34872000000000003 0.553025 0.37492000000000003 0.553025 0.37492000000000003 0.528035
0 0.41029499999999997 0.425565 0.39732500000000004 0.425565 0.39732500000000004 0.44601499999999994 0.41029499999999997 0.44601499999999994 0.41029499999999997 0.425565
0 0.69118 0.42209 0.67014 0.42209 0.67014 0.43973000000000007 0.69118 0.43973000000000007 0.69118 0.42209
0 0.59373 0.50739 0.57131 0.50739 0.57131 0.5287499999999999 0.59373 0.5287499999999999 0.59373 0.50739
0 0.40709 0.376315 0.38539 0.376315 0.38539 0.391745 0.40709 0.391745 0.40709 0.376315
0 0.49501 0.656945 0.46982999999999997 0.656945 0.46982999999999997 0.679975 0.49501 0.679975 0.49501 0.656945
0 0.56091 0.48838499999999996 0.54261 0.48838499999999996 0.54261 0.5028349999999999 0.56091 0.5028349999999999 0.56091 0.48838499999999996
0 0.7068800000000001 0.391185 0.68082 0.391185 0.68082 0.411555 0.7068800000000001 0.411555 0.7068800000000001 0.391185
0 0.353205 0.46139 0.332835 0.46139 0.332835 0.47512999999999994 0.353205 0.47512999999999994 0.353205 0.46139
0 0.72041 0.507185 0.69267 0.507185 0.69267 0.534815 0.72041 0.534815 0.72041 0.507185
0 0.782975 0.54299 0.772685 0.54299 0.772685 0.55369 0.782975 0.55369 0.782975 0.54299
0 0.29867 0.450575 0.27261 0.450575 0.27261 0.474225 0.29867 0.474225 0.29867 0.450575
0 0.37727 0.570545 0.33903 0.570545 0.33903 0.596455 0.37727 0.596455 0.37727 0.570545
0 0.54204 0.49033499999999997 0.5146 0.49033499999999997 0.5146 0.511625 0.54204 0.511625 0.54204 0.49033499999999997
0 0.444565 0.375415 0.42457500000000004 0.375415 0.42457500000000004 0.39558499999999996 0.444565 0.39558499999999996 0.444565 0.375415
0 0.771415 0.39332 0.755925 0.39332 0.755925 0.40892 0.771415 0.40892 0.771415 0.39332
0 0.36966 0.60397 0.34274 0.60397 0.34274 0.62259 0.36966 0.62259 0.36966 0.60397
0 0.33919 0.435755 0.31609 0.435755 0.31609 0.459265 0.33919 0.459265 0.33919 0.435755
0 0.5617300000000001 0.610125 0.54081 0.610125 0.54081 0.630115 0.5617300000000001 0.630115 0.5617300000000001 0.610125
0 0.348735 0.5816749999999999 0.324125 0.5816749999999999 0.324125 0.6009450000000001 0.348735 0.6009450000000001 0.348735 0.5816749999999999
0 0.618785 0.38798 0.605815 0.38798 0.605815 0.40254 0.618785 0.40254 0.618785 0.38798
0 0.539475 0.61491 0.525945 0.61491 0.525945 0.6311899999999999 0.539475 0.6311899999999999 0.539475 0.61491
0 0.77162 0.578775 0.73814 0.578775 0.73814 0.602865 0.77162 0.602865 0.77162 0.578775
0 0.5444549999999999 0.392765 0.528785 0.392765 0.528785 0.406555 0.5444549999999999 0.406555 0.5444549999999999 0.392765
0 0.323395 0.410365 0.29086500000000004 0.410365 0.29086500000000004 0.433875 0.323395 0.433875 0.323395 0.410365
0 0.692895 0.5220100000000001 0.671365 0.5220100000000001 0.671365 0.5404899999999999 0.692895 0.5404899999999999 0.692895 0.5220100000000001
0 0.23969999999999997 0.437805 0.22246000000000002 0.437805 0.22246000000000002 0.452815 0.23969999999999997 0.452815 0.23969999999999997 0.437805
0 0.25066 0.6068399999999999 0.23494 0.6068399999999999 0.23494 0.6236200000000001 0.25066 0.6236200000000001 0.25066 0.6068399999999999
0 0.349155 0.56896 0.31784500000000004 0.56896 0.31784500000000004 0.58826 0.349155 0.58826 0.349155 0.56896
0 0.09083 0.581075 0.059809999999999995 0.581075 0.059809999999999995 0.610325 0.09083 0.610325 0.09083 0.581075
0 0.5919 0.494925 0.5702 0.494925 0.5702 0.516795 0.5919 0.516795 0.5919 0.494925
0 0.20189 0.606835 0.17409 0.606835 0.17409 0.631445 0.20189 0.631445 0.20189 0.606835
0 0.51581 0.48850499999999997 0.49005 0.48850499999999997 0.49005 0.507595 0.51581 0.507595 0.51581 0.48850499999999997
0 0.52431 0.42432 0.48253 0.42432 0.48253 0.45752 0.52431 0.45752 0.52431 0.42432
0 0.357235 0.46868 0.22918500000000003 0.46868 0.22918500000000003 0.50838 0.357235 0.50838 0.357235 0.46868
0 0.7335200000000001 0.49139499999999997 0.65808 0.49139499999999997 0.65808 0.565245 0.7335200000000001 0.565245 0.7335200000000001 0.49139499999999997
0 0.2998 0.561015 0.27393999999999996 0.561015 0.27393999999999996 0.587425 0.2998 0.587425 0.2998 0.561015
0 0.217625 0.62283 0.204255 0.62283 0.204255 0.63595 0.217625 0.63595 0.217625 0.62283
0 0.6835549999999999 0.48125 0.654345 0.48125 0.654345 0.50801 0.6835549999999999 0.50801 0.6835549999999999 0.48125
0 0.7083999999999999 0.60175 0.692 0.60175 0.692 0.61797 0.7083999999999999 0.61797 0.7083999999999999 0.60175
0 0.25603 0.63306 0.23859 0.63306 0.23859 0.64916 0.25603 0.64916 0.25603 0.63306
0 0.46344 0.553295 0.44916 0.553295 0.44916 0.568785 0.46344 0.568785 0.46344 0.553295
0 0.519945 0.605615 0.49861500000000003 0.605615 0.49861500000000003 0.6307050000000001 0.519945 0.6307050000000001 0.519945 0.605615
0 0.6208750000000001 0.44089999999999996 0.600805 0.44089999999999996 0.600805 0.45899999999999996 0.6208750000000001 0.45899999999999996 0.6208750000000001 0.44089999999999996
0 0.31054499999999996 0.5264300000000001 0.301275 0.5264300000000001 0.301275 0.53803 0.31054499999999996 0.53803 0.31054499999999996 0.5264300000000001
0 0.29527000000000003 0.371095 0.27505 0.371095 0.27505 0.386225 0.29527000000000003 0.386225 0.29527000000000003 0.371095
0 0.348595 0.6300950000000001 0.330605 0.6300950000000001 0.330605 0.644325 0.348595 0.644325 0.348595 0.6300950000000001
0 0.690625 0.373065 0.655075 0.373065 0.655075 0.39305500000000004 0.690625 0.39305500000000004 0.690625 0.373065
0 0.09045 0.52081 0.02777 0.52081 0.02777 0.56805 0.09045 0.56805 0.09045 0.52081
0 0.07513 0.6129749999999999 0.05305 0.6129749999999999 0.05305 0.632145 0.07513 0.632145 0.07513 0.6129749999999999
0 0.076925 0.5228550000000001 0.049295 0.5228550000000001 0.049295 0.542565 0.076925 0.542565 0.076925 0.5228550000000001
0 0.47624000000000005 0.66601 0.4554 0.66601 0.4554 0.6835899999999999 0.47624000000000005 0.6835899999999999 0.47624000000000005 0.66601
0 0.6842050000000001 0.598935 0.674195 0.598935 0.674195 0.612005 0.6842050000000001 0.612005 0.6842050000000001 0.598935
7 0.025 0.671 0.039 0.6839999999999999 0.076 0.686 0.11599999999999999 0.671 0.337 0.661 0.376 0.6679999999999999 0.42400000000000004 0.6849999999999999 0.47300000000000003 0.696 0.521 0.686 0.6 0.6599999999999999 0.7030000000000001 0.6599999999999999 0.76 0.647 0.8240000000000001 0.61 0.917 0.522 0.931 0.515 0.999 0.499 0.999 0.458 0.898 0.44800000000000006 0.825 0.399 0.7969999999999999 0.388 0.74 0.377 0.687 0.371 0.635 0.371 0.575 0.385 0.502 0.389 0.40800000000000003 0.373 0.31 0.371 0.27999999999999997 0.367 0.24 0.388 0.219 0.40800000000000003 0.172 0.43600000000000005 0.154 0.441 0.10700000000000001 0.465 0.028999999999999998 0.47800000000000004 0.002 0.489 0 0.625 0.01 0.647 0.02 0.655 0.025 0.671