0 0.413 0.49800000000000005 0.08499999999999999 0.49800000000000005 0.08499999999999999 0.589 0.413 0.589 0.413 0.49800000000000005
0 0.31054499999999996 0.4154 0.037355 0.4154 0.037355 0.5743400000000001 0.31054499999999996 0.5743400000000001 0.31054499999999996 0.4154
0 0.34521999999999997 0.565615 0.026860000000000002 0.565615 0.026860000000000002 0.7254050000000001 0.34521999999999997 0.7254050000000001 0.34521999999999997 0.565615
0 0.991845 0.469515 0.886075 0.469515 0.886075 0.558805 0.991845 0.558805 0.991845 0.469515
0 0.265235 0.470465 0.163485 0.470465 0.163485 0.549075 0.265235 0.549075 0.265235 0.470465
0 0.9036899999999999 0.4415 0.71741 0.4415 0.71741 0.5101600000000001 0.9036899999999999 0.5101600000000001 0.9036899999999999 0.4415
0 0.34796 0.486695 0.25945999999999997 0.486695 0.25945999999999997 0.5650649999999999 0.34796 0.5650649999999999 0.34796 0.486695
0 0.46558 0.39679000000000003 0.08374000000000001 0.39679000000000003 0.08374000000000001 0.48308999999999996 0.46558 0.48308999999999996 0.46558 0.39679000000000003
0 0.40103 0.56299 0.29281 0.56299 0.29281 0.66455 0.40103 0.66455 0.40103 0.56299
0 0.9961550000000001 0.45416 0.823185 0.45416 0.823185 0.6513 0.9961550000000001 0.6513 0.9961550000000001 0.45416
0 0.5234 0.510395 0.46840000000000004 0.510395 0.46840000000000004 0.5887450000000001 0.5234 0.5887450000000001 0.5234 0.510395
0 0.514755 0.50456 0.46766500000000005 0.50456 0.46766500000000005 0.54426 0.514755 0.54426 0.514755 0.50456
0 0.7586649999999999 0.54816 0.700315 0.54816 0.700315 0.60126 0.7586649999999999 0.60126 0.7586649999999999 0.54816
0 0.865325 0.49907 0.791895 0.49907 0.791895 0.53999 0.865325 0.53999 0.865325 0.49907
0 0.47281000000000006 0.504685 0.44077 0.504685 0.44077 0.535355 0.47281000000000006 0.535355 0.47281000000000006 0.504685
0 0.61639 0.55782 0.5457099999999999 0.55782 0.5457099999999999 0.59746 0.61639 0.59746 0.61639 0.55782
0 0.6122099999999999 0.5611200000000001 0.57919 0.5611200000000001 0.57919 0.5863400000000001 0.6122099999999999 0.5863400000000001 0.6122099999999999 0.5611200000000001
0 0.44956500000000005 0.5948599999999999 0.424955 0.5948599999999999 0.424955 0.6239 0.44956500000000005 0.6239 0.44956500000000005 0.5948599999999999
0 0.7201850000000001 0.49189499999999997 0.693875 0.49189499999999997 0.693875 0.516885 0.7201850000000001 0.516885 0.7201850000000001 0.49189499999999997
0 0.836095 0.5535300000000001 0.768405 0.5535300000000001 0.768405 0.6242099999999999 0.836095 0.6242099999999999 0.836095 0.5535300000000001
0 0.8217650000000001 0.55313 0.795415 0.55313 0.795415 0.5874900000000001 0.8217650000000001 0.5874900000000001 0.8217650000000001 0.55313
0 0.45572 0.630185 0.43587999999999993 0.630185 0.43587999999999993 0.651075 0.45572 0.651075 0.45572 0.630185
0 0.51798 0.5823 0.4332 0.5823 0.4332 0.67062 0.51798 0.67062 0.51798 0.5823
0 0.64325 0.485885 0.61163 0.485885 0.61163 0.524855 0.64325 0.524855 0.64325 0.485885
0 0.8528800000000001 0.598865 0.8248599999999999 0.598865 0.8248599999999999 0.624775 0.8528800000000001 0.624775 0.8528800000000001 0.598865
0 0.55316 0.41509999999999997 0.3277 0.41509999999999997 0.3277 0.5341199999999999 0.55316 0.5341199999999999 0.55316 0.41509999999999997
0 0.6280300000000001 0.507525 0.61025 0.507525 0.61025 0.530555 0.6280300000000001 0.530555 0.6280300000000001 0.507525
0 0.72438 0.55049 0.7014 0.55049 0.7014 0.58037 0.72438 0.58037 0.72438 0.55049
0 0.749325 0.485795 0.720395 0.485795 0.720395 0.506885 0.749325 0.506885 0.749325 0.485795
0 0.77878 0.465165 0.689 0.465165 0.689 0.520675 0.77878 0.520675 0.77878 0.465165
0 0.8255699999999999 0.50794 0.79455 0.50794 0.79455 0.53698 0.8255699999999999 0.53698 0.8255699999999999 0.50794
0 0.9859899999999999 0.46106499999999995 0.9163500000000001 0.46106499999999995 0.9163500000000001 0.501835 0.9859899999999999 0.501835 0.9859899999999999 0.46106499999999995
0 0.342895 0.41717000000000004 0.319705 0.41717000000000004 0.319705 0.45244999999999996 0.342895 0.45244999999999996 0.342895 0.41717000000000004
0 0.46050500000000005 0.47162 0.313415 0.47162 0.313415 0.54694 0.46050500000000005 0.54694 0.46050500000000005 0.47162
0 0.44688999999999995 0.5210950000000001 0.43299000000000004 0.5210950000000001 0.43299000000000004 0.542385 0.44688999999999995 0.542385 0.44688999999999995 0.5210950000000001
0 0.78517 0.47601000000000004 0.74315 0.47601000000000004 0.74315 0.50593 0.78517 0.50593 0.78517 0.47601000000000004
0 0.5050399999999999 0.56429 0.44272 0.56429 0.44272 0.61443 0.5050399999999999 0.61443 0.5050399999999999 0.56429
0 0.49345999999999995 0.5183 0.47138 0.5183 0.47138 0.54128 0.49345999999999995 0.54128 0.49345999999999995 0.5183
0 0.504575 0.540735 0.359185 0.540735 0.359185 0.6496850000000001 0.504575 0.6496850000000001 0.504575 0.540735
0 0.7016899999999999 0.583175 0.6606099999999999 0.583175 0.6606099999999999 0.614085 0.7016899999999999 0.614085 0.7016899999999999 0.583175
0 0.5071399999999999 0.59431 0.45624000000000003 0.59431 0.45624000000000003 0.63713 0.5071399999999999 0.63713 0.5071399999999999 0.59431
0 0.57024 0.58009 0.5537799999999999 0.58009 0.5537799999999999 0.59471 0.57024 0.59471 0.57024 0.58009
0 0.5561200000000001 0.5645800000000001 0.5054000000000001 0.5645800000000001 0.5054000000000001 0.6082799999999999 0.5561200000000001 0.6082799999999999 0.5561200000000001 0.5645800000000001
0 0.754075 0.4667 0.730305 0.4667 0.730305 0.48154 0.754075 0.48154 0.754075 0.4667
0 0.8106 0.58978 0.78608 0.58978 0.78608 0.61334 0.8106 0.61334 0.8106 0.58978
0 0.80191 0.554275 0.76743 0.554275 0.76743 0.582445 0.80191 0.582445 0.80191 0.554275
0 0.6969000000000001 0.46795 0.45544 0.46795 0.45544 0.6316499999999999 0.6969000000000001 0.6316499999999999 0.6969000000000001 0.46795
0 0.742495 0.45802 0.724305 0.45802 0.724305 0.47362000000000004 0.742495 0.47362000000000004 0.742495 0.45802
0 0.671 0.55932 0.65028 0.55932 0.65028 0.5735 0.671 0.5735 0.671 0.55932
0 0.48654000000000003 0.43057 0.39578 0.43057 0.39578 0.5000899999999999 0.48654000000000003 0.5000899999999999 0.48654000000000003 0.43057
0 0.8055350000000001 0.60982 0.791145 0.60982 0.791145 0.62554 0.8055350000000001 0.62554 0.8055350000000001 0.60982
0 0.839005 0.6003149999999999 0.8211550000000001 0.6003149999999999 0.8211550000000001 0.615505 0.839005 0.615505 0.839005 0.6003149999999999
0 0.967835 0.565885 0.8163449999999999 0.565885 0.8163449999999999 0.637235 0.967835 0.637235 0.967835 0.565885
0 0.741985 0.57232 0.711135 0.57232 0.711135 0.59858 0.741985 0.59858 0.741985 0.57232
0 0.753985 0.56034 0.717695 0.56034 0.717695 0.5841999999999999 0.753985 0.5841999999999999 0.753985 0.56034
0 0.79794 0.576755 0.7284200000000001 0.576755 0.7284200000000001 0.641025 0.79794 0.641025 0.79794 0.576755
0 0.45087 0.48433000000000004 0.41339 0.48433000000000004 0.41339 0.53813 0.45087 0.53813 0.45087 0.48433000000000004
0 0.746885 0.45779500000000006 0.6095550000000001 0.45779500000000006 0.6095550000000001 0.523165 0.746885 0.523165 0.746885 0.45779500000000006
0 0.983765 0.543625 0.7838149999999999 0.543625 0.7838149999999999 0.581375 0.983765 0.581375 0.983765 0.543625
0 0.22030500000000003 0.5942350000000001 0.125155 0.5942350000000001 0.125155 0.721185 0.22030500000000003 0.721185 0.22030500000000003 0.5942350000000001
0 0.889785 0.6000949999999999 0.8357950000000001 0.6000949999999999 0.8357950000000001 0.6303650000000001 0.889785 0.6303650000000001 0.889785 0.6000949999999999
0 0.52172 0.562395 0.49585999999999997 0.562395 0.49585999999999997 0.613385 0.52172 0.613385 0.52172 0.562395
9 0 0.722 0.064 0.735 0.134 0.743 0.27999999999999997 0.74 0.323 0.736 0.37 0.726 0.41 0.7150000000000001 0.44000000000000006 0.702 0.45199999999999996 0.7030000000000001 0.45499999999999996 0.7110000000000001 0.46299999999999997 0.713 0.572 0.709 0.604 0.6980000000000001 0.621 0.6849999999999999 0.613 0.649 0.614 0.631 0.634 0.625 0.709 0.628 0.752 0.648 0.7809999999999999 0.655 0.799 0.651 0.8099999999999999 0.64 0.834 0.64 0.8630000000000001 0.648 0.8800000000000001 0.642 0.899 0.628 0.9109999999999999 0.629 0.9349999999999999 0.649 0.974 0.661 0.999 0.6639999999999999 0.999 0.472 0.9720000000000001 0.465 0.945 0.46299999999999997 0.913 0.481 0.8949999999999999 0.48 0.8460000000000001 0.45499999999999996 0.782 0.44000000000000006 0.624 0.485 0.607 0.485 0.593 0.479 0.562 0.476 0.533 0.45499999999999996 0.518 0.45499999999999996 0.505 0.46699999999999997 0.44800000000000006 0.42699999999999994 0.40800000000000003 0.413 0.33399999999999996 0.399 0.25 0.398 0.22200000000000003 0.40099999999999997 0.13799999999999998 0.426 0.056999999999999995 0.46399999999999997 0.01 0.491 0 0.499 0 0.722