0 0.29700000000000004 0.7230000000000001 0.248 0.7230000000000001 0.248 0.764 0.29700000000000004 0.764 0.29700000000000004 0.7230000000000001
0 0.5339050000000001 0.73422 0.511015 0.73422 0.511015 0.7540600000000001 0.5339050000000001 0.7540600000000001 0.5339050000000001 0.73422
0 0.306875 0.6822250000000001 0.28198500000000004 0.6822250000000001 0.28198500000000004 0.7064549999999999 0.306875 0.7064549999999999 0.306875 0.6822250000000001
0 0.31545999999999996 0.35586 0.28268 0.35586 0.28268 0.38584 0.31545999999999996 0.38584 0.31545999999999996 0.35586
0 0.273015 0.34469 0.24896500000000002 0.34469 0.24896500000000002 0.36917 0.273015 0.36917 0.273015 0.34469
0 0.50629 0.21771 0.48345000000000005 0.21771 0.48345000000000005 0.24127 0.50629 0.24127 0.50629 0.21771
0 0.4141 0.75102 0.40035999999999994 0.75102 0.40035999999999994 0.76656 0.4141 0.76656 0.4141 0.75102
0 0.409785 0.136655 0.390515 0.136655 0.390515 0.161925 0.409785 0.161925 0.409785 0.136655
0 0.39708 0.637 0.37978 0.637 0.37978 0.66086 0.39708 0.66086 0.39708 0.637
0 0.33775499999999997 0.322345 0.31898499999999996 0.322345 0.31898499999999996 0.342215 0.33775499999999997 0.342215 0.33775499999999997 0.322345
0 0.45541 0.309205 0.44107 0.309205 0.44107 0.320675 0.45541 0.320675 0.45541 0.309205
0 0.398665 0.380475 0.34547500000000003 0.380475 0.34547500000000003 0.433485 0.398665 0.433485 0.398665 0.380475
0 0.391185 0.291165 0.369075 0.291165 0.369075 0.317715 0.391185 0.317715 0.391185 0.291165
0 0.390025 0.36238000000000004 0.370235 0.36238000000000004 0.370235 0.38176 0.390025 0.38176 0.390025 0.36238000000000004
0 0.38864 0.25882499999999997 0.3638 0.25882499999999997 0.3638 0.28903500000000004 0.38864 0.28903500000000004 0.38864 0.25882499999999997
0 0.42261499999999996 0.48040000000000005 0.366405 0.48040000000000005 0.366405 0.56636 0.42261499999999996 0.56636 0.42261499999999996 0.48040000000000005
0 0.38397000000000003 0.199845 0.35969 0.199845 0.35969 0.23619500000000002 0.38397000000000003 0.23619500000000002 0.38397000000000003 0.199845
0 0.27676 0.7290300000000001 0.2667 0.7290300000000001 0.2667 0.73973 0.27676 0.73973 0.27676 0.7290300000000001
7 0.22599999999999998 0.8869999999999999 0.314 0.999 0.458 0.999 0.54 0.901 0.65 0.757 0.678 0.714 0.697 0.671 0.706 0.625 0.7070000000000001 0.567 0.674 0.453 0.655 0.359 0.63 0.29300000000000004 0.585 0.229 0.561 0.20400000000000001 0.53 0.18 0.45199999999999996 0.157 0.41600000000000004 0.152 0.41100000000000003 0.148 0.413 0.125 0.409 0.101 0.396 0.074 0.372 0.037 0.327 0 0.288 0.001 0.311 0.019 0.337 0.054000000000000006 0.358 0.154 0.341 0.16299999999999998 0.284 0.21400000000000002 0.253 0.251 0.23700000000000002 0.279 0.174 0.446 0.144 0.558 0.137 0.616 0.137 0.683 0.159 0.771 0.172 0.8009999999999999 0.22599999999999998 0.8869999999999999