0 0.897 0.5740000000000001 0.8560000000000001 0.5740000000000001 0.8560000000000001 0.615 0.897 0.615 0.897 0.5740000000000001
0 0.8904949999999999 0.5761999999999999 0.8565849999999999 0.5761999999999999 0.8565849999999999 0.60934 0.8904949999999999 0.60934 0.8904949999999999 0.5761999999999999
0 0.11484000000000001 0.75925 0.06864 0.75925 0.06864 0.79935 0.11484000000000001 0.79935 0.11484000000000001 0.75925
0 0.243105 0.810765 0.22441499999999998 0.810765 0.22441499999999998 0.8308350000000001 0.243105 0.8308350000000001 0.243105 0.810765
0 0.88824 0.93209 0.8480800000000001 0.93209 0.8480800000000001 0.97417 0.88824 0.97417 0.88824 0.93209
0 0.9671350000000001 0.944195 0.9215450000000001 0.944195 0.9215450000000001 0.998185 0.9671350000000001 0.998185 0.9671350000000001 0.944195
0 0.9415850000000001 0.75066 0.9226749999999999 0.75066 0.9226749999999999 0.7679 0.9415850000000001 0.7679 0.9415850000000001 0.75066
0 0.6018399999999999 0.838025 0.4968 0.838025 0.4968 0.875835 0.6018399999999999 0.875835 0.6018399999999999 0.838025
0 0.8237249999999999 0.80023 0.742675 0.80023 0.742675 0.8413700000000001 0.8237249999999999 0.8413700000000001 0.8237249999999999 0.80023
0 0.7868 0.804865 0.7503 0.804865 0.7503 0.826975 0.7868 0.826975 0.7868 0.804865
0 0.459405 0.8683949999999999 0.340395 0.8683949999999999 0.340395 0.9613250000000001 0.459405 0.9613250000000001 0.459405 0.8683949999999999
0 0.44756999999999997 0.8671900000000001 0.33319 0.8671900000000001 0.33319 0.9521499999999999 0.44756999999999997 0.9521499999999999 0.44756999999999997 0.8671900000000001
0 0.25439500000000004 0.909175 0.057865 0.909175 0.057865 0.9814450000000001 0.25439500000000004 0.9814450000000001 0.25439500000000004 0.909175
0 0.23666 0.9132999999999999 0.14834 0.9132999999999999 0.14834 0.96072 0.23666 0.96072 0.23666 0.9132999999999999
0 0.37898 0.86891 0.32316 0.86891 0.32316 0.9250299999999999 0.37898 0.9250299999999999 0.37898 0.86891
0 0.12155 0.938655 0.06509000000000001 0.938655 0.06509000000000001 0.980285 0.12155 0.980285 0.12155 0.938655
0 0.40844500000000006 0.86208 0.383555 0.86208 0.383555 0.8801 0.40844500000000006 0.8801 0.40844500000000006 0.86208
0 0.262115 0.906695 0.19442500000000001 0.906695 0.19442500000000001 0.9517049999999999 0.262115 0.9517049999999999 0.262115 0.906695
0 0.774655 0.809065 0.756605 0.809065 0.756605 0.821795 0.774655 0.821795 0.774655 0.809065
0 0.468015 0.858335 0.052485000000000004 0.858335 0.052485000000000004 0.986385 0.468015 0.986385 0.468015 0.858335
0 0.82623 0.802355 0.7850900000000001 0.802355 0.7850900000000001 0.824605 0.82623 0.824605 0.82623 0.802355
0 0.5308200000000001 0.8514250000000001 0.49652 0.8514250000000001 0.49652 0.877095 0.5308200000000001 0.877095 0.5308200000000001 0.8514250000000001
0 0.5982000000000001 0.84077 0.57856 0.84077 0.57856 0.85649 0.5982000000000001 0.85649 0.5982000000000001 0.84077
0 0.963335 0.9491099999999999 0.9438850000000001 0.9491099999999999 0.9438850000000001 0.97081 0.963335 0.97081 0.963335 0.9491099999999999
0 0.878315 0.58804 0.8677849999999999 0.58804 0.8677849999999999 0.59946 0.878315 0.59946 0.878315 0.58804
0 0.097785 0.772915 0.082995 0.772915 0.082995 0.785685 0.097785 0.785685 0.097785 0.772915
0 0.65671 0.8316000000000001 0.60599 0.8316000000000001 0.60599 0.85786 0.65671 0.85786 0.65671 0.8316000000000001
0 0.7834450000000001 0.809725 0.458735 0.809725 0.458735 0.877775 0.7834450000000001 0.877775 0.7834450000000001 0.809725
0 0.55816 0.850845 0.53364 0.850845 0.53364 0.8698549999999999 0.55816 0.8698549999999999 0.55816 0.850845
0 0.311855 1 0.311855 0.99366 0.28042500000000004 0.99366 0.28042500000000004 1 0.311855 1
0 0.36141999999999996 0.8828099999999999 0.25284 0.8828099999999999 0.25284 0.9345700000000001 0.36141999999999996 0.9345700000000001 0.36141999999999996 0.8828099999999999
0 0 0.9343899999999999 0.010485 0.9343899999999999 0.010485 0.9220499999999999 0 0.9220499999999999 0 0.9343899999999999
0 0.9754400000000001 0.749365 0.89664 0.749365 0.89664 0.781895 0.9754400000000001 0.781895 0.9754400000000001 0.749365
0 0.9514799999999999 0.97288 0.93036 0.97288 0.93036 0.9939199999999999 0.9514799999999999 0.9939199999999999 0.9514799999999999 0.97288
0 0.159875 0.9373250000000001 0.130165 0.9373250000000001 0.130165 0.966975 0.159875 0.966975 0.159875 0.9373250000000001
7 0 0.991 0.004 0.999 0.999 0.999 0.999 0.496 0.8320000000000001 0.41200000000000003 0.774 0.388 0.731 0.375 0.6980000000000001 0.371 0.634 0.372 0.557 0.386 0.386 0.47300000000000003 0.281 0.515 0.185 0.5650000000000001 0.098 0.642 0.041999999999999996 0.72 0.020999999999999998 0.762 0 0.8099999999999999 0 0.991