0 0.74416 0.430395 0.6744 0.430395 0.6744 0.484805 0.74416 0.484805 0.74416 0.430395
0 0.659595 0.35414500000000004 0.614825 0.35414500000000004 0.614825 0.40855499999999995 0.659595 0.40855499999999995 0.659595 0.35414500000000004
0 0.72522 0.486775 0.6615 0.486775 0.6615 0.544485 0.72522 0.544485 0.72522 0.486775
0 0.8048550000000001 0.44449500000000003 0.764485 0.44449500000000003 0.764485 0.490085 0.8048550000000001 0.490085 0.8048550000000001 0.44449500000000003
0 0.6517649999999999 0.41138 0.5747950000000001 0.41138 0.5747950000000001 0.5105000000000001 0.6517649999999999 0.5105000000000001 0.6517649999999999 0.41138
0 0.68607 0.41559 0.6166699999999999 0.41559 0.6166699999999999 0.5155700000000001 0.68607 0.5155700000000001 0.68607 0.41559
0 0.79504 0.43423999999999996 0.7039799999999999 0.43423999999999996 0.7039799999999999 0.5452600000000001 0.79504 0.5452600000000001 0.79504 0.43423999999999996
0 0.5425099999999999 0.487125 0.44234999999999997 0.487125 0.44234999999999997 0.6339750000000001 0.5425099999999999 0.6339750000000001 0.5425099999999999 0.487125
0 0.589495 0.37801 0.549185 0.37801 0.549185 0.42473 0.589495 0.42473 0.589495 0.37801
0 0.6573249999999999 0.33335499999999996 0.623935 0.33335499999999996 0.623935 0.367325 0.6573249999999999 0.367325 0.6573249999999999 0.33335499999999996
0 0.77344 0.531675 0.61426 0.531675 0.61426 0.632385 0.77344 0.632385 0.77344 0.531675
0 0.58975 0.40944 0.53915 0.40944 0.53915 0.47142 0.58975 0.47142 0.58975 0.40944
0 0.56494 0.5122099999999999 0.5297799999999999 0.5122099999999999 0.5297799999999999 0.55713 0.56494 0.55713 0.56494 0.5122099999999999
0 0.8436400000000001 0.44353999999999993 0.8018599999999999 0.44353999999999993 0.8018599999999999 0.48224 0.8436400000000001 0.48224 0.8436400000000001 0.44353999999999993
0 0.426875 0.5538299999999999 0.40760500000000005 0.5538299999999999 0.40760500000000005 0.57507 0.426875 0.57507 0.426875 0.5538299999999999
0 0.633725 0.364495 0.618235 0.364495 0.618235 0.378185 0.633725 0.378185 0.633725 0.364495
0 0.936075 0.555115 0.910605 0.555115 0.910605 0.5806250000000001 0.936075 0.5806250000000001 0.936075 0.555115
0 0.6484099999999999 0.579485 0.55667 0.579485 0.55667 0.626575 0.6484099999999999 0.626575 0.6484099999999999 0.579485
0 0.9371050000000001 0.5215650000000001 0.909575 0.5215650000000001 0.909575 0.551675 0.9371050000000001 0.551675 0.9371050000000001 0.5215650000000001
0 0.677965 0.40019499999999997 0.647235 0.40019499999999997 0.647235 0.422065 0.677965 0.422065 0.677965 0.40019499999999997
0 0.58662 0.36189 0.55888 0.36189 0.55888 0.38371 0.58662 0.38371 0.58662 0.36189
0 0.6913 0.39468000000000003 0.67296 0.39468000000000003 0.67296 0.41294000000000003 0.6913 0.41294000000000003 0.6913 0.39468000000000003
0 0.82315 0.43612 0.79111 0.43612 0.79111 0.45596 0.82315 0.45596 0.82315 0.43612
0 0.6098049999999999 0.41119500000000003 0.581595 0.41119500000000003 0.581595 0.447205 0.6098049999999999 0.447205 0.6098049999999999 0.41119500000000003
0 0.6864 0.57138 0.6475799999999999 0.57138 0.6475799999999999 0.61124 0.6864 0.61124 0.6864 0.57138
0 0.6881649999999999 0.55544 0.6731550000000001 0.55544 0.6731550000000001 0.5841999999999999 0.6881649999999999 0.5841999999999999 0.6881649999999999 0.55544
0 0.43966500000000003 0.535485 0.409455 0.535485 0.409455 0.561195 0.43966500000000003 0.561195 0.43966500000000003 0.535485
0 0.560245 0.390625 0.539355 0.390625 0.539355 0.434575 0.560245 0.434575 0.560245 0.390625
0 0.99857 0.38156500000000004 0.95749 0.38156500000000004 0.95749 0.44461500000000004 0.99857 0.44461500000000004 0.99857 0.38156500000000004
0 0.938045 0.5484899999999999 0.792415 0.5484899999999999 0.792415 0.66147 0.938045 0.66147 0.938045 0.5484899999999999
0 0.6472749999999999 0.43444000000000005 0.6183449999999999 0.43444000000000005 0.6183449999999999 0.46448 0.6472749999999999 0.46448 0.6472749999999999 0.43444000000000005
0 0.62657 0.55637 0.56581 0.55637 0.56581 0.59989 0.62657 0.59989 0.62657 0.55637
0 0.929725 0.45640000000000003 0.886395 0.45640000000000003 0.886395 0.4976 0.929725 0.4976 0.929725 0.45640000000000003
0 0.689345 0.42615 0.663195 0.42615 0.663195 0.45911 0.689345 0.45911 0.689345 0.42615
0 0.577145 0.45949999999999996 0.5498149999999999 0.45949999999999996 0.5498149999999999 0.49704 0.577145 0.49704 0.577145 0.45949999999999996
0 0.80087 0.43411 0.76651 0.43411 0.76651 0.45115 0.80087 0.45115 0.80087 0.43411
0 0.65371 0.40988499999999994 0.63633 0.40988499999999994 0.63633 0.428015 0.65371 0.428015 0.65371 0.40988499999999994
0 0.63694 0.450955 0.6189199999999999 0.450955 0.6189199999999999 0.46506499999999995 0.63694 0.46506499999999995 0.63694 0.450955
0 0.734755 0.42217000000000005 0.714465 0.42217000000000005 0.714465 0.44501 0.734755 0.44501 0.734755 0.42217000000000005
9 0 0.47300000000000003 0.13 0.47800000000000004 0.175 0.489 0.194 0.517 0.219 0.542 0.223 0.5549999999999999 0.33999999999999997 0.661 0.355 0.6719999999999999 0.39 0.686 0.441 0.693 0.47800000000000004 0.693 0.521 0.686 0.563 0.657 0.581 0.636 0.596 0.638 0.604 0.644 0.605 0.683 0.618 0.6940000000000001 0.634 0.689 0.645 0.679 0.663 0.679 0.687 0.688 0.7190000000000001 0.679 0.763 0.674 0.792 0.663 0.849 0.6679999999999999 0.873 0.661 0.8939999999999999 0.634 0.9099999999999999 0.622 0.914 0.593 0.9369999999999999 0.5700000000000001 0.9410000000000001 0.545 0.932 0.532 0.933 0.517 0.9630000000000001 0.502 0.983 0.487 0.999 0.483 0.999 0.388 0.986 0.391 0.9460000000000001 0.43899999999999995 0.892 0.45099999999999996 0.8640000000000001 0.46299999999999997 0.8400000000000001 0.46299999999999997 0.8310000000000001 0.457 0.8220000000000001 0.441 0.8039999999999999 0.433 0.798 0.41600000000000004 0.7849999999999999 0.397 0.724 0.339 0.706 0.327 0.658 0.312 0.617 0.29 0.5740000000000001 0.27799999999999997 0.537 0.273 0.47400000000000003 0.27599999999999997 0.414 0.29 0.298 0.34700000000000003 0.194 0.43499999999999994 0.13999999999999999 0.442 0 0.44000000000000006 0 0.47300000000000003