0 0.521 0.377 0.47000000000000003 0.377 0.47000000000000003 0.414 0.521 0.414 0.521 0.377
0 0.46353999999999995 0.36502500000000004 0.43734 0.36502500000000004 0.43734 0.397675 0.46353999999999995 0.397675 0.46353999999999995 0.36502500000000004
0 0.6002449999999999 0.359485 0.551115 0.359485 0.551115 0.40907499999999997 0.6002449999999999 0.40907499999999997 0.6002449999999999 0.359485
0 0.56875 0.614995 0.5025299999999999 0.614995 0.5025299999999999 0.6877449999999999 0.56875 0.6877449999999999 0.56875 0.614995
0 0.42220500000000005 0.63026 0.37661500000000003 0.63026 0.37661500000000003 0.68516 0.42220500000000005 0.68516 0.42220500000000005 0.63026
0 0.216155 0.42173499999999997 0.147125 0.42173499999999997 0.147125 0.469865 0.216155 0.469865 0.216155 0.42173499999999997
0 0.767665 0.47308500000000003 0.736235 0.47308500000000003 0.736235 0.502015 0.767665 0.502015 0.767665 0.47308500000000003
0 0.72884 0.530405 0.6823 0.530405 0.6823 0.580915 0.72884 0.580915 0.72884 0.530405
0 0.36521 0.6402 0.34719 0.6402 0.34719 0.6615599999999999 0.36521 0.6615599999999999 0.36521 0.6402
0 0.7433500000000001 0.36239499999999997 0.66681 0.36239499999999997 0.66681 0.431545 0.7433500000000001 0.431545 0.7433500000000001 0.36239499999999997
0 0.6316200000000001 0.6226149999999999 0.61546 0.6226149999999999 0.61546 0.645945 0.6316200000000001 0.645945 0.6316200000000001 0.6226149999999999
9 0 0.576 0.10300000000000001 0.575 0.121 0.5780000000000001 0.231 0.647 0.305 0.665 0.317 0.673 0.354 0.6849999999999999 0.395 0.689 0.417 0.702 0.442 0.71 0.502 0.713 0.537 0.7070000000000001 0.568 0.7070000000000001 0.603 0.712 0.634 0.7110000000000001 0.6809999999999999 0.7 0.7110000000000001 0.686 0.731 0.669 0.744 0.643 0.775 0.616 0.8619999999999999 0.5690000000000001 0.898 0.561 0.924 0.549 0.953 0.521 0.9720000000000001 0.485 0.999 0.46900000000000003 0.999 0.365 0.975 0.378 0.959 0.394 0.9400000000000001 0.42300000000000004 0.924 0.43600000000000005 0.8640000000000001 0.45599999999999996 0.853 0.45599999999999996 0.8220000000000001 0.442 0.764 0.366 0.747 0.351 0.702 0.337 0.617 0.329 0.596 0.313 0.5730000000000001 0.307 0.5650000000000001 0.314 0.5700000000000001 0.322 0.563 0.33599999999999997 0.496 0.346 0.42400000000000004 0.34900000000000003 0.354 0.362 0.27999999999999997 0.388 0.23399999999999999 0.41200000000000003 0.185 0.44400000000000006 0.11499999999999999 0.514 0.087 0.534 0 0.545 0 0.576