0 0.595 0.42000000000000004 0.541 0.42000000000000004 0.541 0.48600000000000004 0.595 0.48600000000000004 0.595 0.42000000000000004
0 0.58107 0.415575 0.53905 0.415575 0.53905 0.474565 0.58107 0.474565 0.58107 0.415575
0 0.6013499999999999 0.378965 0.52561 0.378965 0.52561 0.555115 0.6013499999999999 0.555115 0.6013499999999999 0.378965
0 0.527055 0.54756 0.46904500000000005 0.54756 0.46904500000000005 0.59892 0.527055 0.59892 0.527055 0.54756
0 0.5699099999999999 0.418635 0.53947 0.418635 0.53947 0.440745 0.5699099999999999 0.440745 0.5699099999999999 0.418635
0 0.5747950000000001 0.375955 0.5541050000000001 0.375955 0.5541050000000001 0.39846499999999996 0.5747950000000001 0.39846499999999996 0.5747950000000001 0.375955
0 0.16697 0.49943 0.14675 0.49943 0.14675 0.51521 0.16697 0.51521 0.16697 0.49943
0 0.49604 0.437965 0.47906000000000004 0.437965 0.47906000000000004 0.45363499999999995 0.49604 0.45363499999999995 0.49604 0.437965
0 0.45712 0.48711000000000004 0.39004 0.48711000000000004 0.39004 0.53145 0.45712 0.53145 0.45712 0.48711000000000004
0 0.49901999999999996 0.36683 0.47754 0.36683 0.47754 0.38317 0.49901999999999996 0.38317 0.49901999999999996 0.36683
0 0.43555 0.42967000000000005 0.39307 0.42967000000000005 0.39307 0.47755000000000003 0.43555 0.47755000000000003 0.43555 0.42967000000000005
0 0.33144999999999997 0.40144 0.29989 0.40144 0.29989 0.41888 0.33144999999999997 0.41888 0.33144999999999997 0.40144
0 0.270395 0.48669 0.250605 0.48669 0.250605 0.5059899999999999 0.270395 0.5059899999999999 0.270395 0.48669
0 0.335985 0.483455 0.299275 0.483455 0.299275 0.508725 0.335985 0.508725 0.335985 0.483455
9 0 0.58 0.051000000000000004 0.5740000000000001 0.075 0.562 0.158 0.548 0.197 0.548 0.21600000000000003 0.568 0.256 0.575 0.314 0.571 0.377 0.58 0.417 0.577 0.45099999999999996 0.601 0.506 0.616 0.583 0.648 0.612 0.6519999999999999 0.631 0.659 0.6990000000000001 0.665 0.73 0.673 0.8779999999999999 0.679 0.9369999999999999 0.675 0.97 0.667 0.999 0.667 0.999 0.519 0.95 0.491 0.795 0.417 0.726 0.398 0.71 0.39 0.579 0.365 0.442 0.361 0.403 0.366 0.359 0.385 0.254 0.41600000000000004 0.229 0.43099999999999994 0.227 0.454 0.21800000000000003 0.462 0.189 0.46399999999999997 0.13899999999999998 0.481 0.11100000000000002 0.48200000000000004 0.076 0.492 0.012 0.544 0 0.558 0 0.58