0 0.529615 0.5427500000000001 0.467745 0.5427500000000001 0.467745 0.62243 0.529615 0.62243 0.529615 0.5427500000000001
0 0.518145 0.5610299999999999 0.47453500000000004 0.5610299999999999 0.47453500000000004 0.63525 0.518145 0.63525 0.518145 0.5610299999999999
0 0.6294 0.596785 0.59424 0.596785 0.59424 0.646375 0.6294 0.646375 0.6294 0.596785
0 0.75641 0.5546599999999999 0.6820700000000001 0.5546599999999999 0.6820700000000001 0.64652 0.75641 0.64652 0.75641 0.5546599999999999
0 0.25623999999999997 0.44478 0.21812 0.44478 0.21812 0.49614 0.25623999999999997 0.49614 0.25623999999999997 0.44478
0 0.705905 0.49835 0.670075 0.49835 0.670075 0.5348499999999999 0.705905 0.5348499999999999 0.705905 0.49835
0 0.49236500000000005 0.66792 0.453915 0.66792 0.453915 0.69536 0.49236500000000005 0.69536 0.49236500000000005 0.66792
0 0.34070999999999996 0.42716000000000004 0.29893000000000003 0.42716000000000004 0.29893000000000003 0.48983999999999994 0.34070999999999996 0.48983999999999994 0.34070999999999996 0.42716000000000004
0 0.70804 0.56274 0.6396200000000001 0.56274 0.6396200000000001 0.6452600000000001 0.70804 0.6452600000000001 0.70804 0.56274
0 0.19206 0.47328000000000003 0.1573 0.47328000000000003 0.1573 0.51256 0.19206 0.51256 0.19206 0.47328000000000003
0 0.17801 0.6292 0.14597 0.6292 0.14597 0.6481399999999999 0.17801 0.6481399999999999 0.17801 0.6292
0 0.62556 0.626385 0.60588 0.626385 0.60588 0.6480349999999999 0.62556 0.6480349999999999 0.62556 0.626385
0 0.25578 0.65675 0.23298000000000002 0.65675 0.23298000000000002 0.68017 0.25578 0.68017 0.25578 0.65675
0 0.6253 0.55084 0.49188 0.55084 0.49188 0.6737599999999999 0.6253 0.6737599999999999 0.6253 0.55084
0 0.50488 0.56787 0.48878000000000005 0.56787 0.48878000000000005 0.60205 0.50488 0.60205 0.50488 0.56787
0 0.38751 0.46675500000000003 0.31317 0.46675500000000003 0.31317 0.520065 0.38751 0.520065 0.38751 0.46675500000000003
0 0.208705 0.5806899999999999 0.115995 0.5806899999999999 0.115995 0.68103 0.208705 0.68103 0.208705 0.5806899999999999
0 0.26044 0.428815 0.2508 0.428815 0.2508 0.44276499999999996 0.26044 0.44276499999999996 0.26044 0.428815
0 0.464265 0.5558500000000001 0.35995499999999997 0.5558500000000001 0.35995499999999997 0.70099 0.464265 0.70099 0.464265 0.5558500000000001
9 0 0.625 0.04 0.619 0.068 0.623 0.11399999999999999 0.6599999999999999 0.151 0.6839999999999999 0.23399999999999999 0.721 0.264 0.73 0.298 0.732 0.322 0.729 0.357 0.733 0.43 0.73 0.46900000000000003 0.722 0.532 0.6940000000000001 0.5559999999999999 0.688 0.733 0.667 0.8099999999999999 0.667 0.8699999999999999 0.659 0.9109999999999999 0.646 0.925 0.634 0.931 0.618 0.933 0.591 0.93 0.5780000000000001 0.905 0.5650000000000001 0.8859999999999999 0.542 0.876 0.517 0.8130000000000001 0.466 0.774 0.441 0.746 0.42800000000000005 0.618 0.388 0.521 0.372 0.364 0.368 0.304 0.374 0.282 0.378 0.223 0.4 0.191 0.417 0.152 0.449 0.124 0.479 0.06899999999999999 0.572 0.037 0.588 0 0.597 0 0.625