0 0.721 0.5559999999999999 0.607 0.5559999999999999 0.607 0.612 0.721 0.612 0.721 0.5559999999999999
0 0.34753500000000004 0.5518500000000001 0.27014499999999997 0.5518500000000001 0.27014499999999997 0.6024499999999999 0.34753500000000004 0.6024499999999999 0.34753500000000004 0.5518500000000001
0 0.56811 0.55091 0.48657000000000006 0.55091 0.48657000000000006 0.62195 0.56811 0.62195 0.56811 0.55091
0 0.48197 0.481305 0.42087 0.481305 0.42087 0.529435 0.48197 0.529435 0.48197 0.481305
0 0.479275 0.5371699999999999 0.38644500000000004 0.5371699999999999 0.38644500000000004 0.61127 0.479275 0.61127 0.479275 0.5371699999999999
0 0.6258250000000001 0.462735 0.5509350000000001 0.462735 0.5509350000000001 0.5480050000000001 0.6258250000000001 0.5480050000000001 0.6258250000000001 0.462735
0 0.29129 0.45637 0.22530999999999998 0.45637 0.22530999999999998 0.51579 0.29129 0.51579 0.29129 0.45637
0 0.34821 0.49853500000000006 0.30219 0.49853500000000006 0.30219 0.5297850000000001 0.34821 0.5297850000000001 0.34821 0.49853500000000006
0 0.41804500000000006 0.544325 0.381755 0.544325 0.381755 0.591415 0.41804500000000006 0.591415 0.41804500000000006 0.544325
0 0.62968 0.566925 0.60372 0.566925 0.60372 0.597135 0.62968 0.597135 0.62968 0.566925
0 0.26480000000000004 0.53097 0.20834000000000003 0.53097 0.20834000000000003 0.56375 0.26480000000000004 0.56375 0.26480000000000004 0.53097
0 0.17053000000000001 0.45980999999999994 0.01977 0.45980999999999994 0.01977 0.58023 0.17053000000000001 0.58023 0.17053000000000001 0.45980999999999994
9 0.075 0.584 0.10600000000000001 0.596 0.124 0.601 0.177 0.599 0.266 0.635 0.27999999999999997 0.636 0.303 0.628 0.5 0.65 0.518 0.6639999999999999 0.534 0.666 0.601 0.6900000000000001 0.649 0.6990000000000001 0.734 0.7 0.8220000000000001 0.6849999999999999 0.9380000000000001 0.638 0.999 0.607 0.999 0.461 0.8619999999999999 0.41500000000000004 0.756 0.404 0.686 0.40499999999999997 0.618 0.41600000000000004 0.5690000000000001 0.429 0.52 0.45199999999999996 0.481 0.483 0.465 0.48200000000000004 0.45499999999999996 0.46799999999999997 0.441 0.46399999999999997 0.433 0.46799999999999997 0.43200000000000005 0.479 0.42800000000000005 0.483 0.403 0.485 0.33999999999999997 0.479 0.29100000000000004 0.454 0.27799999999999997 0.453 0.272 0.457 0.16699999999999998 0.44299999999999995 0.152 0.429 0.11399999999999999 0.414 0.048 0.40499999999999997 0.003 0.40700000000000003 0 0.40800000000000003 0.001 0.538 0.043 0.5589999999999999 0.075 0.584