0 0.602 0.318 0.541 0.318 0.541 0.409 0.602 0.409 0.602 0.318
0 0.7109099999999999 0.366785 0.62113 0.366785 0.62113 0.43447500000000006 0.7109099999999999 0.43447500000000006 0.7109099999999999 0.366785
0 0.41127 0.597615 0.37437 0.597615 0.37437 0.642625 0.41127 0.642625 0.41127 0.597615
0 0.7514350000000001 0.332905 0.704625 0.332905 0.704625 0.383895 0.7514350000000001 0.383895 0.7514350000000001 0.332905
0 0.639525 0.6840550000000001 0.5987549999999999 0.6840550000000001 0.5987549999999999 0.716345 0.639525 0.716345 0.639525 0.6840550000000001
0 0.7351099999999999 0.6066 0.65259 0.6066 0.65259 0.69126 0.7351099999999999 0.69126 0.7351099999999999 0.6066
0 0.8576599999999999 0.39621 0.78784 0.39621 0.78784 0.46561 0.8576599999999999 0.46561 0.8576599999999999 0.39621
0 0.6534099999999999 0.396395 0.61905 0.396395 0.61905 0.428805 0.6534099999999999 0.428805 0.6534099999999999 0.396395
0 0.667455 0.5308849999999999 0.642125 0.5308849999999999 0.642125 0.566775 0.667455 0.566775 0.667455 0.5308849999999999
0 0.82822 0.48172 0.7762800000000001 0.48172 0.7762800000000001 0.54758 0.82822 0.54758 0.82822 0.48172
0 0.69882 0.501645 0.6644599999999999 0.501645 0.6644599999999999 0.530575 0.69882 0.530575 0.69882 0.501645
0 0.78249 0.41996500000000003 0.74681 0.41996500000000003 0.74681 0.474075 0.78249 0.474075 0.78249 0.41996500000000003
0 0.7566200000000001 0.575665 0.7091999999999999 0.575665 0.7091999999999999 0.626475 0.7566200000000001 0.626475 0.7566200000000001 0.575665
0 0.8005699999999999 0.35914999999999997 0.75705 0.35914999999999997 0.75705 0.41527000000000003 0.8005699999999999 0.41527000000000003 0.8005699999999999 0.35914999999999997
0 0.787035 0.534795 0.748125 0.534795 0.748125 0.575565 0.787035 0.575565 0.787035 0.534795
0 0.1564 0.43777 0.14292 0.43777 0.14292 0.46115000000000006 0.1564 0.46115000000000006 0.1564 0.43777
0 0.762005 0.49051 0.738975 0.49051 0.738975 0.5270699999999999 0.762005 0.5270699999999999 0.762005 0.49051
9 0.215 0.564 0.305 0.621 0.356 0.641 0.381 0.658 0.40800000000000003 0.6839999999999999 0.433 0.6980000000000001 0.542 0.726 0.662 0.729 0.686 0.725 0.704 0.71 0.7150000000000001 0.671 0.745 0.631 0.758 0.622 0.771 0.591 0.799 0.597 0.8560000000000001 0.44000000000000006 0.8380000000000001 0.417 0.833 0.40499999999999997 0.8320000000000001 0.379 0.818 0.357 0.8109999999999999 0.35 0.7849999999999999 0.33999999999999997 0.76 0.302 0.71 0.286 0.6799999999999999 0.265 0.618 0.262 0.5700000000000001 0.268 0.5589999999999999 0.277 0.554 0.292 0.549 0.296 0.46299999999999997 0.313 0.32799999999999996 0.364 0.27999999999999997 0.387 0.252 0.40800000000000003 0.238 0.41100000000000003 0.229 0.42000000000000004 0.20800000000000002 0.42699999999999994 0.177 0.454 0.16899999999999998 0.45599999999999996 0.16399999999999998 0.45 0.16599999999999998 0.441 0.153 0.43600000000000005 0.149 0.442 0.149 0.45499999999999996 0.156 0.46699999999999997 0.146 0.476 0.101 0.481 0.001 0.479 0 0.546 0.094 0.541 0.16599999999999998 0.542 0.215 0.564