0 0.479 0.601 0.438 0.601 0.438 0.651 0.479 0.651 0.479 0.601
0 0.36649 0.6106 0.34201000000000004 0.6106 0.34201000000000004 0.63062 0.36649 0.63062 0.36649 0.6106
0 0.3185 0.584585 0.28356 0.584585 0.28356 0.611695 0.3185 0.611695 0.3185 0.584585
0 0.67353 0.6364799999999999 0.65655 0.6364799999999999 0.65655 0.65258 0.67353 0.65258 0.67353 0.6364799999999999
0 0.576795 0.595235 0.558945 0.595235 0.558945 0.616685 0.576795 0.616685 0.576795 0.595235
0 0.6753899999999999 0.470495 0.65761 0.470495 0.65761 0.48312499999999997 0.6753899999999999 0.48312499999999997 0.6753899999999999 0.470495
0 0.695595 0.474845 0.681365 0.474845 0.681365 0.488535 0.695595 0.488535 0.695595 0.474845
0 0.643795 0.5735 0.5993649999999999 0.5735 0.5993649999999999 0.60716 0.643795 0.60716 0.643795 0.5735
0 0.5625600000000001 0.6260399999999999 0.51654 0.6260399999999999 0.51654 0.65032 0.5625600000000001 0.65032 0.5625600000000001 0.6260399999999999
0 0.725895 0.573025 0.707705 0.573025 0.707705 0.583235 0.725895 0.583235 0.725895 0.573025
0 0.68652 0.50745 0.66894 0.50745 0.66894 0.5169699999999999 0.68652 0.5169699999999999 0.68652 0.50745
0 0.775575 0.58609 0.6677850000000001 0.58609 0.6677850000000001 0.66293 0.775575 0.66293 0.775575 0.58609
0 0.7842800000000001 0.596595 0.7665 0.596595 0.7665 0.606525 0.7842800000000001 0.606525 0.7842800000000001 0.596595
0 0.6973 0.597365 0.68552 0.597365 0.68552 0.618455 0.6973 0.618455 0.6973 0.597365
0 0.707605 0.50893 0.693755 0.50893 0.693755 0.51841 0.707605 0.51841 0.707605 0.50893
9 0.134 0.611 0.157 0.622 0.236 0.645 0.261 0.649 0.282 0.649 0.29900000000000004 0.644 0.322 0.645 0.381 0.673 0.44299999999999995 0.682 0.511 0.678 0.532 0.673 0.557 0.655 0.579 0.647 0.601 0.625 0.609 0.625 0.628 0.648 0.6679999999999999 0.673 0.692 0.6719999999999999 0.708 0.6639999999999999 0.714 0.657 0.7150000000000001 0.633 0.718 0.63 0.732 0.632 0.746 0.642 0.767 0.643 0.771 0.646 0.774 0.669 0.784 0.6719999999999999 0.8019999999999999 0.648 0.8099999999999999 0.614 0.805 0.583 0.783 0.545 0.751 0.511 0.725 0.49000000000000005 0.662 0.45199999999999996 0.607 0.43600000000000005 0.5429999999999999 0.429 0.399 0.433 0.321 0.449 0.23500000000000001 0.483 0.162 0.503 0.13899999999999998 0.516 0.06 0.576 0.020999999999999998 0.5980000000000001 0.017 0.61 0.025 0.628 0.11399999999999999 0.611 0.134 0.611