0 0.161 0.5269999999999999 0.10800000000000001 0.5269999999999999 0.10800000000000001 0.584 0.161 0.584 0.161 0.5269999999999999
0 0.55351 0.54691 0.51777 0.54691 0.51777 0.57125 0.55351 0.57125 0.55351 0.54691
0 0.639725 0.18510500000000002 0.615155 0.18510500000000002 0.615155 0.221395 0.639725 0.221395 0.639725 0.18510500000000002
0 0.597825 0.12782 0.573075 0.12782 0.573075 0.14416 0.597825 0.14416 0.597825 0.12782
0 0.40431 0.18562499999999998 0.38621 0.18562499999999998 0.38621 0.20353500000000002 0.40431 0.20353500000000002 0.40431 0.18562499999999998
0 0.10458 0.596515 0.0878 0.596515 0.0878 0.610525 0.10458 0.610525 0.10458 0.596515
0 0.059965000000000004 0.60222 0.043115 0.60222 0.043115 0.61946 0.059965000000000004 0.61946 0.059965000000000004 0.60222
0 0.04357 0.63244 0.021249999999999998 0.63244 0.021249999999999998 0.65174 0.04357 0.65174 0.04357 0.63244
0 0.13278 0.46251499999999995 0.1044 0.46251499999999995 0.1044 0.514545 0.13278 0.514545 0.13278 0.46251499999999995
0 0.691005 0.40646000000000004 0.669355 0.40646000000000004 0.669355 0.43094 0.691005 0.43094 0.691005 0.40646000000000004
0 0.125635 0.58411 0.014005 0.58411 0.014005 0.65515 0.125635 0.65515 0.125635 0.58411
0 0.335215 0.10425500000000001 0.313225 0.10425500000000001 0.313225 0.11974499999999999 0.335215 0.11974499999999999 0.335215 0.10425500000000001
0 0.12547999999999998 0.45858999999999994 0.10718000000000001 0.45858999999999994 0.10718000000000001 0.48183 0.12547999999999998 0.48183 0.12547999999999998 0.45858999999999994
0 0.85544 0.38748 0.79984 0.38748 0.79984 0.4255 0.85544 0.4255 0.85544 0.38748
7 0 0.792 0.075 0.8380000000000001 0.11299999999999999 0.852 0.205 0.867 0.272 0.8710000000000001 0.33199999999999996 0.868 0.37 0.8630000000000001 0.404 0.851 0.509 0.787 0.549 0.75 0.5660000000000001 0.7230000000000001 0.5690000000000001 0.708 0.5780000000000001 0.697 0.673 0.64 0.713 0.605 0.751 0.563 0.774 0.52 0.792 0.449 0.806 0.418 0.826 0.271 0.826 0.236 0.82 0.202 0.807 0.182 0.795 0.174 0.687 0.144 0.479 0.11000000000000001 0.41200000000000003 0.10800000000000001 0.325 0.12 0.312 0.13 0.253 0.148 0.178 0.188 0.097 0.259 0.047 0.315 0.031 0.343 0 0.374 0 0.792