0 0.368 0.461 0.142 0.461 0.142 0.522 0.368 0.522 0.368 0.461
0 0.99854 0.49531000000000003 0.75342 0.49531000000000003 0.75342 0.54179 0.99854 0.54179 0.99854 0.49531000000000003
0 0.16284 0.464765 0.009760000000000001 0.464765 0.009760000000000001 0.509355 0.16284 0.509355 0.16284 0.464765
0 0.7449950000000001 0.509195 0.455205 0.509195 0.455205 0.533765 0.7449950000000001 0.533765 0.7449950000000001 0.509195
0 0.25961500000000004 0.3739 0.196685 0.3739 0.196685 0.50598 0.25961500000000004 0.50598 0.25961500000000004 0.3739
0 0.209355 0.3689 0.116825 0.3689 0.116825 0.55786 0.209355 0.55786 0.209355 0.3689
0 0.99408 0.33172999999999997 0.8516199999999999 0.33172999999999997 0.8516199999999999 0.51447 0.99408 0.51447 0.99408 0.33172999999999997
0 0.053315 0.37622 0.010045 0.37622 0.010045 0.48804 0.053315 0.48804 0.053315 0.37622
0 0.31915 0.5184949999999999 0.19745 0.5184949999999999 0.19745 0.693425 0.31915 0.693425 0.31915 0.5184949999999999
0 0.9025550000000001 0.34625 0.827905 0.34625 0.827905 0.5126299999999999 0.9025550000000001 0.5126299999999999 0.9025550000000001 0.34625
0 0.5126999999999999 0.34049 0.12598 0.34049 0.12598 0.36605 0.5126999999999999 0.36605 0.5126999999999999 0.34049
0 0.336055 0.37946 0.25866500000000003 0.37946 0.25866500000000003 0.5023799999999999 0.336055 0.5023799999999999 0.336055 0.37946
0 0.857035 0.549075 0.8001849999999999 0.549075 0.8001849999999999 0.7419450000000001 0.857035 0.7419450000000001 0.857035 0.549075
0 0.08937 0.37726000000000004 0.05199 0.37726000000000004 0.05199 0.48212 0.08937 0.48212 0.08937 0.37726000000000004
0 1 0.5004299999999999 0.9355800000000001 0.5004299999999999 0.9355800000000001 0.67145 1 0.67145 1 0.5004299999999999
0 0.71295 0.549685 0.59955 0.549685 0.59955 0.754035 0.71295 0.754035 0.71295 0.549685
0 0.420465 0.36199499999999996 0.301695 0.36199499999999996 0.301695 0.506165 0.420465 0.506165 0.420465 0.36199499999999996
0 0.6226200000000001 0.323305 0.47406 0.323305 0.47406 0.517035 0.6226200000000001 0.517035 0.6226200000000001 0.323305
0 0.13540000000000002 0.50424 0.059660000000000005 0.50424 0.059660000000000005 0.6070800000000001 0.13540000000000002 0.6070800000000001 0.13540000000000002 0.50424
0 0.7376050000000001 0.32184 0.6071150000000001 0.32184 0.6071150000000001 0.52142 0.7376050000000001 0.52142 0.7376050000000001 0.32184
0 0.632965 0.55212 0.5271950000000001 0.55212 0.5271950000000001 0.74768 0.632965 0.74768 0.632965 0.55212
9 0.233 0.726 0.368 0.763 0.608 0.7889999999999999 0.6809999999999999 0.787 0.759 0.775 0.834 0.75 0.8859999999999999 0.725 0.906 0.7110000000000001 0.9650000000000001 0.6599999999999999 0.999 0.604 0.999 0.42800000000000005 0.959 0.391 0.898 0.351 0.866 0.33799999999999997 0.6940000000000001 0.28900000000000003 0.633 0.28300000000000003 0.5519999999999999 0.28700000000000003 0.492 0.303 0.43099999999999994 0.33399999999999996 0.395 0.344 0.325 0.34199999999999997 0.195 0.34700000000000003 0.118 0.358 0.002 0.364 0 0.614 0.05500000000000001 0.6519999999999999 0.099 0.675 0.233 0.726