0 0.501 0.3 0.458 0.3 0.458 0.366 0.501 0.366 0.501 0.3
0 0.424045 0.18506 0.384555 0.18506 0.384555 0.22046000000000002 0.424045 0.22046000000000002 0.424045 0.18506
0 0.345125 0.25811 0.30917500000000003 0.25811 0.30917500000000003 0.28925 0.345125 0.28925 0.345125 0.25811
0 0.20473 0.316465 0.17491 0.316465 0.17491 0.346615 0.20473 0.346615 0.20473 0.316465
0 0.309685 0.29533 0.269895 0.29533 0.269895 0.33259 0.309685 0.33259 0.309685 0.29533
0 0.41025 0.503325 0.38222999999999996 0.503325 0.38222999999999996 0.534755 0.41025 0.534755 0.41025 0.503325
0 0.08771999999999999 0.38476499999999997 0.049120000000000004 0.38476499999999997 0.049120000000000004 0.41503500000000004 0.08771999999999999 0.41503500000000004 0.08771999999999999 0.38476499999999997
0 0.40597500000000003 0.147525 0.373325 0.147525 0.373325 0.175475 0.40597500000000003 0.175475 0.40597500000000003 0.147525
0 0.30032000000000003 0.33835000000000004 0.26705999999999996 0.33835000000000004 0.26705999999999996 0.37845 0.30032000000000003 0.37845 0.30032000000000003 0.33835000000000004
0 0.65027 0.38889 0.54993 0.38889 0.54993 0.42313 0.65027 0.42313 0.65027 0.38889
0 0.91583 0.44563499999999995 0.88299 0.44563499999999995 0.88299 0.46696499999999996 0.91583 0.46696499999999996 0.91583 0.44563499999999995
0 0.255225 0.31177 0.23207499999999998 0.31177 0.23207499999999998 0.33422999999999997 0.255225 0.33422999999999997 0.255225 0.31177
0 0.71558 0.42708 0.69556 0.42708 0.69556 0.44548 0.71558 0.44548 0.71558 0.42708
0 0.5481550000000001 0.10682499999999999 0.48504500000000006 0.10682499999999999 0.48504500000000006 0.126695 0.5481550000000001 0.126695 0.5481550000000001 0.10682499999999999
0 0.53323 0.24430000000000002 0.51657 0.24430000000000002 0.51657 0.26108 0.53323 0.26108 0.53323 0.24430000000000002
7 0 0.389 0.018 0.40199999999999997 0.10900000000000001 0.5820000000000001 0.147 0.626 0.175 0.65 0.23199999999999998 0.688 0.294 0.712 0.375 0.734 0.45599999999999996 0.736 0.544 0.7230000000000001 0.628 0.686 0.768 0.597 0.93 0.45 0.9570000000000001 0.41600000000000004 0.9720000000000001 0.38 0.9730000000000001 0.368 0.966 0.354 0.945 0.33599999999999997 0.9119999999999999 0.296 0.8800000000000001 0.273 0.842 0.23500000000000001 0.782 0.186 0.734 0.16 0.634 0.12 0.563 0.10700000000000001 0.48 0.11100000000000002 0.392 0.137 0.363 0.154 0.33199999999999996 0.191 0.24300000000000002 0.279 0.157 0.344 0.132 0.357 0.091 0.366 0.051000000000000004 0.364 0.028000000000000004 0.33599999999999997 0 0.32 0 0.389