0 0.722 0.484 0.617 0.484 0.617 0.549 0.722 0.549 0.722 0.484
0 0.850775 0.445345 0.708805 0.445345 0.708805 0.5566150000000001 0.850775 0.5566150000000001 0.850775 0.445345
0 0.9924649999999999 0.44562 0.871795 0.44562 0.871795 0.5895400000000001 0.9924649999999999 0.5895400000000001 0.9924649999999999 0.44562
0 0.75671 0.45562500000000006 0.69641 0.45562500000000006 0.69641 0.559015 0.75671 0.559015 0.75671 0.45562500000000006
0 0.5771499999999999 0.57465 0.46973000000000004 0.57465 0.46973000000000004 0.6773100000000001 0.5771499999999999 0.6773100000000001 0.5771499999999999 0.57465
0 0.704805 0.5693900000000001 0.6135550000000001 0.5693900000000001 0.6135550000000001 0.6893900000000001 0.704805 0.6893900000000001 0.704805 0.5693900000000001
0 0.226045 0.45944 0.133335 0.45944 0.133335 0.50686 0.226045 0.50686 0.226045 0.45944
0 0.12149000000000001 0.46091 0.0072900000000000005 0.46091 0.0072900000000000005 0.55179 0.12149000000000001 0.55179 0.12149000000000001 0.46091
0 0.873905 0.39685000000000004 0.5538350000000001 0.39685000000000004 0.5538350000000001 0.46789 0.873905 0.46789 0.873905 0.39685000000000004
0 0.43381499999999995 0.540405 0.376405 0.540405 0.376405 0.611135 0.43381499999999995 0.611135 0.43381499999999995 0.540405
0 0.48891999999999997 0.550905 0.37924 0.550905 0.37924 0.608275 0.48891999999999997 0.608275 0.48891999999999997 0.550905
0 0.31134 0.544465 0.15546 0.544465 0.15546 0.633275 0.31134 0.633275 0.31134 0.544465
0 0.64187 0.548065 0.54855 0.548065 0.54855 0.634555 0.64187 0.634555 0.64187 0.548065
0 0.311305 0.46861499999999995 0.21847500000000003 0.46861499999999995 0.21847500000000003 0.521625 0.311305 0.521625 0.311305 0.46861499999999995
0 0.55453 0.47268999999999994 0.47769000000000006 0.47268999999999994 0.47769000000000006 0.5409900000000001 0.55453 0.5409900000000001 0.55453 0.47268999999999994
0 0.87579 0.5632900000000001 0.6915899999999999 0.5632900000000001 0.6915899999999999 0.7189300000000001 0.87579 0.7189300000000001 0.87579 0.5632900000000001
0 0.22854999999999998 0.55686 0.16599 0.55686 0.16599 0.6218600000000001 0.22854999999999998 0.6218600000000001 0.22854999999999998 0.55686
0 0.143215 0.58757 0.046845 0.58757 0.046845 0.63411 0.143215 0.63411 0.143215 0.58757
0 0.393525 0.48535500000000004 0.35745499999999997 0.48535500000000004 0.35745499999999997 0.540045 0.393525 0.540045 0.393525 0.48535500000000004
9 0 0.662 0.026000000000000002 0.6599999999999999 0.034 0.6559999999999999 0.477 0.6559999999999999 0.496 0.6719999999999999 0.52 0.679 0.587 0.713 0.689 0.737 0.806 0.743 0.883 0.742 0.999 0.7230000000000001 0.999 0.497 0.866 0.42699999999999994 0.788 0.403 0.75 0.398 0.688 0.399 0.597 0.413 0.553 0.42800000000000005 0.496 0.46799999999999997 0.449 0.46900000000000003 0.433 0.479 0.396 0.484 0.376 0.485 0.255 0.45199999999999996 0.229 0.441 0.211 0.441 0.154 0.457 0.10500000000000001 0.48200000000000004 0.087 0.481 0.065 0.466 0.053000000000000005 0.46299999999999997 0.012 0.47000000000000003 0 0.475 0 0.662