0 0.46399999999999997 0.34700000000000003 0.385 0.34700000000000003 0.385 0.43200000000000005 0.46399999999999997 0.43200000000000005 0.46399999999999997 0.34700000000000003
0 0.45191499999999996 0.35053999999999996 0.39280499999999996 0.35053999999999996 0.39280499999999996 0.40678000000000003 0.45191499999999996 0.40678000000000003 0.45191499999999996 0.35053999999999996
0 0.380215 0.45657 0.334625 0.45657 0.334625 0.48533 0.380215 0.48533 0.380215 0.45657
0 0.284275 0.585125 0.215245 0.585125 0.215245 0.628735 0.284275 0.628735 0.284275 0.585125
0 0.391855 0.604125 0.33274499999999996 0.604125 0.33274499999999996 0.695675 0.391855 0.695675 0.391855 0.604125
0 0.47663 0.635775 0.45500999999999997 0.635775 0.45500999999999997 0.682585 0.47663 0.682585 0.47663 0.635775
0 0.19077 0.5552050000000001 0.15421 0.5552050000000001 0.15421 0.592255 0.19077 0.592255 0.19077 0.5552050000000001
0 0.24871500000000002 0.46254 0.22320500000000001 0.46254 0.22320500000000001 0.50182 0.24871500000000002 0.50182 0.24871500000000002 0.46254
0 0.35785999999999996 0.65978 0.33502 0.65978 0.33502 0.69472 0.35785999999999996 0.69472 0.35785999999999996 0.65978
0 0.31094 0.51432 0.29356 0.51432 0.29356 0.5306 0.31094 0.5306 0.31094 0.51432
0 0.24440499999999998 0.59365 0.216775 0.59365 0.216775 0.61143 0.24440499999999998 0.61143 0.24440499999999998 0.59365
0 0.2097 0.545 0.18897999999999998 0.545 0.18897999999999998 0.56828 0.2097 0.56828 0.2097 0.545
0 0.41365999999999997 0.368065 0.39249999999999996 0.368065 0.39249999999999996 0.391215 0.41365999999999997 0.391215 0.41365999999999997 0.368065
9 0 0.54 0.01 0.557 0.028000000000000004 0.5730000000000001 0.064 0.588 0.1 0.644 0.128 0.673 0.186 0.709 0.253 0.737 0.29500000000000004 0.749 0.358 0.756 0.47000000000000003 0.762 0.5860000000000001 0.763 0.686 0.745 0.716 0.73 0.7969999999999999 0.6519999999999999 0.841 0.629 0.9269999999999999 0.597 0.999 0.548 0.999 0.449 0.93 0.386 0.8939999999999999 0.364 0.836 0.339 0.759 0.32 0.697 0.29900000000000004 0.647 0.288 0.602 0.284 0.52 0.28500000000000003 0.353 0.29900000000000004 0.288 0.314 0.192 0.351 0.152 0.377 0.134 0.40099999999999997 0.11599999999999999 0.438 0.086 0.46900000000000003 0.037 0.47400000000000003 0.013000000000000001 0.483 0.008 0.507 0 0.516 0 0.54