0 0.40199999999999997 0.516 0.28900000000000003 0.516 0.28900000000000003 0.597 0.40199999999999997 0.597 0.40199999999999997 0.516
0 0.7701749999999999 0.512115 0.656585 0.512115 0.656585 0.636325 0.7701749999999999 0.636325 0.7701749999999999 0.512115
0 0.735905 0.37173 0.657655 0.37173 0.657655 0.48471000000000003 0.735905 0.48471000000000003 0.735905 0.37173
0 0.58978 0.5058 0.4483 0.5058 0.4483 0.6485000000000001 0.58978 0.6485000000000001 0.58978 0.5058
0 0.58084 0.36316000000000004 0.47092 0.36316000000000004 0.47092 0.4801 0.58084 0.4801 0.58084 0.36316000000000004
0 0.863345 0.41061500000000006 0.769475 0.41061500000000006 0.769475 0.48538500000000007 0.863345 0.48538500000000007 0.863345 0.41061500000000006
0 0.24979 0.49319499999999994 0.19089 0.49319499999999994 0.19089 0.5644250000000001 0.24979 0.5644250000000001 0.24979 0.49319499999999994
0 0.16514 0.49108999999999997 0.10902 0.49108999999999997 0.10902 0.56653 0.16514 0.56653 0.16514 0.49108999999999997
0 0.136355 0.4969 0.058105 0.4969 0.058105 0.51774 0.136355 0.51774 0.136355 0.4969
0 0.075625 0.50404 0.052555 0.50404 0.052555 0.53892 0.075625 0.53892 0.075625 0.50404
0 0.9979250000000001 0.489395 0.843875 0.489395 0.843875 0.523305 0.9979250000000001 0.523305 0.9979250000000001 0.489395
0 0.32189 0.43047 0.29627 0.43047 0.29627 0.44257 0.32189 0.44257 0.32189 0.43047
0 0.78931 0.45623500000000006 0.7575700000000001 0.45623500000000006 0.7575700000000001 0.480285 0.78931 0.480285 0.78931 0.45623500000000006
0 0.379255 0.4904 0.371225 0.4904 0.371225 0.50178 0.379255 0.50178 0.379255 0.4904
0 0.20785499999999998 0.43864000000000003 0.162265 0.43864000000000003 0.162265 0.45784 0.20785499999999998 0.45784 0.20785499999999998 0.43864000000000003
0 0.229005 0.48418 0.174315 0.48418 0.174315 0.50312 0.229005 0.50312 0.229005 0.48418
0 0.142435 0.45008499999999996 0.11318500000000001 0.45008499999999996 0.11318500000000001 0.473735 0.142435 0.473735 0.142435 0.45008499999999996
0 0.6965250000000001 0.6130899999999999 0.675555 0.6130899999999999 0.675555 0.63789 0.6965250000000001 0.63789 0.6965250000000001 0.6130899999999999
0 0.467835 0.633575 0.404725 0.633575 0.404725 0.6564650000000001 0.467835 0.6564650000000001 0.467835 0.633575
0 0.030285 0.5295300000000001 0.007095 0.5295300000000001 0.007095 0.56813 0.030285 0.56813 0.030285 0.5295300000000001
0 0.6319549999999999 0.348035 0.457885 0.348035 0.457885 0.389265 0.6319549999999999 0.389265 0.6319549999999999 0.348035
0 0.09989 0.572645 0.04697 0.572645 0.04697 0.596295 0.09989 0.596295 0.09989 0.572645
0 0.47812 0.363405 0.44376 0.363405 0.44376 0.378775 0.47812 0.378775 0.47812 0.363405
0 0.054105 0.484875 0.025615 0.484875 0.025615 0.5078050000000001 0.054105 0.5078050000000001 0.054105 0.484875
0 0.028765000000000002 0.495515 0.001495 0.495515 0.001495 0.5191250000000001 0.028765000000000002 0.5191250000000001 0.028765000000000002 0.495515
0 0.42039 0.46323499999999995 0.41213 0.46323499999999995 0.41213 0.475245 0.42039 0.475245 0.42039 0.46323499999999995
0 0.23485999999999999 0.57535 0.01684 0.57535 0.01684 0.6521899999999999 0.23485999999999999 0.6521899999999999 0.23485999999999999 0.57535
0 0.333615 0.43535 0.259645 0.43535 0.259645 0.47626999999999997 0.333615 0.47626999999999997 0.333615 0.43535
0 0.339865 0.43234500000000003 0.329575 0.43234500000000003 0.329575 0.443635 0.339865 0.443635 0.339865 0.43234500000000003
0 0.40901 0.40989000000000003 0.39129 0.40989000000000003 0.39129 0.42311 0.40901 0.42311 0.40901 0.40989000000000003
0 0.858595 0.50549 0.8005850000000001 0.50549 0.8005850000000001 0.53845 0.858595 0.53845 0.858595 0.50549
0 0.317485 0.49161 0.280655 0.49161 0.280655 0.5210899999999999 0.317485 0.5210899999999999 0.317485 0.49161
0 0.45803000000000005 0.372705 0.42821 0.372705 0.42821 0.397315 0.45803000000000005 0.397315 0.45803000000000005 0.372705
0 0.47050000000000003 0.62615 0.45968 0.62615 0.45968 0.63753 0.47050000000000003 0.63753 0.47050000000000003 0.62615
0 0.09052 0.48056 0.057679999999999995 0.48056 0.057679999999999995 0.5004 0.09052 0.5004 0.09052 0.48056
0 0.450235 0.412095 0.43600500000000003 0.412095 0.43600500000000003 0.42920499999999995 0.450235 0.42920499999999995 0.450235 0.412095
0 0.38115 0.45498000000000005 0.36543000000000003 0.45498000000000005 0.36543000000000003 0.47422000000000003 0.38115 0.47422000000000003 0.38115 0.45498000000000005
0 0.29063 0.491335 0.27871 0.491335 0.27871 0.506705 0.29063 0.506705 0.29063 0.491335
0 0.48440000000000005 0.397435 0.46824000000000005 0.397435 0.46824000000000005 0.41652500000000003 0.48440000000000005 0.41652500000000003 0.48440000000000005 0.397435
0 0.40123499999999995 0.50485 0.380025 0.50485 0.380025 0.52249 0.40123499999999995 0.52249 0.40123499999999995 0.50485
0 0.29646 0.557875 0.25822 0.557875 0.25822 0.593485 0.29646 0.593485 0.29646 0.557875
9 0 0.645 0.007000000000000001 0.647 0.016 0.646 0.027000000000000003 0.634 0.026000000000000002 0.629 0.011 0.624 0.005 0.617 0.007000000000000001 0.606 0.038 0.593 0.068 0.591 0.2 0.616 0.27599999999999997 0.641 0.335 0.639 0.438 0.661 0.472 0.6639999999999999 0.604 0.6599999999999999 0.658 0.649 0.724 0.621 0.755 0.601 0.794 0.5660000000000001 0.857 0.52 0.8886670000000001 0.518 0.999 0.528 0.999 0.504 0.876 0.485 0.7889999999999999 0.41600000000000004 0.688 0.365 0.639 0.356 0.5660000000000001 0.352 0.485 0.361 0.124 0.45199999999999996 0.022 0.491 0 0.504 0 0.645