0 0.404 0.32799999999999996 0.329 0.32799999999999996 0.329 0.42400000000000004 0.404 0.42400000000000004 0.404 0.32799999999999996
0 0.41967999999999994 0.32938 0.34448 0.32938 0.34448 0.41916000000000003 0.41967999999999994 0.41916000000000003 0.41967999999999994 0.32938
0 0.22668499999999997 0.499695 0.10827500000000001 0.499695 0.10827500000000001 0.6428849999999999 0.22668499999999997 0.6428849999999999 0.22668499999999997 0.499695
0 0.192475 0.53766 0.115385 0.53766 0.115385 0.59516 0.192475 0.59516 0.192475 0.53766
0 0.40082000000000007 0.30273 0.25104000000000004 0.30273 0.25104000000000004 0.46435000000000004 0.40082000000000007 0.46435000000000004 0.40082000000000007 0.30273
0 0.167425 0.49029999999999996 0.005555 0.49029999999999996 0.005555 0.6474 0.167425 0.6474 0.167425 0.49029999999999996
0 0.157285 0.29003999999999996 0.001155 0.29003999999999996 0.001155 0.4751 0.157285 0.4751 0.157285 0.29003999999999996
0 0.42852499999999993 0.47803000000000007 0.183775 0.47803000000000007 0.183775 0.65869 0.42852499999999993 0.65869 0.42852499999999993 0.47803000000000007
0 0.28802500000000003 0.292295 0.163395 0.292295 0.163395 0.46258499999999997 0.28802500000000003 0.46258499999999997 0.28802500000000003 0.292295
0 0.5601200000000001 0.337615 0.47504 0.337615 0.47504 0.445585 0.5601200000000001 0.445585 0.5601200000000001 0.337615
0 0.516025 0.470155 0.40439499999999995 0.470155 0.40439499999999995 0.5816049999999999 0.516025 0.5816049999999999 0.516025 0.470155
0 0.576175 0.30566 0.344245 0.30566 0.344245 0.5898399999999999 0.576175 0.5898399999999999 0.576175 0.30566
0 0.09587 0.375915 0.04317 0.375915 0.04317 0.421445 0.09587 0.421445 0.09587 0.375915
0 0.5035700000000001 0.331965 0.46224999999999994 0.331965 0.46224999999999994 0.36529500000000004 0.5035700000000001 0.36529500000000004 0.5035700000000001 0.331965
0 0.091795 0.50107 0.033565 0.50107 0.033565 0.5575300000000001 0.091795 0.5575300000000001 0.091795 0.50107
0 0.32971 0.48642 0.19421 0.48642 0.19421 0.58194 0.32971 0.58194 0.32971 0.48642
0 0.054905 0.49396000000000007 0.001315 0.49396000000000007 0.001315 0.6027199999999999 0.054905 0.6027199999999999 0.054905 0.49396000000000007
0 0.51449 0.539615 0.48013000000000006 0.539615 0.48013000000000006 0.5756249999999999 0.51449 0.5756249999999999 0.51449 0.539615
0 0.414335 0.27824 0.355685 0.27824 0.355685 0.32576 0.414335 0.32576 0.414335 0.27824
0 0.6094999999999999 0.47207499999999997 0.51746 0.47207499999999997 0.51746 0.556245 0.6094999999999999 0.556245 0.6094999999999999 0.47207499999999997
0 0.20528 0.62337 0.17972 0.62337 0.17972 0.64617 0.20528 0.64617 0.20528 0.62337
0 0.32284999999999997 0.41730999999999996 0.23575 0.41730999999999996 0.23575 0.47575 0.32284999999999997 0.47575 0.32284999999999997 0.41730999999999996
0 0.8115500000000001 0.429825 0.7773100000000001 0.429825 0.7773100000000001 0.44859499999999997 0.8115500000000001 0.44859499999999997 0.8115500000000001 0.429825
0 0.40759 0.27429000000000003 0.0030499999999999998 0.27429000000000003 0.0030499999999999998 0.65979 0.40759 0.65979 0.40759 0.27429000000000003
0 0.86539 0.43865999999999994 0.80747 0.43865999999999994 0.80747 0.47736 0.86539 0.47736 0.86539 0.43865999999999994
0 0.41092500000000004 0.318265 0.35519500000000004 0.318265 0.35519500000000004 0.35067499999999996 0.41092500000000004 0.35067499999999996 0.41092500000000004 0.318265
0 0.9626950000000001 0.41545 0.9084049999999999 0.41545 0.9084049999999999 0.43661000000000005 0.9626950000000001 0.43661000000000005 0.9626950000000001 0.41545
0 0.9727750000000001 0.405335 0.770385 0.405335 0.770385 0.439885 0.9727750000000001 0.439885 0.9727750000000001 0.405335
0 0.94037 0.386175 0.89459 0.386175 0.89459 0.409245 0.94037 0.409245 0.94037 0.386175
0 0.56167 0.541365 0.5037499999999999 0.541365 0.5037499999999999 0.5816749999999999 0.56167 0.5816749999999999 0.56167 0.541365
0 0.6514249999999999 0.4314 0.465755 0.4314 0.465755 0.46900000000000003 0.6514249999999999 0.46900000000000003 0.6514249999999999 0.4314
0 0.392575 0.4523 0.013184999999999999 0.4523 0.013184999999999999 0.50522 0.392575 0.50522 0.392575 0.4523
0 0.48319999999999996 0.436175 0.46748 0.436175 0.46748 0.45738500000000004 0.48319999999999996 0.45738500000000004 0.48319999999999996 0.436175
0 0.587465 0.454115 0.5258149999999999 0.454115 0.5258149999999999 0.48484499999999997 0.587465 0.48484499999999997 0.587465 0.454115
0 0.624485 0.39552 0.595235 0.39552 0.595235 0.45603999999999995 0.624485 0.45603999999999995 0.624485 0.39552
0 0.9756750000000001 0.419935 0.9618249999999999 0.419935 0.9618249999999999 0.43162500000000004 0.9756750000000001 0.43162500000000004 0.9756750000000001 0.419935
0 0.36816499999999996 0.317625 0.331055 0.317625 0.331055 0.358155 0.36816499999999996 0.358155 0.36816499999999996 0.317625
0 0.598555 0.376845 0.570385 0.376845 0.570385 0.398055 0.598555 0.398055 0.598555 0.376845
0 0.8626099999999999 0.37921499999999997 0.66669 0.37921499999999997 0.66669 0.431825 0.8626099999999999 0.431825 0.8626099999999999 0.37921499999999997
0 0.8785700000000001 0.461175 0.8186899999999999 0.461175 0.8186899999999999 0.48316499999999996 0.8785700000000001 0.48316499999999996 0.8785700000000001 0.461175
0 0.74725 0.39792 0.6707099999999999 0.39792 0.6707099999999999 0.4307 0.74725 0.4307 0.74725 0.39792
0 0.44032 0.61768 0.40684 0.61768 0.40684 0.64306 0.44032 0.64306 0.44032 0.61768
0 0.65317 0.39303499999999997 0.5685100000000001 0.39303499999999997 0.5685100000000001 0.46438499999999994 0.65317 0.46438499999999994 0.65317 0.39303499999999997
0 0.52093 0.39702000000000004 0.50447 0.39702000000000004 0.50447 0.41596 0.52093 0.41596 0.52093 0.39702000000000004
0 0.632505 0.53557 0.5149549999999999 0.53557 0.5149549999999999 0.59139 0.632505 0.59139 0.632505 0.53557
0 0.128415 0.461165 0.005245 0.461165 0.005245 0.508075 0.128415 0.508075 0.128415 0.461165
0 0.37283499999999997 0.25982 0.307345 0.25982 0.307345 0.27924000000000004 0.37283499999999997 0.27924000000000004 0.37283499999999997 0.25982
0 0.31155 0.30459 0.29051 0.30459 0.29051 0.32284999999999997 0.31155 0.32284999999999997 0.31155 0.30459
0 0.9894700000000001 0.45387000000000005 0.97439 0.45387000000000005 0.97439 0.46848999999999996 0.9894700000000001 0.46848999999999996 0.9894700000000001 0.45387000000000005
0 0.8287699999999999 0.45937 0.79233 0.45937 0.79233 0.49033 0.8287699999999999 0.49033 0.8287699999999999 0.45937
0 0.605375 0.41172000000000003 0.5694250000000001 0.41172000000000003 0.5694250000000001 0.43642000000000003 0.605375 0.43642000000000003 0.605375 0.41172000000000003
0 0.543355 0.331105 0.527925 0.331105 0.527925 0.340775 0.543355 0.340775 0.543355 0.331105
0 0.6487149999999999 0.520285 0.6266849999999999 0.520285 0.6266849999999999 0.550035 0.6487149999999999 0.550035 0.6487149999999999 0.520285
0 0.6448699999999999 0.498325 0.56021 0.498325 0.56021 0.5651550000000001 0.6448699999999999 0.5651550000000001 0.6448699999999999 0.498325
0 0.511355 0.314085 0.418825 0.314085 0.418825 0.432495 0.511355 0.432495 0.511355 0.314085
0 0.564345 0.46893 0.530375 0.46893 0.530375 0.49249 0.564345 0.49249 0.564345 0.46893
0 0.54994 0.5263950000000001 0.53404 0.5263950000000001 0.53404 0.539025 0.54994 0.539025 0.54994 0.5263950000000001
0 0.5302749999999999 0.412075 0.486325 0.412075 0.486325 0.444365 0.5302749999999999 0.444365 0.5302749999999999 0.412075
0 0.544405 0.5609 0.5239550000000001 0.5609 0.5239550000000001 0.5768 0.544405 0.5768 0.544405 0.5609
0 0.65056 0.358525 0.60042 0.358525 0.60042 0.43591499999999994 0.65056 0.43591499999999994 0.65056 0.358525
0 0.937235 0.481505 0.907485 0.481505 0.907485 0.49457500000000004 0.937235 0.49457500000000004 0.937235 0.481505
0 0.063075 0.37561 0.051065000000000006 0.37561 0.051065000000000006 0.38513000000000003 0.063075 0.38513000000000003 0.063075 0.37561
0 0.357085 0.613155 0.332855 0.613155 0.332855 0.645625 0.357085 0.645625 0.357085 0.613155
0 0.98999 0.401645 0.58813 0.401645 0.58813 0.46457499999999996 0.98999 0.46457499999999996 0.98999 0.401645
0 0.541605 0.57672 0.484755 0.57672 0.484755 0.6088199999999999 0.541605 0.6088199999999999 0.541605 0.57672
0 0.623895 0.33908 0.549925 0.33908 0.549925 0.40750000000000003 0.623895 0.40750000000000003 0.623895 0.33908
0 0.91899 0.42561 0.8651899999999999 0.42561 0.8651899999999999 0.46843 0.91899 0.46843 0.91899 0.42561
0 0.43313499999999994 0.291775 0.324185 0.291775 0.324185 0.366425 0.43313499999999994 0.366425 0.43313499999999994 0.291775
0 0.29542 0.285395 0.25926 0.285395 0.25926 0.317625 0.29542 0.317625 0.29542 0.285395
0 0.40806 0.51201 0.39076 0.51201 0.39076 0.54561 0.40806 0.54561 0.40806 0.51201
0 0.37324999999999997 0.324505 0.35283000000000003 0.324505 0.35283000000000003 0.34591500000000003 0.37324999999999997 0.34591500000000003 0.37324999999999997 0.324505
0 0.3324 0.29168 0.30236 0.29168 0.30236 0.31916 0.3324 0.31916 0.3324 0.29168
0 0.27737500000000004 0.5693050000000001 0.156705 0.5693050000000001 0.156705 0.6513950000000001 0.27737500000000004 0.6513950000000001 0.27737500000000004 0.5693050000000001
0 0.8242800000000001 0.484305 0.7889999999999999 0.484305 0.7889999999999999 0.504955 0.8242800000000001 0.504955 0.8242800000000001 0.484305
0 0.23431000000000002 0.41601499999999997 0.22589 0.41601499999999997 0.22589 0.426265 0.23431000000000002 0.426265 0.23431000000000002 0.41601499999999997
0 0.6840499999999999 0.4638 0.65091 0.4638 0.65091 0.48884 0.6840499999999999 0.48884 0.6840499999999999 0.4638
0 0.423655 0.331385 0.403485 0.331385 0.403485 0.354155 0.423655 0.354155 0.423655 0.331385
0 0.47265499999999994 0.5516650000000001 0.433105 0.5516650000000001 0.433105 0.579195 0.47265499999999994 0.579195 0.47265499999999994 0.5516650000000001
0 0.9789999999999999 0.41814999999999997 0.0083 0.41814999999999997 0.0083 0.5017699999999999 0.9789999999999999 0.5017699999999999 0.9789999999999999 0.41814999999999997
0 0.54759 0.298815 0.48561 0.298815 0.48561 0.340345 0.54759 0.340345 0.54759 0.298815
0 0.639645 0.41300499999999996 0.620115 0.41300499999999996 0.620115 0.43465499999999996 0.639645 0.43465499999999996 0.639645 0.41300499999999996
0 0.710755 0.52319 0.6369049999999999 0.52319 0.6369049999999999 0.56665 0.710755 0.56665 0.710755 0.52319
9 0.227 0.673 0.324 0.6799999999999999 0.352 0.6799999999999999 0.39 0.673 0.42000000000000004 0.6599999999999999 0.45499999999999996 0.632 0.48200000000000004 0.618 0.518 0.611 0.5690000000000001 0.5900000000000001 0.609 0.5860000000000001 0.669 0.5650000000000001 0.71 0.5589999999999999 0.7849999999999999 0.517 0.8109999999999999 0.509 0.833 0.489 0.841 0.487 0.9 0.489 0.909 0.496 0.9109999999999999 0.507 0.93 0.52 0.9410000000000001 0.523 0.984 0.521 0.999 0.526 0.998 0.388 0.9470000000000001 0.375 0.898 0.372 0.8560000000000001 0.379 0.819 0.376 0.773 0.389 0.748 0.391 0.725 0.40199999999999997 0.714 0.40199999999999997 0.705 0.395 0.701 0.378 0.686 0.358 0.6639999999999999 0.341 0.591 0.324 0.524 0.28700000000000003 0.492 0.274 0.454 0.265 0.367 0.26 0.271 0.262 0.20600000000000002 0.275 0.155 0.29 0.099 0.314 0.001 0.368 0 0.5980000000000001 0.119 0.649 0.157 0.661 0.227 0.673