0 0.40964 0.37275 0.324 0.37275 0.324 0.45653 0.40964 0.45653 0.40964 0.37275
0 0.24672 0.42884500000000003 0.21056 0.42884500000000003 0.21056 0.452495 0.24672 0.452495 0.24672 0.42884500000000003
0 0.335465 0.400615 0.27537500000000004 0.400615 0.27537500000000004 0.45582500000000004 0.335465 0.45582500000000004 0.335465 0.400615
0 0.35107 0.39531499999999997 0.32765 0.39531499999999997 0.32765 0.418645 0.35107 0.418645 0.35107 0.39531499999999997
0 0.407625 0.34701499999999996 0.344815 0.34701499999999996 0.344815 0.416165 0.407625 0.416165 0.407625 0.34701499999999996
0 0.36019 0.374255 0.33903 0.374255 0.33903 0.396245 0.36019 0.396245 0.36019 0.374255
0 0.430955 0.48874000000000006 0.388385 0.48874000000000006 0.388385 0.51322 0.430955 0.51322 0.430955 0.48874000000000006
0 0.331825 0.38947 0.30245500000000003 0.38947 0.30245500000000003 0.41375 0.331825 0.41375 0.331825 0.38947
0 0.07208 0.46967 0.045219999999999996 0.46967 0.045219999999999996 0.49322999999999995 0.07208 0.49322999999999995 0.07208 0.46967
0 0.13308 0.435245 0.10984000000000001 0.435245 0.10984000000000001 0.46075499999999997 0.13308 0.46075499999999997 0.13308 0.435245
0 0.058495 0.484875 0.043125000000000004 0.484875 0.043125000000000004 0.498045 0.058495 0.498045 0.058495 0.484875
0 0.35119500000000003 0.49372999999999995 0.312865 0.49372999999999995 0.312865 0.51701 0.35119500000000003 0.51701 0.35119500000000003 0.49372999999999995
0 0.371775 0.363865 0.351865 0.363865 0.351865 0.382235 0.371775 0.382235 0.371775 0.363865
0 0.087435 0.46786000000000005 0.06698499999999999 0.46786000000000005 0.06698499999999999 0.48478000000000004 0.087435 0.48478000000000004 0.087435 0.46786000000000005
0 0.18632500000000002 0.40354999999999996 0.14863500000000002 0.40354999999999996 0.14863500000000002 0.44557 0.18632500000000002 0.44557 0.18632500000000002 0.40354999999999996
9 0.051000000000000004 0.533 0.08199999999999999 0.51 0.095 0.507 0.11399999999999999 0.495 0.126 0.481 0.128 0.46900000000000003 0.13799999999999998 0.462 0.146 0.462 0.16399999999999998 0.481 0.22000000000000003 0.485 0.24500000000000002 0.491 0.266 0.513 0.294 0.52 0.303 0.532 0.314 0.523 0.34199999999999997 0.524 0.352 0.515 0.364 0.529 0.369 0.592 0.38 0.606 0.396 0.61 0.44699999999999995 0.61 0.496 0.626 0.564 0.629 0.649 0.622 0.747 0.5940000000000001 0.828 0.583 0.857 0.5700000000000001 0.9380000000000001 0.512 0.962 0.504 0.999 0.501 0.999 0.461 0.9630000000000001 0.45 0.818 0.34900000000000003 0.741 0.311 0.708 0.3 0.636 0.28500000000000003 0.5389999999999999 0.27999999999999997 0.477 0.281 0.43499999999999994 0.28700000000000003 0.394 0.301 0.367 0.315 0.312 0.361 0.281 0.4 0.2 0.41500000000000004 0.177 0.40199999999999997 0.16299999999999998 0.399 0.122 0.413 0.05 0.458 0.012 0.501 0.01 0.507 0.024 0.524 0.025 0.5309999999999999 0.051000000000000004 0.533