0 0.668975 0.3684 0.620405 0.3684 0.620405 0.42884 0.668975 0.42884 0.668975 0.3684
0 0.449265 0.338675 0.41255499999999995 0.338675 0.41255499999999995 0.382525 0.449265 0.382525 0.449265 0.338675
0 0.6468499999999999 0.63142 0.61487 0.63142 0.61487 0.67424 0.6468499999999999 0.67424 0.6468499999999999 0.63142
0 0.41964499999999993 0.40396 0.385035 0.40396 0.385035 0.44905999999999996 0.41964499999999993 0.44905999999999996 0.41964499999999993 0.40396
0 0.7266250000000001 0.599055 0.693295 0.599055 0.693295 0.631405 0.7266250000000001 0.631405 0.7266250000000001 0.599055
0 0.79975 0.434795 0.76861 0.434795 0.76861 0.46070500000000003 0.79975 0.46070500000000003 0.79975 0.434795
0 0.35319500000000004 0.359815 0.310865 0.359815 0.310865 0.397505 0.35319500000000004 0.397505 0.35319500000000004 0.359815
0 0.5626599999999999 0.61152 0.54378 0.61152 0.54378 0.6414 0.5626599999999999 0.6414 0.5626599999999999 0.61152
0 0.850845 0.45067 0.820055 0.45067 0.820055 0.47609 0.850845 0.47609 0.850845 0.45067
0 0.5900000000000001 0.659865 0.5584399999999999 0.659865 0.5584399999999999 0.690715 0.5900000000000001 0.690715 0.5900000000000001 0.659865
0 0.545115 0.667775 0.5252049999999999 0.667775 0.5252049999999999 0.698445 0.545115 0.698445 0.545115 0.667775
0 0.23352499999999998 0.347225 0.20105499999999998 0.347225 0.20105499999999998 0.38177500000000003 0.23352499999999998 0.38177500000000003 0.23352499999999998 0.347225
0 0.9913299999999999 0.47436 0.96179 0.47436 0.96179 0.50952 0.9913299999999999 0.50952 0.9913299999999999 0.47436
0 0.5510550000000001 0.37225 0.5290250000000001 0.37225 0.5290250000000001 0.40509000000000006 0.5510550000000001 0.40509000000000006 0.5510550000000001 0.37225
0 0.39909500000000003 0.046450000000000005 0.387045 0.046450000000000005 0.387045 0.05627 0.39909500000000003 0.05627 0.39909500000000003 0.046450000000000005
0 0.9564450000000001 0.47801 0.935155 0.47801 0.935155 0.50783 0.9564450000000001 0.50783 0.9564450000000001 0.47801
0 0.89232 0.44769 0.86646 0.44769 0.86646 0.47125000000000006 0.89232 0.47125000000000006 0.89232 0.44769
0 1 0.492155 0.9855600000000001 0.492155 0.9855600000000001 0.5234650000000001 1 0.5234650000000001 1 0.492155
0 0.6316550000000001 0.34201000000000004 0.6076050000000001 0.34201000000000004 0.6076050000000001 0.36893 0.6316550000000001 0.36893 0.6316550000000001 0.34201000000000004
0 0.540335 0.06556999999999999 0.532905 0.06556999999999999 0.532905 0.07504999999999999 0.540335 0.07504999999999999 0.540335 0.06556999999999999
0 0.82193 0.60317 0.80209 0.60317 0.80209 0.63805 0.82193 0.63805 0.82193 0.60317
0 0.485905 0.303105 0.46721500000000005 0.303105 0.46721500000000005 0.328235 0.485905 0.328235 0.485905 0.303105
0 0.842195 0.416235 0.8316250000000001 0.416235 0.8316250000000001 0.43142500000000006 0.842195 0.43142500000000006 0.842195 0.416235
0 0.39758499999999997 0.435795 0.38415499999999997 0.435795 0.38415499999999997 0.45238500000000004 0.39758499999999997 0.45238500000000004 0.39758499999999997 0.435795
0 0.375145 0.5159 0.359715 0.5159 0.359715 0.54074 0.375145 0.54074 0.375145 0.5159
0 0.981765 0.21457 0.971355 0.21457 0.971355 0.22439 0.981765 0.22439 0.981765 0.21457
0 0.83856 0.018834999999999998 0.8294 0.018834999999999998 0.8294 0.025145 0.83856 0.025145 0.83856 0.018834999999999998
9 0.16999999999999998 0.713 0.254 0.748 0.335 0.76 0.45599999999999996 0.765 0.49400000000000005 0.76 0.5309999999999999 0.745 0.9119999999999999 0.744 0.999 0.738 0.999 0.44000000000000006 0.986 0.44299999999999995 0.96 0.46399999999999997 0.8939999999999999 0.472 0.89 0.46900000000000003 0.89 0.442 0.868 0.41200000000000003 0.8240000000000001 0.377 0.773 0.351 0.724 0.33599999999999997 0.549 0.31 0.49400000000000005 0.296 0.41600000000000004 0.292 0.308 0.296 0.16499999999999998 0.308 0.13899999999999998 0.314 0.086 0.33999999999999997 0.001 0.4 0 0.6 0.037 0.637 0.068 0.6599999999999999 0.16999999999999998 0.713