0 0.489 0.352 0.4 0.352 0.4 0.42699999999999994 0.489 0.42699999999999994 0.489 0.352
0 0.45926999999999996 0.353145 0.39716999999999997 0.353145 0.39716999999999997 0.423215 0.45926999999999996 0.423215 0.45926999999999996 0.353145
0 0.36738499999999996 0.37453 0.309375 0.37453 0.309375 0.42723000000000005 0.36738499999999996 0.42723000000000005 0.36738499999999996 0.37453
0 0.419615 0.478365 0.385065 0.478365 0.385065 0.529455 0.419615 0.529455 0.419615 0.478365
0 0.354945 0.460025 0.278835 0.460025 0.278835 0.5468149999999999 0.354945 0.5468149999999999 0.354945 0.460025
0 0.21826500000000001 0.513 0.18945499999999998 0.513 0.18945499999999998 0.5602400000000001 0.21826500000000001 0.5602400000000001 0.21826500000000001 0.513
0 0.5126649999999999 0.35339 0.464875 0.35339 0.464875 0.42882999999999993 0.5126649999999999 0.42882999999999993 0.5126649999999999 0.35339
0 0.353825 0.50827 0.312195 0.50827 0.312195 0.54739 0.353825 0.54739 0.353825 0.50827
0 0.8850199999999999 0.498585 0.83958 0.498585 0.83958 0.537555 0.8850199999999999 0.537555 0.8850199999999999 0.498585
0 0.51106 0.43895999999999996 0.46696 0.43895999999999996 0.46696 0.47314 0.51106 0.47314 0.51106 0.43895999999999996
0 0.6177349999999999 0.383445 0.534605 0.383445 0.534605 0.440295 0.6177349999999999 0.440295 0.6177349999999999 0.383445
0 0.76852 0.5039049999999999 0.71292 0.5039049999999999 0.71292 0.546875 0.76852 0.546875 0.76852 0.5039049999999999
0 0.126635 0.40455500000000005 0.088945 0.40455500000000005 0.088945 0.43528500000000003 0.126635 0.43528500000000003 0.126635 0.40455500000000005
0 0.39758499999999997 0.31484999999999996 0.306035 0.31484999999999996 0.306035 0.42783 0.39758499999999997 0.42783 0.39758499999999997 0.31484999999999996
0 0.8655250000000001 0.52263 0.8161149999999999 0.52263 0.8161149999999999 0.56331 0.8655250000000001 0.56331 0.8655250000000001 0.52263
0 0.15372 0.377285 0.10311999999999999 0.377285 0.10311999999999999 0.40981500000000004 0.15372 0.40981500000000004 0.15372 0.377285
0 0.7548199999999999 0.43413 0.7276 0.43413 0.7276 0.46089 0.7548199999999999 0.46089 0.7548199999999999 0.43413
0 0.762835 0.510075 0.737165 0.510075 0.737165 0.528985 0.762835 0.528985 0.762835 0.510075
0 0.44565 0.30693000000000004 0.39615 0.30693000000000004 0.39615 0.35811000000000004 0.44565 0.35811000000000004 0.44565 0.30693000000000004
0 0.7776099999999999 0.479295 0.74779 0.479295 0.74779 0.509965 0.7776099999999999 0.509965 0.7776099999999999 0.479295
0 0.277485 0.49942000000000003 0.22789500000000001 0.49942000000000003 0.22789500000000001 0.5513600000000001 0.277485 0.5513600000000001 0.277485 0.49942000000000003
0 0.477325 0.44553000000000004 0.433315 0.44553000000000004 0.433315 0.49295 0.477325 0.49295 0.477325 0.44553000000000004
0 0.8219150000000001 0.45265500000000003 0.773785 0.45265500000000003 0.773785 0.492665 0.8219150000000001 0.492665 0.8219150000000001 0.45265500000000003
0 0.44923 0.4505 0.39891 0.4505 0.39891 0.51434 0.44923 0.51434 0.44923 0.4505
0 0.50388 0.441555 0.38967999999999997 0.441555 0.38967999999999997 0.5433049999999999 0.50388 0.5433049999999999 0.50388 0.441555
0 0.41681 0.52798 0.39081 0.52798 0.39081 0.54722 0.41681 0.54722 0.41681 0.52798
0 0.87354 0.4545 0.7202200000000001 0.4545 0.7202200000000001 0.55918 0.87354 0.55918 0.87354 0.4545
0 0.507465 0.35019 0.485215 0.35019 0.485215 0.38222999999999996 0.507465 0.38222999999999996 0.507465 0.35019
0 0.8112199999999999 0.47465999999999997 0.7854599999999999 0.47465999999999997 0.7854599999999999 0.49164 0.8112199999999999 0.49164 0.8112199999999999 0.47465999999999997
0 0.47307 0.48409500000000005 0.44393000000000005 0.48409500000000005 0.44393000000000005 0.512005 0.47307 0.512005 0.47307 0.48409500000000005
0 0.6076699999999999 0.3103 0.17017 0.3103 0.17017 0.56714 0.6076699999999999 0.56714 0.6076699999999999 0.3103
0 0.568495 0.27135 0.547725 0.27135 0.547725 0.28725 0.568495 0.28725 0.568495 0.27135
0 0.37851 0.326955 0.34561000000000003 0.326955 0.34561000000000003 0.36250499999999997 0.37851 0.36250499999999997 0.37851 0.326955
0 0.132295 0.3895 0.043485 0.3895 0.043485 0.47817999999999994 0.132295 0.47817999999999994 0.132295 0.3895
0 0.44726499999999997 0.48548 0.414555 0.48548 0.414555 0.51452 0.44726499999999997 0.51452 0.44726499999999997 0.48548
0 0.305095 0.46007999999999993 0.281325 0.46007999999999993 0.281325 0.47938000000000003 0.305095 0.47938000000000003 0.305095 0.46007999999999993
0 0.274265 0.51927 0.246735 0.51927 0.246735 0.54323 0.274265 0.54323 0.274265 0.51927
0 0.34989 0.492695 0.33077 0.492695 0.33077 0.514145 0.34989 0.514145 0.34989 0.492695
0 0.32645 0.49769500000000005 0.29807 0.49769500000000005 0.29807 0.518905 0.32645 0.518905 0.32645 0.49769500000000005
0 0.399205 0.34775999999999996 0.38497499999999996 0.34775999999999996 0.38497499999999996 0.36366 0.399205 0.36366 0.399205 0.34775999999999996
0 0.11185 0.5034500000000001 0.09421 0.5034500000000001 0.09421 0.5209699999999999 0.11185 0.5209699999999999 0.11185 0.5034500000000001
9 0.11200000000000002 0.597 0.133 0.61 0.155 0.61 0.16799999999999998 0.5940000000000001 0.19 0.596 0.22799999999999998 0.607 0.324 0.601 0.371 0.593 0.841 0.595 0.86 0.611 0.999 0.671 0.999 0.642 0.925 0.517 0.899 0.493 0.8720000000000001 0.477 0.8220000000000001 0.425 0.7769999999999999 0.388 0.728 0.359 0.67 0.337 0.5940000000000001 0.324 0.553 0.321 0.53 0.31 0.499 0.304 0.49400000000000005 0.3 0.41900000000000004 0.302 0.385 0.311 0.37 0.31 0.339 0.29700000000000004 0.288 0.29300000000000004 0.21200000000000002 0.304 0.182 0.315 0.135 0.341 0.093 0.388 0.002 0.46799999999999997 0 0.517 0.11000000000000001 0.579 0.11599999999999999 0.587 0.11200000000000002 0.597