0 0.417 0.41 0.325 0.41 0.325 0.48 0.417 0.48 0.417 0.41
0 0.415771484375 0.5375366203125 0.229248046875 0.5375366203125 0.229248046875 0.6753540046875 0.415771484375 0.6753540046875 0.415771484375 0.5375366203125
0 0.2163391109375 0.4664306640625 0.1474304203125 0.4664306640625 0.1474304203125 0.5267333984375 0.2163391109375 0.5267333984375 0.2163391109375 0.4664306640625
0 0.30419921875 0.4908447265625 0.25048828125 0.4908447265625 0.25048828125 0.5306396484375 0.30419921875 0.5306396484375 0.30419921875 0.4908447265625
0 0.3309173578125 0.386779784375 0.270156859375 0.386779784375 0.270156859375 0.4501342765625 0.3309173578125 0.4501342765625 0.3309173578125 0.386779784375
0 0.22062683125000002 0.55018615625 0.16120910625 0.55018615625 0.16120910625 0.5875091546875 0.22062683125000002 0.5875091546875 0.22062683125000002 0.55018615625
0 0.2310791015625 0.6117858890625001 0.1556396484375 0.6117858890625001 0.1556396484375 0.6518859859374999 0.2310791015625 0.6518859859374999 0.2310791015625 0.6117858890625001
0 0.0337371828125 0.513610840625 0.0022430421874999997 0.513610840625 0.0022430421874999997 0.568420409375 0.0337371828125 0.568420409375 0.0337371828125 0.513610840625
0 0.09999084531249999 0.5610656734374999 0.04417419375 0.5610656734374999 0.04417419375 0.5981140140625001 0.09999084531249999 0.5981140140625001 0.09999084531249999 0.5610656734374999
0 0.160736084375 0.45849609375 0.128326415625 0.45849609375 0.128326415625 0.47998046875 0.160736084375 0.47998046875 0.160736084375 0.45849609375
0 0.33919525156249997 0.37839508125 0.32291412343750003 0.37839508125 0.32291412343750003 0.39406585625 0.33919525156249997 0.39406585625 0.33919525156249997 0.37839508125
0 0.6114807124999999 0.53466796875 0.5262146000000001 0.53466796875 0.5262146000000001 0.66455078125 0.6114807124999999 0.66455078125 0.6114807124999999 0.53466796875
0 0.6209106453125 0.343811034375 0.44647216875 0.343811034375 0.44647216875 0.4887084953125 0.6209106453125 0.4887084953125 0.6209106453125 0.343811034375
9 0 0.7230000000000001 0.999 0.7230000000000001 0.999 0.323 0 0.323 0 0.7230000000000001
0 0.3416519171875 0.3628540046875 0.3297348015625 0.3628540046875 0.3297348015625 0.374450684375 0.3416519171875 0.374450684375 0.3416519171875 0.3628540046875
0 0.09999084531249999 0.494461059375 0.0511322015625 0.494461059375 0.0511322015625 0.5182342531249999 0.09999084531249999 0.5182342531249999 0.09999084531249999 0.494461059375
0 0.299583434375 0.637191771875 0.2795181265625 0.637191771875 0.2795181265625 0.656753540625 0.299583434375 0.656753540625 0.299583434375 0.637191771875
0 0.047500609375 0.5091094968750001 0.0237274171875 0.5091094968750001 0.0237274171875 0.5289764406249999 0.047500609375 0.5289764406249999 0.047500609375 0.5091094968750001
0 0.147834778125 0.544296265625 0.128044128125 0.544296265625 0.128044128125 0.563125609375 0.147834778125 0.563125609375 0.147834778125 0.544296265625
0 0.16458892812499998 0.5125579828125 0.14424896250000002 0.5125579828125 0.14424896250000002 0.5304107671875 0.16458892812499998 0.5304107671875 0.16458892812499998 0.5125579828125
0 0.3807487484375 0.35015678437500003 0.37169265625 0.35015678437500003 0.37169265625 0.35785102812499997 0.3807487484375 0.35785102812499997 0.3807487484375 0.35015678437500003
0 0.172695159375 0.6352577203124999 0.16153335625 0.6352577203124999 0.16153335625 0.6440391546875001 0.172695159375 0.6440391546875001 0.172695159375 0.6352577203124999
0 0.4019317625 0.531135559375 0.36369323750000004 0.531135559375 0.36369323750000004 0.561637878125 0.4019317625 0.561637878125 0.4019317625 0.531135559375
0 0.41334152187499995 0.36826705937500004 0.398670196875 0.36826705937500004 0.398670196875 0.38222122187499996 0.41334152187499995 0.38222122187499996 0.41334152187499995 0.36826705937500004
0 0.013591765624999998 0.4991302484375 0.00011062656250000001 0.4991302484375 0.00011062656250000001 0.5174713125 0.013591765624999998 0.5174713125 0.013591765624999998 0.4991302484375
0 0.811994553125 0.3532962796875 0.807146071875 0.3532962796875 0.807146071875 0.3586177828125 0.811994553125 0.3586177828125 0.811994553125 0.3532962796875
0 0.7054805765625 0.2634124765625 0.6997928625000001 0.2634124765625 0.6997928625000001 0.26930236875 0.7054805765625 0.26930236875 0.7054805765625 0.2634124765625
0 0.1924800875 0.8003005984374999 0.187158584375 0.8003005984374999 0.187158584375 0.8061447140625001 0.1924800875 0.8061447140625001 0.1924800875 0.8003005984374999
0 0.128087996875 0.677555084375 0.12240028437499999 0.677555084375 0.12240028437499999 0.683773040625 0.128087996875 0.683773040625 0.128087996875 0.677555084375
0 0.0263919828125 0.6364784234374999 0.0197505953125 0.6364784234374999 0.0197505953125 0.6437950125 0.0263919828125 0.6437950125 0.0263919828125 0.6364784234374999
0 0.489664078125 0.1030788421875 0.484945296875 0.1030788421875 0.484945296875 0.10920143125 0.489664078125 0.10920143125 0.489664078125 0.1030788421875
0 0.2687950125 0.19161224375000002 0.2634315484375 0.19161224375000002 0.2634315484375 0.19754791249999998 0.2687950125 0.19754791249999998 0.2687950125 0.19161224375000002
0 0.27325248750000003 0.36534309375 0.26825141874999997 0.36534309375 0.26825141874999997 0.37098503125 0.27325248750000003 0.37098503125 0.27325248750000003 0.36534309375
0 0.1415863046875 0.22130775468750002 0.13551330625 0.22130775468750002 0.13551330625 0.22644615156249998 0.1415863046875 0.22644615156249998 0.1415863046875 0.22130775468750002
0 0.3583240515625 0.9379425046875 0.3511486046875 0.9379425046875 0.3511486046875 0.9458465578125 0.3583240515625 0.9458465578125 0.3583240515625 0.9379425046875
0 0.1038856515625 0.7598190312499999 0.0992393484375 0.7598190312499999 0.0992393484375 0.7655715937500001 0.1038856515625 0.7655715937500001 0.1038856515625 0.7598190312499999
0 0.14718246562499998 0.9117050171875001 0.14188003437500002 0.9117050171875001 0.14188003437500002 0.9183731078124999 0.14718246562499998 0.9183731078124999 0.14718246562499998 0.9117050171875001
0 0.825592040625 0.40326118437499997 0.820892334375 0.40326118437499997 0.820892334375 0.40826225312500003 0.825592040625 0.40826225312500003 0.825592040625 0.40326118437499997
0 0.09151840156249999 0.6286010734375 0.08304214531250001 0.6286010734375 0.08304214531250001 0.6428833015625 0.09151840156249999 0.6428833015625 0.09151840156249999 0.6286010734375