0 0 0.45899999999999996 0.056999999999999995 0.46399999999999997 0.093 0.47300000000000003 0.17099999999999999 0.549 0.238 0.596 0.29300000000000004 0.624 0.39 0.6519999999999999 0.563 0.6679999999999999 0.575 0.6769999999999999 0.564 0.693 0.5690000000000001 0.7 0.5860000000000001 0.697 0.612 0.6759999999999999 0.67 0.6719999999999999 0.737 0.657 0.764 0.635 0.818 0.5650000000000001 0.857 0.5349999999999999 0.933 0.567 0.97 0.62 0.999 0.638 0.999 0.541 0.9730000000000001 0.523 0.951 0.483 0.9390000000000001 0.46900000000000003 0.915 0.45199999999999996 0.86 0.438 0.7809999999999999 0.394 0.747 0.366 0.735 0.33999999999999997 0.726 0.331 0.6990000000000001 0.313 0.6679999999999999 0.301 0.641 0.296 0.534 0.29900000000000004 0.465 0.29500000000000004 0.42699999999999994 0.3 0.392 0.318 0.33599999999999997 0.32599999999999996 0.294 0.34500000000000003 0.253 0.352 0.22000000000000003 0.363 0.11699999999999999 0.43 0.054000000000000006 0.433 0 0.429 0 0.45899999999999996
0 0.5313950000000001 0.5864 0.448405 0.5864 0.448405 0.6335200000000001 0.5313950000000001 0.6335200000000001 0.5313950000000001 0.5864
0 0.41974 0.310665 0.27216 0.310665 0.27216 0.391475 0.41974 0.391475 0.41974 0.310665
0 0.7317199999999999 0.32532 0.6159399999999999 0.32532 0.6159399999999999 0.38561999999999996 0.7317199999999999 0.38561999999999996 0.7317199999999999 0.32532
0 0.75085 0.56882 0.66711 0.56882 0.66711 0.63822 0.75085 0.63822 0.75085 0.56882
0 0.323685 0.339505 0.269575 0.339505 0.269575 0.390955 0.323685 0.390955 0.323685 0.339505
0 0.7626649999999999 0.33075 0.6416350000000001 0.33075 0.6416350000000001 0.45685000000000003 0.7626649999999999 0.45685000000000003 0.7626649999999999 0.33075
0 0.56934 0.311185 0.50586 0.311185 0.50586 0.382655 0.56934 0.382655 0.56934 0.311185
0 0.599745 0.59085 0.551615 0.59085 0.551615 0.64157 0.599745 0.64157 0.599745 0.59085
0 0.462315 0.60117 0.43808499999999995 0.60117 0.43808499999999995 0.6332099999999999 0.462315 0.6332099999999999 0.462315 0.60117
0 0.800965 0.47552000000000005 0.7390749999999999 0.47552000000000005 0.7390749999999999 0.52252 0.800965 0.52252 0.800965 0.47552000000000005
0 0.6329100000000001 0.352885 0.61513 0.352885 0.61513 0.380515 0.6329100000000001 0.380515 0.6329100000000001 0.352885
0 0.802585 0.532505 0.751135 0.532505 0.751135 0.571995 0.802585 0.571995 0.802585 0.532505
0 0.700885 0.6129800000000001 0.682895 0.6129800000000001 0.682895 0.63898 0.700885 0.63898 0.700885 0.6129800000000001