0 0.377 0.548 0.298 0.548 0.298 0.613 0.377 0.613 0.377 0.548
0 0.393525 0.54306 0.30227499999999996 0.54306 0.30227499999999996 0.60928 0.393525 0.60928 0.393525 0.54306
0 0.348995 0.5665549999999999 0.313105 0.5665549999999999 0.313105 0.6082449999999999 0.348995 0.6082449999999999 0.348995 0.5665549999999999
0 0.44323499999999993 0.47614 0.40344499999999994 0.47614 0.40344499999999994 0.50922 0.44323499999999993 0.50922 0.44323499999999993 0.47614
0 0.33323 0.59267 0.30203 0.59267 0.30203 0.6104499999999999 0.33323 0.6104499999999999 0.33323 0.59267
0 0.24577 0.548085 0.21076999999999999 0.548085 0.21076999999999999 0.573015 0.24577 0.573015 0.24577 0.548085
0 0.414645 0.49203 0.387115 0.49203 0.387115 0.50895 0.414645 0.50895 0.414645 0.49203
0 0.32094 0.54554 0.29037999999999997 0.54554 0.29037999999999997 0.5677399999999999 0.32094 0.5677399999999999 0.32094 0.54554
0 0.41089000000000003 0.5749500000000001 0.32593 0.5749500000000001 0.32593 0.66235 0.41089000000000003 0.66235 0.41089000000000003 0.5749500000000001
0 0.47442 0.423755 0.44404000000000005 0.423755 0.44404000000000005 0.454665 0.47442 0.454665 0.47442 0.423755
0 0.32847499999999996 0.568925 0.30140500000000003 0.568925 0.30140500000000003 0.599035 0.32847499999999996 0.599035 0.32847499999999996 0.568925
0 0.273015 0.55592 0.240665 0.55592 0.240665 0.58178 0.273015 0.58178 0.273015 0.55592
0 0.352815 0.63054 0.329305 0.63054 0.329305 0.64974 0.352815 0.64974 0.352815 0.63054
0 0.13446 0.52791 0.057920000000000006 0.52791 0.057920000000000006 0.58635 0.13446 0.58635 0.13446 0.52791
0 0.26095999999999997 0.567075 0.24344000000000002 0.567075 0.24344000000000002 0.586245 0.26095999999999997 0.586245 0.26095999999999997 0.567075
0 0.370455 0.54113 0.32876500000000003 0.54113 0.32876500000000003 0.5721499999999999 0.370455 0.5721499999999999 0.370455 0.54113
9 0.16899999999999998 0.605 0.198 0.589 0.20600000000000002 0.589 0.231 0.597 0.27999999999999997 0.603 0.28500000000000003 0.607 0.288 0.621 0.317 0.648 0.33199999999999996 0.6559999999999999 0.34199999999999997 0.6719999999999999 0.361 0.687 0.40599999999999997 0.71 0.48 0.729 0.622 0.722 0.6809999999999999 0.712 0.732 0.6980000000000001 0.8140000000000001 0.6599999999999999 0.95 0.5660000000000001 0.975 0.5519999999999999 0.999 0.5469999999999999 0.999 0.504 0.95 0.49800000000000005 0.925 0.488 0.866 0.43899999999999995 0.843 0.426 0.8039999999999999 0.41500000000000004 0.736 0.40800000000000003 0.6839999999999999 0.388 0.5519999999999999 0.373 0.491 0.378 0.45099999999999996 0.394 0.403 0.391 0.378 0.398 0.368 0.40700000000000003 0.366 0.45499999999999996 0.356 0.48 0.341 0.47400000000000003 0.319 0.47400000000000003 0.301 0.46799999999999997 0.286 0.481 0.268 0.484 0.24700000000000003 0.51 0.21400000000000002 0.519 0.16399999999999998 0.522 0.143 0.542 0.135 0.541 0.128 0.534 0.126 0.523 0.11399999999999999 0.505 0.089 0.493 0.071 0.492 0.061 0.484 0.025 0.479 0.012 0.495 0.011 0.507 0.05 0.5469999999999999 0.125 0.5940000000000001 0.16899999999999998 0.605