0 0.16999999999999998 0.554 0.119 0.554 0.119 0.583 0.16999999999999998 0.583 0.16999999999999998 0.554
0 0.372915 0.481795 0.345845 0.481795 0.345845 0.509905 0.372915 0.509905 0.372915 0.481795
0 0.0917 0.54196 0.04684 0.54196 0.04684 0.57718 0.0917 0.57718 0.0917 0.54196
0 0.19017 0.51989 0.17457 0.51989 0.17457 0.54261 0.19017 0.54261 0.19017 0.51989
0 0.267475 0.46672 0.241805 0.46672 0.241805 0.48250000000000004 0.267475 0.48250000000000004 0.267475 0.46672
0 0.090895 0.48018 0.070125 0.48018 0.070125 0.51982 0.090895 0.51982 0.090895 0.48018
0 0.609225 0.391895 0.563635 0.391895 0.563635 0.446005 0.609225 0.446005 0.609225 0.391895
0 0.516925 0.41212499999999996 0.492835 0.41212499999999996 0.492835 0.45359499999999997 0.516925 0.45359499999999997 0.516925 0.41212499999999996
0 0.315355 0.470685 0.30134500000000003 0.470685 0.30134500000000003 0.486355 0.315355 0.486355 0.315355 0.470685
0 0.11832000000000001 0.52199 0.10067999999999999 0.52199 0.10067999999999999 0.53759 0.11832000000000001 0.53759 0.11832000000000001 0.52199
0 0.815095 0.51537 0.800145 0.51537 0.800145 0.52955 0.815095 0.52955 0.815095 0.51537
0 0.329175 0.4239 0.31584500000000004 0.4239 0.31584500000000004 0.44134 0.329175 0.44134 0.329175 0.4239
0 0.026765 0.55067 0.012655 0.55067 0.012655 0.56457 0.026765 0.56457 0.026765 0.55067
0 0.362365 0.41349 0.351995 0.41349 0.351995 0.42977 0.362365 0.42977 0.362365 0.41349
0 0.18851500000000002 0.48685999999999996 0.17574499999999998 0.48685999999999996 0.17574499999999998 0.49850000000000005 0.18851500000000002 0.49850000000000005 0.18851500000000002 0.48685999999999996
0 0.15074 0.479065 0.13052 0.479065 0.13052 0.504335 0.15074 0.504335 0.15074 0.479065
0 0.01389 0.49458 0.00041000000000000005 0.49458 0.00041000000000000005 0.52202 0.01389 0.52202 0.01389 0.49458
0 0.24026999999999998 0.48080999999999996 0.22849 0.48080999999999996 0.22849 0.49429 0.24026999999999998 0.49429 0.24026999999999998 0.48080999999999996
0 0.030470000000000004 0.49489 0.00509 0.49489 0.00509 0.52269 0.030470000000000004 0.52269 0.030470000000000004 0.49489
0 0.075255 0.5893200000000001 0.051205 0.5893200000000001 0.051205 0.6079399999999999 0.075255 0.6079399999999999 0.075255 0.5893200000000001
0 0.11420999999999999 0.599155 0.09111 0.599155 0.09111 0.615685 0.11420999999999999 0.615685 0.11420999999999999 0.599155
0 0.185055 0.512275 0.174565 0.512275 0.174565 0.525805 0.185055 0.525805 0.185055 0.512275
9 0.123 0.6599999999999999 0.21600000000000003 0.6950000000000001 0.281 0.709 0.462 0.727 0.584 0.73 0.643 0.72 0.7150000000000001 0.6940000000000001 0.7809999999999999 0.658 0.796 0.643 0.8099999999999999 0.62 0.8619999999999999 0.502 0.9019999999999999 0.499 0.913 0.49000000000000005 0.9199999999999999 0.47000000000000003 0.9119999999999999 0.46299999999999997 0.8880000000000001 0.45999999999999996 0.842 0.471 0.8240000000000001 0.471 0.8089999999999999 0.465 0.794 0.45499999999999996 0.769 0.42699999999999994 0.716 0.352 0.7 0.344 0.686 0.343 0.648 0.348 0.564 0.372 0.541 0.372 0.484 0.362 0.41100000000000003 0.375 0.355 0.388 0.315 0.403 0.29 0.41500000000000004 0.229 0.45899999999999996 0.13799999999999998 0.471 0.127 0.45199999999999996 0.10900000000000001 0.449 0.001 0.484 0 0.589 0.026000000000000002 0.614 0.054000000000000006 0.618 0.123 0.6599999999999999