0 0.873 0.511 0.8089999999999999 0.511 0.8089999999999999 0.5660000000000001 0.873 0.5660000000000001 0.873 0.511
0 0.717185 0.611185 0.683215 0.611185 0.683215 0.638815 0.717185 0.638815 0.717185 0.611185
0 0.429695 0.437735 0.412585 0.437735 0.412585 0.452405 0.429695 0.452405 0.429695 0.437735
0 0.10295000000000001 0.408165 0.08845 0.408165 0.08845 0.422895 0.10295000000000001 0.422895 0.10295000000000001 0.408165
0 0.61075 0.51732 0.57871 0.51732 0.57871 0.5266200000000001 0.61075 0.5266200000000001 0.61075 0.51732
0 0.87605 0.502955 0.8583299999999999 0.502955 0.8583299999999999 0.521465 0.87605 0.521465 0.87605 0.502955
0 0.9747049999999999 0.46681 0.8905350000000001 0.46681 0.8905350000000001 0.52635 0.9747049999999999 0.52635 0.9747049999999999 0.46681
0 0.655635 0.63149 0.641245 0.63149 0.641245 0.65171 0.655635 0.65171 0.655635 0.63149
0 0.929505 0.48802500000000004 0.9103350000000001 0.48802500000000004 0.9103350000000001 0.502695 0.929505 0.502695 0.929505 0.48802500000000004
0 0.89114 0.483715 0.8744799999999999 0.483715 0.8744799999999999 0.49724500000000005 0.89114 0.49724500000000005 0.89114 0.483715
0 0.402035 0.709665 0.389465 0.709665 0.389465 0.724915 0.402035 0.724915 0.402035 0.709665
0 0.7912 0.55103 0.7156399999999999 0.55103 0.7156399999999999 0.6325700000000001 0.7912 0.6325700000000001 0.7912 0.55103
0 0.604455 0.655145 0.5918249999999999 0.655145 0.5918249999999999 0.671995 0.604455 0.671995 0.604455 0.655145
0 0.775495 0.38148499999999996 0.752825 0.38148499999999996 0.752825 0.400255 0.775495 0.400255 0.775495 0.38148499999999996
0 0.5717749999999999 0.693625 0.555185 0.693625 0.555185 0.703835 0.5717749999999999 0.703835 0.5717749999999999 0.693625
0 0.6122650000000001 0.55674 0.595735 0.55674 0.595735 0.57412 0.6122650000000001 0.57412 0.6122650000000001 0.55674
0 0.261075 0.369685 0.141265 0.369685 0.141265 0.49993499999999996 0.261075 0.49993499999999996 0.261075 0.369685
0 0.20789 0.3509 0.18883 0.3509 0.18883 0.36736 0.20789 0.36736 0.20789 0.3509
0 0.78974 0.5412 0.77568 0.5412 0.77568 0.55548 0.78974 0.55548 0.78974 0.5412
0 0.99157 0.46234000000000003 0.97523 0.46234000000000003 0.97523 0.47468000000000005 0.99157 0.47468000000000005 0.99157 0.46234000000000003
0 0.034865 0.5170600000000001 0.027174999999999998 0.5170600000000001 0.027174999999999998 0.52688 0.034865 0.52688 0.034865 0.5170600000000001
0 0.543615 0.6815 0.533525 0.6815 0.533525 0.6974 0.543615 0.6974 0.543615 0.6815
0 0.35127 0.494365 0.34453 0.494365 0.34453 0.502715 0.35127 0.502715 0.35127 0.494365
0 0.615155 0.603065 0.6036050000000001 0.603065 0.6036050000000001 0.615695 0.615155 0.615695 0.615155 0.603065
0 0.26074 0.34697 0.25196 0.34697 0.25196 0.36299000000000003 0.26074 0.36299000000000003 0.26074 0.34697
0 0.100265 0.509045 0.091755 0.509045 0.091755 0.521235 0.100265 0.521235 0.100265 0.509045
0 0.357835 0.41914999999999997 0.350165 0.41914999999999997 0.350165 0.42752999999999997 0.357835 0.42752999999999997 0.357835 0.41914999999999997
0 0.9456200000000001 0.472535 0.93134 0.472535 0.93134 0.48596500000000004 0.9456200000000001 0.48596500000000004 0.9456200000000001 0.472535
0 0.724775 0.458685 0.712725 0.458685 0.712725 0.47051499999999996 0.724775 0.47051499999999996 0.724775 0.458685
0 0.82883 0.43522 0.8157099999999999 0.43522 0.8157099999999999 0.4476 0.82883 0.4476 0.82883 0.43522
0 0.674085 0.47829 0.6628350000000001 0.47829 0.6628350000000001 0.48949 0.674085 0.48949 0.674085 0.47829
0 0.524285 0.698545 0.5167349999999999 0.698545 0.5167349999999999 0.713555 0.524285 0.713555 0.524285 0.698545
0 0.242815 0.39558 0.23546499999999998 0.39558 0.23546499999999998 0.40422 0.242815 0.40422 0.242815 0.39558
0 0.664675 0.555655 0.6536850000000001 0.555655 0.6536850000000001 0.570325 0.664675 0.570325 0.664675 0.555655
0 0.42237 0.43689 0.41405000000000003 0.43689 0.41405000000000003 0.44494999999999996 0.42237 0.44494999999999996 0.42237 0.43689
0 0.822405 0.5094299999999999 0.809435 0.5094299999999999 0.809435 0.5237700000000001 0.822405 0.5237700000000001 0.822405 0.5094299999999999
0 0.917065 0.457345 0.902275 0.457345 0.902275 0.465015 0.917065 0.465015 0.917065 0.457345
0 0.999995 0.45735000000000003 0.9872249999999999 0.45735000000000003 0.9872249999999999 0.47331 0.999995 0.47331 0.999995 0.45735000000000003
0 0.18002 0.47492 0.17276 0.47492 0.17276 0.48456 0.18002 0.48456 0.18002 0.47492
0 0.7219 0.44372999999999996 0.71364 0.44372999999999996 0.71364 0.45763 0.7219 0.45763 0.7219 0.44372999999999996
0 0.61582 0.659875 0.60878 0.659875 0.60878 0.672165 0.61582 0.672165 0.61582 0.659875
0 0.750105 0.573365 0.742075 0.573365 0.742075 0.5867950000000001 0.750105 0.5867950000000001 0.750105 0.573365
0 0.034295 0.42477 0.025345 0.42477 0.025345 0.43217 0.034295 0.43217 0.034295 0.42477
0 0.08010500000000001 0.39529000000000003 0.07273500000000001 0.39529000000000003 0.07273500000000001 0.40305 0.08010500000000001 0.40305 0.08010500000000001 0.39529000000000003
0 0.698885 0.611595 0.683935 0.611595 0.683935 0.625705 0.698885 0.625705 0.698885 0.611595
0 0.8187200000000001 0.45923499999999995 0.8092 0.45923499999999995 0.8092 0.469965 0.8187200000000001 0.469965 0.8187200000000001 0.45923499999999995
0 0.45431 0.666375 0.43583 0.666375 0.43583 0.683225 0.45431 0.683225 0.45431 0.666375
0 0.450755 0.704875 0.43888499999999997 0.704875 0.43888499999999997 0.715045 0.450755 0.715045 0.450755 0.704875
0 0.58362 0.582445 0.5755600000000001 0.582445 0.5755600000000001 0.594315 0.58362 0.594315 0.58362 0.582445
0 0.7517199999999999 0.45704 0.74242 0.45704 0.74242 0.46678 0.7517199999999999 0.46678 0.7517199999999999 0.45704
0 0.890845 0.38600500000000004 0.850375 0.38600500000000004 0.850375 0.433335 0.890845 0.433335 0.890845 0.38600500000000004
0 0.06457500000000001 0.6437299999999999 0.057804999999999995 0.6437299999999999 0.057804999999999995 0.6511899999999999 0.06457500000000001 0.6511899999999999 0.06457500000000001 0.6437299999999999
0 0.737445 0.597405 0.729355 0.597405 0.729355 0.608655 0.737445 0.608655 0.737445 0.597405
0 0.5706100000000001 0.636735 0.5641499999999999 0.636735 0.5641499999999999 0.648425 0.5706100000000001 0.648425 0.5706100000000001 0.636735
0 0.460395 0.48214499999999993 0.454645 0.48214499999999993 0.454645 0.490015 0.460395 0.490015 0.460395 0.48214499999999993
0 0.556245 0.5218149999999999 0.542395 0.5218149999999999 0.542395 0.529945 0.556245 0.529945 0.556245 0.5218149999999999
0 0.36005 0.696535 0.34845000000000004 0.696535 0.34845000000000004 0.706785 0.36005 0.706785 0.36005 0.696535
0 0.717195 0.60258 0.708585 0.60258 0.708585 0.61422 0.717195 0.61422 0.717195 0.60258
0 0.866695 0.43998 0.8501049999999999 0.43998 0.8501049999999999 0.45114 0.866695 0.45114 0.866695 0.43998
0 0.49565000000000003 0.474045 0.48921000000000003 0.474045 0.48921000000000003 0.48201499999999997 0.49565000000000003 0.48201499999999997 0.49565000000000003 0.474045
0 0.85701 0.449645 0.84611 0.449645 0.84611 0.45905500000000005 0.85701 0.45905500000000005 0.85701 0.449645
0 0.04111 0.48644499999999996 0.023469999999999998 0.48644499999999996 0.023469999999999998 0.648315 0.04111 0.648315 0.04111 0.48644499999999996
0 0.41783000000000003 0.621965 0.39369 0.621965 0.39369 0.632915 0.41783000000000003 0.632915 0.41783000000000003 0.621965
0 0.660475 0.611545 0.652025 0.611545 0.652025 0.622835 0.660475 0.622835 0.660475 0.611545
0 0.364755 0.455725 0.358885 0.455725 0.358885 0.462235 0.364755 0.462235 0.364755 0.455725
0 0.6341300000000001 0.649335 0.62759 0.649335 0.62759 0.658285 0.6341300000000001 0.658285 0.6341300000000001 0.649335
9 0.153 0.776 0.22200000000000003 0.784 0.267 0.7849999999999999 0.388 0.776 0.485 0.761 0.509 0.753 0.567 0.724 0.662 0.6639999999999999 0.6809999999999999 0.657 0.732 0.654 0.778 0.634 0.828 0.601 0.873 0.5509999999999999 0.924 0.534 0.9630000000000001 0.515 0.978 0.502 0.999 0.472 0.999 0.441 0.986 0.44299999999999995 0.9480000000000001 0.45999999999999996 0.906 0.45999999999999996 0.8789999999999999 0.45 0.8150000000000001 0.41 0.787 0.388 0.759 0.375 0.737 0.375 0.722 0.382 0.705 0.383 0.696 0.376 0.67 0.368 0.657 0.393 0.645 0.40199999999999997 0.597 0.374 0.5589999999999999 0.37 0.518 0.372 0.429 0.34700000000000003 0.40499999999999997 0.33599999999999997 0.344 0.32599999999999996 0.315 0.32599999999999996 0.28700000000000003 0.337 0.265 0.337 0.20800000000000002 0.32599999999999996 0.16799999999999998 0.325 0.1 0.339 0.001 0.376 0 0.7030000000000001 0.041999999999999996 0.734 0.10200000000000001 0.762 0.153 0.776