0 0.7769999999999999 0.41200000000000003 0.655 0.41200000000000003 0.655 0.521 0.7769999999999999 0.521 0.7769999999999999 0.41200000000000003
0 0.755865 0.36861 0.701175 0.36861 0.701175 0.40239 0.755865 0.40239 0.755865 0.36861
0 0.822575 0.5586800000000001 0.724305 0.5586800000000001 0.724305 0.6376000000000001 0.822575 0.6376000000000001 0.822575 0.5586800000000001
0 0.6651 0.4305 0.6190800000000001 0.4305 0.6190800000000001 0.48992 0.6651 0.48992 0.6651 0.4305
0 0.96225 0.467315 0.86295 0.467315 0.86295 0.533665 0.96225 0.533665 0.96225 0.467315
0 0.884425 0.43587999999999993 0.817715 0.43587999999999993 0.817715 0.47964 0.884425 0.47964 0.884425 0.43587999999999993
0 0.8046900000000001 0.37269 0.74805 0.37269 0.74805 0.41197 0.8046900000000001 0.41197 0.8046900000000001 0.37269
0 0.8970499999999999 0.5268550000000001 0.8597899999999999 0.5268550000000001 0.8597899999999999 0.5590849999999999 0.8970499999999999 0.5590849999999999 0.8970499999999999 0.5268550000000001
0 0.36865000000000003 0.333805 0.20703 0.333805 0.20703 0.5397350000000001 0.36865000000000003 0.5397350000000001 0.36865000000000003 0.333805
0 0.745575 0.34663 0.719265 0.34663 0.719265 0.37309000000000003 0.745575 0.37309000000000003 0.745575 0.34663
0 0.88164 0.497685 0.8459 0.497685 0.8459 0.523795 0.88164 0.523795 0.88164 0.497685
0 0.66545 0.384035 0.61775 0.384035 0.61775 0.43042499999999995 0.66545 0.43042499999999995 0.66545 0.384035
0 0.862455 0.5221750000000001 0.832865 0.5221750000000001 0.832865 0.553025 0.862455 0.553025 0.862455 0.5221750000000001
0 0.6858500000000001 0.35452 0.65301 0.35452 0.65301 0.39205999999999996 0.6858500000000001 0.39205999999999996 0.6858500000000001 0.35452
0 0.25549499999999997 0.36517 0.166385 0.36517 0.166385 0.54303 0.25549499999999997 0.54303 0.25549499999999997 0.36517
0 0.513795 0.30261499999999997 0.355345 0.30261499999999997 0.355345 0.506965 0.513795 0.506965 0.513795 0.30261499999999997
0 0.20038 0.37949 0.11798 0.37949 0.11798 0.44425 0.20038 0.44425 0.20038 0.37949
0 0.68935 0.5509649999999999 0.63683 0.5509649999999999 0.63683 0.6140749999999999 0.68935 0.6140749999999999 0.68935 0.5509649999999999
0 0.66164 0.358905 0.64208 0.358905 0.64208 0.385715 0.66164 0.385715 0.66164 0.358905
0 0.8932249999999999 0.56291 0.870455 0.56291 0.870455 0.5825899999999999 0.8932249999999999 0.5825899999999999 0.8932249999999999 0.56291
0 0.628835 0.42057500000000003 0.608465 0.42057500000000003 0.608465 0.447585 0.628835 0.447585 0.628835 0.42057500000000003
0 0.72177 0.628765 0.6795899999999999 0.628765 0.6795899999999999 0.676895 0.72177 0.676895 0.72177 0.628765
9 0 0.604 0.10700000000000001 0.625 0.23900000000000002 0.643 0.29 0.655 0.32599999999999996 0.673 0.374 0.687 0.45 0.6990000000000001 0.52 0.6990000000000001 0.584 0.709 0.618 0.709 0.674 0.701 0.724 0.688 0.758 0.674 0.783 0.659 0.851 0.604 0.8880000000000001 0.584 0.9039999999999999 0.5650000000000001 0.9480000000000001 0.536 0.962 0.532 0.9730000000000001 0.523 0.999 0.524 0.999 0.437 0.901 0.41900000000000004 0.844 0.364 0.77 0.32599999999999996 0.746 0.318 0.693 0.317 0.636 0.305 0.517 0.288 0.479 0.288 0.45899999999999996 0.29500000000000004 0.422 0.3 0.359 0.29900000000000004 0.269 0.317 0.24700000000000003 0.32799999999999996 0.23500000000000001 0.33999999999999997 0.22799999999999998 0.341 0.233 0.351 0.229 0.357 0.22000000000000003 0.359 0.199 0.375 0.173 0.40499999999999997 0.13899999999999998 0.43099999999999994 0.122 0.438 0.097 0.462 0.079 0.488 0.061 0.529 0.049 0.544 0.027000000000000003 0.562 0 0.5740000000000001 0 0.604