0 0.528 0.449 0.47000000000000003 0.449 0.47000000000000003 0.532 0.528 0.532 0.528 0.449
0 0.613055 0.46675000000000005 0.582265 0.46675000000000005 0.582265 0.50639 0.613055 0.50639 0.613055 0.46675000000000005
0 0.51811 0.59731 0.47748999999999997 0.59731 0.47748999999999997 0.62729 0.51811 0.62729 0.51811 0.59731
0 0.65332 0.701905 0.61816 0.701905 0.61816 0.741455 0.65332 0.741455 0.65332 0.701905
0 0.9187900000000001 0.385405 0.89273 0.385405 0.89273 0.41049499999999994 0.9187900000000001 0.41049499999999994 0.9187900000000001 0.385405
0 0.45598 0.514075 0.41414 0.514075 0.41414 0.545505 0.45598 0.545505 0.45598 0.514075
0 0.48149 0.6351899999999999 0.44527 0.6351899999999999 0.44527 0.66363 0.48149 0.66363 0.48149 0.6351899999999999
0 0.49044499999999996 0.39948 0.44997499999999996 0.39948 0.44997499999999996 0.4516 0.49044499999999996 0.4516 0.49044499999999996 0.39948
0 0.5828249999999999 0.6175200000000001 0.553895 0.6175200000000001 0.553895 0.68228 0.5828249999999999 0.68228 0.5828249999999999 0.6175200000000001
0 0.45533999999999997 0.58811 0.40648 0.58811 0.40648 0.6355299999999999 0.45533999999999997 0.6355299999999999 0.45533999999999997 0.58811
0 0.441165 0.39594999999999997 0.386475 0.39594999999999997 0.386475 0.43413 0.441165 0.43413 0.441165 0.39594999999999997
0 0.392515 0.5838 0.33892500000000003 0.5838 0.33892500000000003 0.63202 0.392515 0.63202 0.392515 0.5838
0 0.52359 0.670925 0.48715 0.670925 0.48715 0.6972349999999999 0.52359 0.6972349999999999 0.52359 0.670925
0 0.6965600000000001 0.341825 0.60324 0.341825 0.60324 0.40719500000000003 0.6965600000000001 0.40719500000000003 0.6965600000000001 0.341825
0 0.56814 0.67387 0.5207200000000001 0.67387 0.5207200000000001 0.71675 0.56814 0.71675 0.56814 0.67387
0 0.360745 0.51153 0.31161500000000003 0.51153 0.31161500000000003 0.54901 0.360745 0.54901 0.360745 0.51153
0 0.53818 0.372975 0.48525999999999997 0.372975 0.48525999999999997 0.41072499999999995 0.53818 0.41072499999999995 0.53818 0.372975
0 0.342245 0.5837049999999999 0.282275 0.5837049999999999 0.282275 0.640895 0.342245 0.640895 0.342245 0.5837049999999999
0 0.45308000000000004 0.636845 0.41215999999999997 0.636845 0.41215999999999997 0.6727350000000001 0.45308000000000004 0.6727350000000001 0.45308000000000004 0.636845
0 0.36051 0.47582 0.30405000000000004 0.47582 0.30405000000000004 0.5212600000000001 0.36051 0.5212600000000001 0.36051 0.47582
0 0.510025 0.45171 0.482655 0.45171 0.482655 0.48041 0.510025 0.48041 0.510025 0.45171
0 0.37987000000000004 0.45967 0.32717 0.45967 0.32717 0.51201 0.37987000000000004 0.51201 0.37987000000000004 0.45967
0 0.623285 0.40573 0.578855 0.40573 0.578855 0.44681 0.623285 0.44681 0.623285 0.40573
0 0.41235 0.6691 0.34839000000000003 0.6691 0.34839000000000003 0.7078599999999999 0.41235 0.7078599999999999 0.41235 0.6691
0 0.48339999999999994 0.6100399999999999 0.44824 0.6100399999999999 0.44824 0.64288 0.48339999999999994 0.64288 0.48339999999999994 0.6100399999999999
0 0.41140499999999997 0.47724500000000003 0.38253499999999996 0.47724500000000003 0.38253499999999996 0.514935 0.41140499999999997 0.514935 0.41140499999999997 0.47724500000000003
0 0.539335 0.41138 0.5192650000000001 0.41138 0.5192650000000001 0.43676000000000004 0.539335 0.43676000000000004 0.539335 0.41138
0 0.262025 0.603235 0.237975 0.603235 0.237975 0.626265 0.262025 0.626265 0.262025 0.603235
0 0.8341100000000001 0.690975 0.81139 0.690975 0.81139 0.714305 0.8341100000000001 0.714305 0.8341100000000001 0.690975
0 0.260585 0.61243 0.22451500000000002 0.61243 0.22451500000000002 0.64049 0.260585 0.64049 0.260585 0.61243
0 0.26918000000000003 0.45323 0.21103999999999998 0.45323 0.21103999999999998 0.49843000000000004 0.26918000000000003 0.49843000000000004 0.26918000000000003 0.45323
0 0.41461 0.5265 0.39203 0.5265 0.39203 0.55064 0.41461 0.55064 0.41461 0.5265
0 0.206115 0.49839 0.164485 0.49839 0.164485 0.52309 0.206115 0.52309 0.206115 0.49839
0 0.27853500000000003 0.51286 0.242465 0.51286 0.242465 0.5525599999999999 0.27853500000000003 0.5525599999999999 0.27853500000000003 0.51286
0 0.43831499999999995 0.48650000000000004 0.40202499999999997 0.48650000000000004 0.40202499999999997 0.52132 0.43831499999999995 0.52132 0.43831499999999995 0.48650000000000004
0 0.41958 0.64727 0.38754 0.64727 0.38754 0.67207 0.41958 0.67207 0.41958 0.64727
0 0.24513500000000002 0.58924 0.195545 0.58924 0.195545 0.61486 0.24513500000000002 0.61486 0.24513500000000002 0.58924
0 0.596445 0.40507499999999996 0.574455 0.40507499999999996 0.574455 0.42744499999999996 0.596445 0.42744499999999996 0.596445 0.40507499999999996
0 0.35052500000000003 0.61416 0.287175 0.61416 0.287175 0.6788000000000001 0.35052500000000003 0.6788000000000001 0.35052500000000003 0.61416
0 0.526215 0.35465 0.480625 0.35465 0.480625 0.38900999999999997 0.526215 0.38900999999999997 0.526215 0.35465
0 0.42663 0.436265 0.39857 0.436265 0.39857 0.461195 0.42663 0.461195 0.42663 0.436265
0 0.359275 0.44372 0.311145 0.44372 0.311145 0.48596000000000006 0.359275 0.48596000000000006 0.359275 0.44372
0 0.55179 0.347645 0.5234099999999999 0.347645 0.5234099999999999 0.37695500000000004 0.55179 0.37695500000000004 0.55179 0.347645
0 0.24516 0.634905 0.21137999999999998 0.634905 0.21137999999999998 0.656115 0.24516 0.656115 0.24516 0.634905
0 0.44852499999999995 0.3822 0.425495 0.3822 0.425495 0.40099999999999997 0.44852499999999995 0.40099999999999997 0.44852499999999995 0.3822
0 0.306785 0.47451 0.285495 0.47451 0.285495 0.49277 0.306785 0.49277 0.306785 0.47451
0 0.12197499999999999 0.46644500000000005 0.056245 0.46644500000000005 0.056245 0.507675 0.12197499999999999 0.507675 0.12197499999999999 0.46644500000000005
0 0.42363999999999996 0.60695 0.40156000000000003 0.60695 0.40156000000000003 0.62937 0.42363999999999996 0.62937 0.42363999999999996 0.60695
0 0.268605 0.673125 0.21431499999999998 0.673125 0.21431499999999998 0.712615 0.268605 0.712615 0.268605 0.673125
0 0.047685 0.53237 0.022755 0.53237 0.022755 0.5506300000000001 0.047685 0.5506300000000001 0.047685 0.53237
0 0.024399999999999998 0.513765 0.00472 0.513765 0.00472 0.533115 0.024399999999999998 0.533115 0.024399999999999998 0.513765
0 0.109555 0.49695 0.008665 0.49695 0.008665 0.56751 0.109555 0.56751 0.109555 0.49695
0 0.065885 0.46542000000000006 0.027555000000000003 0.46542000000000006 0.027555000000000003 0.50674 0.065885 0.50674 0.065885 0.46542000000000006
0 0.11600999999999999 0.46657000000000004 0.09004999999999999 0.46657000000000004 0.09004999999999999 0.48851000000000006 0.11600999999999999 0.48851000000000006 0.11600999999999999 0.46657000000000004
0 0.05445 0.51992 0.040389999999999995 0.51992 0.040389999999999995 0.53476 0.05445 0.53476 0.05445 0.51992
0 0.5572250000000001 0.6536 0.536535 0.6536 0.536535 0.67354 0.5572250000000001 0.67354 0.5572250000000001 0.6536
0 0.496355 0.36759 0.47776500000000005 0.36759 0.47776500000000005 0.38193 0.496355 0.38193 0.496355 0.36759
0 0.49681 0.385865 0.48121 0.385865 0.48121 0.402715 0.49681 0.402715 0.49681 0.385865
0 0.307765 0.6186200000000001 0.283535 0.6186200000000001 0.283535 0.6597000000000001 0.307765 0.6597000000000001 0.307765 0.6186200000000001
0 0.207105 0.62865 0.184735 0.62865 0.184735 0.66237 0.207105 0.66237 0.207105 0.62865
0 0.603875 0.35618 0.588505 0.35618 0.588505 0.37722 0.603875 0.37722 0.603875 0.35618
0 0.055064999999999996 0.562515 0.040334999999999996 0.562515 0.040334999999999996 0.5751850000000001 0.055064999999999996 0.5751850000000001 0.055064999999999996 0.562515
0 0.297105 0.61111 0.284435 0.61111 0.284435 0.62619 0.297105 0.62619 0.297105 0.61111
0 0.079945 0.471655 0.065555 0.471655 0.065555 0.486845 0.079945 0.486845 0.079945 0.471655
9 0.10400000000000001 0.592 0.186 0.673 0.205 0.682 0.227 0.71 0.25 0.7230000000000001 0.324 0.748 0.40599999999999997 0.758 0.453 0.752 0.488 0.741 0.509 0.74 0.5469999999999999 0.758 0.5780000000000001 0.759 0.596 0.766 0.632 0.772 0.671 0.773 0.744 0.765 0.8380000000000001 0.75 0.8880000000000001 0.737 0.9339999999999999 0.713 0.9869999999999999 0.667 0.999 0.665 0.999 0.41500000000000004 0.9029999999999999 0.362 0.817 0.33599999999999997 0.722 0.325 0.674 0.325 0.623 0.33799999999999997 0.561 0.33399999999999996 0.521 0.335 0.493 0.33999999999999997 0.453 0.352 0.399 0.377 0.307 0.43899999999999995 0.23900000000000002 0.458 0.22200000000000003 0.47000000000000003 0.20099999999999998 0.499 0.194 0.501 0.159 0.5 0.10400000000000001 0.475 0.086 0.479 0.002 0.48 0 0.587 0.040999999999999995 0.5900000000000001 0.074 0.597 0.10400000000000001 0.592