0 0.571 0.5589999999999999 0.521 0.5589999999999999 0.521 0.6 0.571 0.6 0.571 0.5589999999999999
0 0.63103 0.5153800000000001 0.58577 0.5153800000000001 0.58577 0.55786 0.63103 0.55786 0.63103 0.5153800000000001
0 0.5095500000000001 0.5425449999999999 0.46847000000000005 0.5425449999999999 0.46847000000000005 0.5961350000000001 0.5095500000000001 0.5961350000000001 0.5095500000000001 0.5425449999999999
0 0.7351099999999999 0.466935 0.69165 0.466935 0.69165 0.503765 0.7351099999999999 0.503765 0.7351099999999999 0.466935
0 0.8189550000000001 0.53365 0.782605 0.53365 0.782605 0.56011 0.8189550000000001 0.56011 0.8189550000000001 0.53365
0 0.8299200000000001 0.335165 0.80094 0.335165 0.80094 0.364535 0.8299200000000001 0.364535 0.8299200000000001 0.335165
0 0.422285 0.529755 0.379955 0.529755 0.379955 0.585485 0.422285 0.585485 0.422285 0.529755
0 0.7363299999999999 0.568255 0.71387 0.568255 0.71387 0.614365 0.7363299999999999 0.614365 0.7363299999999999 0.568255
0 0.51581 0.50084 0.48273 0.50084 0.48273 0.53432 0.51581 0.53432 0.51581 0.50084
0 0.490065 0.489565 0.452315 0.489565 0.452315 0.519215 0.490065 0.519215 0.490065 0.489565
0 0.864285 0.45801 0.832975 0.45801 0.832975 0.48487 0.864285 0.48487 0.864285 0.45801
0 0.8800950000000001 0.528335 0.8474449999999999 0.528335 0.8474449999999999 0.549785 0.8800950000000001 0.549785 0.8800950000000001 0.528335
0 0.7632749999999999 0.299365 0.729885 0.299365 0.729885 0.36079500000000003 0.7632749999999999 0.36079500000000003 0.7632749999999999 0.299365
0 0.74752 0.459025 0.72904 0.459025 0.72904 0.486295 0.74752 0.486295 0.74752 0.459025
0 0.8649100000000001 0.40198 0.84407 0.40198 0.84407 0.43102 0.8649100000000001 0.43102 0.8649100000000001 0.40198
0 1 0.48095499999999997 0.96844 0.48095499999999997 0.96844 0.509765 1 0.509765 1 0.48095499999999997
0 0.8149900000000001 0.45823 0.75435 0.45823 0.75435 0.49634999999999996 0.8149900000000001 0.49634999999999996 0.8149900000000001 0.45823
0 0.8469049999999999 0.49666 0.817155 0.49666 0.817155 0.5238400000000001 0.8469049999999999 0.5238400000000001 0.8469049999999999 0.49666
0 0.9598800000000001 0.3307 0.93954 0.3307 0.93954 0.3529 0.9598800000000001 0.3529 0.9598800000000001 0.3307
0 0.8963800000000001 0.377645 0.8594799999999999 0.377645 0.8594799999999999 0.400675 0.8963800000000001 0.400675 0.8963800000000001 0.377645
0 0.9131750000000001 0.487535 0.8895649999999999 0.487535 0.8895649999999999 0.518325 0.9131750000000001 0.518325 0.9131750000000001 0.487535
0 0.9425800000000001 0.50551 0.9148400000000001 0.50551 0.9148400000000001 0.52965 0.9425800000000001 0.52965 0.9425800000000001 0.50551
0 0.952555 0.49334 0.9312250000000001 0.49334 0.9312250000000001 0.52326 0.952555 0.52326 0.952555 0.49334
0 0.8925449999999999 0.508445 0.866235 0.508445 0.866235 0.531595 0.8925449999999999 0.531595 0.8925449999999999 0.508445
0 0.9142300000000001 0.523815 0.8875299999999999 0.523815 0.8875299999999999 0.542585 0.9142300000000001 0.542585 0.9142300000000001 0.523815
0 0.9535199999999999 0.36812999999999996 0.8452999999999999 0.36812999999999996 0.8452999999999999 0.43753000000000003 0.9535199999999999 0.43753000000000003 0.9535199999999999 0.36812999999999996
0 0.8102449999999999 0.2638 0.790335 0.2638 0.790335 0.286 0.8102449999999999 0.286 0.8102449999999999 0.2638
0 0.82135 0.50629 0.7860699999999999 0.50629 0.7860699999999999 0.54059 0.82135 0.54059 0.82135 0.50629
0 0.8126200000000001 0.49444 0.77722 0.49444 0.77722 0.51924 0.8126200000000001 0.51924 0.8126200000000001 0.49444
0 0.9556100000000001 0.458645 0.9193899999999999 0.458645 0.9193899999999999 0.48373499999999997 0.9556100000000001 0.48373499999999997 0.9556100000000001 0.458645
0 0.999995 0.451295 0.917845 0.451295 0.917845 0.491085 0.999995 0.491085 0.999995 0.451295
0 0.9413 0.372495 0.8995200000000001 0.372495 0.8995200000000001 0.39654500000000004 0.9413 0.39654500000000004 0.9413 0.372495
0 0.793135 0.23769 0.769365 0.23769 0.769365 0.25962999999999997 0.793135 0.25962999999999997 0.793135 0.23769
0 0.78598 0.488175 0.7540600000000001 0.488175 0.7540600000000001 0.511825 0.78598 0.511825 0.78598 0.488175
0 0.815615 0.28748999999999997 0.805485 0.28748999999999997 0.805485 0.30821 0.815615 0.30821 0.815615 0.28748999999999997
0 0.34979499999999997 0.39219499999999996 0.296205 0.39219499999999996 0.296205 0.414445 0.34979499999999997 0.414445 0.34979499999999997 0.39219499999999996
0 0.88873 0.490045 0.86517 0.490045 0.86517 0.5099549999999999 0.88873 0.5099549999999999 0.88873 0.490045
0 0.40139500000000006 0.5291699999999999 0.381325 0.5291699999999999 0.381325 0.5538299999999999 0.40139500000000006 0.5538299999999999 0.40139500000000006 0.5291699999999999
0 0.91914 0.51302 0.89434 0.51302 0.89434 0.53386 0.91914 0.53386 0.91914 0.51302
0 0.41608999999999996 0.38314 0.36857 0.38314 0.36857 0.40347999999999995 0.41608999999999996 0.40347999999999995 0.41608999999999996 0.38314
0 0.5378000000000001 0.391445 0.4915 0.391445 0.4915 0.40981500000000004 0.5378000000000001 0.40981500000000004 0.5378000000000001 0.391445
0 0.80434 0.42144000000000004 0.75914 0.42144000000000004 0.75914 0.44086 0.80434 0.44086 0.80434 0.42144000000000004
0 0.044175 0.40424499999999997 0.006485 0.40424499999999997 0.006485 0.422895 0.044175 0.422895 0.044175 0.40424499999999997
0 0.63807 0.39807000000000003 0.61877 0.39807000000000003 0.61877 0.41296999999999995 0.63807 0.41296999999999995 0.63807 0.39807000000000003
9 0.136 0.597 0.189 0.612 0.25 0.62 0.341 0.623 0.413 0.651 0.46799999999999997 0.662 0.529 0.6679999999999999 0.609 0.6900000000000001 0.671 0.6910000000000001 0.7 0.686 0.737 0.67 0.8619999999999999 0.584 0.9 0.5519999999999999 0.953 0.54 0.999 0.5349999999999999 0.999 0.398 0.9880000000000001 0.397 0.97 0.371 0.9650000000000001 0.32999999999999996 0.951 0.305 0.922 0.286 0.8390000000000001 0.259 0.79 0.22599999999999998 0.757 0.21000000000000002 0.666 0.172 0.627 0.161 0.449 0.15 0.33799999999999997 0.162 0.202 0.199 0.001 0.29300000000000004 0 0.526 0.05 0.561 0.074 0.5730000000000001 0.136 0.597