0 0.274 0.5519999999999999 0.199 0.5519999999999999 0.199 0.619 0.274 0.619 0.274 0.5519999999999999
0 0.29641 0.394745 0.22067 0.394745 0.22067 0.43777499999999997 0.29641 0.43777499999999997 0.29641 0.394745
0 0.43318500000000004 0.622725 0.41495499999999996 0.622725 0.41495499999999996 0.6468149999999999 0.43318500000000004 0.6468149999999999 0.43318500000000004 0.622725
0 0.580605 0.352825 0.560995 0.352825 0.560995 0.374235 0.580605 0.374235 0.580605 0.352825
0 0.533055 0.625765 0.497225 0.625765 0.497225 0.648655 0.533055 0.648655 0.533055 0.625765
0 0.6218549999999999 0.352895 0.6037250000000001 0.352895 0.6037250000000001 0.373185 0.6218549999999999 0.373185 0.6218549999999999 0.352895
0 0.6261300000000001 0.60954 0.59457 0.60954 0.59457 0.64338 0.6261300000000001 0.64338 0.6261300000000001 0.60954
0 0.64049 0.41723499999999997 0.62319 0.41723499999999997 0.62319 0.44750500000000004 0.64049 0.44750500000000004 0.64049 0.41723499999999997
0 0.41683000000000003 0.364905 0.38785 0.364905 0.38785 0.386555 0.41683000000000003 0.386555 0.41683000000000003 0.364905
0 0.361665 0.63983 0.347815 0.63983 0.347815 0.67169 0.361665 0.67169 0.361665 0.63983
0 0.382045 0.371695 0.360635 0.371695 0.360635 0.392465 0.382045 0.392465 0.382045 0.371695
0 0.355125 0.61266 0.33335499999999996 0.61266 0.33335499999999996 0.63538 0.355125 0.63538 0.355125 0.61266
0 0.767725 0.57587 0.738135 0.57587 0.738135 0.60773 0.767725 0.60773 0.767725 0.57587
0 0.844205 0.3785 0.767115 0.3785 0.767115 0.42522000000000004 0.844205 0.42522000000000004 0.844205 0.3785
0 0.063005 0.49432 0.026715 0.49432 0.026715 0.52424 0.063005 0.52424 0.063005 0.49432
0 0.40965999999999997 0.47755000000000003 0.38380000000000003 0.47755000000000003 0.38380000000000003 0.49609 0.40965999999999997 0.49609 0.40965999999999997 0.47755000000000003
0 0.89931 0.540165 0.8829100000000001 0.540165 0.8829100000000001 0.554555 0.89931 0.554555 0.89931 0.540165
0 0.309275 0.48541999999999996 0.270305 0.48541999999999996 0.270305 0.50286 0.309275 0.50286 0.309275 0.48541999999999996
0 0.11184000000000001 0.5441499999999999 0.07382 0.5441499999999999 0.07382 0.57011 0.11184000000000001 0.57011 0.11184000000000001 0.5441499999999999
0 0.36504 0.413555 0.33466 0.413555 0.33466 0.43264500000000006 0.36504 0.43264500000000006 0.36504 0.413555
0 0.24259499999999998 0.396745 0.222985 0.396745 0.222985 0.409415 0.24259499999999998 0.409415 0.24259499999999998 0.396745
0 0.20007999999999998 0.448855 0.12487999999999999 0.448855 0.12487999999999999 0.5213650000000001 0.20007999999999998 0.5213650000000001 0.20007999999999998 0.448855
0 0.547015 0.6567350000000001 0.519385 0.6567350000000001 0.519385 0.676265 0.547015 0.676265 0.547015 0.6567350000000001
0 0.46771 0.528575 0.45854999999999996 0.528575 0.45854999999999996 0.540765 0.46771 0.540765 0.46771 0.528575
0 0.33568 0.649705 0.32448 0.649705 0.32448 0.671575 0.33568 0.671575 0.33568 0.649705
0 0.431635 0.458255 0.42090500000000003 0.458255 0.42090500000000003 0.471425 0.431635 0.471425 0.431635 0.458255
0 0.13969499999999999 0.49844999999999995 0.11836500000000001 0.49844999999999995 0.11836500000000001 0.51717 0.13969499999999999 0.51717 0.13969499999999999 0.49844999999999995
0 0.35181 0.459745 0.33179 0.459745 0.33179 0.48899499999999996 0.35181 0.48899499999999996 0.35181 0.459745
0 0.13738 0.62757 0.12752 0.62757 0.12752 0.6361100000000001 0.13738 0.6361100000000001 0.13738 0.62757
0 0.187595 0.44966999999999996 0.155185 0.44966999999999996 0.155185 0.46977 0.187595 0.46977 0.187595 0.44966999999999996
9 0 0.604 0.028999999999999998 0.609 0.047 0.603 0.08 0.603 0.11299999999999999 0.634 0.13899999999999998 0.649 0.183 0.661 0.23199999999999998 0.662 0.256 0.674 0.3 0.688 0.42000000000000004 0.6980000000000001 0.47400000000000003 0.696 0.507 0.692 0.6940000000000001 0.65 0.757 0.626 0.8119999999999999 0.612 0.8640000000000001 0.581 0.89 0.558 0.907 0.53 0.9279999999999999 0.511 0.959 0.501 0.999 0.49800000000000005 0.999 0.475 0.9349999999999999 0.477 0.913 0.47300000000000003 0.857 0.433 0.843 0.418 0.8380000000000001 0.399 0.8099999999999999 0.38 0.762 0.381 0.604 0.337 0.529 0.33399999999999996 0.45 0.337 0.38 0.353 0.313 0.386 0.29 0.386 0.281 0.38 0.273 0.38 0.238 0.389 0.221 0.399 0.21800000000000003 0.40700000000000003 0.22799999999999998 0.41200000000000003 0.267 0.413 0.281 0.42800000000000005 0.266 0.43499999999999994 0.229 0.437 0.16799999999999998 0.454 0.13899999999999998 0.47300000000000003 0.10500000000000001 0.484 0.059 0.48200000000000004 0 0.492 0 0.604