0 0.441 0.372 0.40599999999999997 0.372 0.40599999999999997 0.40700000000000003 0.441 0.40700000000000003 0.441 0.372
0 0.37622 0.56543 0.3269 0.56543 0.3269 0.61719 0.37622 0.61719 0.37622 0.56543
0 0.18893500000000002 0.529955 0.14724500000000001 0.529955 0.14724500000000001 0.566725 0.18893500000000002 0.566725 0.18893500000000002 0.529955
0 0.20712999999999998 0.644545 0.16494999999999999 0.644545 0.16494999999999999 0.684555 0.20712999999999998 0.684555 0.20712999999999998 0.644545
0 0.15747 0.67569 0.12329000000000001 0.67569 0.12329000000000001 0.7100500000000001 0.15747 0.7100500000000001 0.15747 0.67569
0 0.09584000000000001 0.39515 0.062 0.39515 0.062 0.42565 0.09584000000000001 0.42565 0.09584000000000001 0.39515
0 0.18649500000000002 0.47534 0.14114500000000002 0.47534 0.14114500000000002 0.5105000000000001 0.18649500000000002 0.5105000000000001 0.18649500000000002 0.47534
0 0.039075 0.24906999999999999 0.000745 0.24906999999999999 0.000745 0.27681 0.039075 0.27681 0.039075 0.24906999999999999
0 0.5573699999999999 0.567535 0.48071 0.567535 0.48071 0.6365649999999999 0.5573699999999999 0.6365649999999999 0.5573699999999999 0.567535
0 0.21839 0.423505 0.16907 0.423505 0.16907 0.46809500000000004 0.21839 0.46809500000000004 0.21839 0.423505
0 0.137845 0.438825 0.115075 0.438825 0.115075 0.466455 0.137845 0.466455 0.137845 0.438825
0 0.637035 0.6257900000000001 0.614925 0.6257900000000001 0.614925 0.64277 0.637035 0.64277 0.637035 0.6257900000000001
0 0.8004200000000001 0.7127600000000001 0.77576 0.7127600000000001 0.77576 0.73548 0.8004200000000001 0.73548 0.8004200000000001 0.7127600000000001
0 0.41159999999999997 0.54364 0.39456 0.54364 0.39456 0.55792 0.41159999999999997 0.55792 0.41159999999999997 0.54364
0 0.260895 0.794295 0.195645 0.794295 0.195645 0.841445 0.260895 0.841445 0.260895 0.794295
0 0.3536 0.68086 0.33488 0.68086 0.33488 0.69804 0.3536 0.69804 0.3536 0.68086
0 0.244825 0.14569000000000001 0.231495 0.14569000000000001 0.231495 0.15461 0.244825 0.15461 0.244825 0.14569000000000001
0 0.8612 0.2754 0.84486 0.2754 0.84486 0.29100000000000004 0.8612 0.29100000000000004 0.8612 0.2754
0 0.311725 0.29487 0.301555 0.29487 0.301555 0.30473 0.311725 0.30473 0.311725 0.29487
7 0.062 0.42000000000000004 0.08199999999999999 0.472 0.10500000000000001 0.628 0.11000000000000001 0.702 0.149 0.76 0.2 0.8140000000000001 0.264 0.853 0.322 0.8779999999999999 0.353 0.885 0.383 0.885 0.46799999999999997 0.901 0.524 0.901 0.607 0.8880000000000001 0.647 0.877 0.722 0.8640000000000001 0.749 0.853 0.7849999999999999 0.845 0.795 0.837 0.807 0.796 0.8089999999999999 0.757 0.794 0.7070000000000001 0.792 0.671 0.774 0.609 0.773 0.5650000000000001 0.765 0.533 0.713 0.395 0.6759999999999999 0.327 0.599 0.251 0.5469999999999999 0.213 0.449 0.172 0.394 0.155 0.32 0.144 0.261 0.143 0.21200000000000002 0.148 0.08499999999999999 0.186 0.032 0.20800000000000002 0.001 0.21600000000000003 0 0.311 0.03 0.341 0.05500000000000001 0.382 0.062 0.42000000000000004