0 0.388 0.34900000000000003 0.314 0.34900000000000003 0.314 0.43200000000000005 0.388 0.43200000000000005 0.388 0.34900000000000003
0 0.358695 0.33096000000000003 0.31416499999999997 0.33096000000000003 0.31416499999999997 0.44198000000000004 0.358695 0.44198000000000004 0.358695 0.33096000000000003
0 0.238585 0.336555 0.162295 0.336555 0.162295 0.438845 0.238585 0.438845 0.238585 0.336555
0 0.48688000000000003 0.474155 0.40668 0.474155 0.40668 0.5678449999999999 0.48688000000000003 0.5678449999999999 0.48688000000000003 0.474155
0 0.12276000000000001 0.36190500000000003 0.06694 0.36190500000000003 0.06694 0.435455 0.12276000000000001 0.435455 0.12276000000000001 0.36190500000000003
0 0.4646 0.28473000000000004 0.3772 0.28473000000000004 0.3772 0.43109000000000003 0.4646 0.43109000000000003 0.4646 0.28473000000000004
0 0.640345 0.27642500000000003 0.5510550000000001 0.27642500000000003 0.5510550000000001 0.413995 0.640345 0.413995 0.640345 0.27642500000000003
0 0.559565 0.27593999999999996 0.47265499999999994 0.27593999999999996 0.47265499999999994 0.42572 0.559565 0.42572 0.559565 0.27593999999999996
0 0.23474499999999998 0.48593000000000003 0.117555 0.48593000000000003 0.117555 0.5707099999999999 0.23474499999999998 0.5707099999999999 0.23474499999999998 0.48593000000000003
0 0.275115 0.454225 0.208285 0.454225 0.208285 0.5316150000000001 0.275115 0.5316150000000001 0.275115 0.454225
0 0.13966499999999998 0.46132999999999996 0.08665500000000001 0.46132999999999996 0.08665500000000001 0.51913 0.13966499999999998 0.51913 0.13966499999999998 0.46132999999999996
0 0.6854199999999999 0.447455 0.6426999999999999 0.447455 0.6426999999999999 0.5462049999999999 0.6854199999999999 0.5462049999999999 0.6854199999999999 0.447455
0 0.61408 0.452665 0.50702 0.452665 0.50702 0.5736950000000001 0.61408 0.5736950000000001 0.61408 0.452665
0 0.682085 0.330165 0.620655 0.330165 0.620655 0.443755 0.682085 0.443755 0.682085 0.330165
0 0.10085999999999999 0.484835 0.06662 0.484835 0.06662 0.515165 0.10085999999999999 0.515165 0.10085999999999999 0.484835
0 0.348565 0.25900500000000004 0.131895 0.25900500000000004 0.131895 0.339635 0.348565 0.339635 0.348565 0.25900500000000004
0 0.607425 0.24935999999999997 0.42383499999999996 0.24935999999999997 0.42383499999999996 0.319 0.607425 0.319 0.607425 0.24935999999999997
0 0.5025649999999999 0.46314 0.471075 0.46314 0.471075 0.50806 0.5025649999999999 0.50806 0.5025649999999999 0.46314
0 0.128755 0.45890000000000003 0.10806500000000001 0.45890000000000003 0.10806500000000001 0.48006000000000004 0.128755 0.48006000000000004 0.128755 0.45890000000000003
0 0.31828 0.53008 0.27302 0.53008 0.27302 0.54706 0.31828 0.54706 0.31828 0.53008
0 0.385015 0.46499499999999994 0.36302500000000004 0.46499499999999994 0.36302500000000004 0.48470500000000005 0.385015 0.48470500000000005 0.385015 0.46499499999999994
0 0 0.418825 0.053005000000000004 0.418825 0.053005000000000004 0.38293499999999997 0 0.38293499999999997 0 0.418825
7 0 0.534 0.1 0.583 0.16499999999999998 0.5980000000000001 0.23399999999999999 0.6 0.333 0.5900000000000001 0.42000000000000004 0.5860000000000001 0.511 0.605 0.548 0.606 0.722 0.5389999999999999 0.762 0.508 0.799 0.46900000000000003 0.834 0.44699999999999995 0.897 0.42699999999999994 0.999 0.41200000000000003 0.999 0.383 0.906 0.397 0.868 0.399 0.841 0.395 0.706 0.311 0.6809999999999999 0.298 0.607 0.271 0.5740000000000001 0.268 0.521 0.253 0.449 0.257 0.34199999999999997 0.22999999999999998 0.32599999999999996 0.233 0.24100000000000002 0.269 0.191 0.284 0.037 0.29500000000000004 0.025 0.302 0.012 0.317 0 0.335 0 0.534