0 0.49000000000000005 0.35 0.45999999999999996 0.35 0.45999999999999996 0.386 0.49000000000000005 0.386 0.49000000000000005 0.35
0 0.41691500000000004 0.340165 0.40584499999999996 0.340165 0.40584499999999996 0.360035 0.41691500000000004 0.360035 0.41691500000000004 0.340165
0 0.33441 0.38958 0.30718999999999996 0.38958 0.30718999999999996 0.41462000000000004 0.33441 0.41462000000000004 0.33441 0.38958
0 0.42045000000000005 0.27418 0.37251 0.27418 0.37251 0.29956 0.42045000000000005 0.29956 0.42045000000000005 0.27418
0 0.37834500000000004 0.5237700000000001 0.33943500000000004 0.5237700000000001 0.33943500000000004 0.58169 0.37834500000000004 0.58169 0.37834500000000004 0.5237700000000001
0 0.5781799999999999 0.530995 0.5614600000000001 0.530995 0.5614600000000001 0.548105 0.5781799999999999 0.548105 0.5781799999999999 0.530995
0 0.591005 0.5451699999999999 0.577935 0.5451699999999999 0.577935 0.56127 0.591005 0.56127 0.591005 0.5451699999999999
0 0.56967 0.51829 0.55729 0.51829 0.55729 0.53445 0.56967 0.53445 0.56967 0.51829
0 0.365875 0.48117 0.322605 0.48117 0.322605 0.5095500000000001 0.365875 0.5095500000000001 0.365875 0.48117
0 0.301335 0.37017 0.272405 0.37017 0.272405 0.40130999999999994 0.301335 0.40130999999999994 0.301335 0.37017
0 0.365445 0.34883000000000003 0.352815 0.34883000000000003 0.352815 0.36211000000000004 0.365445 0.36211000000000004 0.365445 0.34883000000000003
0 0.34703 0.362045 0.32631 0.362045 0.32631 0.385515 0.34703 0.385515 0.34703 0.362045
0 0.29548 0.5120199999999999 0.26898 0.5120199999999999 0.26898 0.5377799999999999 0.29548 0.5377799999999999 0.29548 0.5120199999999999
0 0.27064 0.448395 0.22440000000000002 0.448395 0.22440000000000002 0.48562500000000003 0.27064 0.48562500000000003 0.27064 0.448395
0 0.20667 0.45081 0.18297000000000002 0.45081 0.18297000000000002 0.47205 0.20667 0.47205 0.20667 0.45081
0 0.34634 0.26496 0.31332 0.26496 0.31332 0.28728 0.34634 0.28728 0.34634 0.26496
0 0.35663999999999996 0.46279000000000003 0.3499 0.46279000000000003 0.3499 0.47226999999999997 0.35663999999999996 0.47226999999999997 0.35663999999999996 0.46279000000000003
0 0.287585 0.34401000000000004 0.26709499999999997 0.34401000000000004 0.26709499999999997 0.36643 0.287585 0.36643 0.287585 0.34401000000000004
0 0.18292 0.34587 0.13568 0.34587 0.13568 0.36507 0.18292 0.36507 0.18292 0.34587
0 0.137215 0.40353500000000003 0.113025 0.40353500000000003 0.113025 0.41872499999999996 0.137215 0.41872499999999996 0.137215 0.40353500000000003
0 0.297245 0.48033000000000003 0.290655 0.48033000000000003 0.290655 0.48745000000000005 0.297245 0.48745000000000005 0.297245 0.48033000000000003
0 0.314865 0.333115 0.29695499999999997 0.333115 0.29695499999999997 0.351945 0.314865 0.351945 0.314865 0.333115
0 0.0678 0.34141499999999997 0.028460000000000003 0.34141499999999997 0.028460000000000003 0.361705 0.0678 0.361705 0.0678 0.34141499999999997
0 0.14634 0.367255 0.12612 0.367255 0.12612 0.382745 0.14634 0.382745 0.14634 0.367255
0 0.091475 0.38439999999999996 0.038405 0.38439999999999996 0.038405 0.42485999999999996 0.091475 0.42485999999999996 0.091475 0.38439999999999996
0 0.48753 0.34853999999999996 0.46315 0.34853999999999996 0.46315 0.38388 0.48753 0.38388 0.48753 0.34853999999999996
0 0.26776 0.44880000000000003 0.21953999999999999 0.44880000000000003 0.21953999999999999 0.49162 0.26776 0.49162 0.26776 0.44880000000000003
0 0.0889 0.37953000000000003 0.0195 0.37953000000000003 0.0195 0.41003 0.0889 0.41003 0.0889 0.37953000000000003
0 0.358865 0.26155 0.337415 0.26155 0.337415 0.27751000000000003 0.358865 0.27751000000000003 0.358865 0.26155
9 0.061 0.45499999999999996 0.08299999999999999 0.45 0.11499999999999999 0.449 0.151 0.45999999999999996 0.181 0.48 0.211 0.509 0.23700000000000002 0.514 0.265 0.5469999999999999 0.31 0.576 0.315 0.583 0.325 0.585 0.38 0.63 0.43499999999999994 0.644 0.612 0.625 0.745 0.588 0.8099999999999999 0.5599999999999999 0.853 0.5349999999999999 0.9369999999999999 0.47300000000000003 0.9490000000000001 0.46900000000000003 0.999 0.46900000000000003 0.999 0.43899999999999995 0.933 0.42400000000000004 0.825 0.365 0.767 0.339 0.606 0.29100000000000004 0.541 0.262 0.485 0.246 0.399 0.244 0.364 0.24900000000000003 0.32999999999999996 0.261 0.315 0.272 0.29500000000000004 0.307 0.254 0.34900000000000003 0.21600000000000003 0.366 0.188 0.362 0.178 0.352 0.16899999999999998 0.34900000000000003 0.13899999999999998 0.351 0.06899999999999999 0.34199999999999997 0.019 0.34700000000000003 0.001 0.358 0 0.43899999999999995 0.012 0.445 0.05 0.449 0.061 0.45499999999999996