0 0.829 0.524 0.6799999999999999 0.524 0.6799999999999999 0.62 0.829 0.62 0.829 0.524
0 0.40393 0.37573500000000004 0.13269 0.37573500000000004 0.13269 0.46020500000000003 0.40393 0.46020500000000003 0.40393 0.37573500000000004
0 0.20929000000000003 0.41301 0.12079 0.41301 0.12079 0.46297 0.20929000000000003 0.46297 0.20929000000000003 0.41301
0 0.80487 0.34314 0.64923 0.34314 0.64923 0.48254 0.80487 0.48254 0.80487 0.34314
0 0.7264700000000001 0.593645 0.66415 0.593645 0.66415 0.640735 0.7264700000000001 0.640735 0.7264700000000001 0.593645
0 0.21787499999999999 0.59958 0.193265 0.59958 0.193265 0.62406 0.21787499999999999 0.62406 0.21787499999999999 0.59958
0 0.134785 0.43449499999999996 0.112415 0.43449499999999996 0.112415 0.454665 0.134785 0.454665 0.134785 0.43449499999999996
0 0.68565 0.34517000000000003 0.66787 0.34517000000000003 0.66787 0.36333000000000004 0.68565 0.36333000000000004 0.68565 0.34517000000000003
0 0.41237 0.38078 0.37767 0.38078 0.37767 0.40388 0.41237 0.40388 0.41237 0.38078
0 0.68424 0.624295 0.6673199999999999 0.624295 0.6673199999999999 0.647185 0.68424 0.647185 0.68424 0.624295
0 0.08721999999999999 0.464585 0.07488 0.464585 0.07488 0.495375 0.08721999999999999 0.495375 0.08721999999999999 0.464585
0 0.71567 0.365195 0.70425 0.365195 0.70425 0.377965 0.71567 0.377965 0.71567 0.365195
0 0.6684650000000001 0.64925 0.654775 0.64925 0.654775 0.6661699999999999 0.6684650000000001 0.6661699999999999 0.6684650000000001 0.64925
9 0 0.621 0.175 0.701 0.251 0.7230000000000001 0.32 0.73 0.393 0.728 0.5269999999999999 0.6980000000000001 0.589 0.701 0.641 0.696 0.6769999999999999 0.687 0.716 0.6639999999999999 0.765 0.65 0.8009999999999999 0.653 0.8210000000000001 0.645 0.999 0.638 0.999 0.378 0.9890000000000001 0.375 0.874 0.368 0.798 0.354 0.767 0.341 0.6990000000000001 0.32599999999999996 0.603 0.313 0.5429999999999999 0.311 0.45199999999999996 0.327 0.403 0.33999999999999997 0.344 0.377 0.329 0.398 0.318 0.398 0.314 0.393 0.313 0.38 0.305 0.377 0.294 0.386 0.26 0.398 0.068 0.403 0.014000000000000002 0.417 0 0.425 0 0.621