0 0.537795 0.354395 0.46240500000000007 0.354395 0.46240500000000007 0.457625 0.537795 0.457625 0.537795 0.354395
0 0.5712900000000001 0.362 0.47461000000000003 0.362 0.47461000000000003 0.47539999999999993 0.5712900000000001 0.47539999999999993 0.5712900000000001 0.362
0 0.64615 0.36563 0.5579500000000001 0.36563 0.5579500000000001 0.47861000000000004 0.64615 0.47861000000000004 0.64615 0.36563
0 0.6895100000000001 0.380675 0.60931 0.380675 0.60931 0.488465 0.6895100000000001 0.488465 0.6895100000000001 0.380675
0 0.500615 0.32001 0.379765 0.32001 0.379765 0.45343 0.500615 0.45343 0.500615 0.32001
0 0.72089 0.5202899999999999 0.64533 0.5202899999999999 0.64533 0.60373 0.72089 0.60373 0.72089 0.5202899999999999
0 0.7273 0.517155 0.5422399999999999 0.517155 0.5422399999999999 0.724065 0.7273 0.724065 0.7273 0.517155
0 0.542905 0.522345 0.412655 0.522345 0.412655 0.662235 0.542905 0.662235 0.542905 0.522345
0 0.371495 0.42654500000000006 0.295505 0.42654500000000006 0.295505 0.521695 0.371495 0.521695 0.371495 0.42654500000000006
0 0.316465 0.43282999999999994 0.253355 0.43282999999999994 0.253355 0.5364099999999999 0.316465 0.5364099999999999 0.316465 0.43282999999999994
0 0.53522 0.615535 0.39008 0.615535 0.39008 0.723325 0.53522 0.723325 0.53522 0.615535
0 0.2742 0.49985 0.20456 0.49985 0.20456 0.5685100000000001 0.2742 0.5685100000000001 0.2742 0.49985
0 0.82294 0.5172100000000001 0.66632 0.5172100000000001 0.66632 0.68689 0.82294 0.68689 0.82294 0.5172100000000001
0 0.41223 0.30634 0.29529 0.30634 0.29529 0.42657999999999996 0.41223 0.42657999999999996 0.41223 0.30634
7 0 0.6799999999999999 0.014000000000000002 0.709 0.022 0.747 0.038 0.763 0.076 0.77 0.092 0.7809999999999999 0.101 0.782 0.13 0.76 0.181 0.754 0.2 0.744 0.21400000000000002 0.744 0.22599999999999998 0.756 0.238 0.751 0.268 0.751 0.277 0.746 0.316 0.75 0.325 0.733 0.32799999999999996 0.7 0.34500000000000003 0.686 0.359 0.6839999999999999 0.372 0.708 0.385 0.7190000000000001 0.398 0.741 0.422 0.761 0.43 0.774 0.43099999999999994 0.7849999999999999 0.44299999999999995 0.799 0.46799999999999997 0.8130000000000001 0.504 0.8150000000000001 0.518 0.8089999999999999 0.517 0.796 0.532 0.7849999999999999 0.557 0.783 0.585 0.773 0.625 0.749 0.751 0.641 0.771 0.629 0.8220000000000001 0.624 0.8470000000000001 0.609 0.853 0.591 0.842 0.5509999999999999 0.845 0.541 0.913 0.5389999999999999 0.999 0.546 0.999 0.499 0.943 0.497 0.834 0.484 0.798 0.45899999999999996 0.726 0.384 0.704 0.366 0.599 0.302 0.54 0.277 0.46699999999999997 0.264 0.41 0.265 0.354 0.275 0.304 0.29700000000000004 0.267 0.303 0.236 0.315 0.16799999999999998 0.365 0.13999999999999999 0.393 0.11699999999999999 0.42400000000000004 0.10400000000000001 0.43499999999999994 0.095 0.437 0.077 0.461 0.05 0.462 0.019 0.441 0 0.437 0 0.6799999999999999