0 0.3 0.42699999999999994 0.20099999999999998 0.42699999999999994 0.20099999999999998 0.465 0.3 0.465 0.3 0.42699999999999994
0 0.36835 0.391865 0.34551 0.391865 0.34551 0.413315 0.36835 0.413315 0.36835 0.391865
0 0.21539999999999998 0.46626500000000004 0.19036 0.46626500000000004 0.19036 0.489295 0.21539999999999998 0.489295 0.21539999999999998 0.46626500000000004
0 0.3708 0.413175 0.35674 0.413175 0.35674 0.43740500000000004 0.3708 0.43740500000000004 0.3708 0.413175
0 0.138015 0.42195499999999997 0.089885 0.42195499999999997 0.089885 0.46086499999999997 0.138015 0.46086499999999997 0.138015 0.42195499999999997
0 0.17640499999999998 0.43931 0.150735 0.43931 0.150735 0.46010999999999996 0.17640499999999998 0.46010999999999996 0.17640499999999998 0.43931
0 0.22766999999999998 0.439455 0.20593 0.439455 0.20593 0.45458499999999996 0.22766999999999998 0.45458499999999996 0.22766999999999998 0.439455
0 0.10765499999999999 0.401985 0.081305 0.401985 0.081305 0.42711499999999997 0.10765499999999999 0.42711499999999997 0.10765499999999999 0.401985
0 0.25799 0.51232 0.22955 0.51232 0.22955 0.5423600000000001 0.25799 0.5423600000000001 0.25799 0.51232
0 0.341275 0.37993 0.323285 0.37993 0.323285 0.39399 0.341275 0.39399 0.341275 0.37993
0 0.177535 0.39855 0.157665 0.39855 0.157665 0.41784999999999994 0.177535 0.41784999999999994 0.177535 0.39855
0 0.226775 0.41597999999999996 0.204865 0.41597999999999996 0.204865 0.43362 0.226775 0.43362 0.226775 0.41597999999999996
0 0.37873999999999997 0.519385 0.36296 0.519385 0.36296 0.543115 0.37873999999999997 0.543115 0.37873999999999997 0.519385
0 0.36195499999999997 0.54078 0.333845 0.54078 0.333845 0.56664 0.36195499999999997 0.56664 0.36195499999999997 0.54078
0 0.17756 0.480405 0.15984 0.480405 0.15984 0.498595 0.17756 0.498595 0.17756 0.480405
0 0.094605 0.367375 0.079595 0.367375 0.079595 0.382625 0.094605 0.382625 0.094605 0.367375
0 0.35479 0.58406 0.33271 0.58406 0.33271 0.60344 0.35479 0.60344 0.35479 0.58406
0 0.054395000000000006 0.33387 0.041865 0.33387 0.041865 0.34679000000000004 0.054395000000000006 0.34679000000000004 0.054395000000000006 0.33387
0 0.085615 0.388745 0.062585 0.388745 0.062585 0.408615 0.085615 0.408615 0.085615 0.388745
0 0.29791 0.385705 0.27827 0.385705 0.27827 0.400435 0.29791 0.400435 0.29791 0.385705
0 0.27871 0.574925 0.26133 0.574925 0.26133 0.5862149999999999 0.27871 0.5862149999999999 0.27871 0.574925
0 0.22915999999999997 0.515975 0.2125 0.515975 0.2125 0.529925 0.22915999999999997 0.529925 0.22915999999999997 0.515975
9 0.078 0.454 0.101 0.48200000000000004 0.127 0.507 0.142 0.516 0.177 0.5549999999999999 0.21400000000000002 0.585 0.259 0.608 0.357 0.634 0.43099999999999994 0.647 0.53 0.6519999999999999 0.602 0.65 0.696 0.635 0.76 0.622 0.79 0.611 0.8320000000000001 0.584 0.8710000000000001 0.55 0.96 0.534 0.9710000000000001 0.52 0.9630000000000001 0.508 0.873 0.515 0.79 0.46699999999999997 0.7190000000000001 0.43499999999999994 0.62 0.403 0.485 0.375 0.43499999999999994 0.371 0.375 0.372 0.34500000000000003 0.377 0.302 0.374 0.27599999999999997 0.383 0.23900000000000002 0.382 0.22200000000000003 0.389 0.185 0.396 0.16599999999999998 0.396 0.128 0.388 0.11000000000000001 0.38 0.047 0.308 0.053000000000000005 0.258 0.051000000000000004 0.227 0.038 0.254 0.032 0.29500000000000004 0.025 0.314 0.023 0.34199999999999997 0.043 0.389 0.066 0.42300000000000004 0.078 0.454