0 0.489 0.562 0.43 0.562 0.43 0.612 0.489 0.612 0.489 0.562
0 0.48029 0.56026 0.42987000000000003 0.56026 0.42987000000000003 0.60088 0.48029 0.60088 0.48029 0.56026
0 0.64175 0.540285 0.5838300000000001 0.540285 0.5838300000000001 0.584715 0.64175 0.584715 0.64175 0.540285
0 0.48097500000000004 0.57098 0.459445 0.57098 0.459445 0.59112 0.48097500000000004 0.59112 0.48097500000000004 0.57098
0 0.49212 0.6105 0.47468000000000005 0.6105 0.47468000000000005 0.62974 0.49212 0.62974 0.49212 0.6105
0 0.394865 0.57099 0.38149500000000003 0.57099 0.38149500000000003 0.58527 0.394865 0.58527 0.394865 0.57099
0 0.5489550000000001 0.55914 0.43054500000000007 0.55914 0.43054500000000007 0.70746 0.5489550000000001 0.70746 0.5489550000000001 0.55914
0 0.630945 0.54283 0.602455 0.54283 0.602455 0.56753 0.630945 0.56753 0.630945 0.54283
0 0.46664500000000003 0.56081 0.445955 0.56081 0.445955 0.57883 0.46664500000000003 0.57883 0.46664500000000003 0.56081
0 0.5429700000000001 0.59209 0.49121 0.59209 0.49121 0.64327 0.5429700000000001 0.64327 0.5429700000000001 0.59209
0 0.52023 0.604625 0.46463 0.604625 0.46463 0.655135 0.52023 0.655135 0.52023 0.604625
0 0.5172 0.632575 0.50428 0.632575 0.50428 0.644765 0.5172 0.644765 0.5172 0.632575
0 0.574585 0.608905 0.563115 0.608905 0.563115 0.620595 0.574585 0.620595 0.574585 0.608905
0 0.314305 0.591695 0.303855 0.591695 0.303855 0.602645 0.314305 0.602645 0.314305 0.591695
0 0.6579550000000001 0.29918 0.6447849999999999 0.29918 0.6447849999999999 0.31507999999999997 0.6579550000000001 0.31507999999999997 0.6579550000000001 0.29918
0 0.396115 0.37775 0.38610500000000003 0.37775 0.38610500000000003 0.38739 0.396115 0.38739 0.396115 0.37775
0 0.44993 0.588735 0.42555 0.588735 0.42555 0.617325 0.44993 0.617325 0.44993 0.588735
0 0.39139 0.724625 0.37765 0.724625 0.37765 0.736315 0.39139 0.736315 0.39139 0.724625
7 0.282 0.589 0.324 0.6519999999999999 0.35 0.708 0.379 0.746 0.365 0.8099999999999999 0.362 0.893 0.352 0.932 0.353 0.953 0.367 0.9550000000000001 0.373 0.9490000000000001 0.392 0.8880000000000001 0.41900000000000004 0.782 0.422 0.757 0.43 0.748 0.497 0.7030000000000001 0.5940000000000001 0.601 0.643 0.568 0.665 0.536 0.683 0.46799999999999997 0.6940000000000001 0.40800000000000003 0.693 0.388 0.678 0.33199999999999996 0.633 0.22400000000000003 0.576 0.158 0.537 0.133 0.502 0.127 0.47000000000000003 0.10900000000000001 0.45099999999999996 0.10800000000000001 0.41600000000000004 0.11200000000000002 0.397 0.123 0.33999999999999997 0.119 0.325 0.125 0.292 0.158 0.27799999999999997 0.162 0.2 0.252 0.183 0.28500000000000003 0.157 0.364 0.156 0.442 0.173 0.504 0.231 0.542 0.282 0.589