0 0.55 0.372 0.438 0.372 0.438 0.47800000000000004 0.55 0.47800000000000004 0.55 0.372
0 0.769135 0.58167 0.695705 0.58167 0.695705 0.68689 0.769135 0.68689 0.769135 0.58167
0 0.7888499999999999 0.404815 0.66525 0.404815 0.66525 0.49850500000000003 0.7888499999999999 0.49850500000000003 0.7888499999999999 0.404815
0 0.97705 0.39624000000000004 0.6655300000000001 0.39624000000000004 0.6655300000000001 0.68774 0.97705 0.68774 0.97705 0.39624000000000004
0 0.726595 0.583695 0.6952849999999999 0.583695 0.6952849999999999 0.637985 0.726595 0.637985 0.726595 0.583695
0 0.4229 0.380075 0.38228 0.380075 0.38228 0.432905 0.4229 0.432905 0.4229 0.380075
0 0.88443 0.41651999999999995 0.79623 0.41651999999999995 0.79623 0.47264 0.88443 0.47264 0.88443 0.41651999999999995
0 0.410465 0.5347500000000001 0.30633499999999997 0.5347500000000001 0.30633499999999997 0.56193 0.410465 0.56193 0.410465 0.5347500000000001
0 0.55187 0.37478500000000003 0.51259 0.37478500000000003 0.51259 0.407435 0.55187 0.407435 0.55187 0.37478500000000003
0 0.700555 0.357075 0.6803049999999999 0.357075 0.6803049999999999 0.398305 0.700555 0.398305 0.700555 0.357075
0 0.49892000000000003 0.370915 0.46202 0.370915 0.46202 0.424505 0.49892000000000003 0.424505 0.49892000000000003 0.370915
0 0.6999299999999999 0.45496 0.66139 0.45496 0.66139 0.49036 0.6999299999999999 0.49036 0.6999299999999999 0.45496
0 0.78783 0.57952 0.76003 0.57952 0.76003 0.60602 0.78783 0.60602 0.78783 0.57952
0 0.999325 0.42854000000000003 0.941095 0.42854000000000003 0.941095 0.47624000000000005 0.999325 0.47624000000000005 0.999325 0.42854000000000003
0 0.929015 0.471425 0.864925 0.471425 0.864925 0.5007349999999999 0.929015 0.5007349999999999 0.929015 0.471425
0 0.7725850000000001 0.40530499999999997 0.741095 0.40530499999999997 0.741095 0.430635 0.7725850000000001 0.430635 0.7725850000000001 0.40530499999999997
0 0.35004 0.53508 0.30866 0.53508 0.30866 0.55476 0.35004 0.55476 0.35004 0.53508
0 0.5190699999999999 0.5402750000000001 0.47995 0.5402750000000001 0.47995 0.557385 0.5190699999999999 0.557385 0.5190699999999999 0.5402750000000001
0 0.61399 0.536925 0.59695 0.536925 0.59695 0.5519350000000001 0.61399 0.5519350000000001 0.61399 0.536925
0 0.8279799999999999 0.41451000000000005 0.798 0.41451000000000005 0.798 0.43461 0.8279799999999999 0.43461 0.8279799999999999 0.41451000000000005
9 0.20099999999999998 0.724 0.329 0.763 0.41200000000000003 0.776 0.505 0.7769999999999999 0.5860000000000001 0.771 0.62 0.764 0.739 0.7110000000000001 0.7969999999999999 0.674 0.8550000000000001 0.6599999999999999 0.885 0.647 0.9039999999999999 0.622 0.909 0.583 0.9179999999999999 0.562 0.9259999999999999 0.553 0.977 0.5519999999999999 0.999 0.5429999999999999 0.999 0.418 0.9650000000000001 0.437 0.944 0.437 0.925 0.42800000000000005 0.8880000000000001 0.426 0.873 0.421 0.8039999999999999 0.379 0.746 0.331 0.6809999999999999 0.302 0.644 0.29500000000000004 0.583 0.296 0.21000000000000002 0.362 0.13 0.388 0.072 0.41500000000000004 0.034 0.44000000000000006 0.001 0.46799999999999997 0 0.614 0.034 0.641 0.092 0.674 0.20099999999999998 0.724