0 0.523 0.404 0.42300000000000004 0.404 0.42300000000000004 0.5269999999999999 0.523 0.5269999999999999 0.523 0.404
0 0.842465 0.441805 0.695615 0.441805 0.695615 0.543555 0.842465 0.543555 0.842465 0.441805
0 0.76373 0.6387050000000001 0.72943 0.6387050000000001 0.72943 0.703095 0.76373 0.703095 0.76373 0.6387050000000001
0 0.42288 0.41255 0.37936000000000003 0.41255 0.37936000000000003 0.46879 0.42288 0.46879 0.42288 0.41255
0 0.8122149999999999 0.7100500000000001 0.769825 0.7100500000000001 0.769825 0.7606499999999999 0.8122149999999999 0.7606499999999999 0.8122149999999999 0.7100500000000001
0 0.631825 0.443115 0.585955 0.443115 0.585955 0.486085 0.631825 0.486085 0.631825 0.443115
0 0.9565149999999999 0.560395 0.845245 0.560395 0.845245 0.627105 0.9565149999999999 0.627105 0.9565149999999999 0.560395
0 0.568025 0.40444 0.5247550000000001 0.40444 0.5247550000000001 0.44176000000000004 0.568025 0.44176000000000004 0.568025 0.40444
0 0.736765 0.385285 0.713435 0.385285 0.713435 0.432095 0.736765 0.432095 0.736765 0.385285
0 0.735795 0.49450500000000003 0.691945 0.49450500000000003 0.691945 0.5328350000000001 0.735795 0.5328350000000001 0.735795 0.49450500000000003
0 0.8304500000000001 0.635335 0.80041 0.635335 0.80041 0.665445 0.8304500000000001 0.665445 0.8304500000000001 0.635335
0 0.99566 0.48782500000000006 0.91644 0.48782500000000006 0.91644 0.552215 0.99566 0.552215 0.99566 0.48782500000000006
0 0.41208 0.58589 0.29788000000000003 0.58589 0.29788000000000003 0.61235 0.41208 0.61235 0.41208 0.58589
0 0.5345500000000001 0.589735 0.49085 0.589735 0.49085 0.608505 0.5345500000000001 0.608505 0.5345500000000001 0.589735
0 0.9597950000000001 0.646655 0.939625 0.646655 0.939625 0.6687649999999999 0.9597950000000001 0.6687649999999999 0.9597950000000001 0.646655
0 0.8808149999999999 0.448585 0.846725 0.448585 0.846725 0.47035499999999997 0.8808149999999999 0.47035499999999997 0.8808149999999999 0.448585
0 0.04475 0.5768099999999999 0.00737 0.5768099999999999 0.00737 0.59507 0.04475 0.59507 0.04475 0.5768099999999999
0 0.94471 0.46938500000000005 0.9146699999999999 0.46938500000000005 0.9146699999999999 0.496915 0.94471 0.496915 0.94471 0.46938500000000005
0 0.63724 0.58601 0.6186200000000001 0.58601 0.6186200000000001 0.60051 0.63724 0.60051 0.63724 0.58601
0 0.815205 0.69179 0.8049149999999999 0.69179 0.8049149999999999 0.71251 0.815205 0.71251 0.815205 0.69179
0 0.7323850000000001 0.560045 0.718795 0.560045 0.718795 0.572775 0.7323850000000001 0.572775 0.7323850000000001 0.560045
0 0.9149800000000001 0.45686 0.8877599999999999 0.45686 0.8877599999999999 0.47624000000000005 0.9149800000000001 0.47624000000000005 0.9149800000000001 0.45686
0 0.6870499999999999 0.563725 0.6733100000000001 0.563725 0.6733100000000001 0.575915 0.6870499999999999 0.575915 0.6870499999999999 0.563725
0 0.52624 0.382055 0.5176999999999999 0.382055 0.5176999999999999 0.397725 0.52624 0.397725 0.52624 0.382055
0 0.2562 0.58644 0.24112 0.58644 0.24112 0.59618 0.2562 0.59618 0.2562 0.58644
0 0.16641 0.64517 0.13461 0.64517 0.13461 0.6839299999999999 0.16641 0.6839299999999999 0.16641 0.64517
0 0.66586 0.42465 0.6573800000000001 0.42465 0.6573800000000001 0.43228999999999995 0.66586 0.43228999999999995 0.66586 0.42465
0 0.9367800000000001 0.54076 0.8864599999999999 0.54076 0.8864599999999999 0.56374 0.9367800000000001 0.56374 0.9367800000000001 0.54076
0 0.12756499999999998 0.5755049999999999 0.012814999999999998 0.5755049999999999 0.012814999999999998 0.5944149999999999 0.12756499999999998 0.5944149999999999 0.12756499999999998 0.5755049999999999
0 0.15726 0.6035999999999999 0.1406 0.6035999999999999 0.1406 0.61124 0.15726 0.61124 0.15726 0.6035999999999999
0 0.074985 0.646335 0.027195000000000004 0.646335 0.027195000000000004 0.7179249999999999 0.074985 0.7179249999999999 0.074985 0.646335
0 0.24963000000000002 0.755205 0.20593 0.755205 0.20593 0.779955 0.24963000000000002 0.779955 0.24963000000000002 0.755205
0 0.04189 0.6839649999999999 0.02317 0.6839649999999999 0.02317 0.7164349999999999 0.04189 0.7164349999999999 0.04189 0.6839649999999999
0 0.65996 0.20038 0.65352 0.20038 0.65352 0.20659999999999998 0.65996 0.20659999999999998 0.65996 0.20038
0 0.78979 0.239975 0.78345 0.239975 0.78345 0.245865 0.78979 0.245865 0.78979 0.239975
0 0.37934999999999997 0.49867 0.35161 0.49867 0.35161 0.51501 0.37934999999999997 0.51501 0.37934999999999997 0.49867
9 0.223 0.8130000000000001 0.318 0.8390000000000001 0.391 0.851 0.503 0.8539999999999999 0.624 0.844 0.6769999999999999 0.828 0.696 0.817 0.772 0.788 0.8470000000000001 0.742 0.914 0.724 0.9460000000000001 0.706 0.9630000000000001 0.6809999999999999 0.968 0.643 0.9800000000000001 0.614 0.9869999999999999 0.602 0.999 0.592 0.999 0.47000000000000003 0.982 0.465 0.9470000000000001 0.46399999999999997 0.898 0.44699999999999995 0.857 0.414 0.738 0.33599999999999997 0.708 0.322 0.674 0.314 0.611 0.315 0.20800000000000002 0.39 0.159 0.40199999999999997 0.088 0.42699999999999994 0.039 0.45199999999999996 0.005 0.477 0 0.481 0.001 0.714 0.10600000000000001 0.764 0.223 0.8130000000000001