0 0.5309999999999999 0.271 0.46299999999999997 0.271 0.46299999999999997 0.371 0.5309999999999999 0.371 0.5309999999999999 0.271
0 0.49407500000000004 0.24267500000000003 0.45806500000000006 0.24267500000000003 0.45806500000000006 0.289065 0.49407500000000004 0.289065 0.49407500000000004 0.24267500000000003
0 0.276555 0.521915 0.197085 0.521915 0.197085 0.610905 0.276555 0.610905 0.276555 0.521915
0 0.837675 0.56097 0.746305 0.56097 0.746305 0.63629 0.837675 0.63629 0.837675 0.56097
0 0.5206649999999999 0.3934 0.457855 0.3934 0.457855 0.46792 0.5206649999999999 0.46792 0.5206649999999999 0.3934
0 0.564955 0.16379 0.514145 0.16379 0.514145 0.22366999999999998 0.564955 0.22366999999999998 0.564955 0.16379
0 0.7155750000000001 0.695805 0.675045 0.695805 0.675045 0.732915 0.7155750000000001 0.732915 0.7155750000000001 0.695805
0 0.46393000000000006 0.14813 0.42377000000000004 0.14813 0.42377000000000004 0.23761000000000002 0.46393000000000006 0.23761000000000002 0.46393000000000006 0.14813
0 0.30651 0.5178149999999999 0.27845 0.5178149999999999 0.27845 0.545665 0.30651 0.545665 0.30651 0.5178149999999999
0 0.56995 0.41604 0.49939 0.41604 0.49939 0.5019199999999999 0.56995 0.5019199999999999 0.56995 0.41604
0 0.21991999999999998 0.5232300000000001 0.19682 0.5232300000000001 0.19682 0.54903 0.21991999999999998 0.54903 0.21991999999999998 0.5232300000000001
7 0.257 0.604 0.282 0.6599999999999999 0.33199999999999996 0.709 0.40099999999999997 0.8130000000000001 0.519 0.9380000000000001 0.626 0.999 0.9560000000000001 0.999 0.959 0.984 0.969 0.969 0.9789999999999999 0.942 0.983 0.884 0.99 0.8480000000000001 0.9890000000000001 0.769 0.978 0.697 0.9630000000000001 0.649 0.9039999999999999 0.515 0.874 0.457 0.849 0.417 0.788 0.337 0.752 0.301 0.632 0.231 0.567 0.219 0.549 0.20400000000000001 0.526 0.16399999999999998 0.501 0.13799999999999998 0.414 0.09 0.387 0.086 0.38 0.088 0.365 0.10700000000000001 0.281 0.15 0.248 0.178 0.20099999999999998 0.23900000000000002 0.16399999999999998 0.298 0.146 0.369 0.148 0.44299999999999995 0.188 0.52 0.215 0.557 0.257 0.604