0 0.5740000000000001 0.339 0.513 0.339 0.513 0.43600000000000005 0.5740000000000001 0.43600000000000005 0.5740000000000001 0.339
0 0.7296199999999999 0.30078499999999997 0.6024200000000001 0.30078499999999997 0.6024200000000001 0.511235 0.7296199999999999 0.511235 0.7296199999999999 0.30078499999999997
0 0.27215500000000004 0.30808 0.139465 0.30808 0.139465 0.42728 0.27215500000000004 0.42728 0.27215500000000004 0.30808
0 0.46197499999999997 0.49640000000000006 0.238225 0.49640000000000006 0.238225 0.63934 0.46197499999999997 0.63934 0.46197499999999997 0.49640000000000006
0 0.19855 0.45796000000000003 0.05341 0.45796000000000003 0.05341 0.51176 0.19855 0.51176 0.19855 0.45796000000000003
0 0.6227400000000001 0.5080549999999999 0.54718 0.5080549999999999 0.54718 0.6091249999999999 0.6227400000000001 0.6091249999999999 0.6227400000000001 0.5080549999999999
0 0.5042 0.338395 0.4484 0.338395 0.4484 0.422445 0.5042 0.422445 0.5042 0.338395
0 0.462325 0.49932999999999994 0.43855500000000003 0.49932999999999994 0.43855500000000003 0.54657 0.462325 0.54657 0.462325 0.49932999999999994
0 0.51483 0.5010399999999999 0.48273 0.5010399999999999 0.48273 0.5468200000000001 0.51483 0.5468200000000001 0.51483 0.5010399999999999
0 0.41499499999999995 0.38531 0.395545 0.38531 0.395545 0.41401000000000004 0.41499499999999995 0.41401000000000004 0.41499499999999995 0.38531
0 0.42172 0.49098499999999995 0.39956 0.49098499999999995 0.39956 0.521715 0.42172 0.521715 0.42172 0.49098499999999995
0 0.28862 0.48837 0.25484 0.48837 0.25484 0.52823 0.28862 0.52823 0.28862 0.48837
0 0.64917 0.5087900000000001 0.6174299999999999 0.5087900000000001 0.6174299999999999 0.5429700000000001 0.64917 0.5429700000000001 0.64917 0.5087900000000001
0 0.40579 0.43189500000000003 0.38815 0.43189500000000003 0.38815 0.45238500000000004 0.40579 0.45238500000000004 0.40579 0.43189500000000003
0 0.54192 0.33953500000000003 0.5196 0.33953500000000003 0.5196 0.365045 0.54192 0.365045 0.54192 0.33953500000000003
0 0.3351 0.5779099999999999 0.31676000000000004 0.5779099999999999 0.31676000000000004 0.60275 0.3351 0.60275 0.3351 0.5779099999999999
0 0.133995 0.424015 0.11270500000000001 0.424015 0.11270500000000001 0.44708500000000007 0.133995 0.44708500000000007 0.133995 0.424015
0 0.360025 0.30729 0.348955 0.30729 0.348955 0.32601 0.360025 0.32601 0.360025 0.30729
0 0.4892 0.317635 0.47222 0.317635 0.47222 0.334225 0.4892 0.334225 0.4892 0.317635
0 0.29598 0.537365 0.2802 0.537365 0.2802 0.560295 0.29598 0.560295 0.29598 0.537365
0 0.49953000000000003 0.2419 0.46970999999999996 0.2419 0.46970999999999996 0.26006 0.49953000000000003 0.26006 0.49953000000000003 0.2419
0 0.430185 0.281745 0.41551499999999997 0.281745 0.41551499999999997 0.302235 0.430185 0.302235 0.430185 0.281745
0 0.44309000000000004 0.23092000000000001 0.42605000000000004 0.23092000000000001 0.42605000000000004 0.24954 0.44309000000000004 0.24954 0.44309000000000004 0.23092000000000001
0 0.19595 0.45163000000000003 0.18417 0.45163000000000003 0.18417 0.46829 0.19595 0.46829 0.19595 0.45163000000000003
0 0.2385 0.306085 0.22048 0.306085 0.22048 0.326735 0.2385 0.326735 0.2385 0.306085
0 0.49679 0.21427999999999997 0.47245 0.21427999999999997 0.47245 0.22884000000000002 0.49679 0.22884000000000002 0.49679 0.21427999999999997
0 0.45101 0.208235 0.43472999999999995 0.208235 0.43472999999999995 0.221205 0.45101 0.221205 0.45101 0.208235
0 0.56394 0.207995 0.54642 0.207995 0.54642 0.218525 0.56394 0.218525 0.56394 0.207995
0 0.40604500000000004 0.220465 0.39375499999999997 0.220465 0.39375499999999997 0.23095500000000002 0.40604500000000004 0.23095500000000002 0.40604500000000004 0.220465
0 0.22294 0.26145999999999997 0.20381999999999997 0.26145999999999997 0.20381999999999997 0.27224 0.22294 0.27224 0.22294 0.26145999999999997
0 0.60224 0.26894999999999997 0.59112 0.26894999999999997 0.59112 0.27695 0.60224 0.27695 0.60224 0.26894999999999997
0 0.1836 0.3903 0.17554 0.3903 0.17554 0.40119999999999995 0.1836 0.40119999999999995 0.1836 0.3903
0 0.60202 0.31838500000000003 0.5845 0.31838500000000003 0.5845 0.338835 0.60202 0.338835 0.60202 0.31838500000000003
0 0.269285 0.57967 0.195315 0.57967 0.195315 0.63811 0.269285 0.63811 0.269285 0.57967
9 0.123 0.525 0.144 0.526 0.18 0.536 0.211 0.522 0.22200000000000003 0.54 0.199 0.5559999999999999 0.197 0.597 0.20299999999999999 0.606 0.20099999999999998 0.625 0.209 0.633 0.24 0.646 0.28900000000000003 0.6559999999999999 0.496 0.648 0.534 0.642 0.599 0.616 0.713 0.587 0.7769999999999999 0.5509999999999999 0.8019999999999999 0.5519999999999999 0.8320000000000001 0.562 0.86 0.5660000000000001 0.96 0.597 0.9720000000000001 0.5940000000000001 0.977 0.584 0.975 0.5690000000000001 0.962 0.5549999999999999 0.773 0.43899999999999995 0.74 0.391 0.732 0.34199999999999997 0.721 0.318 0.6990000000000001 0.29 0.6599999999999999 0.252 0.623 0.22599999999999998 0.5780000000000001 0.20299999999999999 0.503 0.185 0.41900000000000004 0.184 0.39 0.207 0.343 0.229 0.238 0.25 0.19 0.265 0.13799999999999998 0.309 0.1 0.376 0.091 0.40499999999999997 0.08299999999999999 0.417 0.078 0.44000000000000006 0.047 0.509 0.041999999999999996 0.532 0.062 0.5389999999999999 0.088 0.53 0.123 0.525