0 0.6559999999999999 0.22599999999999998 0.5780000000000001 0.22599999999999998 0.5780000000000001 0.331 0.6559999999999999 0.331 0.6559999999999999 0.22599999999999998
0 0.39543 0.31488 0.36825 0.31488 0.36825 0.34674 0.39543 0.34674 0.39543 0.31488
0 0.32387 0.58143 0.29479 0.58143 0.29479 0.60705 0.32387 0.60705 0.32387 0.58143
0 0.5933550000000001 0.13857999999999998 0.5599649999999999 0.13857999999999998 0.5599649999999999 0.1705 0.5933550000000001 0.1705 0.5933550000000001 0.13857999999999998
0 0.29635 0.365095 0.27054999999999996 0.365095 0.27054999999999996 0.392725 0.29635 0.392725 0.29635 0.365095
0 0.6199399999999999 0.6315000000000001 0.5949 0.6315000000000001 0.5949 0.6575599999999999 0.6199399999999999 0.6575599999999999 0.6199399999999999 0.6315000000000001
0 0.30182000000000003 0.54915 0.27582 0.54915 0.27582 0.57585 0.30182000000000003 0.57585 0.30182000000000003 0.54915
0 0.61314 0.240975 0.5821799999999999 0.240975 0.5821799999999999 0.265865 0.61314 0.265865 0.61314 0.240975
0 0.25365000000000004 0.57813 0.22585000000000002 0.57813 0.22585000000000002 0.60351 0.25365000000000004 0.60351 0.25365000000000004 0.57813
0 0.22046000000000002 0.60902 0.18286 0.60902 0.18286 0.6380600000000001 0.22046000000000002 0.6380600000000001 0.22046000000000002 0.60902
7 0 0.784 0.076 0.778 0.10300000000000001 0.763 0.11200000000000002 0.752 0.121 0.752 0.18 0.775 0.24 0.79 0.316 0.8 0.40599999999999997 0.8019999999999999 0.477 0.79 0.628 0.751 0.727 0.688 0.766 0.65 0.782 0.619 0.798 0.602 0.8140000000000001 0.5740000000000001 0.827 0.533 0.8949999999999999 0.461 0.917 0.42699999999999994 0.922 0.40700000000000003 0.93 0.397 0.944 0.364 0.96 0.307 0.962 0.24500000000000002 0.969 0.22400000000000003 0.9730000000000001 0.185 0.97 0.086 0.9730000000000001 0.048 0.97 0.038 0.962 0.03 0.9349999999999999 0.023 0.883 0.02 0.8630000000000001 0.011 0.775 0.004 0.747 0.008 0.683 0.008 0.618 0.020999999999999998 0.576 0.034999999999999996 0.546 0.053000000000000005 0.505 0.059 0.47400000000000003 0.077 0.446 0.08299999999999999 0.404 0.10800000000000001 0.383 0.129 0.324 0.17099999999999999 0.28900000000000003 0.186 0.23399999999999999 0.238 0.20099999999999998 0.27599999999999997 0.16 0.333 0.11000000000000001 0.413 0.1 0.437 0.077 0.519 0.071 0.5650000000000001 0.074 0.658 0.08299999999999999 0.686 0.072 0.697 0.044 0.705 0 0.729 0 0.784