0 0.721 0.43899999999999995 0.632 0.43899999999999995 0.632 0.516 0.721 0.516 0.721 0.43899999999999995
0 0.741275 0.53189 0.652285 0.53189 0.652285 0.63315 0.741275 0.63315 0.741275 0.53189
0 0.725185 0.40188499999999994 0.704495 0.40188499999999994 0.704495 0.428195 0.725185 0.428195 0.725185 0.40188499999999994
0 0.724885 0.45285000000000003 0.713595 0.45285000000000003 0.713595 0.46951 0.724885 0.46951 0.724885 0.45285000000000003
0 0.858765 0.67218 0.8355750000000001 0.67218 0.8355750000000001 0.70868 0.858765 0.70868 0.858765 0.67218
0 0.5316799999999999 0.36816499999999996 0.50054 0.36816499999999996 0.50054 0.497555 0.5316799999999999 0.497555 0.5316799999999999 0.36816499999999996
0 0.44873 0.390485 0.42187 0.390485 0.42187 0.41811499999999996 0.44873 0.41811499999999996 0.44873 0.390485
0 0.390005 0.478655 0.36145499999999997 0.478655 0.36145499999999997 0.501325 0.390005 0.501325 0.390005 0.478655
0 0.40800000000000003 0.34356 0.34834 0.34356 0.34834 0.36738 0.40800000000000003 0.36738 0.40800000000000003 0.34356
0 1 0.5671999999999999 0.94522 0.5671999999999999 0.94522 0.6310399999999999 1 0.6310399999999999 1 0.5671999999999999
0 0.99506 0.569735 0.9737 0.569735 0.9737 0.590425 0.99506 0.590425 0.99506 0.569735
0 0.9047449999999999 0.54288 0.891155 0.54288 0.891155 0.5596599999999999 0.9047449999999999 0.5596599999999999 0.9047449999999999 0.54288
0 0.97176 0.551195 0.9461999999999999 0.551195 0.9461999999999999 0.5718449999999999 0.97176 0.5718449999999999 0.97176 0.551195
0 0.86798 0.51559 0.8419800000000001 0.51559 0.8419800000000001 0.53813 0.86798 0.53813 0.86798 0.51559
0 0.8374349999999999 0.549795 0.8246650000000001 0.549795 0.8246650000000001 0.564465 0.8374349999999999 0.564465 0.8374349999999999 0.549795
0 0.9104699999999999 0.64958 0.8981299999999999 0.64958 0.8981299999999999 0.66682 0.9104699999999999 0.66682 0.9104699999999999 0.64958
0 0.94153 0.604035 0.92957 0.604035 0.92957 0.616665 0.94153 0.616665 0.94153 0.604035
0 0.401145 0.45843999999999996 0.378635 0.45843999999999996 0.378635 0.48444000000000004 0.401145 0.48444000000000004 0.401145 0.45843999999999996
0 0.615965 0.43643 0.600835 0.43643 0.600835 0.45321 0.615965 0.45321 0.615965 0.43643
0 0.88146 0.50752 0.85584 0.50752 0.85584 0.5246999999999999 0.88146 0.5246999999999999 0.88146 0.50752
0 0.74031 0.39681500000000003 0.72453 0.39681500000000003 0.72453 0.419585 0.74031 0.419585 0.74031 0.39681500000000003
0 0.32986499999999996 0.49518000000000006 0.309295 0.49518000000000006 0.309295 0.5048199999999999 0.32986499999999996 0.5048199999999999 0.32986499999999996 0.49518000000000006
0 0.67865 0.5707150000000001 0.6670499999999999 0.5707150000000001 0.6670499999999999 0.584565 0.67865 0.584565 0.67865 0.5707150000000001
0 0.45813 0.5119 0.18005 0.5119 0.18005 0.60626 0.45813 0.60626 0.45813 0.5119
0 0.689395 0.35574 0.666065 0.35574 0.666065 0.37326000000000004 0.689395 0.37326000000000004 0.689395 0.35574
0 0.667605 0.45137 0.629275 0.45137 0.629275 0.47881 0.667605 0.47881 0.667605 0.45137
0 0.154935 0.56784 0.090545 0.56784 0.090545 0.58646 0.154935 0.58646 0.154935 0.56784
0 0.198545 0.55248 0.100275 0.55248 0.100275 0.5862 0.198545 0.5862 0.198545 0.55248
0 0.8918799999999999 0.41189 0.86008 0.41189 0.86008 0.44065000000000004 0.8918799999999999 0.44065000000000004 0.8918799999999999 0.41189
0 0.906245 0.576415 0.819335 0.576415 0.819335 0.7858850000000001 0.906245 0.7858850000000001 0.906245 0.576415
0 0.9533799999999999 0.66944 0.9343199999999999 0.66944 0.9343199999999999 0.69092 0.9533799999999999 0.69092 0.9533799999999999 0.66944
0 0.663275 0.48829 0.6502049999999999 0.48829 0.6502049999999999 0.50389 0.663275 0.50389 0.663275 0.48829
0 0.28096 0.39272999999999997 0.23174 0.39272999999999997 0.23174 0.42221000000000003 0.28096 0.42221000000000003 0.28096 0.39272999999999997
0 0.7844800000000001 0.52847 0.7624 0.52847 0.7624 0.54281 0.7844800000000001 0.54281 0.7844800000000001 0.52847
0 0.37616499999999997 0.49686 0.355275 0.49686 0.355275 0.50998 0.37616499999999997 0.50998 0.37616499999999997 0.49686
0 0.5257850000000001 0.42142 0.461515 0.42142 0.461515 0.49948 0.5257850000000001 0.49948 0.5257850000000001 0.42142
0 0.720685 0.33934000000000003 0.663095 0.33934000000000003 0.663095 0.37502 0.720685 0.37502 0.720685 0.33934000000000003
0 0.299205 0.458225 0.286235 0.458225 0.286235 0.47975500000000004 0.299205 0.47975500000000004 0.299205 0.458225
0 0.22422499999999998 0.54032 0.187875 0.54032 0.187875 0.5534399999999999 0.22422499999999998 0.5534399999999999 0.22422499999999998 0.54032
0 0.518025 0.36332 0.509315 0.36332 0.509315 0.37448000000000004 0.518025 0.37448000000000004 0.518025 0.36332
0 0.858535 0.64757 0.832865 0.64757 0.832865 0.68935 0.858535 0.68935 0.858535 0.64757
0 0.079625 0.538225 0.002535 0.538225 0.002535 0.588735 0.079625 0.588735 0.079625 0.538225
0 0.994345 0.38544 0.934375 0.38544 0.934375 0.43244 0.994345 0.43244 0.994345 0.38544
0 0.52819 0.33171 0.49915000000000004 0.33171 0.49915000000000004 0.35139 0.52819 0.35139 0.52819 0.33171
0 0.34439000000000003 0.524615 0.27963 0.524615 0.27963 0.567185 0.34439000000000003 0.567185 0.34439000000000003 0.524615
0 0.31289 0.525485 0.28819 0.525485 0.28819 0.540915 0.31289 0.540915 0.31289 0.525485
0 0.76642 0.346895 0.75408 0.346895 0.75408 0.35818500000000003 0.76642 0.35818500000000003 0.76642 0.346895
9 0 0.617 0.075 0.589 0.129 0.591 0.185 0.5780000000000001 0.20600000000000002 0.579 0.27 0.5980000000000001 0.51 0.636 0.5650000000000001 0.636 0.646 0.623 0.6900000000000001 0.623 0.706 0.631 0.7150000000000001 0.645 0.74 0.7190000000000001 0.757 0.74 0.8130000000000001 0.774 0.882 0.8 0.9019999999999999 0.799 0.925 0.772 0.942 0.737 0.945 0.7190000000000001 0.9789999999999999 0.636 0.999 0.625 0.999 0.437 0.983 0.43499999999999994 0.961 0.425 0.877 0.34700000000000003 0.845 0.32599999999999996 0.788 0.302 0.756 0.296 0.733 0.28700000000000003 0.669 0.277 0.613 0.273 0.533 0.281 0.502 0.28900000000000003 0.42300000000000004 0.323 0.353 0.33599999999999997 0.244 0.376 0.149 0.417 0.016 0.488 0 0.493 0 0.617