0 0.421 0.38 0.33999999999999997 0.38 0.33999999999999997 0.506 0.421 0.506 0.421 0.38
0 0.568485 0.31994500000000003 0.427615 0.31994500000000003 0.427615 0.522335 0.568485 0.522335 0.568485 0.31994500000000003
0 0.27090000000000003 0.31738 0.16122 0.31738 0.16122 0.52392 0.27090000000000003 0.52392 0.27090000000000003 0.31738
0 0.15051 0.293335 0.0017100000000000001 0.293335 0.0017100000000000001 0.539185 0.15051 0.539185 0.15051 0.293335
0 0.5031100000000001 0.544315 0.27667 0.544315 0.27667 0.798465 0.5031100000000001 0.798465 0.5031100000000001 0.544315
0 0.839815 0.547795 0.723665 0.547795 0.723665 0.693425 0.839815 0.693425 0.839815 0.547795
0 0.257565 0.23145 0.073975 0.23145 0.073975 0.36963 0.257565 0.36963 0.257565 0.23145
0 0.169855 0.656405 0.108405 0.656405 0.108405 0.745455 0.169855 0.745455 0.169855 0.656405
0 0.6878650000000001 0.46596000000000004 0.640255 0.46596000000000004 0.640255 0.52672 0.6878650000000001 0.52672 0.6878650000000001 0.46596000000000004
0 0.053225 0.71555 0.030154999999999998 0.71555 0.030154999999999998 0.74735 0.053225 0.74735 0.053225 0.71555
0 0.054544999999999996 0.305585 0.014174999999999998 0.305585 0.014174999999999998 0.348215 0.054544999999999996 0.348215 0.054544999999999996 0.305585
0 0.31403 0.7168300000000001 0.29241 0.7168300000000001 0.29241 0.76169 0.31403 0.76169 0.31403 0.7168300000000001
0 0 0.5101950000000001 0.02812 0.5101950000000001 0.02812 0.383365 0 0.383365 0 0.5101950000000001
0 0.037614999999999996 0.34609999999999996 0.004965 0.34609999999999996 0.004965 0.38828 0.037614999999999996 0.38828 0.037614999999999996 0.34609999999999996
0 0.144905 0.32621 0.12071499999999999 0.32621 0.12071499999999999 0.34615 0.144905 0.34615 0.144905 0.32621
0 0.21509999999999999 0.23102999999999999 0.16721999999999998 0.23102999999999999 0.16721999999999998 0.26141000000000003 0.21509999999999999 0.26141000000000003 0.21509999999999999 0.23102999999999999
0 0.024175 0.63814 0.000405 0.63814 0.000405 0.68022 0.024175 0.68022 0.024175 0.63814
0 0.35653999999999997 0.7556499999999999 0.29874 0.7556499999999999 0.29874 0.78145 0.35653999999999997 0.78145 0.35653999999999997 0.7556499999999999
0 0.116425 0.25173999999999996 0.088895 0.25173999999999996 0.088895 0.28342 0.116425 0.28342 0.116425 0.25173999999999996
0 0.46428 0.36597 0.44977999999999996 0.36597 0.44977999999999996 0.38451 0.46428 0.38451 0.46428 0.36597
0 0.8801249999999999 0.5322600000000001 0.498775 0.5322600000000001 0.498775 0.5654 0.8801249999999999 0.5654 0.8801249999999999 0.5322600000000001
0 0.419045 0.27171 0.39637500000000003 0.27171 0.39637500000000003 0.29713 0.419045 0.29713 0.419045 0.27171
0 0.08129499999999999 0.28477 0.048945 0.28477 0.048945 0.30947 0.08129499999999999 0.30947 0.08129499999999999 0.28477
0 0.27792500000000003 0.2193 0.182775 0.2193 0.182775 0.25238 0.27792500000000003 0.25238 0.27792500000000003 0.2193
0 0.03472 0.602175 0.00852 0.602175 0.00852 0.617545 0.03472 0.617545 0.03472 0.602175
0 0.866835 0.515765 0.826525 0.515765 0.826525 0.538915 0.866835 0.538915 0.866835 0.515765
0 0.02426 0.34926 0.00708 0.34926 0.00708 0.36118 0.02426 0.36118 0.02426 0.34926
0 0.041625 0.23852 0.003295 0.23852 0.003295 0.25782 0.041625 0.25782 0.041625 0.23852
9 0.319 0.8310000000000001 0.355 0.8390000000000001 0.44800000000000006 0.8390000000000001 0.504 0.826 0.602 0.788 0.6519999999999999 0.763 0.688 0.739 0.751 0.678 0.828 0.589 0.8560000000000001 0.567 0.999 0.536 0.999 0.495 0.909 0.51 0.853 0.508 0.834 0.49400000000000005 0.734 0.39 0.6559999999999999 0.327 0.597 0.28900000000000003 0.538 0.263 0.491 0.25 0.368 0.22999999999999998 0.29300000000000004 0.227 0.264 0.209 0.088 0.21000000000000002 0.05500000000000001 0.21600000000000003 0.001 0.23500000000000001 0 0.7849999999999999 0.045 0.8009999999999999 0.16799999999999998 0.825 0.319 0.8310000000000001