0 0.42400000000000004 0.65 0.36 0.65 0.36 0.712 0.42400000000000004 0.712 0.42400000000000004 0.65
0 0.03284 0.620375 0.0054 0.620375 0.0054 0.641345 0.03284 0.641345 0.03284 0.620375
0 0.52736 0.508365 0.5078 0.508365 0.5078 0.5385150000000001 0.52736 0.5385150000000001 0.52736 0.508365
0 0 0.6830700000000001 0.052700000000000004 0.6830700000000001 0.052700000000000004 0.64993 0 0.64993 0 0.6830700000000001
0 0.47752999999999995 0.72653 0.46779000000000004 0.72653 0.46779000000000004 0.73831 0.47752999999999995 0.73831 0.47752999999999995 0.72653
0 0.269405 0.6284799999999999 0.24329499999999998 0.6284799999999999 0.24329499999999998 0.6557000000000001 0.269405 0.6557000000000001 0.269405 0.6284799999999999
0 0.49717500000000003 0.6045499999999999 0.463265 0.6045499999999999 0.463265 0.6356900000000001 0.49717500000000003 0.6356900000000001 0.49717500000000003 0.6045499999999999
0 0.26031 0.5753 0.24359000000000003 0.5753 0.24359000000000003 0.58778 0.26031 0.58778 0.26031 0.5753
0 0.5311899999999999 0.5225850000000001 0.43121 0.5225850000000001 0.43121 0.581915 0.5311899999999999 0.581915 0.5311899999999999 0.5225850000000001
0 0.77376 0.41197 0.72624 0.41197 0.72624 0.45765 0.77376 0.45765 0.77376 0.41197
0 0.392895 0.49756 0.355145 0.49756 0.355145 0.5327200000000001 0.392895 0.5327200000000001 0.392895 0.49756
0 0.70391 0.57801 0.66817 0.57801 0.66817 0.59191 0.70391 0.59191 0.70391 0.57801
0 0.686305 0.751405 0.666235 0.751405 0.666235 0.776915 0.686305 0.776915 0.686305 0.751405
0 0.20998999999999998 0.57062 0.17721 0.57062 0.17721 0.60712 0.20998999999999998 0.60712 0.20998999999999998 0.57062
0 0.5292399999999999 0.486095 0.50298 0.486095 0.50298 0.507065 0.5292399999999999 0.507065 0.5292399999999999 0.486095
0 0.07086 0.59928 0.04284 0.59928 0.04284 0.62826 0.07086 0.62826 0.07086 0.59928
0 0.27408 0.5947600000000001 0.22788 0.5947600000000001 0.22788 0.61814 0.27408 0.61814 0.27408 0.5947600000000001
0 0.362875 0.641005 0.33830499999999997 0.641005 0.33830499999999997 0.663675 0.362875 0.663675 0.362875 0.641005
0 0.310575 0.64029 0.29000499999999996 0.64029 0.29000499999999996 0.66245 0.310575 0.66245 0.310575 0.64029
0 0.46574499999999996 0.549165 0.44441499999999995 0.549165 0.44441499999999995 0.5719350000000001 0.46574499999999996 0.5719350000000001 0.46574499999999996 0.549165
0 0.401745 0.595395 0.361435 0.595395 0.361435 0.640925 0.401745 0.640925 0.401745 0.595395
0 0.597595 0.761395 0.560605 0.761395 0.560605 0.785485 0.597595 0.785485 0.597595 0.761395
0 0.379605 0.52786 0.31033499999999997 0.52786 0.31033499999999997 0.57858 0.379605 0.57858 0.379605 0.52786
0 0.58757 0.47184499999999996 0.56575 0.47184499999999996 0.56575 0.49593499999999996 0.58757 0.49593499999999996 0.58757 0.47184499999999996
0 0.511825 0.6849700000000001 0.465715 0.6849700000000001 0.465715 0.7378899999999999 0.511825 0.7378899999999999 0.511825 0.6849700000000001
0 1 0.5313 0.989155 0.5313 0.989155 0.56636 1 0.56636 1 0.5313
0 0.167205 0.62439 0.132595 0.62439 0.132595 0.64905 0.167205 0.64905 0.167205 0.62439
0 0.5800099999999999 0.42726 0.54791 0.42726 0.54791 0.4492 0.5800099999999999 0.4492 0.5800099999999999 0.42726
0 0.9999750000000001 0.5775699999999999 0.922885 0.5775699999999999 0.922885 0.59529 0.9999750000000001 0.59529 0.9999750000000001 0.5775699999999999
0 0.26104 0.5364 0.16240000000000002 0.5364 0.16240000000000002 0.56052 0.26104 0.56052 0.26104 0.5364
0 0.858165 0.44810999999999995 0.8410550000000001 0.44810999999999995 0.8410550000000001 0.46741 0.858165 0.46741 0.858165 0.44810999999999995
0 0.21851500000000001 0.630985 0.178205 0.630985 0.178205 0.670775 0.21851500000000001 0.670775 0.21851500000000001 0.630985
0 0.14652 0.5888950000000001 0.09702 0.5888950000000001 0.09702 0.619105 0.14652 0.619105 0.14652 0.5888950000000001
0 0.36783 0.70846 0.33481 0.70846 0.33481 0.731 0.36783 0.731 0.36783 0.70846
0 0.27490000000000003 0.682915 0.25244 0.682915 0.25244 0.702825 0.27490000000000003 0.702825 0.27490000000000003 0.682915
0 0.45639 0.520025 0.41763000000000006 0.520025 0.41763000000000006 0.547355 0.45639 0.547355 0.45639 0.520025
0 0.491625 0.487585 0.473715 0.487585 0.473715 0.504115 0.491625 0.504115 0.491625 0.487585
0 0.297335 0.6851200000000001 0.22268500000000002 0.6851200000000001 0.22268500000000002 0.74554 0.297335 0.74554 0.297335 0.6851200000000001
0 0.539445 0.7531399999999999 0.517195 0.7531399999999999 0.517195 0.7771399999999999 0.539445 0.7771399999999999 0.539445 0.7531399999999999
0 0.49433 0.752345 0.46319 0.752345 0.46319 0.776955 0.49433 0.776955 0.49433 0.752345
0 0.149785 0.68227 0.11853499999999999 0.68227 0.11853499999999999 0.71715 0.149785 0.71715 0.149785 0.68227
0 0.328585 0.47126999999999997 0.298375 0.47126999999999997 0.298375 0.49406999999999995 0.328585 0.49406999999999995 0.328585 0.47126999999999997
0 0.059484999999999996 0.55426 0.015475 0.55426 0.015475 0.59222 0.059484999999999996 0.59222 0.059484999999999996 0.55426
0 0.64471 0.7675449999999999 0.63655 0.7675449999999999 0.63655 0.7763950000000001 0.64471 0.7763950000000001 0.64471 0.7675449999999999
0 0.35675 0.5985699999999999 0.34003 0.5985699999999999 0.34003 0.61529 0.35675 0.61529 0.35675 0.5985699999999999
0 0.55632 0.45163000000000003 0.5472 0.45163000000000003 0.5472 0.46144999999999997 0.55632 0.46144999999999997 0.55632 0.45163000000000003
0 0.7970349999999999 0.7091149999999999 0.7898850000000001 0.7091149999999999 0.7898850000000001 0.715685 0.7970349999999999 0.715685 0.7970349999999999 0.7091149999999999
0 0.202845 0.697875 0.17557499999999998 0.697875 0.17557499999999998 0.7210650000000001 0.202845 0.7210650000000001 0.202845 0.697875
0 0.686315 0.716575 0.6759850000000001 0.716575 0.6759850000000001 0.725805 0.686315 0.725805 0.686315 0.716575
0 0.23595000000000002 0.49763999999999997 0.20229 0.49763999999999997 0.20229 0.51604 0.23595000000000002 0.51604 0.23595000000000002 0.49763999999999997
9 0 0.724 0.015 0.718 0.054000000000000006 0.712 0.11599999999999999 0.714 0.19 0.737 0.29 0.755 0.365 0.778 0.394 0.772 0.418 0.772 0.499 0.792 0.606 0.8 0.733 0.788 0.774 0.779 0.8099999999999999 0.766 0.906 0.71 0.999 0.639 0.999 0.514 0.914 0.454 0.851 0.426 0.784 0.409 0.637 0.397 0.567 0.40099999999999997 0.513 0.41500000000000004 0.46699999999999997 0.43200000000000005 0.421 0.44000000000000006 0.281 0.477 0.192 0.511 0.153 0.514 0.10800000000000001 0.525 0.057999999999999996 0.526 0.027000000000000003 0.533 0 0.532 0 0.724