0 0.707365 0.494405 0.628395 0.494405 0.628395 0.548775 0.707365 0.548775 0.707365 0.494405
0 0.7430399999999999 0.49139 0.6261 0.49139 0.6261 0.57989 0.7430399999999999 0.57989 0.7430399999999999 0.49139
0 0.723635 0.40228 0.640625 0.40228 0.640625 0.46588 0.723635 0.46588 0.723635 0.40228
0 0.66962 0.37964000000000003 0.59894 0.37964000000000003 0.59894 0.44116 0.66962 0.44116 0.66962 0.37964000000000003
0 0.6406850000000001 0.510005 0.507755 0.510005 0.507755 0.6247550000000001 0.6406850000000001 0.6247550000000001 0.6406850000000001 0.510005
0 0.76791 0.374325 0.6910700000000001 0.374325 0.6910700000000001 0.452815 0.76791 0.452815 0.76791 0.374325
0 0.8263400000000001 0.46316499999999994 0.7762 0.46316499999999994 0.7762 0.5050950000000001 0.8263400000000001 0.5050950000000001 0.8263400000000001 0.46316499999999994
0 0.717835 0.39425 0.685485 0.39425 0.685485 0.42702999999999997 0.717835 0.42702999999999997 0.717835 0.39425
0 0.9644199999999999 0.46820500000000004 0.89008 0.46820500000000004 0.89008 0.566955 0.9644199999999999 0.566955 0.9644199999999999 0.46820500000000004
0 0.63287 0.5216350000000001 0.60443 0.5216350000000001 0.60443 0.546725 0.63287 0.546725 0.63287 0.5216350000000001
0 0.7526900000000001 0.49135999999999996 0.72583 0.49135999999999996 0.72583 0.5193800000000001 0.7526900000000001 0.5193800000000001 0.7526900000000001 0.49135999999999996
0 0.66978 0.493935 0.65248 0.493935 0.65248 0.511925 0.66978 0.511925 0.66978 0.493935
0 0.5932850000000001 0.39125 0.570775 0.39125 0.570775 0.41197 0.5932850000000001 0.41197 0.5932850000000001 0.39125
0 0.622325 0.37738 0.601315 0.37738 0.601315 0.40388 0.622325 0.40388 0.622325 0.37738
0 0.5736049999999999 0.41293499999999994 0.558235 0.41293499999999994 0.558235 0.43422499999999997 0.5736049999999999 0.43422499999999997 0.5736049999999999 0.41293499999999994
0 0.61764 0.52925 0.59916 0.52925 0.59916 0.55083 0.61764 0.55083 0.61764 0.52925
0 0.78742 0.48384499999999997 0.7623800000000001 0.48384499999999997 0.7623800000000001 0.511755 0.78742 0.511755 0.78742 0.48384499999999997
0 0.8096500000000001 0.46082999999999996 0.77141 0.46082999999999996 0.77141 0.48155000000000003 0.8096500000000001 0.48155000000000003 0.8096500000000001 0.46082999999999996
0 0.6909449999999999 0.48453 0.670375 0.48453 0.670375 0.5013099999999999 0.6909449999999999 0.5013099999999999 0.6909449999999999 0.48453
0 0.9168649999999999 0.49666 0.901495 0.49666 0.901495 0.51506 0.9168649999999999 0.51506 0.9168649999999999 0.49666
0 0.652315 0.339335 0.6152650000000001 0.339335 0.6152650000000001 0.361845 0.652315 0.361845 0.652315 0.339335
0 0.737885 0.49955999999999995 0.7113349999999999 0.49955999999999995 0.7113349999999999 0.51998 0.737885 0.51998 0.737885 0.49955999999999995
0 0.549115 0.53962 0.524125 0.53962 0.524125 0.56194 0.549115 0.56194 0.549115 0.53962
0 0.79179 0.50932 0.77267 0.50932 0.77267 0.52388 0.79179 0.52388 0.79179 0.50932
0 0.683585 0.380635 0.663095 0.380635 0.663095 0.402085 0.683585 0.402085 0.683585 0.380635
0 0.59856 0.426575 0.57918 0.426575 0.57918 0.445005 0.59856 0.445005 0.59856 0.426575
0 0.9197900000000001 0.480785 0.90345 0.480785 0.90345 0.501155 0.9197900000000001 0.501155 0.9197900000000001 0.480785
0 0.60834 0.405655 0.58698 0.405655 0.58698 0.424425 0.60834 0.424425 0.60834 0.405655
0 0.650805 0.49654999999999994 0.629475 0.49654999999999994 0.629475 0.51517 0.650805 0.51517 0.650805 0.49654999999999994
0 0.31757 0.6051 0.29035 0.6051 0.29035 0.62634 0.31757 0.62634 0.31757 0.6051
0 0.62571 0.37525 0.60867 0.37525 0.60867 0.39135 0.62571 0.39135 0.62571 0.37525
0 0.620045 0.43071000000000004 0.6045550000000001 0.43071000000000004 0.6045550000000001 0.45113000000000003 0.620045 0.45113000000000003 0.620045 0.43071000000000004
0 0.76744 0.367765 0.7433 0.367765 0.7433 0.39053499999999997 0.76744 0.39053499999999997 0.76744 0.367765
0 0.24208 0.42210000000000003 0.20836000000000002 0.42210000000000003 0.20836000000000002 0.44508000000000003 0.24208 0.44508000000000003 0.24208 0.42210000000000003
0 0.7141 0.349775 0.69216 0.349775 0.69216 0.371425 0.7141 0.371425 0.7141 0.349775
0 0.92074 0.52031 0.9064 0.52031 0.9064 0.53633 0.92074 0.53633 0.92074 0.52031
9 0.202 0.635 0.304 0.6519999999999999 0.32799999999999996 0.663 0.46399999999999997 0.6759999999999999 0.532 0.678 0.579 0.6719999999999999 0.618 0.6599999999999999 0.646 0.6559999999999999 0.678 0.646 0.701 0.634 0.721 0.619 0.774 0.5650000000000001 0.8099999999999999 0.537 0.844 0.502 0.849 0.49800000000000005 0.8630000000000001 0.497 0.883 0.53 0.8960000000000001 0.562 0.9269999999999999 0.607 0.9259999999999999 0.655 0.9359999999999999 0.686 0.9490000000000001 0.697 0.962 0.696 0.97 0.682 0.9630000000000001 0.641 0.977 0.597 0.975 0.564 0.9640000000000001 0.512 0.9349999999999999 0.45499999999999996 0.9199999999999999 0.441 0.889 0.42800000000000005 0.8539999999999999 0.42300000000000004 0.786 0.396 0.764 0.369 0.734 0.352 0.636 0.32599999999999996 0.609 0.32999999999999996 0.523 0.32999999999999996 0.489 0.325 0.449 0.325 0.377 0.33799999999999997 0.274 0.366 0.22400000000000003 0.388 0.162 0.43099999999999994 0.135 0.45499999999999996 0.092 0.509 0.062 0.537 0.040999999999999995 0.546 0.001 0.554 0 0.593 0.057999999999999996 0.593 0.092 0.599 0.202 0.635