0 0.794 0.45499999999999996 0.734 0.45499999999999996 0.734 0.512 0.794 0.512 0.794 0.45499999999999996
0 0.74519 0.55089 0.69523 0.55089 0.69523 0.58779 0.74519 0.58779 0.74519 0.55089
0 0.66517 0.45043 0.6434300000000001 0.45043 0.6434300000000001 0.50075 0.66517 0.50075 0.66517 0.45043
0 0.5659799999999999 0.544405 0.53754 0.544405 0.53754 0.576695 0.5659799999999999 0.576695 0.5659799999999999 0.544405
0 0.68228 0.54633 0.65072 0.54633 0.65072 0.57085 0.68228 0.57085 0.68228 0.54633
0 0.610455 0.43994 0.563365 0.43994 0.563365 0.49413999999999997 0.610455 0.49413999999999997 0.610455 0.43994
0 0.58739 0.5073000000000001 0.57179 0.5073000000000001 0.57179 0.5405599999999999 0.58739 0.5405599999999999 0.58739 0.5073000000000001
0 0.58976 0.44150999999999996 0.56454 0.44150999999999996 0.56454 0.46620999999999996 0.58976 0.46620999999999996 0.58976 0.44150999999999996
0 0.6416350000000001 0.52728 0.621065 0.52728 0.621065 0.5537799999999999 0.6416350000000001 0.5537799999999999 0.6416350000000001 0.52728
0 0.496795 0.53034 0.484645 0.53034 0.484645 0.55266 0.496795 0.55266 0.496795 0.53034
0 0.79928 0.58331 0.77494 0.58331 0.77494 0.60029 0.79928 0.60029 0.79928 0.58331
0 0.8518800000000001 0.5494950000000001 0.82684 0.5494950000000001 0.82684 0.567685 0.8518800000000001 0.567685 0.8518800000000001 0.5494950000000001
0 0.61394 0.5555399999999999 0.5931 0.5555399999999999 0.5931 0.5850799999999999 0.61394 0.5850799999999999 0.61394 0.5555399999999999
0 0.66118 0.44701500000000005 0.64546 0.44701500000000005 0.64546 0.471445 0.66118 0.471445 0.66118 0.44701500000000005
0 0.91982 0.552335 0.8946400000000001 0.552335 0.8946400000000001 0.570705 0.91982 0.570705 0.91982 0.552335
0 0.476285 0.50108 0.459755 0.50108 0.459755 0.51748 0.476285 0.51748 0.476285 0.50108
0 0.75386 0.45264 0.7383200000000001 0.45264 0.7383200000000001 0.47118000000000004 0.75386 0.47118000000000004 0.75386 0.45264
9 0.288 0.5740000000000001 0.356 0.589 0.477 0.61 0.753 0.627 0.772 0.622 0.817 0.625 0.8720000000000001 0.616 0.8869999999999999 0.61 0.9039999999999999 0.587 0.925 0.5900000000000001 0.999 0.549 0.999 0.517 0.9720000000000001 0.51 0.9490000000000001 0.497 0.9109999999999999 0.466 0.8640000000000001 0.43899999999999995 0.8240000000000001 0.426 0.714 0.409 0.632 0.41200000000000003 0.5980000000000001 0.42300000000000004 0.58 0.42300000000000004 0.572 0.41600000000000004 0.5549999999999999 0.41 0.496 0.40199999999999997 0.441 0.403 0.341 0.41500000000000004 0.21000000000000002 0.458 0.051000000000000004 0.493 0.05 0.497 0.065 0.502 0.142 0.514 0.288 0.5740000000000001