0 0.678575 0.5364 0.640405 0.5364 0.640405 0.57116 0.678575 0.57116 0.678575 0.5364
0 0.668315 0.582875 0.645165 0.582875 0.645165 0.603645 0.668315 0.603645 0.668315 0.582875
0 0.6386999999999999 0.5197849999999999 0.6220399999999999 0.5197849999999999 0.6220399999999999 0.5427150000000001 0.6386999999999999 0.5427150000000001 0.6386999999999999 0.5197849999999999
0 0.65563 0.390125 0.6334299999999999 0.390125 0.6334299999999999 0.41359500000000005 0.65563 0.41359500000000005 0.65563 0.390125
0 0.754615 0.42363999999999996 0.727805 0.42363999999999996 0.727805 0.44745999999999997 0.754615 0.44745999999999997 0.754615 0.42363999999999996
0 0.644005 0.41530500000000004 0.630415 0.41530500000000004 0.630415 0.43675499999999995 0.644005 0.43675499999999995 0.644005 0.41530500000000004
0 0.795355 0.43957499999999994 0.772025 0.43957499999999994 0.772025 0.456425 0.795355 0.456425 0.795355 0.43957499999999994
0 0.6796800000000001 0.425305 0.65626 0.425305 0.65626 0.44529500000000005 0.6796800000000001 0.44529500000000005 0.6796800000000001 0.425305
0 0.843345 0.3975 0.8216950000000001 0.3975 0.8216950000000001 0.41791999999999996 0.843345 0.41791999999999996 0.843345 0.3975
0 0.677415 0.37888 0.659505 0.37888 0.659505 0.39504 0.677415 0.39504 0.677415 0.37888
0 0.770195 0.436625 0.742505 0.436625 0.742505 0.457915 0.770195 0.457915 0.770195 0.436625
0 0.69865 0.43644499999999997 0.67343 0.43644499999999997 0.67343 0.463455 0.69865 0.463455 0.69865 0.43644499999999997
0 0.76845 0.5144599999999999 0.74327 0.5144599999999999 0.74327 0.5402199999999999 0.76845 0.5402199999999999 0.76845 0.5144599999999999
0 0.78818 0.46701 0.7538199999999999 0.46701 0.7538199999999999 0.50613 0.78818 0.50613 0.78818 0.46701
9 0.188 0.599 0.242 0.622 0.399 0.65 0.47000000000000003 0.653 0.572 0.647 0.702 0.622 0.741 0.61 0.7889999999999999 0.585 0.836 0.5469999999999999 0.849 0.53 0.875 0.509 0.967 0.41600000000000004 0.977 0.40800000000000003 0.9869999999999999 0.40599999999999997 0.993 0.395 0.994 0.381 0.9890000000000001 0.377 0.974 0.377 0.969 0.371 0.97 0.359 0.978 0.343 0.9789999999999999 0.32599999999999996 0.975 0.307 0.969 0.298 0.961 0.258 0.9570000000000001 0.263 0.9560000000000001 0.312 0.8949999999999999 0.378 0.8800000000000001 0.386 0.849 0.393 0.8160000000000001 0.395 0.758 0.382 0.72 0.382 0.692 0.374 0.654 0.376 0.614 0.371 0.524 0.374 0.388 0.40099999999999997 0.281 0.43099999999999994 0.259 0.446 0.211 0.466 0.13 0.515 0.087 0.515 0.054000000000000006 0.508 0.038 0.508 0.032 0.514 0.03 0.522 0.037 0.533 0.128 0.549 0.188 0.599