0 0.7041649999999999 0.3044 0.6463949999999999 0.3044 0.6463949999999999 0.39526 0.7041649999999999 0.39526 0.7041649999999999 0.3044
0 0.788725 0.432725 0.7171350000000001 0.432725 0.7171350000000001 0.49403499999999995 0.788725 0.49403499999999995 0.788725 0.432725
0 0.699815 0.264025 0.648825 0.264025 0.648825 0.304335 0.699815 0.304335 0.699815 0.264025
0 0.678815 0.480375 0.632705 0.480375 0.632705 0.534265 0.678815 0.534265 0.678815 0.480375
0 0.74756 0.495085 0.7026399999999999 0.495085 0.7026399999999999 0.538115 0.74756 0.538115 0.74756 0.495085
0 0.66817 0.26113 0.64237 0.26113 0.64237 0.27843 0.66817 0.27843 0.66817 0.26113
0 0.625505 0.27386 0.578595 0.27386 0.578595 0.30036 0.625505 0.30036 0.625505 0.27386
0 0.65708 0.547635 0.62418 0.547635 0.62418 0.582245 0.65708 0.582245 0.65708 0.547635
0 0.8562900000000001 0.418485 0.78433 0.418485 0.78433 0.47555500000000006 0.8562900000000001 0.47555500000000006 0.8562900000000001 0.418485
0 0.99939 0.33918499999999996 0.9088100000000001 0.33918499999999996 0.9088100000000001 0.381515 0.99939 0.381515 0.99939 0.33918499999999996
0 0.8613250000000001 0.346055 0.818355 0.346055 0.818355 0.36390500000000003 0.8613250000000001 0.36390500000000003 0.8613250000000001 0.346055
0 0.536285 0.34952 0.513515 0.34952 0.513515 0.38242 0.536285 0.38242 0.536285 0.34952
0 0.7781399999999999 0.337325 0.7277199999999999 0.337325 0.7277199999999999 0.375075 0.7781399999999999 0.375075 0.7781399999999999 0.337325
0 0.439445 0.531485 0.42285500000000004 0.531485 0.42285500000000004 0.5485949999999999 0.439445 0.5485949999999999 0.439445 0.531485
0 0.85721 0.35409999999999997 0.73361 0.35409999999999997 0.73361 0.39786 0.85721 0.39786 0.85721 0.35409999999999997
0 0.75259 0.432355 0.7317899999999999 0.432355 0.7317899999999999 0.448025 0.75259 0.448025 0.75259 0.432355
0 0.423215 0.5436799999999999 0.409785 0.5436799999999999 0.409785 0.56178 0.423215 0.56178 0.423215 0.5436799999999999
0 0.594835 0.34037 0.583885 0.34037 0.583885 0.36031 0.594835 0.36031 0.594835 0.34037
0 0.7207950000000001 0.43756000000000006 0.636625 0.43756000000000006 0.636625 0.49798 0.7207950000000001 0.49798 0.7207950000000001 0.43756000000000006
0 0.44143499999999997 0.518135 0.433085 0.518135 0.433085 0.533625 0.44143499999999997 0.533625 0.44143499999999997 0.518135
0 0.9347049999999999 0.411925 0.906115 0.411925 0.906115 0.426935 0.9347049999999999 0.426935 0.9347049999999999 0.411925
0 0.650435 0.34733 0.635705 0.34733 0.635705 0.36263 0.650435 0.36263 0.650435 0.34733
0 0.8500949999999999 0.41122 0.817865 0.41122 0.817865 0.43106 0.8500949999999999 0.43106 0.8500949999999999 0.41122
9 0 0.46900000000000003 0.038 0.466 0.064 0.47300000000000003 0.15 0.536 0.187 0.558 0.246 0.585 0.33199999999999996 0.612 0.375 0.623 0.506 0.636 0.545 0.646 0.571 0.647 0.614 0.635 0.635 0.623 0.674 0.5900000000000001 0.724 0.5589999999999999 0.76 0.521 0.792 0.509 0.825 0.477 0.85 0.462 0.881 0.449 0.9380000000000001 0.454 0.9480000000000001 0.44800000000000006 0.999 0.44299999999999995 0.999 0.354 0.9789999999999999 0.34700000000000003 0.933 0.34199999999999997 0.8640000000000001 0.35 0.8320000000000001 0.34900000000000003 0.8089999999999999 0.364 0.787 0.368 0.746 0.34900000000000003 0.706 0.306 0.688 0.277 0.675 0.264 0.644 0.251 0.618 0.246 0.561 0.24300000000000002 0.496 0.25 0.399 0.28500000000000003 0.383 0.294 0.238 0.33599999999999997 0.175 0.365 0.072 0.422 0 0.438 0 0.46900000000000003