0 0.654 0.508 0.5660000000000001 0.508 0.5660000000000001 0.572 0.654 0.572 0.654 0.508
0 0.25155500000000003 0.524095 0.20986500000000002 0.524095 0.20986500000000002 0.568685 0.25155500000000003 0.568685 0.25155500000000003 0.524095
0 0.8186199999999999 0.49618 0.77318 0.49618 0.77318 0.52726 0.8186199999999999 0.52726 0.8186199999999999 0.49618
0 0.30412 0.431245 0.27546 0.431245 0.27546 0.46377499999999994 0.30412 0.46377499999999994 0.30412 0.431245
0 0.36477499999999996 0.595 0.344205 0.595 0.344205 0.61398 0.36477499999999996 0.61398 0.36477499999999996 0.595
0 0.69661 0.51499 0.65007 0.51499 0.65007 0.54555 0.69661 0.54555 0.69661 0.51499
0 0.8704599999999999 0.46094999999999997 0.85904 0.46094999999999997 0.85904 0.48533 0.8704599999999999 0.48533 0.8704599999999999 0.46094999999999997
0 0.23197 0.5522549999999999 0.21335 0.5522549999999999 0.21335 0.5688449999999999 0.23197 0.5688449999999999 0.23197 0.5522549999999999
0 0.61174 0.54317 0.5826 0.54317 0.5826 0.56035 0.61174 0.56035 0.61174 0.54317
0 0.752015 0.499605 0.719665 0.499605 0.719665 0.5179750000000001 0.752015 0.5179750000000001 0.752015 0.499605
0 0.62549 0.51188 0.59033 0.51188 0.59033 0.54086 0.62549 0.54086 0.62549 0.51188
0 0.75586 0.361225 0.7333999999999999 0.361225 0.7333999999999999 0.384375 0.75586 0.384375 0.75586 0.361225
0 0.35862 0.3444 0.2564 0.3444 0.2564 0.39686 0.35862 0.39686 0.35862 0.3444
0 0.2239 0.39539 0.20066 0.39539 0.20066 0.41759 0.2239 0.41759 0.2239 0.39539
0 0.180995 0.37006 0.116605 0.37006 0.116605 0.42926000000000003 0.180995 0.42926000000000003 0.180995 0.37006
0 0.26444999999999996 0.394345 0.22969 0.394345 0.22969 0.43133499999999997 0.26444999999999996 0.43133499999999997 0.26444999999999996 0.394345
0 0.693755 0.517425 0.6695249999999999 0.517425 0.6695249999999999 0.532375 0.693755 0.532375 0.693755 0.517425
0 0.24192 0.35202 0.18558 0.35202 0.18558 0.38382 0.24192 0.38382 0.24192 0.35202
0 0.03231 0.554585 0.02257 0.554585 0.02257 0.565535 0.03231 0.565535 0.03231 0.554585
0 0.6382399999999999 0.50515 0.61566 0.50515 0.61566 0.5221899999999999 0.6382399999999999 0.5221899999999999 0.6382399999999999 0.50515
0 0.325635 0.5873700000000001 0.316445 0.5873700000000001 0.316445 0.5991500000000001 0.325635 0.5991500000000001 0.325635 0.5873700000000001
0 0.19411 0.36406499999999997 0.15916999999999998 0.36406499999999997 0.15916999999999998 0.387395 0.19411 0.387395 0.19411 0.36406499999999997
0 0.754835 0.3603 0.745165 0.3603 0.745165 0.37016 0.754835 0.37016 0.754835 0.3603
0 0.8740249999999999 0.45575 0.8310549999999999 0.45575 0.8310549999999999 0.50617 0.8740249999999999 0.50617 0.8740249999999999 0.45575
0 0.81903 0.49158 0.58429 0.49158 0.58429 0.5621400000000001 0.81903 0.5621400000000001 0.81903 0.49158
0 0.7467699999999999 0.37126000000000003 0.7356499999999999 0.37126000000000003 0.7356499999999999 0.38216 0.7467699999999999 0.38216 0.7467699999999999 0.37126000000000003
0 0.511525 0.32425000000000004 0.500195 0.32425000000000004 0.500195 0.33541 0.511525 0.33541 0.511525 0.32425000000000004
0 0.29591500000000004 0.38348499999999996 0.272445 0.38348499999999996 0.272445 0.408995 0.29591500000000004 0.408995 0.29591500000000004 0.38348499999999996
0 0.479535 0.362885 0.469205 0.362885 0.469205 0.371975 0.479535 0.371975 0.479535 0.362885
0 0.18269 0.379855 0.15789 0.379855 0.15789 0.397985 0.18269 0.397985 0.18269 0.379855
0 0.63911 0.287495 0.63237 0.287495 0.63237 0.29356499999999996 0.63911 0.29356499999999996 0.63911 0.287495
0 0.084715 0.47454999999999997 0.014285 0.47454999999999997 0.014285 0.52057 0.084715 0.52057 0.084715 0.47454999999999997
9 0.197 0.633 0.244 0.629 0.273 0.638 0.312 0.642 0.43200000000000005 0.643 0.49800000000000005 0.637 0.545 0.626 0.607 0.5980000000000001 0.671 0.544 0.7 0.536 0.722 0.536 0.741 0.5469999999999999 0.761 0.55 0.8119999999999999 0.5469999999999999 0.8460000000000001 0.5389999999999999 0.9259999999999999 0.506 0.961 0.484 0.999 0.45 0.999 0.393 0.9970000000000001 0.391 0.958 0.374 0.8859999999999999 0.355 0.8019999999999999 0.313 0.741 0.29 0.666 0.279 0.546 0.28300000000000003 0.41500000000000004 0.314 0.374 0.31 0.32999999999999996 0.312 0.28300000000000003 0.327 0.25 0.348 0.21200000000000002 0.348 0.189 0.36 0.127 0.36 0.001 0.372 0.001 0.592 0.063 0.609 0.148 0.626 0.197 0.633