0 0.548 0.5730000000000001 0.453 0.5730000000000001 0.453 0.673 0.548 0.673 0.548 0.5730000000000001
0 0.7217399999999999 0.5063500000000001 0.5438799999999999 0.5063500000000001 0.5438799999999999 0.69287 0.7217399999999999 0.69287 0.7217399999999999 0.5063500000000001
0 0.63055 0.31945999999999997 0.49347 0.31945999999999997 0.49347 0.49158 0.63055 0.49158 0.63055 0.31945999999999997
0 0.411925 0.31012 0.29949499999999996 0.31012 0.29949499999999996 0.49164 0.411925 0.49164 0.411925 0.31012
0 0.825255 0.343445 0.662045 0.343445 0.662045 0.5115350000000001 0.825255 0.5115350000000001 0.825255 0.343445
0 0.155705 0.38497499999999996 0.043275 0.38497499999999996 0.043275 0.49148500000000006 0.155705 0.49148500000000006 0.155705 0.38497499999999996
0 0.52176 0.32935 0.42160000000000003 0.32935 0.42160000000000003 0.48853 0.52176 0.48853 0.52176 0.32935
0 0.436765 0.5199 0.319575 0.5199 0.319575 0.65784 0.436765 0.65784 0.436765 0.5199
0 0.17718 0.510435 0.02386 0.510435 0.02386 0.6702250000000001 0.17718 0.6702250000000001 0.17718 0.510435
0 0.29935999999999996 0.43712 0.24556 0.43712 0.24556 0.4828 0.29935999999999996 0.4828 0.29935999999999996 0.43712
0 0.59436 0.26037 0.31042000000000003 0.26037 0.31042000000000003 0.35095 0.59436 0.35095 0.59436 0.26037
0 0.8760049999999999 0.5594750000000001 0.831995 0.5594750000000001 0.831995 0.6270450000000001 0.8760049999999999 0.6270450000000001 0.8760049999999999 0.5594750000000001
9 0.001 0.525 0.026000000000000002 0.529 0.049 0.538 0.125 0.612 0.194 0.661 0.272 0.7 0.306 0.712 0.371 0.726 0.445 0.727 0.53 0.712 0.618 0.717 0.688 0.7150000000000001 0.717 0.7070000000000001 0.76 0.6719999999999999 0.8019999999999999 0.665 0.8240000000000001 0.6639999999999999 0.841 0.674 0.867 0.679 0.915 0.675 0.95 0.661 0.9570000000000001 0.647 0.9400000000000001 0.5900000000000001 0.9410000000000001 0.572 0.96 0.554 0.999 0.5469999999999999 0.999 0.45 0.977 0.441 0.9570000000000001 0.441 0.9279999999999999 0.45 0.893 0.45099999999999996 0.883 0.442 0.8699999999999999 0.417 0.8640000000000001 0.366 0.843 0.33999999999999997 0.8140000000000001 0.32599999999999996 0.773 0.32599999999999996 0.754 0.313 0.724 0.301 0.612 0.284 0.5860000000000001 0.272 0.549 0.262 0.488 0.26 0.449 0.263 0.366 0.275 0.32999999999999996 0.286 0.302 0.301 0.28300000000000003 0.318 0.231 0.327 0.197 0.341 0.09 0.404 0.06 0.43 0.051000000000000004 0.43200000000000005 0.03 0.45199999999999996 0.02 0.45599999999999996 0.026000000000000002 0.472 0.013000000000000001 0.483 0 0.483 0.001 0.525