0 0.308 0.453 0.21400000000000002 0.453 0.21400000000000002 0.528 0.308 0.528 0.308 0.453
0 0.214265 0.47390499999999997 0.139255 0.47390499999999997 0.139255 0.522675 0.214265 0.522675 0.214265 0.47390499999999997
0 0.474155 0.47519 0.43112500000000004 0.47519 0.43112500000000004 0.55313 0.474155 0.55313 0.474155 0.47519
0 0.21334499999999998 0.39526 0.137235 0.39526 0.137235 0.44458000000000003 0.21334499999999998 0.44458000000000003 0.21334499999999998 0.39526
0 0.27301000000000003 0.45503 0.23285 0.45503 0.23285 0.47955 0.27301000000000003 0.47955 0.27301000000000003 0.45503
0 0 0.5251 0.064665 0.5251 0.064665 0.4915 0 0.4915 0 0.5251
0 0.29022000000000003 0.35053 0.26594 0.35053 0.26594 0.38971 0.29022000000000003 0.38971 0.29022000000000003 0.35053
0 0.261295 0.31465 0.229925 0.31465 0.229925 0.35429 0.261295 0.35429 0.261295 0.31465
0 0.12836 0.45455500000000004 0.08721999999999999 0.45455500000000004 0.08721999999999999 0.47806499999999996 0.12836 0.47806499999999996 0.12836 0.45455500000000004
0 0.42920499999999995 0.52329 0.399895 0.52329 0.399895 0.54799 0.42920499999999995 0.54799 0.42920499999999995 0.52329
0 0.38827500000000004 0.49270500000000006 0.35684499999999997 0.49270500000000006 0.35684499999999997 0.520975 0.38827500000000004 0.520975 0.38827500000000004 0.49270500000000006
0 0.243045 0.372845 0.22203499999999998 0.372845 0.22203499999999998 0.392295 0.243045 0.392295 0.243045 0.372845
0 0.5255 0.50319 0.495 0.50319 0.495 0.54173 0.5255 0.54173 0.5255 0.50319
0 0.47657999999999995 0.475785 0.45115999999999995 0.475785 0.45115999999999995 0.496875 0.47657999999999995 0.496875 0.47657999999999995 0.475785
0 0.45708000000000004 0.48373999999999995 0.43550000000000005 0.48373999999999995 0.43550000000000005 0.50454 0.45708000000000004 0.50454 0.45708000000000004 0.48373999999999995
0 0.17541 0.39941 0.14343 0.39941 0.14343 0.41699 0.17541 0.41699 0.17541 0.39941
0 0.01847 0.448425 0.00013 0.448425 0.00013 0.481755 0.01847 0.481755 0.01847 0.448425
0 0.09157 0.43687 0.07053000000000001 0.43687 0.07053000000000001 0.45327 0.09157 0.45327 0.09157 0.43687
0 0.038755 0.44533500000000004 0.024365 0.44533500000000004 0.024365 0.474585 0.038755 0.474585 0.038755 0.44533500000000004
0 0.148485 0.37948499999999996 0.13447499999999998 0.37948499999999996 0.13447499999999998 0.394435 0.148485 0.394435 0.148485 0.37948499999999996
0 0.15950999999999999 0.48106 0.14053 0.48106 0.14053 0.5043 0.15950999999999999 0.5043 0.15950999999999999 0.48106
0 0.24078499999999997 0.341055 0.23041499999999998 0.341055 0.23041499999999998 0.35572499999999996 0.24078499999999997 0.35572499999999996 0.24078499999999997 0.341055
0 0.163245 0.45472999999999997 0.140475 0.45472999999999997 0.140475 0.47057000000000004 0.163245 0.47057000000000004 0.163245 0.45472999999999997
0 0.5255 0.502625 0.5115999999999999 0.502625 0.5115999999999999 0.517875 0.5255 0.517875 0.5255 0.502625
0 0.43623 0.55306 0.42949000000000004 0.55306 0.42949000000000004 0.56608 0.43623 0.56608 0.43623 0.55306
0 0.27393 0.42892 0.24219 0.42892 0.24219 0.44656 0.27393 0.44656 0.27393 0.42892
0 0.57714 0.413485 0.55372 0.413485 0.55372 0.42635500000000004 0.57714 0.42635500000000004 0.57714 0.413485
9 0 0.522 0.044 0.5349999999999999 0.056999999999999995 0.534 0.088 0.519 0.11200000000000002 0.518 0.154 0.524 0.186 0.5389999999999999 0.261 0.585 0.29300000000000004 0.601 0.329 0.612 0.385 0.61 0.544 0.5780000000000001 0.607 0.571 0.659 0.5599999999999999 0.792 0.507 0.808 0.49000000000000005 0.8220000000000001 0.488 0.835 0.477 0.8859999999999999 0.45599999999999996 0.941778 0.453 0.999 0.457 0.999 0.418 0.9179999999999999 0.417 0.868 0.41 0.7769999999999999 0.339 0.7070000000000001 0.301 0.651 0.27599999999999997 0.5559999999999999 0.24900000000000003 0.493 0.24300000000000002 0.375 0.24500000000000002 0.343 0.24900000000000003 0.268 0.27599999999999997 0.215 0.306 0.156 0.329 0.13999999999999999 0.34199999999999997 0.13999999999999999 0.354 0.13 0.382 0.11399999999999999 0.41100000000000003 0.06999999999999999 0.413 0.052000000000000005 0.42699999999999994 0 0.42000000000000004 0 0.522