0 0.537 0.368 0.501 0.368 0.501 0.43200000000000005 0.537 0.43200000000000005 0.537 0.368
0 0.531885 0.37198000000000003 0.504255 0.37198000000000003 0.504255 0.42148 0.531885 0.42148 0.531885 0.37198000000000003
0 0.43359 0.293725 0.39599 0.293725 0.39599 0.334195 0.43359 0.334195 0.43359 0.293725
0 0.45143000000000005 0.45785 0.42309 0.45785 0.42309 0.49771 0.45143000000000005 0.49771 0.45143000000000005 0.45785
0 0.5066499999999999 0.309335 0.49043000000000003 0.309335 0.49043000000000003 0.334225 0.5066499999999999 0.334225 0.5066499999999999 0.309335
0 0.613055 0.500605 0.553945 0.500605 0.553945 0.5599350000000001 0.613055 0.5599350000000001 0.613055 0.500605
0 0.502965 0.6381300000000001 0.474095 0.6381300000000001 0.474095 0.66851 0.502965 0.66851 0.502965 0.6381300000000001
0 0.34579499999999996 0.485215 0.319245 0.485215 0.319245 0.525525 0.34579499999999996 0.525525 0.34579499999999996 0.485215
0 0.440405 0.3608 0.41359500000000005 0.3608 0.41359500000000005 0.3848 0.440405 0.3848 0.440405 0.3608
0 0.382295 0.32128 0.341825 0.32128 0.341825 0.3633 0.382295 0.3633 0.382295 0.32128
0 0.390385 0.41639499999999996 0.353275 0.41639499999999996 0.353275 0.46348500000000004 0.390385 0.46348500000000004 0.390385 0.41639499999999996
0 0.268615 0.493205 0.230165 0.493205 0.230165 0.544875 0.268615 0.544875 0.268615 0.493205
0 0.31168999999999997 0.46305500000000005 0.28303 0.46305500000000005 0.28303 0.490065 0.31168999999999997 0.490065 0.31168999999999997 0.46305500000000005
0 0.4237 0.059535000000000005 0.41078000000000003 0.059535000000000005 0.41078000000000003 0.069745 0.4237 0.069745 0.4237 0.059535000000000005
0 0.35997 0.40354 0.30507 0.40354 0.30507 0.46853999999999996 0.35997 0.46853999999999996 0.35997 0.40354
0 0.52921 0.36924 0.50887 0.36924 0.50887 0.39248 0.52921 0.39248 0.52921 0.36924
0 0.46010999999999996 0.362825 0.38803 0.362825 0.38803 0.45309499999999997 0.46010999999999996 0.45309499999999997 0.46010999999999996 0.362825
0 0.462525 0.511065 0.439335 0.511065 0.439335 0.528975 0.462525 0.528975 0.462525 0.511065
0 0.381635 0.44767999999999997 0.360545 0.44767999999999997 0.360545 0.46492000000000006 0.381635 0.46492000000000006 0.381635 0.44767999999999997
0 0.41352 0.40869 0.38726 0.40869 0.38726 0.43115 0.41352 0.43115 0.41352 0.40869
0 0.32788 0.6523 0.29613999999999996 0.6523 0.29613999999999996 0.67974 0.32788 0.67974 0.32788 0.6523
0 0.46197999999999995 0.398335 0.44086 0.398335 0.44086 0.43614499999999995 0.46197999999999995 0.43614499999999995 0.46197999999999995 0.398335
0 0.30228 0.47868000000000005 0.26804 0.47868000000000005 0.26804 0.51594 0.30228 0.51594 0.30228 0.47868000000000005
0 0.193855 0.5564 0.128405 0.5564 0.128405 0.60314 0.193855 0.60314 0.193855 0.5564
0 0.340515 0.42381 0.315245 0.42381 0.315245 0.45851 0.340515 0.45851 0.340515 0.42381
0 0.419165 0.41418 0.400655 0.41418 0.400655 0.44714 0.419165 0.44714 0.419165 0.41418
0 0.44814999999999994 0.38216 0.40682999999999997 0.38216 0.40682999999999997 0.42400000000000004 0.44814999999999994 0.42400000000000004 0.44814999999999994 0.38216
0 0.38659 0.63096 0.36097 0.63096 0.36097 0.6542 0.38659 0.6542 0.38659 0.63096
0 0.36202999999999996 0.594375 0.33865 0.594375 0.33865 0.615585 0.36202999999999996 0.615585 0.36202999999999996 0.594375
0 0.385815 0.6675500000000001 0.363705 0.6675500000000001 0.363705 0.68987 0.385815 0.68987 0.385815 0.6675500000000001
0 0.24902000000000002 0.48397500000000004 0.22364 0.48397500000000004 0.22364 0.502345 0.24902000000000002 0.502345 0.24902000000000002 0.48397500000000004
0 0.35287 0.57792 0.33609 0.57792 0.33609 0.60372 0.35287 0.60372 0.35287 0.57792
0 0.33704 0.58328 0.31579999999999997 0.58328 0.31579999999999997 0.60714 0.33704 0.60714 0.33704 0.58328
0 0.449195 0.537555 0.435565 0.537555 0.435565 0.552285 0.449195 0.552285 0.449195 0.537555
0 0.446775 0.5733900000000001 0.430185 0.5733900000000001 0.430185 0.59555 0.446775 0.59555 0.446775 0.5733900000000001
0 0.083505 0.554795 0.063595 0.554795 0.063595 0.5789850000000001 0.083505 0.5789850000000001 0.083505 0.554795
0 0.417225 0.295095 0.39625499999999997 0.295095 0.39625499999999997 0.309885 0.417225 0.309885 0.417225 0.295095
0 0.3287 0.55541 0.31192000000000003 0.55541 0.31192000000000003 0.58913 0.3287 0.58913 0.3287 0.55541
0 0.277875 0.5369849999999999 0.252405 0.5369849999999999 0.252405 0.5538350000000001 0.277875 0.5538350000000001 0.277875 0.5369849999999999
0 0.35373 0.40007000000000004 0.32059000000000004 0.40007000000000004 0.32059000000000004 0.41927000000000003 0.35373 0.41927000000000003 0.35373 0.40007000000000004
0 0.47525000000000006 0.5387299999999999 0.38705 0.5387299999999999 0.38705 0.6165499999999999 0.47525000000000006 0.6165499999999999 0.47525000000000006 0.5387299999999999
0 0.46115500000000004 0.630145 0.42898500000000006 0.630145 0.42898500000000006 0.656955 0.46115500000000004 0.656955 0.46115500000000004 0.630145
0 0.36368 0.41059 0.34676 0.41059 0.34676 0.42680999999999997 0.36368 0.42680999999999997 0.36368 0.41059
0 0.30612 0.47901 0.2886 0.47901 0.2886 0.50243 0.30612 0.50243 0.30612 0.47901
0 0.271785 0.46370500000000003 0.256535 0.46370500000000003 0.256535 0.47623499999999996 0.271785 0.47623499999999996 0.271785 0.46370500000000003
0 0.23649 0.4814 0.20931000000000002 0.4814 0.20931000000000002 0.502 0.23649 0.502 0.23649 0.4814
0 0.29024 0.52758 0.26982 0.52758 0.26982 0.54664 0.29024 0.54664 0.29024 0.52758
0 0.080915 0.522755 0.059945000000000005 0.522755 0.059945000000000005 0.544625 0.080915 0.544625 0.080915 0.522755
0 0.20283 0.45108499999999996 0.18511 0.45108499999999996 0.18511 0.479575 0.20283 0.479575 0.20283 0.45108499999999996
0 0.44329999999999997 0.578665 0.42046 0.578665 0.42046 0.6068749999999999 0.44329999999999997 0.6068749999999999 0.44329999999999997 0.578665
0 0.47207499999999997 0.512165 0.436125 0.512165 0.436125 0.557175 0.47207499999999997 0.557175 0.47207499999999997 0.512165
0 0.362255 0.6256700000000001 0.340385 0.6256700000000001 0.340385 0.64679 0.362255 0.64679 0.362255 0.6256700000000001
0 0.179735 0.635865 0.16108499999999998 0.635865 0.16108499999999998 0.651235 0.179735 0.651235 0.179735 0.635865
0 0.287625 0.423505 0.267055 0.423505 0.267055 0.445155 0.287625 0.445155 0.287625 0.423505
0 0.29925999999999997 0.585855 0.28814 0.585855 0.28814 0.6143449999999999 0.29925999999999997 0.6143449999999999 0.29925999999999997 0.585855
0 0.231785 0.435555 0.190095 0.435555 0.190095 0.450685 0.231785 0.450685 0.231785 0.435555
0 0.09484000000000001 0.54561 0.06677999999999999 0.54561 0.06677999999999999 0.56377 0.09484000000000001 0.56377 0.09484000000000001 0.54561
0 0.434235 0.590315 0.339205 0.590315 0.339205 0.641125 0.434235 0.641125 0.434235 0.590315
0 0.165165 0.47759999999999997 0.136355 0.47759999999999997 0.136355 0.50336 0.165165 0.50336 0.165165 0.47759999999999997
0 0.38605 0.592075 0.35613 0.592075 0.35613 0.613985 0.38605 0.613985 0.38605 0.592075
0 0.102065 0.46001000000000003 0.079695 0.46001000000000003 0.079695 0.48480999999999996 0.102065 0.48480999999999996 0.102065 0.46001000000000003
0 0.20525500000000002 0.46953500000000004 0.19172499999999998 0.46953500000000004 0.19172499999999998 0.489445 0.20525500000000002 0.489445 0.20525500000000002 0.46953500000000004
0 0.091025 0.49255000000000004 0.064615 0.49255000000000004 0.064615 0.51429 0.091025 0.51429 0.091025 0.49255000000000004
0 0.12819 0.49905499999999997 0.09081 0.49905499999999997 0.09081 0.5361049999999999 0.12819 0.5361049999999999 0.12819 0.49905499999999997
0 0.33720500000000003 0.63325 0.292195 0.63325 0.292195 0.65777 0.33720500000000003 0.65777 0.33720500000000003 0.63325
0 0.15145 0.593175 0.13225 0.593175 0.13225 0.612885 0.15145 0.612885 0.15145 0.593175
0 0.26522999999999997 0.43121 0.17813 0.43121 0.17813 0.49505 0.26522999999999997 0.49505 0.26522999999999997 0.43121
0 0.03188 0.46548 0.014499999999999999 0.46548 0.014499999999999999 0.48472 0.03188 0.48472 0.03188 0.46548
0 0.08849 0.5374399999999999 0.06995 0.5374399999999999 0.06995 0.55436 0.08849 0.55436 0.08849 0.5374399999999999
0 0.594275 0.52155 0.568805 0.52155 0.568805 0.54387 0.594275 0.54387 0.594275 0.52155
0 0.645265 0.398555 0.635015 0.398555 0.635015 0.40954499999999994 0.645265 0.40954499999999994 0.645265 0.398555
0 0.7727299999999999 0.34868 0.75169 0.34868 0.75169 0.39498 0.7727299999999999 0.39498 0.7727299999999999 0.34868
0 0.41237 0.6035999999999999 0.37035 0.6035999999999999 0.37035 0.63468 0.41237 0.63468 0.41237 0.6035999999999999
0 0.030305 0.45521 0.006215 0.45521 0.006215 0.47691 0.030305 0.47691 0.030305 0.45521
0 0.12807 0.556905 0.09325 0.556905 0.09325 0.587635 0.12807 0.587635 0.12807 0.556905
0 0.164155 0.48000999999999994 0.07144500000000001 0.48000999999999994 0.07144500000000001 0.57175 0.164155 0.57175 0.164155 0.48000999999999994
0 0.036515 0.40954499999999994 0.001965 0.40954499999999994 0.001965 0.441035 0.036515 0.441035 0.036515 0.40954499999999994
0 0.38387 0.362645 0.34563 0.362645 0.34563 0.40591499999999997 0.38387 0.40591499999999997 0.38387 0.362645
0 0.444225 0.60199 0.42003500000000005 0.60199 0.42003500000000005 0.6255499999999999 0.444225 0.6255499999999999 0.444225 0.60199
0 0.753845 0.34282 0.741275 0.34282 0.741275 0.35836 0.753845 0.35836 0.753845 0.34282
0 0.272615 0.620865 0.231785 0.620865 0.231785 0.656475 0.272615 0.656475 0.272615 0.620865
0 0.389905 0.549485 0.376215 0.549485 0.376215 0.586255 0.389905 0.586255 0.389905 0.549485
0 0.605845 0.54511 0.585555 0.54511 0.585555 0.57697 0.605845 0.57697 0.605845 0.54511
0 0.129075 0.51371 0.11640500000000001 0.51371 0.11640500000000001 0.53219 0.129075 0.53219 0.129075 0.51371
0 0.54554 0.08033 0.5404 0.08033 0.5404 0.08592999999999999 0.54554 0.08592999999999999 0.54554 0.08033
0 0.07039 0.456495 0.02409 0.456495 0.02409 0.499065 0.07039 0.499065 0.07039 0.456495
0 0.82697 0.48326 0.81463 0.48326 0.81463 0.5016 0.82697 0.5016 0.82697 0.48326
0 0.41681 0.591 0.25995 0.591 0.25995 0.6863400000000001 0.41681 0.6863400000000001 0.41681 0.591
0 0.71794 0.21926 0.71272 0.21926 0.71272 0.22484 0.71794 0.22484 0.71794 0.21926
0 0.5069950000000001 0.08588 0.502765 0.08588 0.502765 0.09147999999999999 0.5069950000000001 0.09147999999999999 0.5069950000000001 0.08588
0 0.842545 0.48251499999999997 0.8010149999999999 0.48251499999999997 0.8010149999999999 0.5516650000000001 0.842545 0.5516650000000001 0.842545 0.48251499999999997
0 0.76596 0.333905 0.6940000000000001 0.333905 0.6940000000000001 0.39509500000000003 0.76596 0.39509500000000003 0.76596 0.333905
0 0.172505 0.6150100000000001 0.150255 0.6150100000000001 0.150255 0.63695 0.172505 0.63695 0.172505 0.6150100000000001
0 0.82229 0.29203 0.81735 0.29203 0.81735 0.29733 0.82229 0.29733 0.82229 0.29203
0 0.805865 0.537845 0.796675 0.537845 0.796675 0.547115 0.805865 0.547115 0.805865 0.537845
0 0.97319 0.73173 0.96821 0.73173 0.96821 0.73799 0.97319 0.73799 0.97319 0.73173
0 0.197255 0.44455999999999996 0.156025 0.44455999999999996 0.156025 0.48268000000000005 0.197255 0.48268000000000005 0.197255 0.44455999999999996
0 0.373805 0.42783 0.316615 0.42783 0.316615 0.52335 0.373805 0.52335 0.373805 0.42783
9 0 0.477 0.02 0.48600000000000004 0.06899999999999999 0.519 0.06899999999999999 0.532 0.06 0.5429999999999999 0.063 0.5700000000000001 0.087 0.593 0.093 0.603 0.094 0.622 0.125 0.6599999999999999 0.156 0.669 0.207 0.6639999999999999 0.227 0.673 0.279 0.679 0.315 0.689 0.33799999999999997 0.678 0.356 0.679 0.367 0.6900000000000001 0.382 0.693 0.395 0.683 0.4 0.646 0.40599999999999997 0.641 0.417 0.64 0.426 0.651 0.45199999999999996 0.665 0.481 0.687 0.5389999999999999 0.697 0.5820000000000001 0.696 0.62 0.6849999999999999 0.6639999999999999 0.661 0.772 0.561 0.787 0.563 0.8089999999999999 0.5589999999999999 0.837 0.545 0.841 0.53 0.8300000000000001 0.49400000000000005 0.836 0.488 0.875 0.477 0.999 0.47300000000000003 0.999 0.43899999999999995 0.8859999999999999 0.442 0.8119999999999999 0.43499999999999994 0.782 0.41 0.754 0.379 0.759 0.367 0.758 0.356 0.754 0.353 0.735 0.341 0.6809999999999999 0.33599999999999997 0.663 0.324 0.584 0.28700000000000003 0.5389999999999999 0.27599999999999997 0.493 0.272 0.45099999999999996 0.273 0.394 0.286 0.366 0.29700000000000004 0.34199999999999997 0.312 0.29900000000000004 0.324 0.275 0.33999999999999997 0.22000000000000003 0.392 0.20099999999999998 0.41600000000000004 0.195 0.43099999999999994 0.177 0.43600000000000005 0.16899999999999998 0.453 0.159 0.461 0.137 0.461 0.118 0.45199999999999996 0.051000000000000004 0.437 0.031 0.417 0.014000000000000002 0.391 0 0.39 0 0.477