0 0.5900000000000001 0.327 0.512 0.327 0.512 0.386 0.5900000000000001 0.386 0.5900000000000001 0.327
0 0.50614 0.3261 0.47922000000000003 0.3261 0.47922000000000003 0.36336 0.50614 0.36336 0.50614 0.3261
0 0.695205 0.622445 0.674915 0.622445 0.674915 0.650995 0.695205 0.650995 0.695205 0.622445
0 0.83176 0.321295 0.73758 0.321295 0.73758 0.408205 0.83176 0.408205 0.83176 0.321295
0 0.804445 0.522695 0.7531749999999999 0.522695 0.7531749999999999 0.581805 0.804445 0.581805 0.804445 0.522695
0 0.8507199999999999 0.45311 0.81334 0.45311 0.81334 0.48879 0.8507199999999999 0.48879 0.8507199999999999 0.45311
0 0.6065400000000001 0.6140100000000001 0.54874 0.6140100000000001 0.54874 0.6848099999999999 0.6065400000000001 0.6848099999999999 0.6065400000000001 0.6140100000000001
0 0.45309499999999997 0.629625 0.40432499999999993 0.629625 0.40432499999999993 0.688735 0.45309499999999997 0.688735 0.45309499999999997 0.629625
0 0.391675 0.63918 0.371025 0.63918 0.371025 0.66356 0.391675 0.66356 0.391675 0.63918
0 0.225405 0.3841 0.155215 0.3841 0.155215 0.43377999999999994 0.225405 0.43377999999999994 0.225405 0.3841
0 0.34148 0.6039450000000001 0.28450000000000003 0.6039450000000001 0.28450000000000003 0.658755 0.34148 0.658755 0.34148 0.6039450000000001
0 0.801815 0.6244500000000001 0.7079449999999999 0.6244500000000001 0.7079449999999999 0.67145 0.801815 0.67145 0.801815 0.6244500000000001
0 0.775775 0.320965 0.755485 0.320965 0.755485 0.34945499999999996 0.775775 0.34945499999999996 0.775775 0.320965
0 0.6603399999999999 0.31941 0.60822 0.31941 0.60822 0.37785 0.6603399999999999 0.37785 0.6603399999999999 0.31941
0 0.996715 0.50092 0.956405 0.50092 0.956405 0.5313 0.996715 0.5313 0.996715 0.50092
0 0.537105 0.46531500000000003 0.526375 0.46531500000000003 0.526375 0.475605 0.537105 0.475605 0.537105 0.46531500000000003
0 0.88174 0.5184 0.8343999999999999 0.5184 0.8343999999999999 0.59354 0.88174 0.59354 0.88174 0.5184
0 0.90289 0.44960500000000003 0.86371 0.44960500000000003 0.86371 0.500595 0.90289 0.500595 0.90289 0.44960500000000003
0 0.9846 0.46658 0.9460599999999999 0.46658 0.9460599999999999 0.48410000000000003 0.9846 0.48410000000000003 0.9846 0.46658
0 0.954985 0.532735 0.879975 0.532735 0.879975 0.582505 0.954985 0.582505 0.954985 0.532735
0 0.897415 0.43515499999999996 0.868205 0.43515499999999996 0.868205 0.46278499999999995 0.897415 0.46278499999999995 0.897415 0.43515499999999996
0 0.18252 0.40994 0.16636 0.40994 0.16636 0.42698 0.18252 0.42698 0.18252 0.40994
0 0.7327600000000001 0.64763 0.7106 0.64763 0.7106 0.66683 0.7327600000000001 0.66683 0.7327600000000001 0.64763
0 0.50397 0.25457 0.49701000000000006 0.25457 0.49701000000000006 0.26155 0.50397 0.26155 0.50397 0.25457
0 0.09731999999999999 0.24171 0.09202 0.24171 0.09202 0.24731 0.09731999999999999 0.24731 0.09731999999999999 0.24171
9 0 0.554 0.10400000000000001 0.5559999999999999 0.125 0.564 0.20600000000000002 0.619 0.21800000000000003 0.632 0.242 0.645 0.29 0.654 0.363 0.6849999999999999 0.42000000000000004 0.693 0.466 0.7150000000000001 0.503 0.721 0.534 0.721 0.6025 0.712 0.682 0.72 0.735 0.712 0.772 0.697 0.8009999999999999 0.6769999999999999 0.8210000000000001 0.646 0.8460000000000001 0.624 0.9369999999999999 0.568 0.969 0.5509999999999999 0.999 0.54 0.999 0.41200000000000003 0.966 0.425 0.9480000000000001 0.425 0.9380000000000001 0.418 0.922 0.417 0.907 0.404 0.9 0.379 0.89 0.363 0.843 0.315 0.818 0.301 0.768 0.288 0.696 0.284 0.558 0.301 0.409 0.312 0.324 0.33799999999999997 0.219 0.39 0.175 0.426 0.096 0.501 0.066 0.511 0 0.517 0 0.554