0 0.534595 0.460395 0.45840500000000006 0.460395 0.45840500000000006 0.551965 0.534595 0.551965 0.534595 0.460395
0 0.320075 0.3417 0.295645 0.3417 0.295645 0.38046 0.320075 0.38046 0.320075 0.3417
0 0.343505 0.44487 0.259035 0.44487 0.259035 0.48579 0.343505 0.48579 0.343505 0.44487
0 0.2909 0.311415 0.25988 0.311415 0.25988 0.348245 0.2909 0.348245 0.2909 0.311415
0 0.24539499999999997 0.38811 0.168185 0.38811 0.168185 0.43465 0.24539499999999997 0.43465 0.24539499999999997 0.38811
0 0.418865 0.48434999999999995 0.388755 0.48434999999999995 0.388755 0.51273 0.418865 0.51273 0.418865 0.48434999999999995
0 0.33304 0.52505 0.31638 0.52505 0.31638 0.55503 0.33304 0.55503 0.33304 0.52505
0 0.461 0.516725 0.43108 0.516725 0.43108 0.5399149999999999 0.461 0.5399149999999999 0.461 0.516725
0 0.27319 0.36511 0.25317 0.36511 0.25317 0.38441000000000003 0.27319 0.38441000000000003 0.27319 0.36511
0 0.24767999999999998 0.466575 0.17102 0.466575 0.17102 0.516345 0.24767999999999998 0.516345 0.24767999999999998 0.466575
0 0.1014 0.49330999999999997 0.0551 0.49330999999999997 0.0551 0.52329 0.1014 0.52329 0.1014 0.49330999999999997
0 0.28718 0.49927 0.26214 0.49927 0.26214 0.51929 0.28718 0.51929 0.28718 0.49927
0 0.5083949999999999 0.46736000000000005 0.481845 0.46736000000000005 0.481845 0.48819999999999997 0.5083949999999999 0.48819999999999997 0.5083949999999999 0.46736000000000005
0 0.48740500000000003 0.47359999999999997 0.464735 0.47359999999999997 0.464735 0.49808 0.48740500000000003 0.49808 0.48740500000000003 0.47359999999999997
0 0.25347 0.444065 0.23067000000000001 0.444065 0.23067000000000001 0.465595 0.25347 0.465595 0.25347 0.444065
0 0.30352999999999997 0.447245 0.26922999999999997 0.447245 0.26922999999999997 0.469755 0.30352999999999997 0.469755 0.30352999999999997 0.447245
0 0.482475 0.5287 0.47064500000000004 0.5287 0.47064500000000004 0.54454 0.482475 0.54454 0.482475 0.5287
0 0.23798499999999997 0.39193 0.20707499999999998 0.39193 0.20707499999999998 0.41081 0.23798499999999997 0.41081 0.23798499999999997 0.39193
0 0.179125 0.374335 0.16511499999999998 0.374335 0.16511499999999998 0.389825 0.179125 0.389825 0.179125 0.374335
0 0.197185 0.44211999999999996 0.152175 0.44211999999999996 0.152175 0.46315999999999996 0.197185 0.46315999999999996 0.197185 0.44211999999999996
0 0.15492 0.468335 0.11923999999999998 0.468335 0.11923999999999998 0.492105 0.15492 0.492105 0.15492 0.468335
0 0.071905 0.43784 0.054795 0.43784 0.054795 0.46988 0.071905 0.46988 0.071905 0.43784
0 0.06344999999999999 0.493795 0.02475 0.493795 0.02475 0.516945 0.06344999999999999 0.516945 0.06344999999999999 0.493795
0 0.467375 0.545965 0.460365 0.545965 0.460365 0.559495 0.467375 0.559495 0.467375 0.545965
0 0.32341000000000003 0.44800500000000004 0.30891 0.44800500000000004 0.30891 0.464595 0.32341000000000003 0.464595 0.32341000000000003 0.44800500000000004
0 0.20226000000000002 0.39100999999999997 0.1742 0.39100999999999997 0.1742 0.41271 0.20226000000000002 0.41271 0.20226000000000002 0.39100999999999997
0 0.044340000000000004 0.45411 0.023100000000000002 0.45411 0.023100000000000002 0.47752999999999995 0.044340000000000004 0.47752999999999995 0.044340000000000004 0.45411
0 0.18925 0.47762000000000004 0.17207 0.47762000000000004 0.17207 0.49795999999999996 0.18925 0.49795999999999996 0.18925 0.47762000000000004
0 0.21656499999999998 0.468395 0.198715 0.468395 0.198715 0.49204499999999995 0.21656499999999998 0.49204499999999995 0.21656499999999998 0.468395
9 0 0.513 0.025 0.514 0.039 0.522 0.074 0.53 0.09 0.529 0.119 0.515 0.173 0.516 0.20099999999999998 0.526 0.25 0.5589999999999999 0.331 0.5980000000000001 0.36 0.605 0.39 0.605 0.45499999999999996 0.597 0.526 0.5780000000000001 0.674 0.5559999999999999 0.709 0.546 0.7929999999999999 0.512 0.849 0.47800000000000004 0.906 0.45099999999999996 0.9349999999999999 0.44699999999999995 0.999 0.44699999999999995 0.999 0.399 0.899 0.394 0.8099999999999999 0.327 0.787 0.32 0.687 0.261 0.621 0.23700000000000002 0.533 0.223 0.391 0.223 0.331 0.227 0.29 0.242 0.24900000000000003 0.265 0.227 0.28900000000000003 0.217 0.29300000000000004 0.207 0.316 0.193 0.327 0.186 0.343 0.154 0.36 0.137 0.39 0.12 0.395 0.09 0.396 0.06899999999999999 0.41 0 0.392 0 0.513