0 0.6759999999999999 0.389 0.639 0.389 0.639 0.44299999999999995 0.6759999999999999 0.44299999999999995 0.6759999999999999 0.389
0 0.282655 0.44400000000000006 0.246645 0.44400000000000006 0.246645 0.49349999999999994 0.282655 0.49349999999999994 0.282655 0.44400000000000006
0 0.56889 0.40953 0.54635 0.40953 0.54635 0.44301 0.56889 0.44301 0.56889 0.40953
0 0.81609 0.41346 0.78255 0.41346 0.78255 0.4425 0.81609 0.4425 0.81609 0.41346
0 0.47112 0.435025 0.42586 0.435025 0.42586 0.5215150000000001 0.47112 0.5215150000000001 0.47112 0.435025
0 0.853655 0.42225 0.827985 0.42225 0.827985 0.44444999999999996 0.853655 0.44444999999999996 0.853655 0.42225
0 0.70802 0.636825 0.6796800000000001 0.636825 0.6796800000000001 0.670795 0.70802 0.670795 0.70802 0.636825
0 0.474845 0.40268 0.447515 0.40268 0.447515 0.44400000000000006 0.474845 0.44400000000000006 0.474845 0.40268
0 0.393125 0.433965 0.347595 0.433965 0.347595 0.480595 0.393125 0.480595 0.393125 0.433965
0 0.664185 0.66491 0.636595 0.66491 0.636595 0.6886099999999999 0.664185 0.6886099999999999 0.664185 0.66491
0 0.77203 0.58446 0.74359 0.58446 0.74359 0.60988 0.77203 0.60988 0.77203 0.58446
0 0.8732300000000001 0.42146999999999996 0.84161 0.42146999999999996 0.84161 0.44669 0.8732300000000001 0.44669 0.8732300000000001 0.42146999999999996
0 0.618725 0.67565 0.5980749999999999 0.67565 0.5980749999999999 0.6983699999999999 0.618725 0.6983699999999999 0.618725 0.67565
0 0.62862 0.61974 0.6126 0.61974 0.6126 0.6390399999999999 0.62862 0.6390399999999999 0.62862 0.61974
0 0.9779899999999999 0.41498 0.95365 0.41498 0.95365 0.43854 0.9779899999999999 0.43854 0.9779899999999999 0.41498
0 0.8915200000000001 0.414095 0.86532 0.414095 0.86532 0.43454499999999996 0.8915200000000001 0.43454499999999996 0.8915200000000001 0.414095
0 0.90866 0.422095 0.8706400000000001 0.422095 0.8706400000000001 0.44362500000000005 0.90866 0.44362500000000005 0.90866 0.422095
0 0.958615 0.421855 0.927125 0.421855 0.927125 0.44776499999999997 0.958615 0.44776499999999997 0.958615 0.421855
0 0.69736 0.62237 0.68252 0.62237 0.68252 0.6393500000000001 0.69736 0.6393500000000001 0.69736 0.62237
0 0.62747 0.6411800000000001 0.6108100000000001 0.6411800000000001 0.6108100000000001 0.6635 0.62747 0.6635 0.62747 0.6411800000000001
0 0.635145 0.37184 0.614855 0.37184 0.614855 0.39622 0.635145 0.39622 0.635145 0.37184
0 0.9963900000000001 0.422325 0.96943 0.422325 0.96943 0.450235 0.9963900000000001 0.450235 0.9963900000000001 0.422325
0 0.6251599999999999 0.671835 0.60824 0.671835 0.60824 0.686565 0.6251599999999999 0.686565 0.6251599999999999 0.671835
0 0.60646 0.6800849999999999 0.59568 0.6800849999999999 0.59568 0.692955 0.60646 0.692955 0.60646 0.6800849999999999
0 0.49688499999999997 0.36663 0.478695 0.36663 0.478695 0.39167 0.49688499999999997 0.39167 0.49688499999999997 0.36663
0 0.57932 0.47891500000000004 0.5642400000000001 0.47891500000000004 0.5642400000000001 0.512305 0.57932 0.512305 0.57932 0.47891500000000004
0 0.45894 0.62582 0.44438000000000005 0.62582 0.44438000000000005 0.64274 0.45894 0.64274 0.45894 0.62582
0 0.9404999999999999 0.41145 0.914 0.41145 0.914 0.42889 0.9404999999999999 0.42889 0.9404999999999999 0.41145
0 0.58857 0.508865 0.57451 0.508865 0.57451 0.530195 0.58857 0.530195 0.58857 0.508865
0 0.43173000000000006 0.573645 0.41739 0.573645 0.41739 0.583575 0.43173000000000006 0.583575 0.43173000000000006 0.573645
9 0 0.635 0.036 0.638 0.088 0.687 0.141 0.724 0.21800000000000003 0.763 0.29300000000000004 0.7889999999999999 0.365 0.798 0.392 0.798 0.445 0.7889999999999999 0.505 0.775 0.54 0.762 0.577 0.739 0.608 0.713 0.624 0.7070000000000001 0.65 0.708 0.683 0.717 0.714 0.717 0.763 0.706 0.861 0.6980000000000001 0.999 0.6639999999999999 0.999 0.369 0.968 0.385 0.9470000000000001 0.409 0.924 0.414 0.901 0.42800000000000005 0.869 0.39 0.8380000000000001 0.362 0.8160000000000001 0.35 0.771 0.337 0.6809999999999999 0.335 0.5589999999999999 0.357 0.49000000000000005 0.34900000000000003 0.45999999999999996 0.36 0.414 0.363 0.303 0.389 0.2 0.426 0.155 0.453 0.099 0.505 0.05 0.561 0.026000000000000002 0.577 0 0.585 0 0.635