0 0.359 0.47000000000000003 0.318 0.47000000000000003 0.318 0.529 0.359 0.529 0.359 0.47000000000000003
0 0.966075 0.872715 0.935285 0.872715 0.935285 0.9183049999999999 0.966075 0.9183049999999999 0.966075 0.872715
0 0.83665 0.46176500000000004 0.81863 0.46176500000000004 0.81863 0.476215 0.83665 0.476215 0.83665 0.46176500000000004
0 0.67257 0.9045949999999999 0.6614099999999999 0.9045949999999999 0.6614099999999999 0.9176650000000001 0.67257 0.9176650000000001 0.67257 0.9045949999999999
0 0.91419 0.9766299999999999 0.8953900000000001 0.9766299999999999 0.8953900000000001 0.9930899999999999 0.91419 0.9930899999999999 0.91419 0.9766299999999999
0 0.10243 0.24002500000000002 0.07873 0.24002500000000002 0.07873 0.261935 0.10243 0.261935 0.10243 0.24002500000000002
0 0.17160999999999998 0.67154 0.14381 0.67154 0.14381 0.7102999999999999 0.17160999999999998 0.7102999999999999 0.17160999999999998 0.67154
0 0.52013 0.8648199999999999 0.49941 0.8648199999999999 0.49941 0.8842000000000001 0.52013 0.8842000000000001 0.52013 0.8648199999999999
0 0.360655 0.458995 0.345405 0.458995 0.345405 0.475585 0.360655 0.475585 0.360655 0.458995
0 0.25039 0.417145 0.23691 0.417145 0.23691 0.43051500000000004 0.25039 0.43051500000000004 0.25039 0.417145
0 0.34726 0.546925 0.31192000000000003 0.546925 0.31192000000000003 0.608355 0.34726 0.608355 0.34726 0.546925
7 0 0.381 0.027000000000000003 0.381 0.048 0.37 0.05600000000000001 0.377 0.049 0.497 0.05600000000000001 0.5519999999999999 0.071 0.621 0.08299999999999999 0.645 0.096 0.661 0.174 0.728 0.205 0.759 0.22799999999999998 0.7889999999999999 0.302 0.852 0.403 0.9269999999999999 0.504 0.9800000000000001 0.545 0.991 0.564 0.999 0.9 0.999 0.9109999999999999 0.993 0.9359999999999999 0.9869999999999999 0.999 0.982 0.999 0.379 0.9800000000000001 0.361 0.858 0.296 0.852 0.27599999999999997 0.829 0.238 0.784 0.2 0.7190000000000001 0.16599999999999998 0.675 0.137 0.604 0.11000000000000001 0.506 0.095 0.47300000000000003 0.096 0.441 0.10300000000000001 0.384 0.10800000000000001 0.361 0.11699999999999999 0.323 0.123 0.259 0.147 0.195 0.186 0.178 0.20299999999999999 0.154 0.21800000000000003 0.146 0.21600000000000003 0.13 0.149 0.10200000000000001 0.125 0.056999999999999995 0.11699999999999999 0.012 0.12 0 0.123 0 0.381