0 0.24 0.5549999999999999 0.191 0.5549999999999999 0.191 0.619 0.24 0.619 0.24 0.5549999999999999
0 0.24876 0.5607599999999999 0.18922 0.5607599999999999 0.18922 0.6091599999999999 0.24876 0.6091599999999999 0.24876 0.5607599999999999
0 0.134065 0.569275 0.056975 0.569275 0.056975 0.639705 0.134065 0.639705 0.134065 0.569275
0 0.345765 0.60101 0.197695 0.60101 0.197695 0.68121 0.345765 0.68121 0.345765 0.60101
0 0.27374 0.59283 0.24432 0.59283 0.24432 0.61909 0.27374 0.61909 0.27374 0.59283
0 0.21820499999999998 0.621605 0.156555 0.621605 0.156555 0.650855 0.21820499999999998 0.650855 0.21820499999999998 0.621605
0 0.12444 0.57111 0.08162 0.57111 0.08162 0.60761 0.12444 0.60761 0.12444 0.57111
0 0.6856099999999999 0.383195 0.61029 0.383195 0.61029 0.445425 0.6856099999999999 0.445425 0.6856099999999999 0.383195
0 0.18040499999999998 0.58265 0.153335 0.58265 0.153335 0.60485 0.18040499999999998 0.60485 0.18040499999999998 0.58265
0 0.27712 0.524725 0.2473 0.524725 0.2473 0.557315 0.27712 0.557315 0.27712 0.524725
0 0.65071 0.383425 0.61101 0.383425 0.61101 0.409535 0.65071 0.409535 0.65071 0.383425
0 0.33551000000000003 0.6051249999999999 0.31879 0.6051249999999999 0.31879 0.628275 0.33551000000000003 0.628275 0.33551000000000003 0.6051249999999999
0 0.24855 0.57103 0.22898999999999997 0.57103 0.22898999999999997 0.58913 0.24855 0.58913 0.24855 0.57103
0 0.92508 0.44457 0.8981600000000001 0.44457 0.8981600000000001 0.46363000000000004 0.92508 0.46363000000000004 0.92508 0.44457
0 0.88545 0.55036 0.86065 0.55036 0.86065 0.57172 0.88545 0.57172 0.88545 0.55036
0 0.09474 0.61851 0.06114000000000001 0.61851 0.06114000000000001 0.6393099999999999 0.09474 0.6393099999999999 0.09474 0.61851
0 1 0.46563999999999994 0.992835 0.46563999999999994 0.992835 0.49139999999999995 1 0.49139999999999995 1 0.46563999999999994
0 0.33317 0.33718499999999996 0.31283 0.33718499999999996 0.31283 0.355695 0.33317 0.355695 0.33317 0.33718499999999996
0 0.73564 0.40520500000000004 0.70186 0.40520500000000004 0.70186 0.419995 0.73564 0.419995 0.73564 0.40520500000000004
0 0.867275 0.602605 0.840725 0.602605 0.840725 0.632755 0.867275 0.632755 0.867275 0.602605
0 0.29278 0.355845 0.25848 0.355845 0.25848 0.382915 0.29278 0.382915 0.29278 0.355845
0 0.522045 0.63444 0.507255 0.63444 0.507255 0.6468200000000001 0.522045 0.6468200000000001 0.522045 0.63444
0 0.291955 0.35781 0.27836500000000003 0.35781 0.27836500000000003 0.37265000000000004 0.291955 0.37265000000000004 0.291955 0.35781
0 0.29525999999999997 0.623175 0.28092 0.623175 0.28092 0.634645 0.29525999999999997 0.634645 0.29525999999999997 0.623175
0 0.24057 0.569095 0.22573 0.569095 0.22573 0.579345 0.24057 0.579345 0.24057 0.569095
0 0.855035 0.60292 0.841245 0.60292 0.841245 0.61584 0.855035 0.61584 0.855035 0.60292
0 0.23704 0.392405 0.1504 0.392405 0.1504 0.47681500000000004 0.23704 0.47681500000000004 0.23704 0.392405
0 0.20841500000000002 0.40815999999999997 0.154125 0.40815999999999997 0.154125 0.45464000000000004 0.20841500000000002 0.45464000000000004 0.20841500000000002 0.40815999999999997
0 0.66052 0.715715 0.651 0.715715 0.651 0.725685 0.66052 0.725685 0.66052 0.715715
0 0.340185 0.33691 0.256015 0.33691 0.256015 0.39355 0.340185 0.39355 0.340185 0.33691
0 0.175255 0.573115 0.165325 0.573115 0.165325 0.584105 0.175255 0.584105 0.175255 0.573115
0 0.729275 0.71334 0.7140850000000001 0.71334 0.7140850000000001 0.7270800000000001 0.729275 0.7270800000000001 0.729275 0.71334
0 0.27191 0.371755 0.26227 0.371755 0.26227 0.380205 0.27191 0.380205 0.27191 0.371755
0 0.56744 0.67713 0.55072 0.67713 0.55072 0.69103 0.56744 0.69103 0.56744 0.67713
0 0.24211999999999997 0.38897499999999996 0.23126000000000002 0.38897499999999996 0.23126000000000002 0.39764499999999997 0.24211999999999997 0.39764499999999997 0.24211999999999997 0.38897499999999996
0 0.8746449999999999 0.54628 0.856795 0.54628 0.856795 0.56212 0.8746449999999999 0.56212 0.8746449999999999 0.54628
0 0.8057000000000001 0.42989499999999997 0.79196 0.42989499999999997 0.79196 0.44266500000000003 0.8057000000000001 0.44266500000000003 0.8057000000000001 0.42989499999999997
0 0.18057 0.61395 0.16709000000000002 0.61395 0.16709000000000002 0.62141 0.18057 0.62141 0.18057 0.61395
0 0.838335 0.52787 0.8091250000000001 0.52787 0.8091250000000001 0.54341 0.838335 0.54341 0.838335 0.52787
0 0.9468799999999999 0.54564 0.9291 0.54564 0.9291 0.55788 0.9468799999999999 0.55788 0.9468799999999999 0.54564
0 0.8953599999999999 0.576465 0.83902 0.576465 0.83902 0.630575 0.8953599999999999 0.630575 0.8953599999999999 0.576465
0 0.71855 0.528365 0.67891 0.528365 0.67891 0.550735 0.71855 0.550735 0.71855 0.528365
0 0.77657 0.53584 0.7556499999999999 0.53584 0.7556499999999999 0.55206 0.77657 0.55206 0.77657 0.53584
0 0.14885500000000002 0.583905 0.141185 0.583905 0.141185 0.593835 0.14885500000000002 0.593835 0.14885500000000002 0.583905
0 0.342165 0.336065 0.187135 0.336065 0.187135 0.45837500000000003 0.342165 0.45837500000000003 0.342165 0.336065
0 0.711045 0.399 0.692275 0.399 0.692275 0.41496000000000005 0.711045 0.41496000000000005 0.711045 0.399
0 0.08143 0.463975 0.07469 0.463975 0.07469 0.472065 0.08143 0.472065 0.08143 0.463975
0 0.79994 0.71921 0.79088 0.71921 0.79088 0.72611 0.79994 0.72611 0.79994 0.71921
0 0.84274 0.54445 0.8096 0.54445 0.8096 0.55907 0.84274 0.55907 0.84274 0.54445
0 0.651065 0.525685 0.618475 0.525685 0.618475 0.547555 0.651065 0.547555 0.651065 0.525685
0 0.049945 0.52844 0.038615 0.52844 0.038615 0.53796 0.049945 0.53796 0.049945 0.52844
0 0.183765 0.56176 0.176095 0.56176 0.176095 0.57106 0.183765 0.57106 0.183765 0.56176
0 0.218095 0.804445 0.20744500000000002 0.804445 0.20744500000000002 0.812735 0.218095 0.812735 0.218095 0.804445
0 0.651815 0.35392999999999997 0.632365 0.35392999999999997 0.632365 0.37313 0.651815 0.37313 0.651815 0.35392999999999997
0 0.9486950000000001 0.435205 0.9214249999999999 0.435205 0.9214249999999999 0.460295 0.9486950000000001 0.460295 0.9486950000000001 0.435205
0 0.141445 0.33693 0.12881499999999999 0.33693 0.12881499999999999 0.34226999999999996 0.141445 0.34226999999999996 0.141445 0.33693
0 0.7529899999999999 0.513385 0.71381 0.513385 0.71381 0.5412950000000001 0.7529899999999999 0.5412950000000001 0.7529899999999999 0.513385
0 0.674705 0.9556250000000001 0.667095 0.9556250000000001 0.667095 0.961375 0.674705 0.961375 0.674705 0.9556250000000001
0 0.176845 0.408605 0.160315 0.408605 0.160315 0.42245499999999997 0.176845 0.42245499999999997 0.176845 0.408605
0 0.69411 0.364445 0.66039 0.364445 0.66039 0.392395 0.69411 0.392395 0.69411 0.364445
0 0.258465 0.595765 0.218095 0.595765 0.218095 0.625915 0.258465 0.625915 0.258465 0.595765
0 0.8794549999999999 0.42954 0.7963250000000001 0.42954 0.7963250000000001 0.4601 0.8794549999999999 0.4601 0.8794549999999999 0.42954
0 0.13740000000000002 0.680035 0.13213999999999998 0.680035 0.13213999999999998 0.6861849999999999 0.13740000000000002 0.6861849999999999 0.13740000000000002 0.680035
0 0.233915 0.596715 0.165005 0.596715 0.165005 0.638645 0.233915 0.638645 0.233915 0.596715
0 0.37722 0.88842 0.37229999999999996 0.88842 0.37229999999999996 0.8947800000000001 0.37722 0.8947800000000001 0.37722 0.88842
9 0.22000000000000003 0.657 0.28900000000000003 0.678 0.32799999999999996 0.7 0.368 0.712 0.471 0.725 0.576 0.729 0.623 0.746 0.65 0.75 0.709 0.748 0.868 0.727 0.925 0.713 0.999 0.6849999999999999 0.999 0.41100000000000003 0.9720000000000001 0.409 0.954 0.417 0.932 0.41600000000000004 0.9039999999999999 0.422 0.885 0.403 0.82 0.40499999999999997 0.769 0.391 0.724 0.387 0.713 0.378 0.71 0.366 0.6990000000000001 0.362 0.669 0.33999999999999997 0.633 0.324 0.596 0.314 0.421 0.292 0.373 0.29300000000000004 0.302 0.305 0.002 0.391 0 0.6519999999999999 0.16899999999999998 0.651 0.188 0.6599999999999999 0.22000000000000003 0.657