0 0.795355 0.702405 0.7044050000000001 0.702405 0.7044050000000001 0.7838350000000001 0.795355 0.7838350000000001 0.795355 0.702405
0 0.85635 0.531255 0.7676700000000001 0.531255 0.7676700000000001 0.612305 0.85635 0.612305 0.85635 0.531255
0 0.74402 0.46316499999999994 0.64954 0.46316499999999994 0.64954 0.518275 0.74402 0.518275 0.74402 0.46316499999999994
0 0.848295 0.70245 0.797205 0.70245 0.797205 0.72821 0.848295 0.72821 0.848295 0.70245
0 0.6097400000000001 0.632475 0.45666 0.632475 0.45666 0.7356849999999999 0.6097400000000001 0.7356849999999999 0.6097400000000001 0.632475
0 0.518235 0.84928 0.490545 0.84928 0.490545 0.87826 0.518235 0.87826 0.518235 0.84928
0 0.79265 0.335935 0.73567 0.335935 0.73567 0.389645 0.79265 0.389645 0.79265 0.335935
0 0.385415 0.679585 0.355305 0.679585 0.355305 0.720815 0.385415 0.720815 0.385415 0.679585
0 0.5244 0.7027300000000001 0.46584000000000003 0.7027300000000001 0.46584000000000003 0.7533299999999999 0.5244 0.7533299999999999 0.5244 0.7027300000000001
0 0.680165 0.3444 0.588395 0.3444 0.588395 0.43364 0.680165 0.43364 0.680165 0.3444
7 0.675 0 0.646 0.025 0.629 0.05 0.604 0.101 0.602 0.13999999999999999 0.595 0.144 0.5559999999999999 0.149 0.49800000000000005 0.174 0.457 0.199 0.403 0.255 0.381 0.292 0.363 0.33399999999999996 0.34500000000000003 0.42400000000000004 0.309 0.554 0.311 0.636 0.325 0.683 0.33799999999999997 0.708 0.45199999999999996 0.8630000000000001 0.525 0.9480000000000001 0.562 0.999 0.696 0.999 0.714 0.9710000000000001 0.79 0.877 0.8380000000000001 0.8029999999999999 0.858 0.755 0.8789999999999999 0.666 0.8789999999999999 0.608 0.8699999999999999 0.546 0.841 0.43899999999999995 0.788 0.294 0.765 0.24900000000000003 0.738 0.21400000000000002 0.696 0.173 0.655 0.13999999999999999 0.665 0.11200000000000002 0.6759999999999999 0.049 0.71 0 0.675 0