0 0.613 0.34700000000000003 0.53 0.34700000000000003 0.53 0.429 0.613 0.429 0.613 0.34700000000000003
0 0.6684249999999999 0.456565 0.621615 0.456565 0.621615 0.485815 0.6684249999999999 0.485815 0.6684249999999999 0.456565
0 0.785975 0.584915 0.7179249999999999 0.584915 0.7179249999999999 0.629925 0.785975 0.629925 0.785975 0.584915
0 0.54535 0.6362599999999999 0.52399 0.6362599999999999 0.52399 0.6811200000000001 0.54535 0.6811200000000001 0.54535 0.6362599999999999
0 0.66738 0.602085 0.61388 0.602085 0.61388 0.6947949999999999 0.66738 0.6947949999999999 0.66738 0.602085
0 0.798555 0.4484 0.732405 0.4484 0.732405 0.52798 0.798555 0.52798 0.798555 0.4484
0 0.8453849999999999 0.55447 0.809895 0.55447 0.809895 0.59103 0.8453849999999999 0.59103 0.8453849999999999 0.55447
0 0.736815 0.41681 0.720225 0.41681 0.720225 0.44257 0.736815 0.44257 0.736815 0.41681
0 0.70696 0.51497 0.6905 0.51497 0.6905 0.53093 0.70696 0.53093 0.70696 0.51497
0 0.9214800000000001 0.517675 0.8763799999999999 0.517675 0.8763799999999999 0.558505 0.9214800000000001 0.558505 0.9214800000000001 0.517675
9 0.157 0.628 0.205 0.654 0.28700000000000003 0.732 0.323 0.746 0.399 0.761 0.562 0.761 0.6950000000000001 0.75 0.752 0.736 0.8380000000000001 0.697 0.877 0.6719999999999999 0.9109999999999999 0.634 0.933 0.595 0.9460000000000001 0.584 0.974 0.572 0.999 0.546 0.999 0.511 0.992 0.502 0.9880000000000001 0.483 0.962 0.47400000000000003 0.9199999999999999 0.472 0.9 0.462 0.8560000000000001 0.387 0.834 0.367 0.806 0.35 0.744 0.325 0.7110000000000001 0.313 0.646 0.298 0.434 0.28300000000000003 0.375 0.286 0.305 0.29900000000000004 0.134 0.35 0.074 0.387 0.011 0.441 0 0.45199999999999996 0.001 0.5469999999999999 0.074 0.597 0.157 0.628