0 0.46900000000000003 0.47300000000000003 0.40099999999999997 0.47300000000000003 0.40099999999999997 0.528 0.46900000000000003 0.528 0.46900000000000003 0.47300000000000003
0 0.6387050000000001 0.399055 0.6064149999999999 0.399055 0.6064149999999999 0.42760499999999996 0.6387050000000001 0.42760499999999996 0.6387050000000001 0.399055
0 0.39666999999999997 0.3309 0.36358999999999997 0.3309 0.36358999999999997 0.36734 0.39666999999999997 0.36734 0.39666999999999997 0.3309
0 0.32850999999999997 0.40573 0.29161000000000004 0.40573 0.29161000000000004 0.44583000000000006 0.32850999999999997 0.44583000000000006 0.32850999999999997 0.40573
0 0.43878000000000006 0.29331999999999997 0.40008 0.29331999999999997 0.40008 0.3307 0.43878000000000006 0.3307 0.43878000000000006 0.29331999999999997
0 0.28485499999999997 0.39180000000000004 0.254705 0.39180000000000004 0.254705 0.42656 0.28485499999999997 0.42656 0.28485499999999997 0.39180000000000004
0 0.48128000000000004 0.29122499999999996 0.44645999999999997 0.29122499999999996 0.44645999999999997 0.320095 0.48128000000000004 0.320095 0.48128000000000004 0.29122499999999996
0 0.44936499999999996 0.199245 0.42173499999999997 0.199245 0.42173499999999997 0.226775 0.44936499999999996 0.226775 0.44936499999999996 0.199245
0 0.5291 0.56775 0.49433999999999995 0.56775 0.49433999999999995 0.6656500000000001 0.5291 0.6656500000000001 0.5291 0.56775
0 0.518035 0.07317 0.48782500000000006 0.07317 0.48782500000000006 0.10933 0.518035 0.10933 0.518035 0.07317
7 0.40499999999999997 0 0.429 0.048 0.442 0.064 0.45999999999999996 0.073 0.465 0.08544399999999999 0.465 0.129 0.45999999999999996 0.153 0.45 0.177 0.397 0.246 0.282 0.369 0.253 0.394 0.23500000000000001 0.433 0.215 0.511 0.213 0.572 0.223 0.6519999999999999 0.23900000000000002 0.6839999999999999 0.259 0.744 0.28700000000000003 0.798 0.33799999999999997 0.8630000000000001 0.41500000000000004 0.9460000000000001 0.462 0.9890000000000001 0.483 0.992 0.522 0.978 0.5589999999999999 0.9480000000000001 0.692 0.8 0.775 0.671 0.817 0.5860000000000001 0.8300000000000001 0.5429999999999999 0.836 0.47400000000000003 0.833 0.391 0.8009999999999999 0.28500000000000003 0.7849999999999999 0.251 0.738 0.183 0.714 0.158 0.661 0.124 0.5 0.045 0.457 0 0.40499999999999997 0