0 0.137 0.544 0.097 0.544 0.097 0.5730000000000001 0.137 0.5730000000000001 0.137 0.544
0 0.205795 0.5964400000000001 0.158705 0.5964400000000001 0.158705 0.63306 0.205795 0.63306 0.205795 0.5964400000000001
0 0.43357 0.567655 0.40237 0.567655 0.40237 0.6022649999999999 0.43357 0.6022649999999999 0.43357 0.567655
0 0.628005 0.606125 0.607355 0.606125 0.607355 0.637035 0.628005 0.637035 0.628005 0.606125
0 0.46409 0.6202799999999999 0.43289 0.6202799999999999 0.43289 0.66682 0.46409 0.66682 0.46409 0.6202799999999999
0 0.508335 0.46154 0.47604499999999994 0.46154 0.47604499999999994 0.49158 0.508335 0.49158 0.508335 0.46154
0 0.41956 0.448205 0.39782 0.448205 0.39782 0.477575 0.41956 0.477575 0.41956 0.448205
0 0.02395 0.537115 0.00025 0.537115 0.00025 0.563465 0.02395 0.563465 0.02395 0.537115
0 0.507915 0.55637 0.484765 0.55637 0.484765 0.6037899999999999 0.507915 0.6037899999999999 0.507915 0.55637
0 0.28825 0.45164 0.27229000000000003 0.45164 0.27229000000000003 0.47462 0.28825 0.47462 0.28825 0.45164
0 0.034695 0.53914 0.021005 0.53914 0.021005 0.5663199999999999 0.034695 0.5663199999999999 0.034695 0.53914
0 0.547855 0.60687 0.510745 0.60687 0.510745 0.65289 0.547855 0.65289 0.547855 0.60687
0 0.42001 0.44936999999999994 0.38711 0.44936999999999994 0.38711 0.5164500000000001 0.42001 0.5164500000000001 0.42001 0.44936999999999994
0 0.53598 0.45779 0.46988 0.45779 0.46988 0.53097 0.53598 0.53097 0.53598 0.45779
0 0.38751 0.5794400000000001 0.34051 0.5794400000000001 0.34051 0.61588 0.38751 0.61588 0.38751 0.5794400000000001
0 0.296115 0.62386 0.265905 0.62386 0.265905 0.6574 0.296115 0.6574 0.296115 0.62386
0 0.52852 0.610865 0.5125 0.610865 0.5125 0.6313150000000001 0.52852 0.6313150000000001 0.52852 0.610865
0 0.508705 0.5591700000000001 0.49617500000000003 0.5591700000000001 0.49617500000000003 0.58439 0.508705 0.58439 0.508705 0.5591700000000001
0 0.31696 0.571735 0.25336 0.571735 0.25336 0.629445 0.31696 0.629445 0.31696 0.571735
0 0.28325 0.64276 0.26753 0.64276 0.26753 0.6551 0.28325 0.6551 0.28325 0.64276
0 0.294855 0.570885 0.275945 0.570885 0.275945 0.583415 0.294855 0.583415 0.294855 0.570885
0 0.26183 0.48065499999999994 0.24792999999999998 0.48065499999999994 0.24792999999999998 0.492485 0.26183 0.492485 0.26183 0.48065499999999994
0 0.27624499999999996 0.59649 0.265255 0.59649 0.265255 0.61055 0.27624499999999996 0.61055 0.27624499999999996 0.59649
0 0.53464 0.46115000000000006 0.5015 0.46115000000000006 0.5015 0.49393000000000004 0.53464 0.49393000000000004 0.53464 0.46115000000000006
0 0.05326499999999999 0.45251 0.030895 0.45251 0.030895 0.47375 0.05326499999999999 0.47375 0.05326499999999999 0.45251
0 0.2781 0.47596999999999995 0.26194 0.47596999999999995 0.26194 0.48789 0.2781 0.48789 0.2781 0.47596999999999995
0 0.286095 0.42962999999999996 0.256385 0.42962999999999996 0.256385 0.45563000000000003 0.286095 0.45563000000000003 0.286095 0.42962999999999996
0 0.78616 0.5752200000000001 0.77634 0.5752200000000001 0.77634 0.5829799999999999 0.78616 0.5829799999999999 0.78616 0.5752200000000001
0 0.36355499999999996 0.428495 0.354705 0.428495 0.354705 0.44064500000000006 0.36355499999999996 0.44064500000000006 0.36355499999999996 0.428495
0 0.432735 0.63098 0.394405 0.63098 0.394405 0.66394 0.432735 0.66394 0.432735 0.63098
0 0.24896500000000002 0.538975 0.23589500000000002 0.538975 0.23589500000000002 0.567465 0.24896500000000002 0.567465 0.24896500000000002 0.538975
9 0 0.5660000000000001 0.016 0.564 0.027000000000000003 0.5820000000000001 0.03 0.605 0.036 0.613 0.072 0.635 0.10900000000000001 0.65 0.159 0.659 0.192 0.6559999999999999 0.20299999999999999 0.665 0.21800000000000003 0.67 0.304 0.667 0.355 0.6849999999999999 0.393 0.692 0.42000000000000004 0.693 0.44400000000000006 0.687 0.462 0.687 0.495 0.6950000000000001 0.5469999999999999 0.701 0.584 0.712 0.635 0.718 0.906 0.714 0.9380000000000001 0.7110000000000001 0.999 0.697 0.999 0.5469999999999999 0.8960000000000001 0.513 0.826 0.476 0.716 0.43899999999999995 0.637 0.42300000000000004 0.5660000000000001 0.418 0.538 0.421 0.515 0.429 0.461 0.403 0.41 0.39 0.323 0.377 0.259 0.372 0.178 0.372 0.129 0.377 0.081 0.39 0.025 0.414 0 0.42800000000000005 0 0.5660000000000001
9 0 0.5690000000000001 0.015 0.5690000000000001 0.026000000000000002 0.581 0.033 0.611 0.072 0.635 0.10800000000000001 0.65 0.149 0.659 0.193 0.657 0.202 0.665 0.219 0.671 0.29900000000000004 0.667 0.353 0.686 0.39 0.692 0.42400000000000004 0.693 0.46299999999999997 0.688 0.506 0.6980000000000001 0.549 0.702 0.5820000000000001 0.712 0.632 0.718 0.917 0.714 0.999 0.6980000000000001 0.999 0.5469999999999999 0.8939999999999999 0.512 0.8320000000000001 0.47800000000000004 0.7190000000000001 0.43899999999999995 0.654 0.425 0.5660000000000001 0.418 0.514 0.425 0.46299999999999997 0.403 0.41 0.389 0.329 0.377 0.261 0.372 0.173 0.372 0.133 0.376 0.08 0.39 0.020999999999999998 0.41600000000000004 0 0.42800000000000005 0 0.5690000000000001