0 0.396 0.5650000000000001 0.302 0.5650000000000001 0.302 0.674 0.396 0.674 0.396 0.5650000000000001
0 0.177095 0.38342 0.10366500000000001 0.38342 0.10366500000000001 0.48132 0.177095 0.48132 0.177095 0.38342
0 0.198455 0.5500149999999999 0.089145 0.5500149999999999 0.089145 0.6296649999999999 0.198455 0.6296649999999999 0.198455 0.5500149999999999
0 0.39171 0.5675600000000001 0.34267 0.5675600000000001 0.34267 0.60626 0.39171 0.60626 0.39171 0.5675600000000001
0 0.08935499999999999 0.5742200000000001 0.005305 0.5742200000000001 0.005305 0.62598 0.08935499999999999 0.62598 0.08935499999999999 0.5742200000000001
0 0.29029 0.58948 0.25512999999999997 0.58948 0.25512999999999997 0.62244 0.29029 0.62244 0.29029 0.58948
0 0.44733999999999996 0.59866 0.41252000000000005 0.59866 0.41252000000000005 0.64352 0.44733999999999996 0.64352 0.44733999999999996 0.59866
0 0.136245 0.37776 0.102155 0.37776 0.102155 0.43474 0.136245 0.43474 0.136245 0.37776
0 0.09189 0.48509 0.000029999999999999997 0.48509 0.000029999999999999997 0.54323 0.09189 0.54323 0.09189 0.48509
0 0.33748999999999996 0.6229899999999999 0.30313 0.6229899999999999 0.30313 0.6514300000000001 0.33748999999999996 0.6514300000000001 0.33748999999999996 0.6229899999999999
0 0.20622 0.554515 0.17243999999999998 0.554515 0.17243999999999998 0.5841649999999999 0.20622 0.5841649999999999 0.20622 0.554515
0 0.191365 0.63481 0.17191499999999998 0.63481 0.17191499999999998 0.66987 0.191365 0.66987 0.191365 0.63481
0 0.12257499999999999 0.45550499999999994 0.098005 0.45550499999999994 0.098005 0.47955500000000006 0.12257499999999999 0.47955500000000006 0.12257499999999999 0.45550499999999994
0 0.16553 0.55044 0.11377 0.55044 0.11377 0.5814 0.16553 0.5814 0.16553 0.55044
0 0.1384 0.606985 0.10891999999999999 0.606985 0.10891999999999999 0.630315 0.1384 0.630315 0.1384 0.606985
0 0.13722499999999999 0.587415 0.108015 0.587415 0.108015 0.613765 0.13722499999999999 0.613765 0.13722499999999999 0.587415
0 0.10367 0.5498999999999999 0.07491 0.5498999999999999 0.07491 0.57314 0.10367 0.57314 0.10367 0.5498999999999999
0 0.13555999999999999 0.37885 0.1142 0.37885 0.1142 0.39849 0.13555999999999999 0.39849 0.13555999999999999 0.37885
0 0.5097 0.49146 0.47173999999999994 0.49146 0.47173999999999994 0.50756 0.5097 0.50756 0.5097 0.49146
0 0 0.57192 0.03548 0.57192 0.03548 0.5511199999999999 0 0.5511199999999999 0 0.57192
0 0.0444 0.506745 0.00262 0.506745 0.00262 0.540135 0.0444 0.540135 0.0444 0.506745
0 0.11466499999999999 0.415545 0.10469500000000001 0.415545 0.10469500000000001 0.434555 0.11466499999999999 0.434555 0.11466499999999999 0.415545
0 0.143185 0.578195 0.114635 0.578195 0.114635 0.598565 0.143185 0.598565 0.143185 0.578195
0 0.36334 0.49071499999999996 0.32904 0.49071499999999996 0.32904 0.505385 0.36334 0.505385 0.36334 0.49071499999999996
0 0.363065 0.5784849999999999 0.342495 0.5784849999999999 0.342495 0.598275 0.363065 0.598275 0.363065 0.5784849999999999
0 0.158855 0.52017 0.12336499999999999 0.52017 0.12336499999999999 0.53941 0.158855 0.53941 0.158855 0.52017
0 0.08195 0.578045 0.05415 0.578045 0.05415 0.599695 0.08195 0.599695 0.08195 0.578045
0 0.047915 0.48739499999999997 0.015445 0.48739499999999997 0.015445 0.505765 0.047915 0.505765 0.047915 0.48739499999999997
0 0.009479999999999999 0.45478500000000005 0.00017999999999999998 0.45478500000000005 0.00017999999999999998 0.475875 0.009479999999999999 0.475875 0.009479999999999999 0.45478500000000005
0 0.344735 0.65635 0.337385 0.65635 0.337385 0.6698299999999999 0.344735 0.6698299999999999 0.344735 0.65635
0 0.720175 0.496595 0.700725 0.496595 0.700725 0.508285 0.720175 0.508285 0.720175 0.496595
0 0.22155999999999998 0.519795 0.2096 0.519795 0.2096 0.530005 0.22155999999999998 0.530005 0.22155999999999998 0.519795
0 0.037165 0.495535 0.006895 0.495535 0.006895 0.5142249999999999 0.037165 0.5142249999999999 0.037165 0.495535
0 0.456875 0.48228 0.421045 0.48228 0.421045 0.49966 0.456875 0.49966 0.456875 0.48228
0 0.0591 0.573645 0.03368 0.573645 0.03368 0.596275 0.0591 0.596275 0.0591 0.573645
0 0.2631 0.49876 0.24618 0.49876 0.24618 0.51198 0.2631 0.51198 0.2631 0.49876
0 0.03676 0.59001 0.01506 0.59001 0.01506 0.61311 0.03676 0.61311 0.03676 0.59001
0 0.44793000000000005 0.597295 0.43147 0.597295 0.43147 0.616565 0.44793000000000005 0.616565 0.44793000000000005 0.597295
0 0 0.540435 0.010499999999999999 0.540435 0.010499999999999999 0.519145 0 0.519145 0 0.540435
0 0.025195000000000002 0.58273 0.007005 0.58273 0.007005 0.60965 0.025195000000000002 0.60965 0.025195000000000002 0.58273
0 0.185565 0.5234650000000001 0.174535 0.5234650000000001 0.174535 0.5331750000000001 0.185565 0.5331750000000001 0.185565 0.5234650000000001
0 0.281955 0.608105 0.21536499999999997 0.608105 0.21536499999999997 0.662395 0.281955 0.662395 0.281955 0.608105
0 0.555565 0.49762500000000004 0.541115 0.49762500000000004 0.541115 0.505295 0.555565 0.505295 0.555565 0.49762500000000004
0 0.503545 0.40161499999999994 0.396855 0.40161499999999994 0.396855 0.6618649999999999 0.503545 0.6618649999999999 0.503545 0.40161499999999994
9 0.179 0.714 0.229 0.729 0.281 0.726 0.316 0.7150000000000001 0.399 0.701 0.475 0.678 0.596 0.662 0.6980000000000001 0.622 0.73 0.603 0.775 0.568 0.798 0.562 0.861 0.529 0.9019999999999999 0.525 0.999 0.524 0.999 0.481 0.9800000000000001 0.47800000000000004 0.8699999999999999 0.481 0.833 0.47400000000000003 0.737 0.40099999999999997 0.696 0.386 0.589 0.327 0.5599999999999999 0.314 0.512 0.301 0.43 0.28900000000000003 0.286 0.288 0.193 0.29900000000000004 0.16 0.311 0.066 0.361 0.001 0.382 0 0.621 0.047 0.638 0.079 0.661 0.179 0.714