0 0.591 0.357 0.548 0.357 0.548 0.418 0.591 0.418 0.591 0.357
0 0.7452099999999999 0.377545 0.70987 0.377545 0.70987 0.41151499999999996 0.7452099999999999 0.41151499999999996 0.7452099999999999 0.377545
0 0.8289199999999999 0.32997 0.8087799999999999 0.32997 0.8087799999999999 0.36485 0.8289199999999999 0.36485 0.8289199999999999 0.32997
0 0.697015 0.348485 0.6643049999999999 0.348485 0.6643049999999999 0.37611500000000003 0.697015 0.37611500000000003 0.697015 0.348485
0 0.85326 0.524 0.82546 0.524 0.82546 0.57268 0.85326 0.57268 0.85326 0.524
0 0.65935 0.34543 0.60921 0.34543 0.60921 0.43143000000000004 0.65935 0.43143000000000004 0.65935 0.34543
0 0.9024699999999999 0.52005 0.87781 0.52005 0.87781 0.5434300000000001 0.9024699999999999 0.5434300000000001 0.9024699999999999 0.52005
0 0.89734 0.565435 0.86438 0.565435 0.86438 0.619145 0.89734 0.619145 0.89734 0.565435
0 0.9962799999999999 0.45752 0.90998 0.45752 0.90998 0.5117200000000001 0.9962799999999999 0.5117200000000001 0.9962799999999999 0.45752
0 0.8297549999999999 0.41614500000000004 0.794265 0.41614500000000004 0.794265 0.444695 0.8297549999999999 0.444695 0.8297549999999999 0.41614500000000004
0 0.89131 0.36919 0.86357 0.36919 0.86357 0.39300999999999997 0.89131 0.39300999999999997 0.89131 0.36919
0 0.652015 0.345865 0.6292449999999999 0.345865 0.6292449999999999 0.374355 0.652015 0.374355 0.652015 0.345865
9 0 0.522 0.129 0.523 0.16399999999999998 0.528 0.219 0.575 0.259 0.602 0.319 0.626 0.391 0.663 0.445 0.6809999999999999 0.47000000000000003 0.6839999999999999 0.499 0.697 0.581 0.7070000000000001 0.673 0.7070000000000001 0.6910000000000001 0.6980000000000001 0.722 0.697 0.758 0.6900000000000001 0.8560000000000001 0.65 0.9359999999999999 0.604 0.961 0.599 0.999 0.583 0.999 0.387 0.9480000000000001 0.363 0.8109999999999999 0.28700000000000003 0.773 0.277 0.731 0.279 0.671 0.294 0.614 0.301 0.513 0.331 0.44000000000000006 0.33599999999999997 0.38 0.352 0.294 0.389 0.258 0.409 0.233 0.43099999999999994 0.217 0.43600000000000005 0.20299999999999999 0.44699999999999995 0.16299999999999998 0.46299999999999997 0.146 0.47400000000000003 0.09419999999999999 0.481 0 0.481 0 0.522