0 0.8099999999999999 0.517 0.708 0.517 0.708 0.588 0.8099999999999999 0.588 0.8099999999999999 0.517
0 0.7035199999999999 0.549345 0.63534 0.549345 0.63534 0.625455 0.7035199999999999 0.625455 0.7035199999999999 0.549345
0 0.85198 0.59329 0.80916 0.59329 0.80916 0.63815 0.85198 0.63815 0.85198 0.59329
0 0.7872899999999999 0.293705 0.7459100000000001 0.293705 0.7459100000000001 0.33081499999999997 0.7872899999999999 0.33081499999999997 0.7872899999999999 0.293705
0 0.908995 0.350375 0.759945 0.350375 0.759945 0.457245 0.908995 0.457245 0.908995 0.350375
0 0.81885 0.256985 0.7436499999999999 0.256985 0.7436499999999999 0.356775 0.81885 0.356775 0.81885 0.256985
0 0.76 0.386855 0.73414 0.386855 0.73414 0.420765 0.76 0.420765 0.76 0.386855
0 0.9521499999999999 0.487245 0.8554700000000001 0.487245 0.8554700000000001 0.603575 0.9521499999999999 0.603575 0.9521499999999999 0.487245
0 0.69313 0.542635 0.65941 0.542635 0.65941 0.567725 0.69313 0.567725 0.69313 0.542635
0 0.7474700000000001 0.52062 0.71445 0.52062 0.71445 0.55164 0.7474700000000001 0.55164 0.7474700000000001 0.52062
0 0.73204 0.242755 0.69276 0.242755 0.69276 0.272865 0.73204 0.272865 0.73204 0.242755
0 0.872435 0.47973 0.832645 0.47973 0.832645 0.52319 0.872435 0.52319 0.872435 0.47973
0 0.857175 0.37800500000000004 0.816645 0.37800500000000004 0.816645 0.406175 0.857175 0.406175 0.857175 0.37800500000000004
0 0.902685 0.5403749999999999 0.8668549999999999 0.5403749999999999 0.8668549999999999 0.606105 0.902685 0.606105 0.902685 0.5403749999999999
0 0.8926399999999999 0.35263 0.8183 0.35263 0.8183 0.41251 0.8926399999999999 0.41251 0.8926399999999999 0.35263
0 0.662965 0.572935 0.6358550000000001 0.572935 0.6358550000000001 0.600885 0.662965 0.600885 0.662965 0.572935
0 0.5095850000000001 0.31755 0.477235 0.31755 0.477235 0.36164999999999997 0.5095850000000001 0.36164999999999997 0.5095850000000001 0.31755
0 0.8184549999999999 0.376635 0.785065 0.376635 0.785065 0.40364500000000003 0.8184549999999999 0.40364500000000003 0.8184549999999999 0.376635
0 0.818375 0.396345 0.771465 0.396345 0.771465 0.436655 0.818375 0.436655 0.818375 0.396345
0 0.95383 0.50484 0.92215 0.50484 0.92215 0.5430200000000001 0.95383 0.5430200000000001 0.95383 0.50484
0 0.82402 0.48929 0.80586 0.48929 0.80586 0.50827 0.82402 0.50827 0.82402 0.48929
0 0.7998999999999999 0.25789 0.76456 0.25789 0.76456 0.29142999999999997 0.7998999999999999 0.29142999999999997 0.7998999999999999 0.25789
0 0.8193949999999999 0.279075 0.788025 0.279075 0.788025 0.308825 0.8193949999999999 0.308825 0.8193949999999999 0.279075
0 0.83091 0.5948599999999999 0.81167 0.5948599999999999 0.81167 0.6229199999999999 0.83091 0.6229199999999999 0.83091 0.5948599999999999
0 0.785515 0.420615 0.759405 0.420615 0.759405 0.444125 0.785515 0.444125 0.785515 0.420615
0 0.79229 0.640615 0.77607 0.640615 0.77607 0.654305 0.79229 0.654305 0.79229 0.640615
0 0.9385199999999999 0.495475 0.91206 0.495475 0.91206 0.5152650000000001 0.9385199999999999 0.5152650000000001 0.9385199999999999 0.495475
0 0.6442650000000001 0.33466 0.630155 0.33466 0.630155 0.35137999999999997 0.6442650000000001 0.35137999999999997 0.6442650000000001 0.33466
0 0.260165 0.38256999999999997 0.24861499999999997 0.38256999999999997 0.24861499999999997 0.40015 0.260165 0.40015 0.260165 0.38256999999999997
0 0.86904 0.56114 0.85556 0.56114 0.85556 0.57362 0.86904 0.57362 0.86904 0.56114
9 0 0.45899999999999996 0.196 0.46299999999999997 0.27 0.47000000000000003 0.28900000000000003 0.477 0.339 0.523 0.389 0.561 0.481 0.611 0.5599999999999999 0.635 0.655 0.641 0.6799999999999999 0.6559999999999999 0.697 0.661 0.741 0.665 0.808 0.661 0.8880000000000001 0.622 0.898 0.591 0.905 0.5820000000000001 0.9279999999999999 0.5690000000000001 0.9550000000000001 0.534 0.9550000000000001 0.521 0.933 0.491 0.9179999999999999 0.45899999999999996 0.921 0.429 0.877 0.373 0.8460000000000001 0.343 0.796 0.244 0.779 0.227 0.758 0.22000000000000003 0.665 0.223 0.605 0.23700000000000002 0.564 0.251 0.513 0.275 0.454 0.323 0.41900000000000004 0.33399999999999996 0.40599999999999997 0.34500000000000003 0.382 0.352 0.32799999999999996 0.394 0.312 0.399 0.304 0.40700000000000003 0.251 0.421 0 0.422 0 0.45899999999999996