0 0.54 0.554 0.483 0.554 0.483 0.617 0.54 0.617 0.54 0.554
0 0.8264150000000001 0.54425 0.725345 0.54425 0.725345 0.70087 0.8264150000000001 0.70087 0.8264150000000001 0.54425
0 0.849975 0.4154 0.8092050000000001 0.4154 0.8092050000000001 0.5543199999999999 0.849975 0.5543199999999999 0.849975 0.4154
0 0.34927 0.42651500000000003 0.25033 0.42651500000000003 0.25033 0.5617650000000001 0.34927 0.5617650000000001 0.34927 0.42651500000000003
0 0.448765 0.39941 0.340795 0.39941 0.340795 0.5585899999999999 0.448765 0.5585899999999999 0.448765 0.39941
0 0.68518 0.561215 0.59216 0.561215 0.59216 0.7044050000000001 0.68518 0.7044050000000001 0.68518 0.561215
0 0.798405 0.38489 0.7367549999999999 0.38489 0.7367549999999999 0.54627 0.798405 0.54627 0.798405 0.38489
0 0.20254500000000003 0.5535599999999999 0.164155 0.5535599999999999 0.164155 0.62808 0.20254500000000003 0.62808 0.20254500000000003 0.5535599999999999
0 0.624935 0.379145 0.527405 0.379145 0.527405 0.581295 0.624935 0.581295 0.624935 0.379145
0 0.262845 0.47925000000000006 0.170495 0.47925000000000006 0.170495 0.61939 0.262845 0.61939 0.262845 0.47925000000000006
0 0.553575 0.46033999999999997 0.516745 0.46033999999999997 0.516745 0.51524 0.553575 0.51524 0.553575 0.46033999999999997
0 0.672145 0.37052 0.581755 0.37052 0.581755 0.4332 0.672145 0.4332 0.672145 0.37052
0 0.57804 0.37151999999999996 0.51572 0.37151999999999996 0.51572 0.40094 0.57804 0.40094 0.57804 0.37151999999999996
0 0.60924 0.448155 0.57436 0.448155 0.57436 0.46980500000000003 0.60924 0.46980500000000003 0.60924 0.448155
0 0.438365 0.427655 0.40977499999999994 0.427655 0.40977499999999994 0.463945 0.438365 0.463945 0.438365 0.427655
0 0.159545 0.57344 0.11535500000000001 0.57344 0.11535500000000001 0.62968 0.159545 0.62968 0.159545 0.57344
9 0.093 0.647 0.182 0.667 0.27799999999999997 0.669 0.466 0.692 0.5309999999999999 0.7230000000000001 0.5690000000000001 0.73 0.638 0.735 0.659 0.731 0.726 0.732 0.748 0.728 0.8019999999999999 0.71 0.85 0.687 0.891 0.661 0.9369999999999999 0.625 0.954 0.622 0.999 0.625 0.999 0.5940000000000001 0.961 0.585 0.933 0.571 0.8869999999999999 0.492 0.867 0.466 0.8390000000000001 0.43899999999999995 0.8109999999999999 0.417 0.784 0.40199999999999997 0.718 0.377 0.693 0.373 0.613 0.368 0.479 0.372 0.38 0.388 0.255 0.42800000000000005 0.20400000000000001 0.454 0.13799999999999998 0.504 0.123 0.519 0.11499999999999999 0.5429999999999999 0.088 0.567 0.075 0.567 0.06999999999999999 0.562 0.067 0.53 0.062 0.522 0.061 0.548 0.06999999999999999 0.61 0.077 0.631 0.093 0.647