0 0.53 0.353 0.46799999999999997 0.353 0.46799999999999997 0.42800000000000005 0.53 0.42800000000000005 0.53 0.353
0 0.700475 0.495395 0.619845 0.495395 0.619845 0.5866450000000001 0.700475 0.5866450000000001 0.700475 0.495395
0 0.6334500000000001 0.356615 0.59897 0.356615 0.59897 0.400225 0.6334500000000001 0.400225 0.6334500000000001 0.356615
0 0.33691 0.49121 0.16699 0.49121 0.16699 0.68555 0.33691 0.68555 0.33691 0.49121
0 0.30670000000000003 0.255975 0.16986 0.255975 0.16986 0.460325 0.30670000000000003 0.460325 0.30670000000000003 0.255975
0 0.569215 0.23534000000000002 0.5284449999999999 0.23534000000000002 0.5284449999999999 0.26905999999999997 0.569215 0.26905999999999997 0.569215 0.23534000000000002
0 0.7668 0.51966 0.7332 0.51966 0.7332 0.54772 0.7668 0.54772 0.7668 0.51966
0 0.8503399999999999 0.513675 0.63696 0.513675 0.63696 0.6523450000000001 0.8503399999999999 0.6523450000000001 0.8503399999999999 0.513675
0 0.76749 0.377255 0.72763 0.377255 0.72763 0.413265 0.76749 0.413265 0.76749 0.377255
0 0.64703 0.50487 0.60589 0.50487 0.60589 0.53321 0.64703 0.53321 0.64703 0.50487
0 0.52313 0.48278999999999994 0.28595000000000004 0.48278999999999994 0.28595000000000004 0.7105699999999999 0.52313 0.7105699999999999 0.52313 0.48278999999999994
0 0.46155 0.19629000000000002 0.36707 0.19629000000000002 0.36707 0.28931 0.46155 0.28931 0.46155 0.19629000000000002
0 0.8956799999999999 0.467175 0.8670199999999999 0.467175 0.8670199999999999 0.503525 0.8956799999999999 0.503525 0.8956799999999999 0.467175
0 0.758225 0.477615 0.713455 0.477615 0.713455 0.513105 0.758225 0.513105 0.758225 0.477615
0 0.8050900000000001 0.5032650000000001 0.77889 0.5032650000000001 0.77889 0.535795 0.8050900000000001 0.535795 0.8050900000000001 0.5032650000000001
0 0.6632100000000001 0.36560000000000004 0.64147 0.36560000000000004 0.64147 0.40442 0.6632100000000001 0.40442 0.6632100000000001 0.36560000000000004
0 0.670285 0.28542999999999996 0.656855 0.28542999999999996 0.656855 0.29855 0.670285 0.29855 0.670285 0.28542999999999996
0 0.7279950000000001 0.38000500000000004 0.6802050000000001 0.38000500000000004 0.6802050000000001 0.419795 0.7279950000000001 0.419795 0.7279950000000001 0.38000500000000004
0 0.75349 0.2326 0.73577 0.2326 0.73577 0.25032 0.75349 0.25032 0.75349 0.2326
0 0.7108399999999999 0.26492 0.69736 0.26492 0.69736 0.28196 0.7108399999999999 0.28196 0.7108399999999999 0.26492
0 0.58 0.30834 0.55086 0.30834 0.55086 0.35036 0.58 0.35036 0.58 0.30834
0 0.69695 0.630185 0.63997 0.630185 0.63997 0.668635 0.69695 0.668635 0.69695 0.630185
0 0.6296350000000001 0.35829 0.605725 0.35829 0.605725 0.37121 0.6296350000000001 0.37121 0.6296350000000001 0.35829
0 0.67745 0.340605 0.65751 0.340605 0.65751 0.365935 0.67745 0.365935 0.67745 0.340605
0 0.730245 0.32875 0.719955 0.32875 0.719955 0.35289000000000004 0.730245 0.35289000000000004 0.730245 0.32875
0 0.569865 0.20359500000000003 0.555135 0.20359500000000003 0.555135 0.22536499999999998 0.569865 0.22536499999999998 0.569865 0.20359500000000003
0 0.698895 0.330835 0.6731849999999999 0.330835 0.6731849999999999 0.360085 0.698895 0.360085 0.698895 0.330835
0 0.74208 0.23871000000000003 0.70518 0.23871000000000003 0.70518 0.27789 0.74208 0.27789 0.74208 0.23871000000000003
9 0 0.523 0.033 0.53 0.122 0.599 0.309 0.7 0.337 0.712 0.391 0.727 0.515 0.737 0.58 0.737 0.665 0.724 0.721 0.6900000000000001 0.768 0.6679999999999999 0.85 0.643 0.882 0.709 0.881 0.722 0.8880000000000001 0.734 0.899 0.738 0.9119999999999999 0.735 0.945 0.697 0.933 0.661 0.942 0.614 0.95 0.593 0.954 0.546 0.9359999999999999 0.534 0.942 0.505 0.942 0.48 0.925 0.418 0.889 0.379 0.86 0.373 0.825 0.358 0.807 0.346 0.775 0.32 0.77 0.302 0.762 0.29500000000000004 0.732 0.3 0.714 0.29700000000000004 0.702 0.288 0.7070000000000001 0.277 0.722 0.264 0.747 0.252 0.757 0.24300000000000002 0.758 0.22599999999999998 0.749 0.202 0.731 0.179 0.7110000000000001 0.162 0.683 0.148 0.65 0.136 0.606 0.127 0.5599999999999999 0.126 0.45899999999999996 0.133 0.391 0.149 0.327 0.175 0.26 0.213 0.20099999999999998 0.26 0.135 0.325 0.075 0.4 0.033 0.45999999999999996 0.018 0.472 0 0.479 0 0.523