0 0.301 0.502 0.248 0.502 0.248 0.546 0.301 0.546 0.301 0.502
0 0.54726 0.505255 0.50548 0.505255 0.50548 0.536745 0.54726 0.536745 0.54726 0.505255
0 0.238215 0.48099 0.209285 0.48099 0.209285 0.49946999999999997 0.238215 0.49946999999999997 0.238215 0.48099
0 0.62378 0.4704 0.58716 0.4704 0.58716 0.5296000000000001 0.62378 0.5296000000000001 0.62378 0.4704
0 0.27109 0.461245 0.24161000000000002 0.461245 0.24161000000000002 0.49089499999999997 0.27109 0.49089499999999997 0.27109 0.461245
0 0.52866 0.592685 0.5104 0.592685 0.5104 0.621175 0.52866 0.621175 0.52866 0.592685
0 0.59688 0.475785 0.5457 0.475785 0.5457 0.530075 0.59688 0.530075 0.59688 0.475785
0 0.9195399999999999 0.54581 0.88222 0.54581 0.88222 0.5801700000000001 0.9195399999999999 0.5801700000000001 0.9195399999999999 0.54581
0 0.822965 0.41718500000000003 0.793255 0.41718500000000003 0.793255 0.47001499999999996 0.822965 0.47001499999999996 0.822965 0.41718500000000003
0 0.2494 0.48479 0.20371999999999998 0.48479 0.20371999999999998 0.52791 0.2494 0.52791 0.2494 0.48479
0 0.178595 0.43993000000000004 0.132205 0.43993000000000004 0.132205 0.48195 0.178595 0.48195 0.178595 0.43993000000000004
0 0.894105 0.5743050000000001 0.8617549999999999 0.5743050000000001 0.8617549999999999 0.604415 0.894105 0.604415 0.894105 0.5743050000000001
0 0.20301999999999998 0.41420500000000005 0.14488 0.41420500000000005 0.14488 0.452015 0.20301999999999998 0.452015 0.20301999999999998 0.41420500000000005
0 0.788335 0.43184500000000003 0.736085 0.43184500000000003 0.736085 0.48515499999999995 0.788335 0.48515499999999995 0.788335 0.43184500000000003
0 0.47613000000000005 0.54159 0.39691 0.54159 0.39691 0.59805 0.47613000000000005 0.59805 0.47613000000000005 0.54159
0 0.30212 0.42834500000000003 0.2384 0.42834500000000003 0.2384 0.492555 0.30212 0.492555 0.30212 0.42834500000000003
0 0.633015 0.614125 0.6150249999999999 0.614125 0.6150249999999999 0.633915 0.633015 0.633915 0.633015 0.614125
0 0.648925 0.6224700000000001 0.5952149999999999 0.6224700000000001 0.5952149999999999 0.66757 0.648925 0.66757 0.648925 0.6224700000000001
0 0.73129 0.46926500000000004 0.6983900000000001 0.46926500000000004 0.6983900000000001 0.519495 0.73129 0.519495 0.73129 0.46926500000000004
0 0.9889049999999999 0.44561 0.9700749999999999 0.44561 0.9700749999999999 0.46502999999999994 0.9889049999999999 0.46502999999999994 0.9889049999999999 0.44561
0 0.6261 0.43882000000000004 0.60436 0.43882000000000004 0.60436 0.45522 0.6261 0.45522 0.6261 0.43882000000000004
0 0.7672049999999999 0.636705 0.735715 0.636705 0.735715 0.660175 0.7672049999999999 0.660175 0.7672049999999999 0.636705
0 0.935405 0.39725 0.912255 0.39725 0.912255 0.43526999999999993 0.935405 0.43526999999999993 0.935405 0.39725
0 0.6952200000000001 0.471885 0.66318 0.471885 0.66318 0.49979500000000004 0.6952200000000001 0.49979500000000004 0.6952200000000001 0.471885
0 0.62928 0.46283 0.59826 0.46283 0.59826 0.49713 0.62928 0.49713 0.62928 0.46283
0 0.71306 0.42949000000000004 0.66292 0.42949000000000004 0.66292 0.47870999999999997 0.71306 0.47870999999999997 0.71306 0.42949000000000004
0 0.91395 0.46095499999999995 0.8946500000000001 0.46095499999999995 0.8946500000000001 0.480945 0.91395 0.480945 0.91395 0.46095499999999995
0 0.65486 0.568645 0.63908 0.568645 0.63908 0.586635 0.65486 0.586635 0.65486 0.568645
0 0.60115 0.560015 0.58537 0.560015 0.58537 0.578665 0.60115 0.578665 0.60115 0.560015
0 0.42970499999999995 0.575955 0.398915 0.575955 0.398915 0.597865 0.42970499999999995 0.597865 0.42970499999999995 0.575955
0 0.76474 0.43329500000000004 0.73526 0.43329500000000004 0.73526 0.461245 0.76474 0.461245 0.76474 0.43329500000000004
0 0.6598849999999999 0.5666 0.633075 0.5666 0.633075 0.61894 0.6598849999999999 0.61894 0.6598849999999999 0.5666
0 0.6124850000000001 0.623095 0.577935 0.623095 0.577935 0.662065 0.6124850000000001 0.662065 0.6124850000000001 0.623095
0 0.22465000000000002 0.51739 0.21162999999999998 0.51739 0.21162999999999998 0.5265500000000001 0.22465000000000002 0.5265500000000001 0.22465000000000002 0.51739
0 0.879855 0.48992 0.842805 0.48992 0.842805 0.50716 0.879855 0.50716 0.879855 0.48992
0 0.7033050000000001 0.55449 0.6472749999999999 0.55449 0.6472749999999999 0.60567 0.7033050000000001 0.60567 0.7033050000000001 0.55449
0 0.3165 0.579385 0.30508 0.579385 0.30508 0.588575 0.3165 0.588575 0.3165 0.579385
0 0.537415 0.624595 0.5280050000000001 0.624595 0.5280050000000001 0.635165 0.537415 0.635165 0.537415 0.624595
0 0.93758 0.5722050000000001 0.9218 0.5722050000000001 0.9218 0.585995 0.93758 0.585995 0.93758 0.5722050000000001
0 0.058475 0.39554 0.041625 0.39554 0.041625 0.41452 0.058475 0.41452 0.058475 0.39554
0 0.86446 0.45160999999999996 0.8484400000000001 0.45160999999999996 0.8484400000000001 0.46733 0.86446 0.46733 0.86446 0.45160999999999996
0 0.64648 0.381935 0.6211 0.381935 0.6211 0.397365 0.64648 0.397365 0.64648 0.381935
0 0.5022300000000001 0.6219699999999999 0.48556999999999995 0.6219699999999999 0.48556999999999995 0.63681 0.5022300000000001 0.63681 0.5022300000000001 0.6219699999999999
0 0.879655 0.39762 0.8693649999999999 0.39762 0.8693649999999999 0.4061 0.879655 0.4061 0.879655 0.39762
0 0.32982 0.38106 0.30788000000000004 0.38106 0.30788000000000004 0.39824000000000004 0.32982 0.39824000000000004 0.32982 0.38106
0 0.95253 0.597955 0.9439500000000001 0.597955 0.9439500000000001 0.6061449999999999 0.95253 0.6061449999999999 0.95253 0.597955
0 0.37940999999999997 0.38316 0.37011 0.38316 0.37011 0.39028 0.37940999999999997 0.39028 0.37940999999999997 0.38316
0 0.71228 0.48285 0.6676 0.48285 0.6676 0.51715 0.71228 0.51715 0.71228 0.48285
0 0.47817499999999996 0.37538 0.46908500000000003 0.37538 0.46908500000000003 0.39122 0.47817499999999996 0.39122 0.47817499999999996 0.37538
0 0.72039 0.670445 0.71223 0.670445 0.71223 0.679155 0.72039 0.679155 0.72039 0.670445
0 0.78175 0.627425 0.75633 0.627425 0.75633 0.650895 0.78175 0.650895 0.78175 0.627425
9 0 0.382 0.075 0.48200000000000004 0.11599999999999999 0.51 0.187 0.584 0.20299999999999999 0.596 0.27799999999999997 0.633 0.335 0.648 0.44800000000000006 0.6559999999999999 0.503 0.665 0.544 0.6769999999999999 0.5730000000000001 0.6769999999999999 0.595 0.665 0.618 0.665 0.645 0.6839999999999999 0.654 0.686 0.71 0.688 0.746 0.6849999999999999 0.7889999999999999 0.675 0.8220000000000001 0.662 0.865 0.636 0.9390000000000001 0.579 0.999 0.517 0.999 0.475 0.9880000000000001 0.466 0.9869999999999999 0.458 0.968 0.441 0.967 0.42800000000000005 0.974 0.417 0.974 0.40599999999999997 0.9650000000000001 0.40199999999999997 0.921 0.398 0.884 0.404 0.867 0.398 0.775 0.391 0.137 0.383 0.125 0.376 0.059 0.358 0.003 0.33399999999999996 0 0.33399999999999996 0 0.382