0 0.53911 0.599935 0.50191 0.599935 0.50191 0.635425 0.53911 0.635425 0.53911 0.599935
0 0.27244999999999997 0.429805 0.24659 0.429805 0.24659 0.457395 0.27244999999999997 0.457395 0.27244999999999997 0.429805
0 0.47881999999999997 0.428005 0.41522 0.428005 0.41522 0.521695 0.47881999999999997 0.521695 0.47881999999999997 0.428005
0 0.334235 0.7501800000000001 0.313225 0.7501800000000001 0.313225 0.77618 0.334235 0.77618 0.334235 0.7501800000000001
0 0.556345 0.548015 0.535455 0.548015 0.535455 0.572105 0.556345 0.572105 0.556345 0.548015
0 0.205825 0.43255 0.195535 0.43255 0.195535 0.44489 0.205825 0.44489 0.205825 0.43255
0 0.455995 0.42793000000000003 0.41998499999999994 0.42793000000000003 0.41998499999999994 0.44950999999999997 0.455995 0.44950999999999997 0.455995 0.42793000000000003
0 0.15899000000000002 0.448015 0.14277 0.448015 0.14277 0.467025 0.15899000000000002 0.467025 0.15899000000000002 0.448015
0 0.43909000000000004 0.760845 0.40711 0.760845 0.40711 0.783095 0.43909000000000004 0.783095 0.43909000000000004 0.760845
0 0.29164500000000004 0.76544 0.278675 0.76544 0.278675 0.77656 0.29164500000000004 0.77656 0.29164500000000004 0.76544
0 0.256675 0.412655 0.22746499999999997 0.412655 0.22746499999999997 0.442805 0.256675 0.442805 0.256675 0.412655
0 0.424615 0.755285 0.41278499999999996 0.755285 0.41278499999999996 0.769135 0.424615 0.769135 0.424615 0.755285
0 0.49645 0.558795 0.48743 0.558795 0.48743 0.571085 0.49645 0.571085 0.49645 0.558795
0 0.27453 0.41025 0.15759 0.41025 0.15759 0.47745 0.27453 0.47745 0.27453 0.41025
0 0.325565 0.7160650000000001 0.314575 0.7160650000000001 0.314575 0.7253350000000001 0.325565 0.7253350000000001 0.325565 0.7160650000000001
0 0.616425 0.5346 0.5935349999999999 0.5346 0.5935349999999999 0.56208 0.616425 0.56208 0.616425 0.5346
0 0.52693 0.48833000000000004 0.50921 0.48833000000000004 0.50921 0.50435 0.52693 0.50435 0.52693 0.48833000000000004
0 0.9663700000000001 0.658005 0.9437900000000001 0.658005 0.9437900000000001 0.688675 0.9663700000000001 0.688675 0.9663700000000001 0.658005
0 0.43474 0.47088 0.41292 0.47088 0.41292 0.49592 0.43474 0.49592 0.43474 0.47088
0 0.379025 0.73717 0.276735 0.73717 0.276735 0.78237 0.379025 0.78237 0.379025 0.73717
0 0.39944999999999997 0.768025 0.38571 0.768025 0.38571 0.780795 0.39944999999999997 0.780795 0.39944999999999997 0.768025
0 0.5835549999999999 0.44928 0.42620500000000006 0.44928 0.42620500000000006 0.6474 0.5835549999999999 0.6474 0.5835549999999999 0.44928
0 0.53065 0.52057 0.49962999999999996 0.52057 0.49962999999999996 0.5448500000000001 0.53065 0.5448500000000001 0.53065 0.52057
0 0.44898499999999997 0.73926 0.42455499999999996 0.73926 0.42455499999999996 0.7617200000000001 0.44898499999999997 0.7617200000000001 0.44898499999999997 0.73926
0 0.41842499999999994 0.775495 0.401895 0.775495 0.401895 0.787005 0.41842499999999994 0.787005 0.41842499999999994 0.775495
0 0.365885 0.767495 0.355795 0.767495 0.355795 0.776445 0.365885 0.776445 0.365885 0.767495
0 0.9207750000000001 0.537625 0.804805 0.537625 0.804805 0.614715 0.9207750000000001 0.614715 0.9207750000000001 0.537625
0 0.64067 0.508205 0.61909 0.508205 0.61909 0.528895 0.64067 0.528895 0.64067 0.508205
0 0.8262050000000001 0.69599 0.7939149999999999 0.69599 0.7939149999999999 0.72295 0.8262050000000001 0.72295 0.8262050000000001 0.69599
0 0.47172000000000003 0.49227 0.45454 0.49227 0.45454 0.51555 0.47172000000000003 0.51555 0.47172000000000003 0.49227
0 0.787985 0.697035 0.766695 0.697035 0.766695 0.717025 0.787985 0.717025 0.787985 0.697035
0 0.6204850000000001 0.6569499999999999 0.487915 0.6569499999999999 0.487915 0.7619900000000001 0.6204850000000001 0.7619900000000001 0.6204850000000001 0.6569499999999999
0 0.076295 0.48628 0.067625 0.48628 0.067625 0.49417999999999995 0.076295 0.49417999999999995 0.076295 0.48628
0 0.65176 0.61747 0.6197199999999999 0.61747 0.6197199999999999 0.63839 0.65176 0.63839 0.65176 0.61747
0 0.96085 0.58116 0.9102499999999999 0.58116 0.9102499999999999 0.62684 0.96085 0.62684 0.96085 0.58116
0 0.707585 0.47159000000000006 0.675235 0.47159000000000006 0.675235 0.49375 0.707585 0.49375 0.707585 0.47159000000000006
0 0.47083 0.7540899999999999 0.44909 0.7540899999999999 0.44909 0.77423 0.47083 0.77423 0.47083 0.7540899999999999
0 0.674345 0.521835 0.6029950000000001 0.521835 0.6029950000000001 0.574845 0.674345 0.574845 0.674345 0.521835
0 0.64101 0.59604 0.6226700000000001 0.59604 0.6226700000000001 0.61588 0.64101 0.61588 0.64101 0.59604
0 0.53654 0.48997 0.50154 0.48997 0.50154 0.51393 0.53654 0.51393 0.53654 0.48997
0 0.852355 0.6723600000000001 0.782405 0.6723600000000001 0.782405 0.72412 0.852355 0.72412 0.852355 0.6723600000000001
0 0.788305 0.610475 0.7136549999999999 0.610475 0.7136549999999999 0.674685 0.788305 0.674685 0.788305 0.610475
0 0.47829499999999997 0.43122999999999995 0.45676500000000003 0.43122999999999995 0.45676500000000003 0.45011 0.47829499999999997 0.45011 0.47829499999999997 0.43122999999999995
0 1 0.5877100000000001 0.953815 0.5877100000000001 0.953815 0.64081 1 0.64081 1 0.5877100000000001
0 0.833435 0.509335 0.690005 0.509335 0.690005 0.590265 0.833435 0.590265 0.833435 0.509335
0 0.9863149999999999 0.55243 0.9404450000000001 0.55243 0.9404450000000001 0.5911299999999999 0.9863149999999999 0.5911299999999999 0.9863149999999999 0.55243
0 0.45217999999999997 0.452065 0.44284 0.452065 0.44284 0.46199500000000004 0.45217999999999997 0.46199500000000004 0.45217999999999997 0.452065
0 0.72531 0.558825 0.68777 0.558825 0.68777 0.584735 0.72531 0.584735 0.72531 0.558825
0 0.589685 0.51695 0.544095 0.51695 0.544095 0.54751 0.589685 0.54751 0.589685 0.51695
0 0.616 0.6018600000000001 0.60666 0.6018600000000001 0.60666 0.61396 0.616 0.61396 0.616 0.6018600000000001
0 0.997435 0.540095 0.904905 0.540095 0.904905 0.6395850000000001 0.997435 0.6395850000000001 0.997435 0.540095
0 0.750615 0.60768 0.7064250000000001 0.60768 0.7064250000000001 0.63354 0.750615 0.63354 0.750615 0.60768
0 0.8054500000000001 0.5561499999999999 0.75803 0.5561499999999999 0.75803 0.59131 0.8054500000000001 0.59131 0.8054500000000001 0.5561499999999999
0 0.6330250000000001 0.6659900000000001 0.5593549999999999 0.6659900000000001 0.5593549999999999 0.72855 0.6330250000000001 0.72855 0.6330250000000001 0.6659900000000001
0 0.7427349999999999 0.6093149999999999 0.6098049999999999 0.6093149999999999 0.6098049999999999 0.725645 0.7427349999999999 0.725645 0.7427349999999999 0.6093149999999999
0 0.66038 0.62287 0.5984 0.62287 0.5984 0.6867099999999999 0.66038 0.6867099999999999 0.66038 0.62287
9 0.23500000000000001 0.78 0.286 0.7889999999999999 0.4 0.799 0.43499999999999994 0.798 0.5309999999999999 0.788 0.583 0.77 0.602 0.77 0.619 0.7769999999999999 0.636 0.778 0.708 0.756 0.8039999999999999 0.738 0.9 0.712 0.9470000000000001 0.712 0.9800000000000001 0.717 0.999 0.725 0.999 0.5309999999999999 0.8019999999999999 0.511 0.756 0.49000000000000005 0.6759999999999999 0.46299999999999997 0.532 0.43200000000000005 0.508 0.417 0.46900000000000003 0.403 0.358 0.398 0.248 0.40499999999999997 0.2 0.41200000000000003 0.148 0.42699999999999994 0.089 0.454 0.001 0.516 0 0.64 0.097 0.712 0.192 0.765 0.23500000000000001 0.78