0 0.41600000000000004 0.688 0.355 0.688 0.355 0.772 0.41600000000000004 0.772 0.41600000000000004 0.688
0 0.638335 0.67984 0.5374450000000001 0.67984 0.5374450000000001 0.75766 0.638335 0.75766 0.638335 0.67984
0 0.812375 0.52173 0.726685 0.52173 0.726685 0.58569 0.812375 0.58569 0.812375 0.52173
0 0.539215 0.65622 0.41732500000000006 0.65622 0.41732500000000006 0.7480800000000001 0.539215 0.7480800000000001 0.539215 0.65622
0 0.783875 0.642575 0.6428849999999999 0.642575 0.6428849999999999 0.771485 0.783875 0.771485 0.783875 0.642575
0 0.8619049999999999 0.659025 0.766015 0.659025 0.766015 0.7540549999999999 0.8619049999999999 0.7540549999999999 0.8619049999999999 0.659025
0 0.8920299999999999 0.43309499999999995 0.8589499999999999 0.43309499999999995 0.8589499999999999 0.46240500000000007 0.8920299999999999 0.46240500000000007 0.8920299999999999 0.43309499999999995
0 0.721345 0.67359 0.6546350000000001 0.67359 0.6546350000000001 0.74341 0.721345 0.74341 0.721345 0.67359
0 0.8039 0.66064 0.76642 0.66064 0.76642 0.7123999999999999 0.8039 0.7123999999999999 0.8039 0.66064
0 0.67755 0.759845 0.6388499999999999 0.759845 0.6388499999999999 0.788015 0.67755 0.788015 0.67755 0.759845
0 0.46478 0.74988 0.41167999999999993 0.74988 0.41167999999999993 0.7843 0.46478 0.7843 0.46478 0.74988
0 0.384455 0.7365999999999999 0.356765 0.7365999999999999 0.356765 0.7731600000000001 0.384455 0.7731600000000001 0.384455 0.7365999999999999
0 0.8102750000000001 0.522215 0.7698050000000001 0.522215 0.7698050000000001 0.5617650000000001 0.8102750000000001 0.5617650000000001 0.8102750000000001 0.522215
0 0.44495500000000004 0.6588 0.418805 0.6588 0.418805 0.68788 0.44495500000000004 0.68788 0.44495500000000004 0.6588
0 0.48179999999999995 0.504405 0.4244 0.504405 0.4244 0.5503750000000001 0.48179999999999995 0.5503750000000001 0.48179999999999995 0.504405
0 0.770245 0.5517000000000001 0.728775 0.5517000000000001 0.728775 0.5860000000000001 0.770245 0.5860000000000001 0.770245 0.5517000000000001
0 0.678685 0.640335 0.6416350000000001 0.640335 0.6416350000000001 0.6848650000000001 0.678685 0.6848650000000001 0.678685 0.640335
0 0.822015 0.6590550000000001 0.799085 0.6590550000000001 0.799085 0.690545 0.822015 0.690545 0.822015 0.6590550000000001
0 0.549455 0.657195 0.5208649999999999 0.657195 0.5208649999999999 0.689485 0.549455 0.689485 0.549455 0.657195
0 0.584075 0.43692000000000003 0.5516650000000001 0.43692000000000003 0.5516650000000001 0.45908 0.584075 0.45908 0.584075 0.43692000000000003
0 0.949365 0.665715 0.921735 0.665715 0.921735 0.693665 0.949365 0.693665 0.949365 0.665715
0 0.90131 0.596815 0.87409 0.596815 0.87409 0.621945 0.90131 0.621945 0.90131 0.596815
0 0.884275 0.546685 0.852045 0.546685 0.852045 0.5812350000000001 0.884275 0.5812350000000001 0.884275 0.546685
0 0.725145 0.662535 0.706495 0.662535 0.706495 0.693905 0.725145 0.693905 0.725145 0.662535
0 0.85911 0.43852 0.8371700000000001 0.43852 0.8371700000000001 0.46528 0.85911 0.46528 0.85911 0.43852
0 0.857465 0.6707099999999999 0.831995 0.6707099999999999 0.831995 0.6964699999999999 0.857465 0.6964699999999999 0.857465 0.6707099999999999
0 0.42397 0.68717 0.38706999999999997 0.68717 0.38706999999999997 0.71909 0.42397 0.71909 0.42397 0.68717
0 0.7240599999999999 0.7455149999999999 0.6909799999999999 0.7455149999999999 0.6909799999999999 0.773045 0.7240599999999999 0.773045 0.7240599999999999 0.7455149999999999
0 0.565045 0.448745 0.541395 0.448745 0.541395 0.46775500000000003 0.565045 0.46775500000000003 0.565045 0.448745
0 0.87029 0.52261 0.84163 0.52261 0.84163 0.54477 0.87029 0.54477 0.87029 0.52261
0 0.94981 0.520725 0.91249 0.520725 0.91249 0.549595 0.94981 0.549595 0.94981 0.520725
0 0.92079 0.6913199999999999 0.86729 0.6913199999999999 0.86729 0.7364200000000001 0.92079 0.7364200000000001 0.92079 0.6913199999999999
0 0.995495 0.54642 0.934185 0.54642 0.934185 0.63816 0.995495 0.63816 0.995495 0.54642
0 0.9954050000000001 0.65172 0.9411149999999999 0.65172 0.9411149999999999 0.70766 0.9954050000000001 0.70766 0.9954050000000001 0.65172
0 0.55016 0.7721549999999999 0.52112 0.7721549999999999 0.52112 0.8010849999999999 0.55016 0.8010849999999999 0.55016 0.7721549999999999
0 0.618245 0.405295 0.596595 0.405295 0.596595 0.435045 0.618245 0.435045 0.618245 0.405295
0 0.363745 0.51468 0.258335 0.51468 0.258335 0.5527 0.363745 0.5527 0.363745 0.51468
0 0.9532149999999999 0.468515 0.9296049999999999 0.468515 0.9296049999999999 0.48900499999999997 0.9532149999999999 0.48900499999999997 0.9532149999999999 0.468515
0 0.47062 0.75081 0.4537 0.75081 0.4537 0.76969 0.47062 0.76969 0.47062 0.75081
0 0.99078 0.657135 0.88812 0.657135 0.88812 0.741305 0.99078 0.741305 0.99078 0.657135
0 0.20187499999999997 0.46089 0.125765 0.46089 0.125765 0.52153 0.20187499999999997 0.52153 0.20187499999999997 0.46089
0 0.93327 0.58443 0.8997299999999999 0.58443 0.8997299999999999 0.63237 0.93327 0.63237 0.93327 0.58443
0 0.673785 0.41000500000000006 0.6601950000000001 0.41000500000000006 0.6601950000000001 0.42543499999999995 0.673785 0.42543499999999995 0.673785 0.41000500000000006
0 0.936445 0.540435 0.9024150000000001 0.540435 0.9024150000000001 0.5669850000000001 0.936445 0.5669850000000001 0.936445 0.540435
0 0.924925 0.5337799999999999 0.8631550000000001 0.5337799999999999 0.8631550000000001 0.59024 0.924925 0.59024 0.924925 0.5337799999999999
9 0 0.48 0.040999999999999995 0.517 0.059 0.561 0.08399999999999999 0.608 0.11100000000000002 0.648 0.16999999999999998 0.712 0.22200000000000003 0.754 0.258 0.7769999999999999 0.324 0.8109999999999999 0.364 0.825 0.417 0.829 0.827 0.794 0.9630000000000001 0.765 0.984 0.755 0.999 0.754 0.999 0.545 0.952 0.46900000000000003 0.909 0.429 0.885 0.41600000000000004 0.8470000000000001 0.403 0.753 0.39 0.6950000000000001 0.39 0.621 0.40199999999999997 0.601 0.41600000000000004 0.5900000000000001 0.44699999999999995 0.5730000000000001 0.438 0.557 0.438 0.542 0.453 0.48600000000000004 0.46399999999999997 0.396 0.515 0.38 0.505 0.35 0.505 0.33799999999999997 0.51 0.302 0.513 0.27799999999999997 0.51 0.264 0.514 0.253 0.521 0.251 0.544 0.242 0.5509999999999999 0.215 0.5469999999999999 0.2 0.532 0.194 0.503 0.175 0.487 0.16299999999999998 0.46699999999999997 0.134 0.461 0.11000000000000001 0.461 0.06899999999999999 0.471 0.049 0.47000000000000003 0.034 0.46399999999999997 0 0.44000000000000006 0 0.48