0 0.89951 0.49742499999999995 0.86743 0.49742499999999995 0.86743 0.533695 0.89951 0.533695 0.89951 0.49742499999999995
0 0.8901300000000001 0.506155 0.86865 0.506155 0.86865 0.527045 0.8901300000000001 0.527045 0.8901300000000001 0.506155
0 0.8697100000000001 0.506025 0.81975 0.506025 0.81975 0.550615 0.8697100000000001 0.550615 0.8697100000000001 0.506025
0 0.9065300000000001 0.639685 0.8971899999999999 0.639685 0.8971899999999999 0.648395 0.9065300000000001 0.648395 0.9065300000000001 0.639685
0 0.937365 0.6119 0.9288550000000001 0.6119 0.9288550000000001 0.6214999999999999 0.937365 0.6214999999999999 0.937365 0.6119
0 0.8242800000000001 0.54444 0.8153600000000001 0.54444 0.8153600000000001 0.5532199999999999 0.8242800000000001 0.5532199999999999 0.8242800000000001 0.54444
0 0.8443250000000001 0.51808 0.834395 0.51808 0.834395 0.5327 0.8443250000000001 0.5327 0.8443250000000001 0.51808
0 0.8278800000000001 0.62336 0.82154 0.62336 0.82154 0.63054 0.8278800000000001 0.63054 0.8278800000000001 0.62336
0 0.93287 0.58873 0.92455 0.58873 0.92455 0.59779 0.93287 0.59779 0.93287 0.58873
0 0.78971 0.46731999999999996 0.75815 0.46731999999999996 0.75815 0.47896 0.78971 0.47896 0.78971 0.46731999999999996
0 0.7970349999999999 0.6459900000000001 0.786945 0.6459900000000001 0.786945 0.65577 0.7970349999999999 0.65577 0.7970349999999999 0.6459900000000001
0 0.9207599999999999 0.36177000000000004 0.91128 0.36177000000000004 0.91128 0.37115 0.9207599999999999 0.37115 0.9207599999999999 0.36177000000000004
0 0.83721 0.31713 0.8307499999999999 0.31713 0.8307499999999999 0.32643 0.83721 0.32643 0.83721 0.31713
0 0.5267350000000001 0.4993 0.46350499999999994 0.4993 0.46350499999999994 0.56516 0.5267350000000001 0.56516 0.5267350000000001 0.4993
0 0.95778 0.39743 0.9002800000000001 0.39743 0.9002800000000001 0.43433 0.95778 0.43433 0.95778 0.39743
0 0.9566950000000001 0.395535 0.9134249999999999 0.395535 0.9134249999999999 0.469205 0.9566950000000001 0.469205 0.9566950000000001 0.395535
0 0.43533499999999997 0.5089699999999999 0.376685 0.5089699999999999 0.376685 0.57989 0.43533499999999997 0.57989 0.43533499999999997 0.5089699999999999
0 0.56753 0.49060499999999996 0.45297 0.49060499999999996 0.45297 0.619755 0.56753 0.619755 0.56753 0.49060499999999996
0 0.9863500000000001 0.516005 0.93743 0.516005 0.93743 0.543975 0.9863500000000001 0.543975 0.9863500000000001 0.516005
9 0 0.506 0.124667 0.505 0.159 0.509 0.227 0.537 0.266 0.5599999999999999 0.322 0.5780000000000001 0.41500000000000004 0.624 0.509 0.663 0.544 0.674 0.6719999999999999 0.696 0.704 0.6990000000000001 0.8160000000000001 0.6980000000000001 0.885 0.6910000000000001 0.9490000000000001 0.674 0.999 0.651 0.999 0.36 0.992 0.33999999999999997 0.9789999999999999 0.327 0.961 0.316 0.9189999999999999 0.301 0.8160000000000001 0.279 0.6980000000000001 0.27799999999999997 0.629 0.28700000000000003 0.532 0.31 0.377 0.363 0.195 0.46900000000000003 0.098 0.476 0 0.47400000000000003 0 0.506