0 0.534 0.511 0.476 0.511 0.476 0.579 0.534 0.579 0.534 0.511
0 0.675165 0.5255150000000001 0.650035 0.5255150000000001 0.650035 0.5662849999999999 0.675165 0.5662849999999999 0.675165 0.5255150000000001
0 0.42722 0.42466499999999996 0.39602 0.42466499999999996 0.39602 0.446915 0.42722 0.446915 0.42722 0.42466499999999996
0 0.147785 0.552705 0.110035 0.552705 0.110035 0.5849949999999999 0.147785 0.5849949999999999 0.147785 0.552705
0 0.278135 0.3728 0.245785 0.3728 0.245785 0.40942 0.278135 0.40942 0.278135 0.3728
0 0.619845 0.59135 0.587195 0.59135 0.587195 0.6156900000000001 0.619845 0.6156900000000001 0.619845 0.59135
0 0.71514 0.5192300000000001 0.70186 0.5192300000000001 0.70186 0.54035 0.71514 0.54035 0.71514 0.5192300000000001
0 0.6249100000000001 0.44364499999999996 0.5996900000000001 0.44364499999999996 0.5996900000000001 0.46601499999999996 0.6249100000000001 0.46601499999999996 0.6249100000000001 0.44364499999999996
0 0.35806 0.41088500000000006 0.32602000000000003 0.41088500000000006 0.32602000000000003 0.447995 0.35806 0.447995 0.35806 0.41088500000000006
0 0.71062 0.457645 0.68782 0.457645 0.68782 0.472035 0.71062 0.472035 0.71062 0.457645
0 0.61516 0.52749 0.5684400000000001 0.52749 0.5684400000000001 0.5838300000000001 0.61516 0.5838300000000001 0.61516 0.52749
0 0.81213 0.446295 0.7767299999999999 0.446295 0.7767299999999999 0.45848500000000003 0.81213 0.45848500000000003 0.81213 0.446295
0 0.310925 0.42993499999999996 0.29113500000000003 0.42993499999999996 0.29113500000000003 0.46264500000000003 0.310925 0.46264500000000003 0.310925 0.42993499999999996
0 0.177855 0.312405 0.130405 0.312405 0.130405 0.374475 0.177855 0.374475 0.177855 0.312405
0 0.166105 0.309465 0.140775 0.309465 0.140775 0.349715 0.166105 0.349715 0.166105 0.309465
0 0.264425 0.51158 0.24435500000000002 0.51158 0.24435500000000002 0.53628 0.264425 0.53628 0.264425 0.51158
0 0.32751 0.53491 0.29796999999999996 0.53491 0.29796999999999996 0.56665 0.32751 0.56665 0.32751 0.53491
0 0.05586 0.42961499999999997 0.02752 0.42961499999999997 0.02752 0.449785 0.05586 0.449785 0.05586 0.42961499999999997
0 0.30076 0.48335 0.27637999999999996 0.48335 0.27637999999999996 0.51373 0.30076 0.51373 0.30076 0.48335
0 0.1601 0.46098999999999996 0.13262000000000002 0.46098999999999996 0.13262000000000002 0.48480999999999996 0.1601 0.48480999999999996 0.1601 0.46098999999999996
0 0.27721 0.581755 0.26137 0.581755 0.26137 0.603785 0.27721 0.603785 0.27721 0.581755
0 0.351415 0.49553 0.33804500000000004 0.49553 0.33804500000000004 0.51131 0.351415 0.51131 0.351415 0.49553
0 0.483535 0.49416000000000004 0.465685 0.49416000000000004 0.465685 0.5048600000000001 0.483535 0.5048600000000001 0.483535 0.49416000000000004
0 0.62196 0.51585 0.59288 0.51585 0.59288 0.55153 0.62196 0.55153 0.62196 0.51585
0 0.36712500000000003 0.5267000000000001 0.296935 0.5267000000000001 0.296935 0.5729 0.36712500000000003 0.5729 0.36712500000000003 0.5267000000000001
0 0.23756 0.45435499999999995 0.21458 0.45435499999999995 0.21458 0.47094500000000006 0.23756 0.47094500000000006 0.23756 0.45435499999999995
0 0.399915 0.545725 0.386225 0.545725 0.386225 0.559735 0.399915 0.559735 0.399915 0.545725
0 0.33852000000000004 0.621905 0.28258 0.621905 0.28258 0.657395 0.33852000000000004 0.657395 0.33852000000000004 0.621905
0 0.14162 0.47681500000000004 0.11864 0.47681500000000004 0.11864 0.491945 0.14162 0.491945 0.14162 0.47681500000000004
0 0.37076 0.521425 0.3392 0.521425 0.3392 0.5469350000000001 0.37076 0.5469350000000001 0.37076 0.521425
0 0.175735 0.43816 0.16556500000000002 0.43816 0.16556500000000002 0.44954 0.175735 0.44954 0.175735 0.43816
0 0.10864499999999999 0.44253 0.095575 0.44253 0.095575 0.45736999999999994 0.10864499999999999 0.45736999999999994 0.10864499999999999 0.44253
0 0.581795 0.58141 0.560785 0.58141 0.560785 0.60511 0.581795 0.60511 0.581795 0.58141
0 0.29436 0.37786 0.27352 0.37786 0.27352 0.39948 0.29436 0.39948 0.29436 0.37786
0 0.660355 0.441415 0.651165 0.441415 0.651165 0.44920499999999997 0.660355 0.44920499999999997 0.660355 0.441415
9 0 0.5690000000000001 0.037 0.5780000000000001 0.101 0.637 0.15 0.6719999999999999 0.177 0.686 0.22799999999999998 0.704 0.268 0.7070000000000001 0.279 0.702 0.29900000000000004 0.701 0.337 0.7150000000000001 0.375 0.72 0.422 0.7190000000000001 0.438 0.7150000000000001 0.485 0.689 0.545 0.638 0.5549999999999999 0.637 0.5589999999999999 0.647 0.5549999999999999 0.655 0.558 0.661 0.5700000000000001 0.657 0.581 0.644 0.596 0.644 0.631 0.6639999999999999 0.647 0.6639999999999999 0.745 0.635 0.807 0.605 0.8619999999999999 0.549 0.914 0.484 0.9189999999999999 0.46799999999999997 0.9349999999999999 0.45199999999999996 0.976 0.426 0.999 0.41900000000000004 0.999 0.389 0.925 0.41600000000000004 0.876 0.414 0.814667 0.43 0.799 0.429 0.759 0.41500000000000004 0.705 0.404 0.502 0.372 0.44000000000000006 0.371 0.36 0.384 0.308 0.384 0.288 0.366 0.263 0.292 0.256 0.27799999999999997 0.24 0.263 0.176 0.22799999999999998 0.11699999999999999 0.20600000000000002 0.1 0.20800000000000002 0.08199999999999999 0.22799999999999998 0.061 0.269 0.057999999999999996 0.2886 0.020999999999999998 0.373 0 0.384 0 0.5690000000000001