0 0.891335 0.43440500000000004 0.814405 0.43440500000000004 0.814405 0.548775 0.891335 0.548775 0.891335 0.43440500000000004
0 0.69757 0.32422 0.5641499999999999 0.32422 0.5641499999999999 0.46436 0.69757 0.46436 0.69757 0.32422
0 0.8007799999999999 0.37097 0.7050799999999999 0.37097 0.7050799999999999 0.46545 0.8007799999999999 0.46545 0.8007799999999999 0.37097
0 0.282715 0.48413000000000006 0.147705 0.48413000000000006 0.147705 0.6457499999999999 0.282715 0.6457499999999999 0.282715 0.48413000000000006
0 0.3435 0.494625 0.27368000000000003 0.494625 0.27368000000000003 0.525875 0.3435 0.525875 0.3435 0.494625
0 0.6141650000000001 0.47258500000000003 0.5782149999999999 0.47258500000000003 0.5782149999999999 0.48199500000000006 0.6141650000000001 0.48199500000000006 0.6141650000000001 0.47258500000000003
0 0.39722 0.48565500000000006 0.26538 0.48565500000000006 0.26538 0.631525 0.39722 0.631525 0.39722 0.48565500000000006
0 0.402285 0.274235 0.389215 0.274235 0.389215 0.289725 0.402285 0.289725 0.402285 0.274235
0 0.6560050000000001 0.348255 0.6408750000000001 0.348255 0.6408750000000001 0.368545 0.6560050000000001 0.368545 0.6560050000000001 0.348255
0 0.604505 0.327885 0.5917749999999999 0.327885 0.5917749999999999 0.344475 0.604505 0.344475 0.604505 0.327885
0 0.61217 0.425375 0.5958300000000001 0.425375 0.5958300000000001 0.44328500000000004 0.61217 0.44328500000000004 0.61217 0.425375
0 0.20803500000000003 0.6321100000000001 0.188945 0.6321100000000001 0.188945 0.64915 0.20803500000000003 0.64915 0.20803500000000003 0.6321100000000001
0 0.102635 0.576685 0.088405 0.576685 0.088405 0.590315 0.102635 0.590315 0.102635 0.576685
0 0.543875 0.302465 0.533265 0.302465 0.533265 0.318135 0.543875 0.318135 0.543875 0.302465
0 0.787525 0.5883149999999999 0.748615 0.5883149999999999 0.748615 0.619685 0.787525 0.619685 0.787525 0.5883149999999999
0 0.6153150000000001 0.38419 0.603445 0.38419 0.603445 0.39657 0.6153150000000001 0.39657 0.6153150000000001 0.38419
0 0.44513499999999995 0.44966999999999996 0.211125 0.44966999999999996 0.211125 0.47659 0.44513499999999995 0.47659 0.44513499999999995 0.44966999999999996
0 0.71689 0.362365 0.7020500000000001 0.362365 0.7020500000000001 0.377375 0.71689 0.377375 0.71689 0.362365
0 0.100685 0.47921500000000006 0.091695 0.47921500000000006 0.091695 0.488065 0.100685 0.488065 0.100685 0.47921500000000006
0 0.034795 0.47255 0.027365 0.47255 0.027365 0.48202999999999996 0.034795 0.48202999999999996 0.034795 0.47255
0 0.52451 0.28525999999999996 0.51651 0.28525999999999996 0.51651 0.30116 0.52451 0.30116 0.52451 0.28525999999999996
0 0.572035 0.295655 0.554925 0.295655 0.554925 0.304925 0.572035 0.304925 0.572035 0.295655
0 0.6163299999999999 0.32572 0.60731 0.32572 0.60731 0.33884 0.6163299999999999 0.33884 0.6163299999999999 0.32572
0 0.35158 0.49571 0.34374 0.49571 0.34374 0.50527 0.35158 0.50527 0.35158 0.49571
0 0.724775 0.529135 0.712725 0.529135 0.712725 0.541185 0.724775 0.541185 0.724775 0.529135
0 0.45157499999999995 0.285445 0.439045 0.285445 0.439045 0.295115 0.45157499999999995 0.295115 0.45157499999999995 0.285445
0 0.774385 0.38005 0.761755 0.38005 0.761755 0.39583 0.774385 0.39583 0.774385 0.38005
0 0.79645 0.389345 0.78559 0.389345 0.78559 0.40459500000000004 0.79645 0.40459500000000004 0.79645 0.389345
0 0.120515 0.47430500000000003 0.018765 0.47430500000000003 0.018765 0.538395 0.120515 0.538395 0.120515 0.47430500000000003
0 0.69834 0.37466499999999997 0.6835 0.37466499999999997 0.6835 0.388035 0.69834 0.388035 0.69834 0.37466499999999997
0 0.8277599999999999 0.5518449999999999 0.8158 0.5518449999999999 0.8158 0.564375 0.8277599999999999 0.564375 0.8277599999999999 0.5518449999999999
0 0.18001 0.514545 0.17229 0.514545 0.17229 0.524515 0.18001 0.524515 0.18001 0.514545
0 0.583605 0.40549999999999997 0.575575 0.40549999999999997 0.575575 0.41773999999999994 0.583605 0.41773999999999994 0.583605 0.40549999999999997
0 0.57055 0.350995 0.56421 0.350995 0.56421 0.362865 0.57055 0.362865 0.57055 0.350995
0 0.72201 0.54209 0.71353 0.54209 0.71353 0.55557 0.72201 0.55557 0.72201 0.54209
0 0.06459000000000001 0.347955 0.057789999999999994 0.347955 0.057789999999999994 0.355165 0.06459000000000001 0.355165 0.06459000000000001 0.347955
0 0.45040500000000006 0.49193499999999996 0.428995 0.49193499999999996 0.428995 0.503185 0.45040500000000006 0.503185 0.45040500000000006 0.49193499999999996
0 0.60967 0.34984000000000004 0.59151 0.34984000000000004 0.59151 0.36306 0.60967 0.36306 0.60967 0.34984000000000004
0 0.306635 0.243255 0.29444499999999996 0.243255 0.29444499999999996 0.254545 0.306635 0.254545 0.306635 0.243255
9 0.16299999999999998 0.6799999999999999 0.217 0.679 0.267 0.669 0.286 0.669 0.316 0.6799999999999999 0.358 0.678 0.393 0.6719999999999999 0.517 0.635 0.5940000000000001 0.633 0.614 0.625 0.642 0.606 0.65 0.606 0.662 0.634 0.6719999999999999 0.641 0.696 0.632 0.705 0.624 0.744 0.631 0.775 0.625 0.8470000000000001 0.575 0.883 0.5549999999999999 0.9099999999999999 0.545 0.9349999999999999 0.544 0.966 0.5519999999999999 0.984 0.561 0.999 0.563 0.999 0.533 0.9630000000000001 0.491 0.9400000000000001 0.47800000000000004 0.8699999999999999 0.453 0.833 0.41 0.786 0.377 0.731 0.351 0.6809999999999999 0.34900000000000003 0.6639999999999999 0.344 0.554 0.275 0.496 0.248 0.446 0.24300000000000002 0.42000000000000004 0.23399999999999999 0.324 0.22400000000000003 0.258 0.221 0.197 0.22400000000000003 0.132 0.23500000000000001 0.092 0.248 0.031 0.27599999999999997 0.001 0.298 0 0.63 0.075 0.659 0.118 0.671 0.16299999999999998 0.6799999999999999