0 0.6599999999999999 0.5650000000000001 0.599 0.5650000000000001 0.599 0.618 0.6599999999999999 0.618 0.6599999999999999 0.5650000000000001
0 0.65254 0.5690000000000001 0.60624 0.5690000000000001 0.60624 0.6077600000000001 0.65254 0.6077600000000001 0.65254 0.5690000000000001
0 0.407145 0.562405 0.383375 0.562405 0.383375 0.5957950000000001 0.407145 0.5957950000000001 0.407145 0.562405
0 0.267035 0.40737500000000004 0.243705 0.40737500000000004 0.243705 0.432465 0.267035 0.432465 0.267035 0.40737500000000004
0 0.31789 0.510505 0.29392999999999997 0.510505 0.29392999999999997 0.543215 0.31789 0.543215 0.31789 0.510505
0 0.18375 0.41733000000000003 0.14951 0.41733000000000003 0.14951 0.45865 0.18375 0.45865 0.18375 0.41733000000000003
0 0.082655 0.49189499999999997 0.030625000000000003 0.49189499999999997 0.030625000000000003 0.528605 0.082655 0.528605 0.082655 0.49189499999999997
0 0.6551 0.39974 0.63786 0.39974 0.63786 0.42888000000000004 0.6551 0.42888000000000004 0.6551 0.39974
0 0.337855 0.430735 0.316445 0.430735 0.316445 0.46038500000000004 0.337855 0.46038500000000004 0.337855 0.430735
0 0.548995 0.40839499999999995 0.508405 0.40839499999999995 0.508405 0.457625 0.548995 0.457625 0.548995 0.40839499999999995
0 0.42581499999999994 0.4384 0.376405 0.4384 0.376405 0.4944 0.42581499999999994 0.4944 0.42581499999999994 0.4384
9 0 0.521 0.038 0.561 0.088 0.595 0.149 0.623 0.22599999999999998 0.649 0.301 0.661 0.41200000000000003 0.667 0.512273 0.666 0.5700000000000001 0.671 0.634 0.654 0.808 0.635 0.841 0.627 0.9259999999999999 0.595 0.999 0.557 0.999 0.381 0.952 0.363 0.8869999999999999 0.34900000000000003 0.835 0.34500000000000003 0.8 0.33399999999999996 0.754 0.33399999999999996 0.643 0.344 0.627 0.33599999999999997 0.611 0.335 0.5820000000000001 0.33999999999999997 0.5549999999999999 0.351 0.534 0.372 0.512 0.387 0.45599999999999996 0.394 0.44000000000000006 0.4 0.42699999999999994 0.41200000000000003 0.41500000000000004 0.41200000000000003 0.40099999999999997 0.40199999999999997 0.367 0.393 0.339 0.398 0.319 0.388 0.281 0.383 0.22799999999999998 0.368 0.18 0.365 0.16499999999999998 0.377 0.13899999999999998 0.389 0.125 0.40199999999999997 0.11200000000000002 0.40599999999999997 0.077 0.445 0.05600000000000001 0.446 0.047 0.43600000000000005 0.028999999999999998 0.42699999999999994 0 0.42300000000000004 0 0.521