1 0.5186375 0.5714312500000001 0.48181250000000003 0.5714312500000001 0.48181250000000003 0.61376875 0.5186375 0.61376875 0.5186375 0.5714312500000001
1 0.800175 0.6413875 0.780875 0.6413875 0.780875 0.6564625000000001 0.800175 0.6564625000000001 0.800175 0.6413875
1 0.2941375 0.46218750000000003 0.2649375 0.46218750000000003 0.2649375 0.48751249999999996 0.2941375 0.48751249999999996 0.2941375 0.46218750000000003
1 0.2434 0.53144375 0.2251 0.53144375 0.2251 0.54863125 0.2434 0.54863125 0.2434 0.53144375
1 0.283775 0.5765875 0.261625 0.5765875 0.261625 0.5972375000000001 0.283775 0.5972375000000001 0.283775 0.5765875
1 0.5657875 0.43789375 0.5455375 0.43789375 0.5455375 0.45760625 0.5657875 0.45760625 0.5657875 0.43789375
1 0.68731875 0.5791062499999999 0.66620625 0.5791062499999999 0.66620625 0.59764375 0.68731875 0.59764375 0.68731875 0.5791062499999999
1 0.2461125 0.667725 0.2321625 0.667725 0.2321625 0.68285 0.2461125 0.68285 0.2461125 0.667725
1 0.772875 0.6286625 0.754475 0.6286625 0.754475 0.6437875 0.772875 0.6437875 0.772875 0.6286625
1 0.3288375 0.58555 0.3108125 0.58555 0.3108125 0.602925 0.3288375 0.602925 0.3288375 0.58555
1 0.46600625000000007 0.6234437500000001 0.44756875 0.6234437500000001 0.44756875 0.64023125 0.46600625000000007 0.64023125 0.46600625000000007 0.6234437500000001
1 0.37965625 0.4674125 0.35324374999999997 0.4674125 0.35324374999999997 0.4959625 0.37965625 0.4959625 0.37965625 0.4674125
1 0.8021062499999999 0.7527437499999999 0.7838437500000001 0.7527437499999999 0.7838437500000001 0.7677562499999999 0.8021062499999999 0.7677562499999999 0.8021062499999999 0.7527437499999999
1 0.5386062500000001 0.8281375000000001 0.51314375 0.8281375000000001 0.51314375 0.8535125000000001 0.5386062500000001 0.8535125000000001 0.5386062500000001 0.8281375000000001
1 0.4873 0.70094375 0.46094999999999997 0.70094375 0.46094999999999997 0.73460625 0.4873 0.73460625 0.4873 0.70094375
1 0.8898125 0.714225 0.8650625 0.714225 0.8650625 0.73695 0.8898125 0.73695 0.8898125 0.714225
1 0.5052875 0.66258125 0.4927625 0.66258125 0.4927625 0.68116875 0.5052875 0.68116875 0.5052875 0.66258125
1 0.49278750000000004 0.9149312500000001 0.4735125 0.9149312500000001 0.4735125 0.93076875 0.49278750000000004 0.93076875 0.49278750000000004 0.9149312500000001
1 0.5692875 0.7930937499999999 0.5400875 0.7930937499999999 0.5400875 0.8211562499999999 0.5692875 0.8211562499999999 0.5692875 0.7930937499999999
1 0.586225 0.7784625000000001 0.5671 0.7784625000000001 0.5671 0.7957625 0.586225 0.7957625 0.586225 0.7784625000000001
1 0.24306250000000001 0.6396499999999999 0.2271625 0.6396499999999999 0.2271625 0.6572250000000001 0.24306250000000001 0.6572250000000001 0.24306250000000001 0.6396499999999999
1 0.52164375 0.616825 0.47055625 0.616825 0.47055625 0.6576 0.52164375 0.6576 0.52164375 0.616825
1 0.835075 0.57849375 0.798725 0.57849375 0.798725 0.59825625 0.835075 0.59825625 0.835075 0.57849375
1 0.30753125 0.68716875 0.28719375 0.68716875 0.28719375 0.70540625 0.30753125 0.70540625 0.30753125 0.68716875
1 0.49399375 0.50849375 0.46255625 0.50849375 0.46255625 0.5442312499999999 0.49399375 0.5442312499999999 0.49399375 0.50849375
1 0.3484 0.58604375 0.335675 0.58604375 0.335675 0.59853125 0.3484 0.59853125 0.3484 0.58604375
1 0.4169625 0.81711875 0.4043375 0.81711875 0.4043375 0.82935625 0.4169625 0.82935625 0.4169625 0.81711875
1 0.52095625 0.41206250000000005 0.50541875 0.41206250000000005 0.50541875 0.4307125 0.52095625 0.4307125 0.52095625 0.41206250000000005
1 0.46096875 0.8161125 0.44333125000000007 0.8161125 0.44333125000000007 0.8293874999999999 0.46096875 0.8293874999999999 0.46096875 0.8161125
1 0.229825 0.587375 0.21597499999999997 0.587375 0.21597499999999997 0.60305 0.229825 0.60305 0.229825 0.587375
1 0.58145625 0.8701812500000001 0.55916875 0.8701812500000001 0.55916875 0.88664375 0.58145625 0.88664375 0.58145625 0.8701812500000001
1 0.5549062499999999 0.55135625 0.48904375 0.55135625 0.48904375 0.6078187500000001 0.5549062499999999 0.6078187500000001 0.5549062499999999 0.55135625
1 0.7125125 0.7499875 0.7015625 0.7499875 0.7015625 0.7607625 0.7125125 0.7607625 0.7125125 0.7499875
1 0.58109375 0.49171250000000005 0.56635625 0.49171250000000005 0.56635625 0.5043875 0.58109375 0.5043875 0.58109375 0.49171250000000005
1 0.5178375 0.8930562500000001 0.4997375 0.8930562500000001 0.4997375 0.90479375 0.5178375 0.90479375 0.5178375 0.8930562500000001
1 0.711075 0.7231625 0.693225 0.7231625 0.693225 0.7446125 0.711075 0.7446125 0.711075 0.7231625
1 0.34635 0.55354375 0.333825 0.55354375 0.333825 0.56755625 0.34635 0.56755625 0.34635 0.55354375
1 0.2092875 0.7450187500000001 0.1976875 0.7450187500000001 0.1976875 0.7569312499999999 0.2092875 0.7569312499999999 0.2092875 0.7450187500000001
1 0.67354375 0.7277812499999999 0.6536062499999999 0.7277812499999999 0.6536062499999999 0.74976875 0.67354375 0.74976875 0.67354375 0.7277812499999999
1 0.42958125 0.5486625 0.42001875 0.5486625 0.42001875 0.5597375 0.42958125 0.5597375 0.42958125 0.5486625
1 0.6633375 0.63813125 0.6520875 0.63813125 0.6520875 0.64799375 0.6633375 0.64799375 0.6633375 0.63813125
1 0.40177500000000005 0.63153125 0.383375 0.63153125 0.383375 0.65264375 0.40177500000000005 0.65264375 0.40177500000000005 0.63153125
1 0.40329375 0.7343375 0.39358125 0.7343375 0.39358125 0.7471125 0.40329375 0.7471125 0.40329375 0.7343375
1 0.4658875 0.42374999999999996 0.4491625 0.42374999999999996 0.4491625 0.440025 0.4658875 0.440025 0.4658875 0.42374999999999996
1 0.04639375 0.8796312500000001 0.027706249999999998 0.8796312500000001 0.027706249999999998 0.9006437500000001 0.04639375 0.9006437500000001 0.04639375 0.8796312500000001
1 0.855025 0.79105625 0.83345 0.79105625 0.83345 0.80659375 0.855025 0.80659375 0.855025 0.79105625
1 0.62319375 0.617675 0.61215625 0.617675 0.61215625 0.62745 0.62319375 0.62745 0.62319375 0.617675
1 0.4563625 0.758725 0.4249875 0.758725 0.4249875 0.78035 0.4563625 0.78035 0.4563625 0.758725
1 0.17864375 0.89923125 0.15168125 0.89923125 0.15168125 0.92499375 0.17864375 0.92499375 0.17864375 0.89923125
1 0.71988125 0.8472250000000001 0.71079375 0.8472250000000001 0.71079375 0.8598000000000001 0.71988125 0.8598000000000001 0.71988125 0.8472250000000001
1 0.39041875 0.48624375000000003 0.36008125 0.48624375000000003 0.36008125 0.53915625 0.39041875 0.53915625 0.39041875 0.48624375000000003
1 0.73275625 0.64595 0.72036875 0.64595 0.72036875 0.654825 0.73275625 0.654825 0.73275625 0.64595
1 0.2865875 0.4718625 0.2446625 0.4718625 0.2446625 0.5208125 0.2865875 0.5208125 0.2865875 0.4718625
1 0.48434999999999995 0.4370375 0.4761 0.4370375 0.4761 0.4447875 0.48434999999999995 0.4447875 0.48434999999999995 0.4370375
1 0.22231874999999998 0.8154937500000001 0.16733125 0.8154937500000001 0.16733125 0.85248125 0.22231874999999998 0.85248125 0.22231874999999998 0.8154937500000001
1 0 0.96760625 0.028999999999999998 0.96760625 0.028999999999999998 0.94059375 0 0.94059375 0 0.96760625
1 0.5892125 0.6221875 0.5787625000000001 0.6221875 0.5787625000000001 0.6307375000000001 0.5892125 0.6307375000000001 0.5892125 0.6221875
1 0.7482 0.89394375 0.673675 0.89394375 0.673675 0.9429812500000001 0.7482 0.9429812500000001 0.7482 0.89394375
1 0.46845 0.90825 0.41095 0.90825 0.41095 0.9481999999999999 0.46845 0.9481999999999999 0.46845 0.90825
1 0.30217499999999997 0.59086875 0.254475 0.59086875 0.254475 0.64253125 0.30217499999999997 0.64253125 0.30217499999999997 0.59086875
1 0.64749375 0.307525 0.61423125 0.307525 0.61423125 0.334075 0.64749375 0.334075 0.64749375 0.307525
1 0.645125 0.9577125000000001 0.634175 0.9577125000000001 0.634175 0.9670875000000001 0.645125 0.9670875000000001 0.645125 0.9577125000000001
1 0.35471875 0.8335375 0.29420625 0.8335375 0.29420625 0.8734875000000001 0.35471875 0.8734875000000001 0.35471875 0.8335375
1 0.961425 0.57668125 0.8647500000000001 0.57668125 0.8647500000000001 0.63621875 0.961425 0.63621875 0.961425 0.57668125
3 0 0.99875 0.8125 0.99875 0.8074999999999999 0.9887499999999999 0.78125 0.9650000000000001 0.745 0.94375 0.74875 0.93125 0.78125 0.9225 0.8275 0.8975 0.8474999999999999 0.875 0.885 0.85125 0.9075 0.82875 0.9637499999999999 0.7887500000000001 0.99875 0.7575000000000001 0.99875 0.64125 0.95375 0.605 0.83125 0.5425 0.76875 0.52625 0.7 0.51625 0.68125 0.5075000000000001 0.66625 0.48875 0.6599999999999999 0.46875 0.65 0.385 0.6525000000000001 0.32 0.6425 0.3075 0.63875 0.3075 0.6224999999999999 0.31124999999999997 0.6025 0.32375 0.5375 0.35125 0.41624999999999995 0.37625000000000003 0.38 0.39249999999999996 0.28250000000000003 0.4225 0.22875 0.45375 0.18 0.50125 0.16125 0.525 0.14125000000000001 0.5650000000000001 0.13125 0.6224999999999999 0.13125 0.6775 0.14250000000000002 0.71875 0.1625 0.75125 0.1825 0.7737499999999999 0.18875 0.7737499999999999 0.19375 0.7787499999999999 0.19 0.7825 0.19375 0.78625 0.19125 0.79125 0.205 0.805 0.20625 0.8175000000000001 0.20249999999999999 0.82125 0.16999999999999998 0.8225 0.052500000000000005 0.8612500000000001 0 0.8949999999999999 0 0.99875