1 0.6081000000000001 0.43184374999999997 0.56515 0.43184374999999997 0.56515 0.46710624999999995 0.6081000000000001 0.46710624999999995 0.6081000000000001 0.43184374999999997
1 0.603475 0.7589312500000001 0.554725 0.7589312500000001 0.554725 0.79901875 0.603475 0.79901875 0.603475 0.7589312500000001
1 0.37603125 0.41415625 0.35884375 0.41415625 0.35884375 0.44081875000000004 0.37603125 0.44081875000000004 0.37603125 0.41415625
1 0.1772875 0.5589375000000001 0.1505875 0.5589375000000001 0.1505875 0.5836375 0.1772875 0.5836375 0.1772875 0.5589375000000001
1 0.8012625 0.59336875 0.7836875 0.59336875 0.7836875 0.61170625 0.8012625 0.61170625 0.8012625 0.59336875
1 0.742175 0.3773125 0.7158249999999999 0.3773125 0.7158249999999999 0.40736249999999996 0.742175 0.40736249999999996 0.742175 0.3773125
1 0.48985 0.58395 0.4662 0.58395 0.4662 0.62405 0.48985 0.62405 0.48985 0.58395
1 0.7317812499999999 0.51919375 0.7174437499999999 0.51919375 0.7174437499999999 0.53843125 0.7317812499999999 0.53843125 0.7317812499999999 0.51919375
1 0.4705875 0.6944250000000001 0.39221249999999996 0.6944250000000001 0.39221249999999996 0.7792 0.4705875 0.7792 0.4705875 0.6944250000000001
1 0.6342875 0.7370062500000001 0.6098625 0.7370062500000001 0.6098625 0.7581187500000001 0.6342875 0.7581187500000001 0.6342875 0.7370062500000001
1 0.66681875 0.27359374999999997 0.64958125 0.27359374999999997 0.64958125 0.29183125 0.66681875 0.29183125 0.66681875 0.27359374999999997
1 0.80065625 0.5627625 0.78529375 0.5627625 0.78529375 0.5798125 0.80065625 0.5798125 0.80065625 0.5627625
1 0.5008625 0.63365 0.4859625 0.63365 0.4859625 0.6515 0.5008625 0.6515 0.5008625 0.63365
1 0.567025 0.5222625 0.549175 0.5222625 0.549175 0.5382875 0.567025 0.5382875 0.567025 0.5222625
1 0.58620625 0.59266875 0.57101875 0.59266875 0.57101875 0.60850625 0.58620625 0.60850625 0.58620625 0.59266875
1 0.77495 0.357175 0.7563 0.357175 0.7563 0.37475 0.77495 0.37475 0.77495 0.357175
1 0.70339375 0.4381125 0.68820625 0.4381125 0.68820625 0.4530125 0.70339375 0.4530125 0.70339375 0.4381125
1 0.37175625 0.680175 0.35529375 0.680175 0.35529375 0.69775 0.37175625 0.69775 0.37175625 0.680175
1 0.70139375 0.39086875 0.68043125 0.39086875 0.68043125 0.41333125 0.70139375 0.41333125 0.70139375 0.39086875
1 0.65924375 0.50306875 0.64055625 0.50306875 0.64055625 0.5379562499999999 0.65924375 0.5379562499999999 0.65924375 0.50306875
1 0.8477874999999999 0.17806875 0.8143125 0.17806875 0.8143125 0.21133125000000003 0.8477874999999999 0.21133125000000003 0.8477874999999999 0.17806875
1 0.2436875 0.43766875 0.22556250000000003 0.43766875 0.22556250000000003 0.45735625 0.2436875 0.45735625 0.2436875 0.43766875
1 0.57741875 0.6806625000000001 0.55638125 0.6806625000000001 0.55638125 0.6982375000000001 0.57741875 0.6982375000000001 0.57741875 0.6806625000000001
1 0.59145 0.6167875 0.572625 0.6167875 0.572625 0.6361375 0.59145 0.6361375 0.59145 0.6167875
1 0.78476875 0.6546937500000001 0.76893125 0.6546937500000001 0.76893125 0.67148125 0.78476875 0.67148125 0.78476875 0.6546937500000001
1 0.40836875 0.65860625 0.38703125 0.65860625 0.38703125 0.68416875 0.40836875 0.68416875 0.40836875 0.65860625
1 0.28178749999999997 0.69889375 0.26313749999999997 0.69889375 0.26313749999999997 0.7200562500000001 0.28178749999999997 0.7200562500000001 0.28178749999999997 0.69889375
1 0.38200625 0.20536875000000002 0.36456875 0.20536875000000002 0.36456875 0.23628125 0.38200625 0.23628125 0.38200625 0.20536875000000002
1 0.64506875 0.30394375 0.62543125 0.30394375 0.62543125 0.32495625 0.64506875 0.32495625 0.64506875 0.30394375
1 0.76854375 0.3048875 0.74805625 0.3048875 0.74805625 0.3298875 0.76854375 0.3298875 0.76854375 0.3048875
1 0.7039187499999999 0.5700125 0.6896312499999999 0.5700125 0.6896312499999999 0.5852625 0.7039187499999999 0.5852625 0.7039187499999999 0.5700125
1 0.16811875 0.6043375 0.15195625 0.6043375 0.15195625 0.6232125 0.16811875 0.6232125 0.16811875 0.6043375
1 0.7787124999999999 0.5653625 0.7632875 0.5653625 0.7632875 0.5820875 0.7787124999999999 0.5820875 0.7787124999999999 0.5653625
1 0.77228125 0.2489125 0.75214375 0.2489125 0.75214375 0.26963750000000003 0.77228125 0.26963750000000003 0.77228125 0.2489125
1 0.54176875 0.53211875 0.52658125 0.53211875 0.52658125 0.54795625 0.54176875 0.54795625 0.54176875 0.53211875
1 0.74003125 0.5513874999999999 0.7277437499999999 0.5513874999999999 0.7277437499999999 0.5648125 0.74003125 0.5648125 0.74003125 0.5513874999999999
1 0.5556 0.4605125 0.543025 0.4605125 0.543025 0.4721125 0.5556 0.4721125 0.5556 0.4605125
1 0.14146875 0.60443125 0.12293125 0.60443125 0.12293125 0.62994375 0.14146875 0.62994375 0.14146875 0.60443125
1 0.63988125 0.8335687500000001 0.62671875 0.8335687500000001 0.62671875 0.85100625 0.63988125 0.85100625 0.63988125 0.8335687500000001
1 0.64105 0.36968125 0.628475 0.36968125 0.628475 0.38666875 0.64105 0.38666875 0.64105 0.36968125
1 0.6316312500000001 0.39824375 0.61934375 0.39824375 0.61934375 0.41230625 0.6316312500000001 0.41230625 0.6316312500000001 0.39824375
1 0.6728 0.8380625 0.66215 0.8380625 0.66215 0.8494375 0.6728 0.8494375 0.6728 0.8380625
1 0.18029375 0.81563125 0.16590625 0.81563125 0.16590625 0.8337937500000001 0.18029375 0.8337937500000001 0.18029375 0.81563125
1 0.8126687499999999 0.40711875 0.79670625 0.40711875 0.79670625 0.42588125000000004 0.8126687499999999 0.42588125000000004 0.8126687499999999 0.40711875
1 0.5707312499999999 0.34405 0.5571937499999999 0.34405 0.5571937499999999 0.356625 0.5707312499999999 0.356625 0.5707312499999999 0.34405
1 0.294225 0.61771875 0.28145 0.61771875 0.28145 0.63325625 0.294225 0.63325625 0.294225 0.61771875
1 0.44342499999999996 0.55004375 0.43010000000000004 0.55004375 0.43010000000000004 0.56910625 0.44342499999999996 0.56910625 0.44342499999999996 0.55004375
1 0.65321875 0.659875 0.64073125 0.659875 0.64073125 0.6740999999999999 0.65321875 0.6740999999999999 0.65321875 0.659875
1 0.5602 0.82813125 0.55015 0.82813125 0.55015 0.8466687500000001 0.5602 0.8466687500000001 0.5602 0.82813125
1 0.51704375 0.9374062500000001 0.50540625 0.9374062500000001 0.50540625 0.95419375 0.51704375 0.95419375 0.51704375 0.9374062500000001
1 0.74369375 0.24423750000000002 0.72408125 0.24423750000000002 0.72408125 0.2635875 0.74369375 0.2635875 0.74369375 0.24423750000000002
1 0.35251875 0.67315625 0.33790624999999996 0.67315625 0.33790624999999996 0.69501875 0.35251875 0.69501875 0.35251875 0.67315625
1 0.66160625 0.8109249999999999 0.64796875 0.8109249999999999 0.64796875 0.824825 0.66160625 0.824825 0.66160625 0.8109249999999999
1 0.39442499999999997 0.85270625 0.376575 0.85270625 0.376575 0.87386875 0.39442499999999997 0.87386875 0.39442499999999997 0.85270625
1 0.19664375 0.619 0.18128125 0.619 0.18128125 0.6397999999999999 0.19664375 0.6397999999999999 0.19664375 0.619
1 0.45988749999999995 0.6179812499999999 0.44686250000000005 0.6179812499999999 0.44686250000000005 0.63299375 0.45988749999999995 0.63299375 0.45988749999999995 0.6179812499999999
1 0.33320625000000004 0.51989375 0.31766875 0.51989375 0.31766875 0.54065625 0.33320625000000004 0.54065625 0.33320625000000004 0.51989375
1 0.70991875 0.46762499999999996 0.69633125 0.46762499999999996 0.69633125 0.48257500000000003 0.70991875 0.48257500000000003 0.70991875 0.46762499999999996
1 0.40818125 0.58040625 0.39454375 0.58040625 0.39454375 0.60026875 0.40818125 0.60026875 0.40818125 0.58040625
1 0.6835375 0.37214375 0.6709625 0.37214375 0.6709625 0.38860625 0.6835375 0.38860625 0.6835375 0.37214375
1 0.7974 0.6886875 0.7729250000000001 0.6886875 0.7729250000000001 0.7117125 0.7974 0.7117125 0.7974 0.6886875
1 0.7294625 0.3718625 0.7168375 0.3718625 0.7168375 0.3844875 0.7294625 0.3844875 0.7294625 0.3718625
1 0.54149375 0.82350625 0.53175625 0.82350625 0.53175625 0.8376187500000001 0.54149375 0.8376187500000001 0.54149375 0.82350625
1 0.83308125 0.3589375 0.8182937499999999 0.3589375 0.8182937499999999 0.3783625 0.83308125 0.3783625 0.83308125 0.3589375
1 0.261625 0.20307499999999998 0.24667500000000003 0.20307499999999998 0.24667500000000003 0.221475 0.261625 0.221475 0.261625 0.20307499999999998
1 0.31644375 0.6884125 0.30415625 0.6884125 0.30415625 0.7051375 0.31644375 0.7051375 0.31644375 0.6884125
1 0.25746250000000004 0.30625 0.2459625 0.30625 0.2459625 0.3207 0.25746250000000004 0.3207 0.25746250000000004 0.30625
1 0.8001875 0.50754375 0.7779375 0.50754375 0.7779375 0.52370625 0.8001875 0.52370625 0.8001875 0.50754375
1 0.41809375 0.43257500000000004 0.40710625 0.43257500000000004 0.40710625 0.44535 0.41809375 0.44535 0.41809375 0.43257500000000004
1 0.22139999999999999 0.5577124999999999 0.20754999999999998 0.5577124999999999 0.20754999999999998 0.5731375 0.22139999999999999 0.5731375 0.22139999999999999 0.5577124999999999
1 0.24580000000000002 0.8779125000000001 0.23515000000000003 0.8779125000000001 0.23515000000000003 0.8925875 0.24580000000000002 0.8925875 0.24580000000000002 0.8779125000000001
1 0.4957625 0.8618874999999999 0.4861625 0.8618874999999999 0.4861625 0.8763875000000001 0.4957625 0.8763875000000001 0.4957625 0.8618874999999999
1 0.3260875 0.6174375000000001 0.3130625 0.6174375000000001 0.3130625 0.6325624999999999 0.3260875 0.6325624999999999 0.3260875 0.6174375000000001
1 0.2947 0.39066875 0.282925 0.39066875 0.282925 0.40865625000000005 0.2947 0.40865625000000005 0.2947 0.39066875
1 0.35189375 0.40004999999999996 0.34195625 0.40004999999999996 0.34195625 0.413425 0.35189375 0.413425 0.35189375 0.40004999999999996
1 0.4417 0.42688750000000003 0.430375 0.42688750000000003 0.430375 0.43981250000000005 0.4417 0.43981250000000005 0.4417 0.42688750000000003
1 0.6778375 0.77813125 0.6668875 0.77813125 0.6668875 0.78924375 0.6778375 0.78924375 0.6778375 0.77813125
1 0.3785 0.45501250000000004 0.36905 0.45501250000000004 0.36905 0.4678375 0.3785 0.4678375 0.3785 0.45501250000000004
1 0.27813750000000004 0.8369875 0.2653125 0.8369875 0.2653125 0.8514875 0.27813750000000004 0.8514875 0.27813750000000004 0.8369875
1 0.37324375 0.63405 0.35868125 0.63405 0.35868125 0.6511 0.37324375 0.6511 0.37324375 0.63405
1 0.31789375 0.36226875000000003 0.30660625 0.36226875000000003 0.30660625 0.37600625 0.31789375 0.37600625 0.31789375 0.36226875000000003
1 0.5405 0.62248125 0.504425 0.62248125 0.504425 0.66071875 0.5405 0.66071875 0.5405 0.62248125
1 0.25980625 0.61104375 0.24899374999999999 0.61104375 0.24899374999999999 0.62333125 0.25980625 0.62333125 0.25980625 0.61104375
1 0.6153625 0.8842000000000001 0.6063125 0.8842000000000001 0.6063125 0.8960750000000001 0.6153625 0.8960750000000001 0.6153625 0.8842000000000001
1 0.47479375 0.47776874999999996 0.46563125000000005 0.47776874999999996 0.46563125000000005 0.49000625 0.47479375 0.49000625 0.47479375 0.47776874999999996
1 0.6166625 0.56625625 0.6040375 0.56625625 0.6040375 0.57826875 0.6166625 0.57826875 0.6166625 0.56625625
1 0.38508749999999997 0.8245812499999999 0.36931250000000004 0.8245812499999999 0.36931250000000004 0.83556875 0.38508749999999997 0.83556875 0.38508749999999997 0.8245812499999999
1 0.1580375 0.85060625 0.14226250000000001 0.85060625 0.14226250000000001 0.86424375 0.1580375 0.86424375 0.1580375 0.85060625
1 0.22265000000000001 0.22736874999999998 0.209725 0.22736874999999998 0.209725 0.24308125 0.22265000000000001 0.24308125 0.22265000000000001 0.22736874999999998
1 0.7738875000000001 0.7562625 0.7612625000000001 0.7562625 0.7612625000000001 0.7701125 0.7738875000000001 0.7701125 0.7738875000000001 0.7562625
1 0.12871875 0.8303750000000001 0.11773125 0.8303750000000001 0.11773125 0.84345 0.12871875 0.84345 0.12871875 0.8303750000000001
3 0.215 0.0875 0.20249999999999999 0.21000000000000002 0.19375 0.23625 0.16499999999999998 0.28875 0.11875 0.43375 0.10874999999999999 0.53625 0.1 0.54125 0.095 0.55 0.09125 0.52625 0.075 0.525 0.0675 0.5275000000000001 0.06375 0.5337500000000001 0.06 0.53 0.04875 0.5387500000000001 0.03625 0.5425 0.025 0.5599999999999999 0.06999999999999999 0.6375 0.08 0.6599999999999999 0.095 0.7150000000000001 0.09875 0.79625 0.0875 0.88375 0.0925 0.89125 0.12125 0.9112500000000001 0.17250000000000001 0.9225 0.22125 0.9237500000000001 0.255 0.9037499999999999 0.28250000000000003 0.8775000000000001 0.29625 0.8612500000000001 0.29625 0.8525 0.3075 0.8487500000000001 0.31 0.835 0.3125 0.8487500000000001 0.33625 0.87625 0.33625 0.88125 0.34249999999999997 0.87625 0.34625 0.92875 0.35 0.93 0.35125 0.92125 0.35625 0.92125 0.35625 0.9037499999999999 0.35875 0.91375 0.3825 0.9349999999999999 0.43875000000000003 0.96875 0.50125 0.9862500000000001 0.53 0.9887499999999999 0.5599999999999999 0.95625 0.6 0.93625 0.62625 0.91625 0.7150000000000001 0.8175000000000001 0.7525000000000001 0.7825 0.7849999999999999 0.73625 0.81375 0.63 0.82875 0.5287499999999999 0.8387499999999999 0.355 0.85875 0.2375 0.86 0.195 0.85375 0.15 0.8150000000000001 0.16375 0.76 0.205 0.7025 0.24 0.61875 0.2625 0.5675 0.2875 0.495 0.34125 0.48624999999999996 0.35375 0.47750000000000004 0.35875 0.42874999999999996 0.28375 0.39875 0.22374999999999998 0.36124999999999996 0.16875 0.33625 0.1375 0.27875 0.08 0.22875 0.017499999999999998 0.22749999999999998 0.01625 0.215 0.021249999999999998 0.20875 0.0325 0.215 0.06375 0.215 0.0875