1 0.33238124999999996 0.3219125 0.28936875 0.3219125 0.28936875 0.3547125 0.33238124999999996 0.3547125 0.33238124999999996 0.3219125
1 0.26075 0.48472499999999996 0.23704999999999998 0.48472499999999996 0.23704999999999998 0.5050250000000001 0.26075 0.5050250000000001 0.26075 0.48472499999999996
1 0.29405000000000003 0.279625 0.276275 0.279625 0.276275 0.2985 0.29405000000000003 0.2985 0.29405000000000003 0.279625
1 0.37751250000000003 0.25945625 0.3646875 0.25945625 0.3646875 0.27179375 0.37751250000000003 0.27179375 0.37751250000000003 0.25945625
1 0.24943749999999998 0.1351375 0.23493750000000002 0.1351375 0.23493750000000002 0.1480625 0.24943749999999998 0.1480625 0.24943749999999998 0.1351375
1 0.75795 0.5799562500000001 0.739125 0.5799562500000001 0.739125 0.60071875 0.75795 0.60071875 0.75795 0.5799562500000001
1 0.28164375 0.5261312499999999 0.26180625 0.5261312499999999 0.26180625 0.55101875 0.28164375 0.55101875 0.28164375 0.5261312499999999
1 0.47186874999999995 0.490475 0.45050625 0.490475 0.45050625 0.507575 0.47186874999999995 0.507575 0.47186874999999995 0.490475
1 0.3193625 0.28483749999999997 0.3061375 0.28483749999999997 0.3061375 0.2962125 0.3193625 0.2962125 0.3193625 0.28483749999999997
1 0.0846875 0.4918 0.0718125 0.4918 0.0718125 0.50575 0.0846875 0.50575 0.0846875 0.4918
1 0.30825 0.160625 0.295275 0.160625 0.295275 0.17457499999999998 0.30825 0.17457499999999998 0.30825 0.160625
1 0.71819375 0.5179 0.70465625 0.5179 0.70465625 0.52995 0.71819375 0.52995 0.71819375 0.5179
1 0.56994375 0.5173125 0.54528125 0.5173125 0.54528125 0.5354125 0.56994375 0.5354125 0.56994375 0.5173125
1 0.6600625 0.5253625000000001 0.6465875 0.5253625000000001 0.6465875 0.5371374999999999 0.6600625 0.5371374999999999 0.6600625 0.5253625000000001
1 0.32363749999999997 0.47289375 0.3091875 0.47289375 0.3091875 0.48463124999999996 0.32363749999999997 0.48463124999999996 0.32363749999999997 0.47289375
1 0.194875 0.2325625 0.1816 0.2325625 0.1816 0.2449875 0.194875 0.2449875 0.194875 0.2325625
1 0.337925 0.40865 0.3237 0.40865 0.3237 0.421925 0.337925 0.421925 0.337925 0.40865
1 0.47978125 0.3415 0.46749375000000004 0.3415 0.46749375000000004 0.35675 0.47978125 0.35675 0.47978125 0.3415
1 0.613325 0.3907 0.6005499999999999 0.3907 0.6005499999999999 0.40177500000000005 0.613325 0.40177500000000005 0.613325 0.3907
1 0.79115 0.5451312500000001 0.778175 0.5451312500000001 0.778175 0.55741875 0.79115 0.55741875 0.79115 0.5451312500000001
1 0.38434375 0.2163625 0.37348125 0.2163625 0.37348125 0.2284625 0.38434375 0.2284625 0.38434375 0.2163625
1 0.69309375 0.5191 0.67898125 0.5191 0.67898125 0.5307000000000001 0.69309375 0.5307000000000001 0.69309375 0.5191
1 0.1568875 0.2567375 0.1434125 0.2567375 0.1434125 0.26816249999999997 0.1568875 0.26816249999999997 0.1568875 0.2567375
1 0.74471875 0.54070625 0.72988125 0.54070625 0.72988125 0.55304375 0.74471875 0.55304375 0.74471875 0.54070625
1 0.57151875 0.4157375 0.55933125 0.4157375 0.55933125 0.4275125 0.57151875 0.4275125 0.57151875 0.4157375
1 0.0852125 0.4713375 0.0737125 0.4713375 0.0737125 0.48276250000000004 0.0852125 0.48276250000000004 0.0852125 0.4713375
1 0.51585625 0.45428125 0.5026937499999999 0.45428125 0.5026937499999999 0.46514375 0.51585625 0.46514375 0.51585625 0.45428125
1 0.36267499999999997 0.38096874999999997 0.347775 0.38096874999999997 0.347775 0.39345625 0.36267499999999997 0.39345625 0.36267499999999997 0.38096874999999997
1 0.63524375 0.389075 0.62355625 0.389075 0.62355625 0.39802499999999996 0.63524375 0.39802499999999996 0.63524375 0.389075
1 0.31593125 0.35886874999999996 0.29734375 0.35886874999999996 0.29734375 0.37893125 0.31593125 0.37893125 0.31593125 0.35886874999999996
1 0.65061875 0.5432375 0.63745625 0.5432375 0.63745625 0.5553874999999999 0.65061875 0.5553874999999999 0.65061875 0.5432375
1 0.5653937499999999 0.5998125 0.55180625 0.5998125 0.55180625 0.6111375 0.5653937499999999 0.6111375 0.5653937499999999 0.5998125
1 0.49449375 0.47104375000000004 0.47913125 0.47104375000000004 0.47913125 0.48305625 0.49449375 0.48305625 0.49449375 0.47104375000000004
1 0.39248125 0.37534999999999996 0.38144374999999997 0.37534999999999996 0.38144374999999997 0.385875 0.39248125 0.385875 0.39248125 0.37534999999999996
1 0.3386 0.24666875 0.32645 0.24666875 0.32645 0.25723124999999997 0.3386 0.25723124999999997 0.3386 0.24666875
1 0.3135875 0.2185625 0.3011625 0.2185625 0.3011625 0.2301625 0.3135875 0.2301625 0.3135875 0.2185625
1 0.027131250000000003 0.45592499999999997 0.013543749999999998 0.45592499999999997 0.013543749999999998 0.467425 0.027131250000000003 0.467425 0.027131250000000003 0.45592499999999997
1 0.64166875 0.6443375 0.6268812500000001 0.6443375 0.6268812500000001 0.6574125000000001 0.64166875 0.6574125000000001 0.64166875 0.6443375
1 0.43214375 0.47609375 0.42040625 0.47609375 0.42040625 0.48630625 0.43214375 0.48630625 0.43214375 0.47609375
1 0.40545625 0.29093125 0.39484375 0.29093125 0.39484375 0.30086875 0.40545625 0.30086875 0.40545625 0.29093125
1 0.39041875 0.446775 0.37813125 0.446775 0.37813125 0.45655 0.39041875 0.45655 0.39041875 0.446775
1 0.72921875 0.38935624999999996 0.71805625 0.38935624999999996 0.71805625 0.39971875 0.72921875 0.39971875 0.72921875 0.38935624999999996
1 0.22349999999999998 0.43291250000000003 0.21230000000000002 0.43291250000000003 0.21230000000000002 0.44356249999999997 0.22349999999999998 0.44356249999999997 0.22349999999999998 0.43291250000000003
1 0.62969375 0.62304375 0.61250625 0.62304375 0.61250625 0.63478125 0.62969375 0.63478125 0.62969375 0.62304375
1 0.721425 0.50501875 0.710225 0.50501875 0.710225 0.5145062499999999 0.721425 0.5145062499999999 0.721425 0.50501875
1 0.18991249999999998 0.321225 0.1784875 0.321225 0.1784875 0.331125 0.18991249999999998 0.331125 0.18991249999999998 0.321225
1 0.29169375 0.45957499999999996 0.27080625 0.45957499999999996 0.27080625 0.473525 0.29169375 0.473525 0.29169375 0.45957499999999996
1 0.1292625 0.28097500000000003 0.1179375 0.28097500000000003 0.1179375 0.2908 0.1292625 0.2908 0.1292625 0.28097500000000003
1 0.58421875 0.5529124999999999 0.57105625 0.5529124999999999 0.57105625 0.5642875 0.58421875 0.5642875 0.58421875 0.5529124999999999
1 0.27995000000000003 0.49779999999999996 0.2684 0.49779999999999996 0.2684 0.50805 0.27995000000000003 0.50805 0.27995000000000003 0.49779999999999996
1 0.27716875 0.4313625 0.26483124999999996 0.4313625 0.26483124999999996 0.4416875 0.27716875 0.4416875 0.27716875 0.4313625
1 0.07006875 0.44104374999999996 0.03893125 0.44104374999999996 0.03893125 0.46570625000000004 0.07006875 0.46570625000000004 0.07006875 0.44104374999999996
1 0.73398125 0.6527937500000001 0.72206875 0.6527937500000001 0.72206875 0.6636062500000001 0.73398125 0.6636062500000001 0.73398125 0.6527937500000001
1 0.49533750000000004 0.37245 0.4831875 0.37245 0.4831875 0.38537499999999997 0.49533750000000004 0.38537499999999997 0.49533750000000004 0.37245
1 0.53196875 0.38203125 0.5197812500000001 0.38203125 0.5197812500000001 0.39239375 0.53196875 0.39239375 0.53196875 0.38203125
1 0.3747625 0.4170375 0.3635125 0.4170375 0.3635125 0.4267125 0.3747625 0.4267125 0.3747625 0.4170375
1 0.44971875 0.46876875 0.43798125 0.46876875 0.43798125 0.47898125 0.44971875 0.47898125 0.44971875 0.46876875
1 0.8187374999999999 0.5728625 0.8082125 0.5728625 0.8082125 0.5833875 0.8187374999999999 0.5833875 0.8187374999999999 0.5728625
1 0.5480625 0.6273375 0.5271375 0.6273375 0.5271375 0.6451125 0.5480625 0.6451125 0.5480625 0.6273375
1 0.10194375 0.59279375 0.08835625 0.59279375 0.08835625 0.60448125 0.10194375 0.60448125 0.10194375 0.59279375
1 0.46911875 0.529 0.45813125 0.529 0.45813125 0.538375 0.46911875 0.538375 0.46911875 0.529
1 0.1293375 0.64195 0.1099125 0.64195 0.1099125 0.6519999999999999 0.1293375 0.6519999999999999 0.1293375 0.64195
1 0.61209375 0.46905 0.5431812500000001 0.46905 0.5431812500000001 0.5265500000000001 0.61209375 0.5265500000000001 0.61209375 0.46905
1 0.3634625 0.6399812500000001 0.3113375 0.6399812500000001 0.3113375 0.6764187500000001 0.3634625 0.6764187500000001 0.3634625 0.6399812500000001
1 0.148875 0.52923125 0.11527499999999999 0.52923125 0.11527499999999999 0.55279375 0.148875 0.55279375 0.148875 0.52923125
1 0.0908375 0.7347 0.0781125 0.7347 0.0781125 0.74675 0.0908375 0.74675 0.0908375 0.7347
1 0.44051875 0.5911125 0.39883125 0.5911125 0.39883125 0.6266625 0.44051875 0.6266625 0.44051875 0.5911125
1 0.3785625 0.4859375 0.3387125 0.4859375 0.3387125 0.5238375 0.3785625 0.5238375 0.3785625 0.4859375
1 0.4847125 0.5652125 0.4176375 0.5652125 0.4176375 0.6261875 0.4847125 0.6261875 0.4847125 0.5652125
1 0.22291875 0.691425 0.21335625 0.691425 0.21335625 0.702125 0.22291875 0.702125 0.22291875 0.691425
1 0.32278125 0.48675625 0.25386875 0.48675625 0.25386875 0.56206875 0.32278125 0.56206875 0.32278125 0.48675625
1 0.316275 0.44876875 0.287725 0.44876875 0.287725 0.46235625 0.316275 0.46235625 0.316275 0.44876875
1 0.35975 0.778375 0.34825 0.778375 0.34825 0.78705 0.35975 0.78705 0.35975 0.778375
1 0.011375 0.6040687499999999 0.0007250000000000001 0.6040687499999999 0.0007250000000000001 0.61370625 0.011375 0.61370625 0.011375 0.6040687499999999
1 0.6665687499999999 0.8432875 0.6557062499999999 0.8432875 0.6557062499999999 0.8510375 0.6665687499999999 0.8510375 0.6665687499999999 0.8432875
1 0.21429375 0.774575 0.20465624999999998 0.774575 0.20465624999999998 0.78305 0.21429375 0.78305 0.21429375 0.774575
1 0.6658625 0.8897999999999999 0.6564125 0.8897999999999999 0.6564125 0.8982749999999999 0.6658625 0.8982749999999999 0.6658625 0.8897999999999999
1 0.63999375 0.89309375 0.63148125 0.89309375 0.63148125 0.9018312500000001 0.63999375 0.9018312500000001 0.63999375 0.89309375
1 0.8562687499999999 0.9514875 0.8468562500000001 0.9514875 0.8468562500000001 0.9606125000000001 0.8562687499999999 0.9606125000000001 0.8562687499999999 0.9514875
1 0.85039375 0.9369375 0.84003125 0.9369375 0.84003125 0.9478375 0.85039375 0.9478375 0.85039375 0.9369375
1 0.1880625 0.26906875 0.1720375 0.26906875 0.1720375 0.29195625000000003 0.1880625 0.29195625000000003 0.1880625 0.26906875
1 0.47099375 0.83009375 0.45528124999999997 0.83009375 0.45528124999999997 0.83788125 0.47099375 0.83788125 0.47099375 0.83009375
1 0.12190625 0.01809375 0.10966875000000001 0.01809375 0.10966875000000001 0.02865625 0.12190625 0.02865625 0.12190625 0.01809375
1 0.67534375 0.9172 0.66548125 0.9172 0.66548125 0.9275249999999999 0.67534375 0.9275249999999999 0.67534375 0.9172
1 0.0211625 0.9816750000000001 0.011887499999999999 0.9816750000000001 0.011887499999999999 0.990975 0.0211625 0.990975 0.0211625 0.9816750000000001
1 0.7277875 0.9010187500000001 0.7185125 0.9010187500000001 0.7185125 0.90953125 0.7277875 0.90953125 0.7277875 0.9010187500000001
1 0.9255375000000001 0.9636812499999999 0.9152875 0.9636812499999999 0.9152875 0.9738187500000001 0.9255375000000001 0.9738187500000001 0.9255375000000001 0.9636812499999999
3 0 0.655 0.17625 0.65625 0.1825 0.6625 0.215 0.6637500000000001 0.22125 0.6725 0.23875000000000002 0.67125 0.25125000000000003 0.675 0.255 0.6799999999999999 0.26749999999999996 0.6799999999999999 0.27 0.6849999999999999 0.275 0.6825 0.27999999999999997 0.68625 0.3075 0.6900000000000001 0.315 0.6875 0.3175 0.6925 0.335 0.6950000000000001 0.34625 0.705 0.3525 0.70375 0.36375 0.70875 0.3725 0.7075 0.37625000000000003 0.69375 0.38 0.70625 0.38375 0.70125 0.39375 0.69875 0.40875000000000006 0.71 0.4425 0.7112499999999999 0.44749999999999995 0.7025 0.45375 0.70125 0.44875 0.69375 0.4525 0.68125 0.44749999999999995 0.6775 0.45125000000000004 0.67375 0.4525 0.65625 0.44749999999999995 0.65 0.4575 0.6425 0.47000000000000003 0.64125 0.47000000000000003 0.64625 0.47375 0.645 0.48125 0.655 0.48875 0.6575 0.48875 0.68125 0.47625 0.68625 0.485 0.6849999999999999 0.49625 0.70625 0.5 0.70125 0.49749999999999994 0.665 0.50125 0.6575 0.515 0.66875 0.5037499999999999 0.67375 0.5075000000000001 0.6799999999999999 0.5037499999999999 0.6925 0.5125 0.7075 0.5175 0.6925 0.5225 0.69625 0.52125 0.7075 0.5287499999999999 0.70875 0.5325 0.69375 0.5387500000000001 0.69625 0.54125 0.705 0.5475 0.705 0.5475 0.68875 0.5287499999999999 0.68625 0.53 0.675 0.53625 0.6725 0.54625 0.68125 0.5525 0.6799999999999999 0.5549999999999999 0.68875 0.5625 0.69625 0.56875 0.69625 0.57625 0.70625 0.58125 0.705 0.5775 0.7 0.5825 0.6975 0.5862499999999999 0.70625 0.595 0.705 0.5925 0.6975 0.5962500000000001 0.6912499999999999 0.6012500000000001 0.70625 0.6075 0.71 0.6125 0.7025 0.6224999999999999 0.70875 0.64625 0.7075 0.6537499999999999 0.7 0.6537499999999999 0.6950000000000001 0.6849999999999999 0.6912499999999999 0.79 0.64375 0.81375 0.64125 0.825 0.6287499999999999 0.83375 0.61 0.83375 0.5575 0.81875 0.52 0.8087500000000001 0.48125 0.78 0.42000000000000004 0.77 0.38375 0.74125 0.33625 0.70375 0.29500000000000004 0.71 0.27999999999999997 0.7212500000000001 0.26749999999999996 0.7162499999999999 0.2625 0.7212500000000001 0.26 0.72375 0.26375000000000004 0.72375 0.2575 0.69375 0.24375 0.61875 0.22999999999999998 0.6012500000000001 0.2325 0.5575 0.25125000000000003 0.5337500000000001 0.26749999999999996 0.5237499999999999 0.27749999999999997 0.50125 0.315 0.49124999999999996 0.32125 0.47625 0.2575 0.4625 0.23500000000000001 0.42750000000000005 0.19624999999999998 0.38625 0.1625 0.35875 0.14750000000000002 0.29375 0.1275 0.24375 0.1075 0.215 0.09 0.18625 0.065 0.16125 0.03 0.16 0.017499999999999998 0.16499999999999998 0.01 0.16125 0.01 0.13 0.03875 0.12 0.0975 0.09625 0.15 0.075 0.22875 0.075 0.27625 0.08249999999999999 0.31875 0.09375 0.34375 0.11625 0.3775 0.12375 0.395 0.125 0.40875000000000006 0.1125 0.43375 0.1 0.43875000000000003 0.06999999999999999 0.44000000000000006 0.04 0.44749999999999995 0 0.44875 0 0.655