1 0.33845000000000003 0.531275 0.328175 0.531275 0.328175 0.544625 0.33845000000000003 0.544625 0.33845000000000003 0.531275
1 0.49430625 0.55965 0.48029374999999996 0.55965 0.48029374999999996 0.57415 0.49430625 0.57415 0.49430625 0.55965
1 0.8989062499999999 0.53435625 0.88429375 0.53435625 0.88429375 0.54864375 0.8989062499999999 0.54864375 0.8989062499999999 0.53435625
1 0.49334375 0.18145625 0.48273124999999995 0.18145625 0.48273124999999995 0.19231875 0.49334375 0.19231875 0.49334375 0.18145625
1 0.21535 0.4642375 0.1931 0.4642375 0.1931 0.48643749999999997 0.21535 0.48643749999999997 0.21535 0.4642375
1 0.0338375 0.8439062500000001 0.0211125 0.8439062500000001 0.0211125 0.8562937500000001 0.0338375 0.8562937500000001 0.0338375 0.8439062500000001
1 0.34384375 0.4378 0.32950625 0.4378 0.32950625 0.450875 0.34384375 0.450875 0.34384375 0.4378
1 0.3138375 0.18035625 0.3062875 0.18035625 0.3062875 0.18829374999999998 0.3138375 0.18829374999999998 0.3138375 0.18035625
1 0.24335625 0.6320187500000001 0.23321874999999997 0.6320187500000001 0.23321874999999997 0.6463062500000001 0.24335625 0.6463062500000001 0.24335625 0.6320187500000001
1 0.31381875 0.20099999999999998 0.30483125 0.20099999999999998 0.30483125 0.21012499999999998 0.31381875 0.21012499999999998 0.31381875 0.20099999999999998
1 0.19094375 0.8049937500000001 0.18160625 0.8049937500000001 0.18160625 0.8131812500000001 0.19094375 0.8131812500000001 0.19094375 0.8049937500000001
1 0.60098125 0.34031875 0.5933437500000001 0.34031875 0.5933437500000001 0.34913125 0.60098125 0.34913125 0.60098125 0.34031875
1 0.22820000000000001 0.60345625 0.218825 0.60345625 0.218825 0.61431875 0.22820000000000001 0.61431875 0.22820000000000001 0.60345625
1 0.8178375000000001 0.53850625 0.8052125 0.53850625 0.8052125 0.55329375 0.8178375000000001 0.55329375 0.8178375000000001 0.53850625
1 0.7196625 0.12634375 0.7110125 0.12634375 0.7110125 0.13440625 0.7196625 0.13440625 0.7196625 0.12634375
1 0.06588125 0.6168375 0.04954375 0.6168375 0.04954375 0.6292625000000001 0.06588125 0.6292625000000001 0.06588125 0.6168375
1 0.46075625000000003 0.0758625 0.45281874999999994 0.0758625 0.45281874999999994 0.0845375 0.46075625000000003 0.0845375 0.46075625000000003 0.0758625
1 0.26525625 0.52315 0.25379375 0.52315 0.25379375 0.534475 0.26525625 0.534475 0.26525625 0.52315
1 0.55793125 0.09745625 0.54851875 0.09745625 0.54851875 0.10541875 0.55793125 0.10541875 0.55793125 0.09745625
1 0.9305125000000001 0.52973125 0.9200625 0.52973125 0.9200625 0.54059375 0.9305125000000001 0.54059375 0.9305125000000001 0.52973125
1 0.10174375 0.62309375 0.04803125 0.62309375 0.04803125 0.68453125 0.10174375 0.68453125 0.10174375 0.62309375
1 0.39264375 0.1093375 0.38470624999999997 0.1093375 0.38470624999999997 0.1174625 0.39264375 0.1174625 0.39264375 0.1093375
1 0.113725 0.14190624999999998 0.10222500000000001 0.14190624999999998 0.10222500000000001 0.15424374999999999 0.113725 0.15424374999999999 0.113725 0.14190624999999998
1 0.36865625 0.1504875 0.36084375 0.1504875 0.36084375 0.1585875 0.36865625 0.1585875 0.36865625 0.1504875
1 0.22848125000000002 0.6176 0.22121875000000002 0.6176 0.22121875000000002 0.62655 0.22848125000000002 0.62655 0.22848125000000002 0.6176
1 0.33245 0.9221 0.3243 0.9221 0.3243 0.9304500000000001 0.33245 0.9304500000000001 0.33245 0.9221
1 0.19784375 0.37029375 0.18813125 0.37029375 0.18813125 0.37970625 0.19784375 0.37970625 0.19784375 0.37029375
1 0.63289375 0.45830624999999997 0.62590625 0.45830624999999997 0.62590625 0.46649375 0.63289375 0.46649375 0.63289375 0.45830624999999997
1 0.22265625 0.3593375 0.21459375 0.3593375 0.21459375 0.3672375 0.22265625 0.3672375 0.22265625 0.3593375
1 0.2263125 0.43383125 0.2170375 0.43383125 0.2170375 0.44214374999999995 0.2263125 0.44214374999999995 0.2263125 0.43383125
1 0.736275 0.58450625 0.728575 0.58450625 0.728575 0.59321875 0.736275 0.59321875 0.736275 0.58450625
1 0.43056875000000006 0.46576874999999995 0.42100625 0.46576874999999995 0.42100625 0.47563125 0.43056875000000006 0.47563125 0.43056875000000006 0.46576874999999995
1 0.5368875 0.8223312500000001 0.5236625 0.8223312500000001 0.5236625 0.83879375 0.5368875 0.83879375 0.5368875 0.8223312500000001
1 0.41989375000000007 0.9458062500000001 0.41263125 0.9458062500000001 0.41263125 0.9545937500000001 0.41989375000000007 0.9545937500000001 0.41989375000000007 0.9458062500000001
1 0.038518750000000004 0.6640312500000001 0.03148125 0.6640312500000001 0.03148125 0.6699437500000001 0.038518750000000004 0.6699437500000001 0.038518750000000004 0.6640312500000001
1 0.19568125 0.84230625 0.18786875 0.84230625 0.18786875 0.85104375 0.19568125 0.85104375 0.19568125 0.84230625
1 0.9404937500000001 0.5257875000000001 0.87005625 0.5257875000000001 0.87005625 0.5533125 0.9404937500000001 0.5533125 0.9404937500000001 0.5257875000000001
1 0.5963437500000001 0.49648125 0.58433125 0.49648125 0.58433125 0.50839375 0.5963437500000001 0.50839375 0.5963437500000001 0.49648125
1 0.55003125 0.42366875000000004 0.53981875 0.42366875000000004 0.53981875 0.43375624999999995 0.55003125 0.43375624999999995 0.55003125 0.42366875000000004
1 0.5714 0.6216875 0.5575 0.6216875 0.5575 0.6380874999999999 0.5714 0.6380874999999999 0.5714 0.6216875
1 0.21183125 0.43636875 0.18611875 0.43636875 0.18611875 0.45620625 0.21183125 0.45620625 0.21183125 0.43636875
1 0.2067125 0.8409812499999999 0.19343749999999998 0.8409812499999999 0.19343749999999998 0.85531875 0.2067125 0.85531875 0.2067125 0.8409812499999999
1 0.17674375 0.37775625 0.15773125 0.37775625 0.15773125 0.39519375 0.17674375 0.39519375 0.17674375 0.37775625
1 1 0.52469375 0.991375 0.52469375 0.991375 0.54268125 1 0.54268125 1 0.52469375
1 0.17760625000000002 0.36972499999999997 0.16321875 0.36972499999999997 0.16321875 0.38515 0.17760625000000002 0.38515 0.17760625000000002 0.36972499999999997
1 0.2521875 0.39548125 0.20241250000000002 0.39548125 0.20241250000000002 0.43069375 0.2521875 0.43069375 0.2521875 0.39548125
1 0.47703749999999995 0.91744375 0.4614375 0.91744375 0.4614375 0.94778125 0.47703749999999995 0.94778125 0.47703749999999995 0.91744375
1 0.45101874999999997 0.2889125 0.36685625 0.2889125 0.36685625 0.3605125 0.45101874999999997 0.3605125 0.45101874999999997 0.2889125
1 0.9969875 0.54425 0.9698125 0.54425 0.9698125 0.583675 0.9969875 0.583675 0.9969875 0.54425
1 0.19514375 0.36538750000000003 0.15885625 0.36538750000000003 0.15885625 0.3948625 0.19514375 0.3948625 0.19514375 0.36538750000000003
1 0.25960625 0.4160125 0.20669374999999998 0.4160125 0.20669374999999998 0.45848750000000005 0.25960625 0.45848750000000005 0.25960625 0.4160125
1 0.05025625 0.9549125 0.03569375 0.9549125 0.03569375 0.9679375 0.05025625 0.9679375 0.05025625 0.9549125
1 0.12363125 0.3924375 0.05496875 0.3924375 0.05496875 0.4127375 0.12363125 0.4127375 0.12363125 0.3924375
1 0.3002125 0.62895625 0.2910875 0.62895625 0.2910875 0.64449375 0.3002125 0.64449375 0.3002125 0.62895625
1 0.61151875 0.5814 0.60138125 0.5814 0.60138125 0.594375 0.61151875 0.594375 0.61151875 0.5814
3 0.3175 0 0.25875 0.01875 0.24125000000000002 0.03 0.20249999999999999 0.045 0.10625 0.14250000000000002 0.09375 0.16875 0.08249999999999999 0.24625 0.08375 0.30375 0.0875 0.3175 0.11125 0.35875 0.14250000000000002 0.38875000000000004 0.16499999999999998 0.3975 0.20375000000000001 0.4025 0.205 0.40750000000000003 0.2 0.41125 0.13374999999999998 0.39875 0.04 0.38625 0.01125 0.3875 0.00625 0.38375 0 0.38625 0 0.40125 0.05125 0.40875000000000006 0.07625 0.40625 0.08125 0.4125 0.0875 0.41 0.09875 0.41500000000000004 0.2125 0.43499999999999994 0.1975 0.44000000000000006 0.1625 0.4325 0.13999999999999999 0.4325 0.09125 0.44749999999999995 0.06 0.46375 0.03625 0.48375 0.01125 0.51125 0 0.53 0 0.805 0.00625 0.81375 0.0225 0.865 0.03 0.9012499999999999 0.03125 0.93625 0.04 0.95875 0.0675 0.9574999999999999 0.09 0.9475 0.12250000000000001 0.92125 0.1625 0.89625 0.1775 0.8825 0.18375 0.8699999999999999 0.19375 0.8637499999999999 0.20125 0.8712500000000001 0.20375000000000001 0.89625 0.21875 0.92125 0.3325 0.99875 0.5525 0.99875 0.5587500000000001 0.9650000000000001 0.585 0.89625 0.5962500000000001 0.82875 0.6012500000000001 0.7424999999999999 0.595 0.73 0.675 0.72875 0.745 0.71 0.8324999999999999 0.6675 0.91875 0.5974999999999999 0.95 0.585 0.99875 0.5825 0.99875 0.53625 0.94375 0.5025000000000001 0.8887499999999999 0.4375 0.83375 0.385 0.7787499999999999 0.34249999999999997 0.72875 0.31124999999999997 0.7025 0.29625 0.6487499999999999 0.27875 0.655 0.27375 0.67 0.2725 0.70125 0.255 0.70375 0.24500000000000002 0.7175 0.23125 0.7275 0.20375000000000001 0.7325 0.20125 0.74375 0.17375000000000002 0.7474999999999999 0.17250000000000001 0.7575000000000001 0.145 0.7575000000000001 0.13374999999999998 0.7625 0.13 0.76625 0.07125000000000001 0.77 0.0675 0.7737499999999999 0.0325 0.78 0.028749999999999998 0.78625 0 0.78 0 0.3175 0