1 0.5237437500000001 0.1825 0.47333125000000004 0.1825 0.47333125000000004 0.236925 0.5237437500000001 0.236925 0.5237437500000001 0.1825
1 0.24716875 0.5375 0.13833125 0.5375 0.13833125 0.61715 0.24716875 0.61715 0.24716875 0.5375
1 0.34350625 0.520875 0.02124375 0.520875 0.02124375 0.7721 0.34350625 0.7721 0.34350625 0.520875
1 0.98803125 0.48644999999999994 0.7512187499999999 0.48644999999999994 0.7512187499999999 0.6405000000000001 0.98803125 0.6405000000000001 0.98803125 0.48644999999999994
1 0.932 0.1704125 0.604125 0.1704125 0.604125 0.34423750000000003 0.932 0.34423750000000003 0.932 0.1704125
1 0.9689937499999999 0.7685500000000001 0.70580625 0.7685500000000001 0.70580625 0.988275 0.9689937499999999 0.988275 0.9689937499999999 0.7685500000000001
1 0.06370624999999999 0.90274375 0.0077687500000000005 0.90274375 0.0077687500000000005 0.95565625 0.06370624999999999 0.95565625 0.06370624999999999 0.90274375
1 0.20116874999999998 0.85845625 0.00378125 0.85845625 0.00378125 0.99211875 0.20116874999999998 0.99211875 0.20116874999999998 0.85845625
1 0.5329875000000001 0.06903125 0.4616375 0.06903125 0.4616375 0.12371875000000002 0.5329875000000001 0.12371875000000002 0.5329875000000001 0.06903125
1 0.06465 0.44266249999999996 0.033625 0.44266249999999996 0.033625 0.46896250000000006 0.06465 0.46896250000000006 0.06465 0.44266249999999996
1 0.3817875 0.31451250000000003 0.3481875 0.31451250000000003 0.3481875 0.34321250000000003 0.3817875 0.34321250000000003 0.3817875 0.31451250000000003
1 0.7963 0.5059812499999999 0.7701 0.5059812499999999 0.7701 0.5272187500000001 0.7963 0.5272187500000001 0.7963 0.5059812499999999
1 0.90993125 0.046468749999999996 0.8791437500000001 0.046468749999999996 0.8791437500000001 0.07480624999999999 0.90993125 0.07480624999999999 0.90993125 0.046468749999999996
1 0.43998125000000005 0.58459375 0.41646875000000005 0.58459375 0.41646875000000005 0.60778125 0.43998125000000005 0.60778125 0.43998125000000005 0.58459375
1 0.9018499999999999 0.4855875 0.874525 0.4855875 0.874525 0.5085625 0.9018499999999999 0.5085625 0.9018499999999999 0.4855875
1 0.1247 0.72718125 0.081725 0.72718125 0.081725 0.76401875 0.1247 0.76401875 0.1247 0.72718125
1 0.06939999999999999 0.5530875 0.005124999999999999 0.5530875 0.005124999999999999 0.6012125 0.06939999999999999 0.6012125 0.06939999999999999 0.5530875
1 0.6144437500000001 1 0.6144437500000001 0.9007 0.44415625 0.9007 0.44415625 1 0.6144437500000001 1
1 0.5600562499999999 0.40570625 0.5209937499999999 0.40570625 0.5209937499999999 0.43854375 0.5600562499999999 0.43854375 0.5600562499999999 0.40570625
1 0.7282375 0.2062375 0.6340625 0.2062375 0.6340625 0.2637375 0.7282375 0.2637375 0.7282375 0.2062375
1 0.4974 0.90871875 0.467925 0.90871875 0.467925 0.9389312500000001 0.4974 0.9389312500000001 0.4974 0.90871875
1 0.83221875 0.821525 0.8006062500000001 0.821525 0.8006062500000001 0.849375 0.83221875 0.849375 0.83221875 0.821525
1 0.8090624999999999 0.9325749999999999 0.7778625 0.9325749999999999 0.7778625 0.9619500000000001 0.8090624999999999 0.9619500000000001 0.8090624999999999 0.9325749999999999
1 0.28989375 0.26430625 0.25893125 0.26430625 0.25893125 0.28891875 0.28989375 0.28891875 0.28989375 0.26430625
1 0.7557750000000001 0.9740624999999999 0.7285999999999999 0.9740624999999999 0.7285999999999999 0.9985875 0.7557750000000001 0.9985875 0.7557750000000001 0.9740624999999999
1 0.40273125 0.38784375 0.37364375 0.38784375 0.37364375 0.41293125 0.40273125 0.41293125 0.40273125 0.38784375
1 0.681625 0.7823249999999999 0.660175 0.7823249999999999 0.660175 0.7997 0.681625 0.7997 0.681625 0.7823249999999999
1 0.68211875 0.21648125000000001 0.64113125 0.21648125000000001 0.64113125 0.25056875 0.68211875 0.25056875 0.68211875 0.21648125000000001
1 0.8284 0.93630625 0.7966 0.93630625 0.7966 0.96506875 0.8284 0.96506875 0.8284 0.93630625
1 0.75546875 1 0.75546875 0.98805 0.73085625 0.98805 0.73085625 1 0.75546875 1
3 0.465 0 0.45875000000000005 0.0075 0.45 0.008749999999999999 0.43499999999999994 0.025 0.43624999999999997 0.03 0.42374999999999996 0.04375 0.4225 0.052500000000000005 0.41375 0.06 0.41 0.0875 0.40374999999999994 0.09375 0.4 0.09125 0.39625 0.10124999999999999 0.38875000000000004 0.10625 0.39 0.11374999999999999 0.3825 0.12 0.38 0.12875 0.3675 0.1375 0.36625 0.14625 0.34249999999999997 0.1675 0.34249999999999997 0.17375000000000002 0.30125 0.21125 0.275 0.225 0.26875 0.2325 0.2625 0.2325 0.255 0.2425 0.2425 0.24625 0.20375000000000001 0.28250000000000003 0.20125 0.28875 0.18875 0.29625 0.185 0.30375 0.1575 0.32 0.13625 0.33999999999999997 0.12625 0.34375 0.11374999999999999 0.35875 0.1025 0.35625 0.1 0.365 0.0875 0.3725 0.09625 0.37625000000000003 0.0875 0.3775 0.07375000000000001 0.39 0.0625 0.41 0.0325 0.43875000000000003 0.03 0.44625000000000004 0.015 0.45375 0 0.47000000000000003 0 0.99875 0.99875 0.99875 0.99875 0 0.77125 0 0.76875 0.00375 0.7625 0 0.75625 0.00625 0.745 0 0.46749999999999997 0 0.465 0