1 0.35204375 0.61725625 0.31098125 0.61725625 0.31098125 0.65544375 0.35204375 0.65544375 0.35204375 0.61725625
1 0.51555 0.7255874999999999 0.492225 0.7255874999999999 0.492225 0.7619625 0.51555 0.7619625 0.51555 0.7255874999999999
1 0.11198749999999999 0.6861312500000001 0.0888375 0.6861312500000001 0.0888375 0.71084375 0.11198749999999999 0.71084375 0.11198749999999999 0.6861312500000001
1 0.623575 0.91644375 0.601525 0.91644375 0.601525 0.93935625 0.623575 0.93935625 0.623575 0.91644375
1 0.5368625 0.8461812500000001 0.5052375 0.8461812500000001 0.5052375 0.8853687499999999 0.5368625 0.8853687499999999 0.5368625 0.8461812500000001
1 0.4385 0.57001875 0.4178 0.57001875 0.4178 0.59823125 0.4385 0.59823125 0.4385 0.57001875
1 0.3860125 0.69005 0.3637375 0.69005 0.3637375 0.719625 0.3860125 0.719625 0.3860125 0.69005
1 0.24713124999999997 0.61039375 0.23076875000000002 0.61039375 0.23076875000000002 0.62823125 0.24713124999999997 0.62823125 0.24713124999999997 0.61039375
1 0.3852375 0.6371749999999999 0.3696375 0.6371749999999999 0.3696375 0.6489499999999999 0.3852375 0.6489499999999999 0.3852375 0.6371749999999999
1 0.37885 0.4371125 0.365775 0.4371125 0.365775 0.4505875 0.37885 0.4505875 0.37885 0.4371125
1 0.4286875 0.6886375 0.4179875 0.6886375 0.4179875 0.6980875 0.4286875 0.6980875 0.4286875 0.6886375
1 0.0583125 0.600425 0.0484875 0.600425 0.0484875 0.6085499999999999 0.0583125 0.6085499999999999 0.0583125 0.600425
1 0.19315 0.69726875 0.182825 0.69726875 0.182825 0.70508125 0.19315 0.70508125 0.19315 0.69726875
1 0.40213124999999994 0.5138499999999999 0.39131875 0.5138499999999999 0.39131875 0.525225 0.40213124999999994 0.525225 0.40213124999999994 0.5138499999999999
1 0.79165 0.65410625 0.778675 0.65410625 0.778675 0.6632687500000001 0.79165 0.6632687500000001 0.79165 0.65410625
1 0.34154375 0.50685625 0.32935625 0.50685625 0.32935625 0.51854375 0.34154375 0.51854375 0.34154375 0.50685625
1 0.715075 0.5232812499999999 0.703875 0.5232812499999999 0.703875 0.53336875 0.715075 0.53336875 0.715075 0.5232812499999999
1 0.28280625000000004 0.6857375 0.26259375 0.6857375 0.26259375 0.7019624999999999 0.28280625000000004 0.7019624999999999 0.28280625000000004 0.6857375
1 0.78628125 0.5666187500000001 0.77426875 0.5666187500000001 0.77426875 0.5779062500000001 0.78628125 0.5779062500000001 0.78628125 0.5666187500000001
1 0.0667875 0.68806875 0.0558375 0.68806875 0.0558375 0.69475625 0.0667875 0.69475625 0.0667875 0.68806875
1 0.7169125000000001 0.494925 0.7039875 0.494925 0.7039875 0.508 0.7169125000000001 0.508 0.7169125000000001 0.494925
1 0.39893125 0.8233 0.38719375 0.8233 0.38719375 0.8319750000000001 0.39893125 0.8319750000000001 0.39893125 0.8233
1 0.76214375 0.5187625 0.7525062499999999 0.5187625 0.7525062499999999 0.5290874999999999 0.76214375 0.5290874999999999 0.76214375 0.5187625
1 0.63561875 0.5354375 0.62513125 0.5354375 0.62513125 0.5456125000000001 0.63561875 0.5456125000000001 0.63561875 0.5354375
1 0.69855625 0.7664375 0.68621875 0.7664375 0.68621875 0.7794625 0.69855625 0.7794625 0.69855625 0.7664375
1 0.7616125 0.72685 0.7510875 0.72685 0.7510875 0.737025 0.7616125 0.737025 0.7616125 0.72685
1 0.86851875 0.5656375 0.85315625 0.5656375 0.85315625 0.5798625000000001 0.86851875 0.5798625000000001 0.86851875 0.5656375
1 0.9414875 0.65381875 0.9305875 0.65381875 0.9305875 0.66355625 0.9414875 0.66355625 0.9414875 0.65381875
1 0.40737500000000004 0.80734375 0.39390000000000003 0.80734375 0.39390000000000003 0.8186312499999999 0.40737500000000004 0.8186312499999999 0.40737500000000004 0.80734375
1 0.5915874999999999 0.41137499999999994 0.5812625 0.41137499999999994 0.5812625 0.42115 0.5915874999999999 0.42115 0.5915874999999999 0.41137499999999994
1 0.96649375 0.5344249999999999 0.9446312499999999 0.5344249999999999 0.9446312499999999 0.551525 0.96649375 0.551525 0.96649375 0.5344249999999999
1 0.9658125 0.632425 0.9502124999999999 0.632425 0.9502124999999999 0.6458999999999999 0.9658125 0.6458999999999999 0.9658125 0.632425
1 0.7015125 0.49311249999999995 0.6900875 0.49311249999999995 0.6900875 0.5049375 0.7015125 0.5049375 0.7015125 0.49311249999999995
1 0.5399875 0.72571875 0.5293375 0.72571875 0.5293375 0.73718125 0.5399875 0.73718125 0.5399875 0.72571875
1 0.87778125 0.83278125 0.86539375 0.83278125 0.86539375 0.84299375 0.87778125 0.84299375 0.87778125 0.83278125
1 0.59358125 0.542675 0.58316875 0.542675 0.58316875 0.554 0.59358125 0.554 0.59358125 0.542675
1 0.34101875000000004 0.7948999999999999 0.32548125 0.7948999999999999 0.32548125 0.806675 0.34101875000000004 0.806675 0.34101875000000004 0.7948999999999999
1 0.5954625 0.56115 0.5852125 0.56115 0.5852125 0.571675 0.5954625 0.571675 0.5954625 0.56115
1 0.54680625 0.83785625 0.5293687499999999 0.83785625 0.5293687499999999 0.8515937499999999 0.54680625 0.8515937499999999 0.54680625 0.83785625
1 0.1024875 0.4386875 0.0925875 0.4386875 0.0925875 0.4475375 0.1024875 0.4475375 0.1024875 0.4386875
1 0.66044375 0.85843125 0.64815625 0.85843125 0.64815625 0.86714375 0.66044375 0.86714375 0.66044375 0.85843125
1 0.9835062499999999 0.5728 0.97449375 0.5728 0.97449375 0.580525 0.9835062499999999 0.580525 0.9835062499999999 0.5728
1 0.47421875 0.630325 0.46523125 0.630325 0.46523125 0.6392 0.47421875 0.6392 0.47421875 0.630325
1 0.56044375 0.81381875 0.54795625 0.81381875 0.54795625 0.82290625 0.56044375 0.82290625 0.56044375 0.81381875
1 0.77876875 0.9147187499999999 0.76713125 0.9147187499999999 0.76713125 0.92513125 0.77876875 0.92513125 0.77876875 0.9147187499999999
1 0.66724375 0.9230750000000001 0.65893125 0.9230750000000001 0.65893125 0.931425 0.66724375 0.931425 0.66724375 0.9230750000000001
1 0.65758125 0.8823437500000001 0.64906875 0.8823437500000001 0.64906875 0.89208125 0.65758125 0.89208125 0.65758125 0.8823437500000001
1 0.8125249999999999 0.8898875 0.8036749999999999 0.8898875 0.8036749999999999 0.8991875 0.8125249999999999 0.8991875 0.8125249999999999 0.8898875
1 0.8225125 0.9262062500000001 0.8083375 0.9262062500000001 0.8083375 0.9370687500000001 0.8225125 0.9370687500000001 0.8225125 0.9262062500000001
1 0.8328374999999999 0.79915625 0.8214625 0.79915625 0.8214625 0.80924375 0.8328374999999999 0.80924375 0.8328374999999999 0.79915625
1 0.8958937499999999 0.65175625 0.87460625 0.65175625 0.87460625 0.67051875 0.8958937499999999 0.67051875 0.8958937499999999 0.65175625
1 0.5014000000000001 0.9272812500000001 0.49275 0.9272812500000001 0.49275 0.93599375 0.5014000000000001 0.93599375 0.5014000000000001 0.9272812500000001
1 0.09519999999999999 0.71856875 0.08399999999999999 0.71856875 0.08399999999999999 0.72478125 0.09519999999999999 0.72478125 0.09519999999999999 0.71856875
1 0.1986375 0.9532375 0.1868625 0.9532375 0.1868625 0.9647375 0.1986375 0.9647375 0.1986375 0.9532375
1 0.2023875 0.650325 0.1862875 0.650325 0.1862875 0.66315 0.2023875 0.66315 0.2023875 0.650325
1 0.51868125 0.9400499999999999 0.50671875 0.9400499999999999 0.50671875 0.9505750000000001 0.51868125 0.9505750000000001 0.51868125 0.9400499999999999
1 0.8351625 0.93835625 0.8249875 0.93835625 0.8249875 0.94641875 0.8351625 0.94641875 0.8351625 0.93835625
1 0.92795625 0.63569375 0.91871875 0.63569375 0.91871875 0.64263125 0.92795625 0.64263125 0.92795625 0.63569375
1 0.23113125 0.4637125 0.21759374999999997 0.4637125 0.21759374999999997 0.4762375 0.23113125 0.4762375 0.23113125 0.4637125
1 0.6433875 0.68986875 0.6280875 0.68986875 0.6280875 0.70465625 0.6433875 0.70465625 0.6433875 0.68986875
1 0.6441125000000001 0.9804562499999999 0.6351875 0.9804562499999999 0.6351875 0.9882937500000001 0.6441125000000001 0.9882937500000001 0.6441125000000001 0.9804562499999999
1 0.33955625 0.414025 0.32156875 0.414025 0.32156875 0.4434 0.33955625 0.4434 0.33955625 0.414025
1 0.8084625000000001 0.97760625 0.7891874999999999 0.97760625 0.7891874999999999 0.98821875 0.8084625000000001 0.98821875 0.8084625000000001 0.97760625
1 0.47955625 0.765725 0.46184375 0.765725 0.46184375 0.7792 0.47955625 0.7792 0.47955625 0.765725
1 0.42996249999999997 0.7584562499999999 0.39816250000000003 0.7584562499999999 0.39816250000000003 0.77961875 0.42996249999999997 0.77961875 0.42996249999999997 0.7584562499999999
1 0.756725 0.6848 0.74815 0.6848 0.74815 0.6940999999999999 0.756725 0.6940999999999999 0.756725 0.6848
1 0.032968750000000005 0.5485 0.00905625 0.5485 0.00905625 0.5677 0.032968750000000005 0.5677 0.032968750000000005 0.5485
1 0.11633125 0.96845625 0.10804375 0.96845625 0.10804375 0.97489375 0.11633125 0.97489375 0.11633125 0.96845625
1 0.26253125 0.54324375 0.25211875 0.54324375 0.25211875 0.55440625 0.26253125 0.55440625 0.26253125 0.54324375
1 0.82394375 0.59675625 0.80203125 0.59675625 0.80203125 0.61419375 0.82394375 0.61419375 0.82394375 0.59675625
1 0.0205375 0.9732312500000001 0.0126375 0.9732312500000001 0.0126375 0.98184375 0.0205375 0.98184375 0.0205375 0.9732312500000001
1 0.6770937499999999 0.4750375 0.65885625 0.4750375 0.65885625 0.48786250000000003 0.6770937499999999 0.48786250000000003 0.6770937499999999 0.4750375
1 0.7210062500000001 0.64168125 0.71064375 0.64168125 0.71064375 0.66201875 0.7210062500000001 0.66201875 0.7210062500000001 0.64168125
1 0.20561250000000003 0.935825 0.1967375 0.935825 0.1967375 0.9460000000000001 0.20561250000000003 0.9460000000000001 0.20561250000000003 0.935825
1 0.63908125 0.58739375 0.6323937500000001 0.58739375 0.6323937500000001 0.59620625 0.63908125 0.59620625 0.63908125 0.58739375
1 0.30285 0.718025 0.277225 0.718025 0.277225 0.73315 0.30285 0.73315 0.30285 0.718025
1 0.84368125 0.27235624999999997 0.83404375 0.27235624999999997 0.83404375 0.28086875 0.84368125 0.28086875 0.84368125 0.27235624999999997
1 0.5971375 0.8398749999999999 0.5903625 0.8398749999999999 0.5903625 0.84665 0.5971375 0.84665 0.5971375 0.8398749999999999
1 0.06614375 0.90754375 0.05673125 0.90754375 0.05673125 0.9215562500000001 0.06614375 0.9215562500000001 0.06614375 0.90754375
1 0.22724375000000002 0.9194687500000001 0.19633125 0.9194687500000001 0.19633125 0.94968125 0.22724375000000002 0.94968125 0.22724375000000002 0.9194687500000001
1 0.9778062500000001 0.9244125000000001 0.95774375 0.9244125000000001 0.95774375 0.9437625000000001 0.9778062500000001 0.9437625000000001 0.9778062500000001 0.9244125000000001
1 0.31608749999999997 0.7491749999999999 0.2942625 0.7491749999999999 0.2942625 0.7820750000000001 0.31608749999999997 0.7820750000000001 0.31608749999999997 0.7491749999999999
1 0.6377125 0.6699437500000001 0.6269375 0.6699437500000001 0.6269375 0.68163125 0.6377125 0.68163125 0.6377125 0.6699437500000001
1 0.49943125000000005 0.86171875 0.47371875 0.86171875 0.47371875 0.8863312499999999 0.49943125000000005 0.8863312499999999 0.49943125000000005 0.86171875
1 0.39223125 0.84158125 0.38461875 0.84158125 0.38461875 0.84884375 0.39223125 0.84884375 0.39223125 0.84158125
1 0.9904999999999999 0.73231875 0.9821500000000001 0.73231875 0.9821500000000001 0.7393562499999999 0.9904999999999999 0.7393562499999999 0.9904999999999999 0.73231875
1 0.18001875 0.29509375000000004 0.14345625 0.29509375000000004 0.14345625 0.31965625000000003 0.18001875 0.31965625000000003 0.18001875 0.29509375000000004
1 0.309 0.38053750000000003 0.2994 0.38053750000000003 0.2994 0.3914375 0.309 0.3914375 0.309 0.38053750000000003
1 0.27851875000000004 0.7355625 0.21708124999999998 0.7355625 0.21708124999999998 0.7536875000000001 0.27851875000000004 0.7536875000000001 0.27851875000000004 0.7355625
3 0 0.72 0.01125 0.725 0.06625 0.73125 0.13999999999999999 0.7474999999999999 0.1925 0.75125 0.26375000000000004 0.74375 0.275 0.73625 0.275 0.725 0.27749999999999997 0.7325 0.28250000000000003 0.72875 0.29375 0.73 0.3 0.75 0.29874999999999996 0.76375 0.305 0.7675 0.305 0.80375 0.3125 0.81875 0.31875 0.82125 0.31375000000000003 0.8275 0.32 0.8275 0.31875 0.83375 0.325 0.8425 0.34750000000000003 0.8574999999999999 0.35750000000000004 0.8699999999999999 0.36124999999999996 0.8675 0.37 0.8825 0.39625 0.9012499999999999 0.4 0.9087500000000001 0.43375 0.93875 0.43875000000000003 0.9324999999999999 0.445 0.94375 0.46375 0.9550000000000001 0.4725 0.95375 0.5325 0.98375 0.54875 0.985 0.5587500000000001 0.99125 0.56375 0.9875 0.5675 0.9925 0.575 0.99375 0.595 0.9925 0.61 0.99875 0.64125 0.99875 0.6575 0.9925 0.6925 0.99375 0.71375 0.985 0.745 0.985 0.755 0.9887499999999999 0.7825 0.9862500000000001 0.79 0.97625 0.8099999999999999 0.97 0.8150000000000001 0.9775 0.84375 0.9662499999999999 0.8699999999999999 0.95 0.95 0.9349999999999999 0.95375 0.9199999999999999 0.94625 0.9199999999999999 0.9412499999999999 0.9099999999999999 0.9175000000000001 0.8975 0.9112500000000001 0.8875 0.9 0.885 0.8887499999999999 0.8612500000000001 0.8724999999999999 0.84375 0.8675 0.845 0.86625 0.8262499999999999 0.8574999999999999 0.8175000000000001 0.86 0.81375 0.85125 0.81125 0.85125 0.79 0.8787499999999999 0.7875 0.9025000000000001 0.77 0.95 0.7150000000000001 0.9775 0.665 0.99125 0.64375 0.99875 0.63875 0.99875 0.545 0.9925 0.545 0.9875 0.5387500000000001 0.9737500000000001 0.54125 0.9625 0.5337500000000001 0.95 0.53625 0.94375 0.53125 0.9237500000000001 0.53 0.89625 0.5175 0.8525 0.50625 0.845 0.5 0.8225 0.49749999999999994 0.8175000000000001 0.4925 0.8012499999999999 0.49124999999999996 0.75625 0.47625 0.7224999999999999 0.475 0.7275 0.47000000000000003 0.72375 0.46749999999999997 0.71375 0.47000000000000003 0.7175 0.475 0.7075 0.475 0.70875 0.46875 0.69875 0.46749999999999997 0.70125 0.45499999999999996 0.69875 0.45875000000000005 0.6900000000000001 0.45499999999999996 0.6950000000000001 0.4525 0.7162499999999999 0.41875 0.7150000000000001 0.39625 0.6875 0.33125 0.65125 0.26625 0.63875 0.21625 0.63 0.1975 0.6287499999999999 0.1975 0.61 0.22875 0.5912499999999999 0.24874999999999997 0.5325 0.27999999999999997 0.43 0.32125 0.40125 0.34249999999999997 0.37 0.35875 0.33375 0.3875 0.3175 0.395 0.31124999999999997 0.3875 0.3125 0.375 0.31625000000000003 0.3725 0.315 0.36124999999999996 0.28250000000000003 0.3375 0.25625 0.3275 0.18875 0.31875 0.1575 0.3 0.12875 0.3375 0.07125000000000001 0.43875000000000003 0.0375 0.52125 0.0375 0.55 0.01875 0.55625 0.02375 0.5625 0.01875 0.56875 0.0125 0.5599999999999999 0 0.5700000000000001 0 0.58125 0.005 0.58 0.0075 0.58375 0 0.585 0 0.72