1 0.42711249999999995 0.68083125 0.3908375 0.68083125 0.3908375 0.72054375 0.42711249999999995 0.72054375 0.42711249999999995 0.68083125
1 0.42384374999999996 0.64015 0.39305625 0.64015 0.39305625 0.6665 0.42384374999999996 0.6665 0.42384374999999996 0.64015
1 0.61861875 0.7741687500000001 0.55325625 0.7741687500000001 0.55325625 0.82348125 0.61861875 0.82348125 0.61861875 0.7741687500000001
1 0.6346375 0.612725 0.5899625000000001 0.612725 0.5899625000000001 0.659725 0.6346375 0.659725 0.6346375 0.612725
1 0.7322375 0.4483625 0.6583875 0.4483625 0.6583875 0.5057375000000001 0.7322375 0.5057375000000001 0.7322375 0.4483625
1 0.21898749999999997 0.80318125 0.1389125 0.80318125 0.1389125 0.85111875 0.21898749999999997 0.85111875 0.21898749999999997 0.80318125
1 0.38739375 0.5847187500000001 0.35040625 0.5847187500000001 0.35040625 0.6135312500000001 0.38739375 0.6135312500000001 0.38739375 0.5847187500000001
1 0.49726875000000004 0.49910625 0.44315625000000003 0.49910625 0.44315625000000003 0.5409437500000001 0.49726875000000004 0.5409437500000001 0.49726875000000004 0.49910625
1 0.181075 0.68929375 0.14045000000000002 0.68929375 0.14045000000000002 0.72378125 0.181075 0.72378125 0.181075 0.68929375
1 0.4781375 0.8196749999999999 0.44178750000000006 0.8196749999999999 0.44178750000000006 0.86295 0.4781375 0.86295 0.4781375 0.8196749999999999
1 0.58795 0.33655625 0.552675 0.33655625 0.552675 0.37536875 0.58795 0.37536875 0.58795 0.33655625
1 0.361325 0.5915874999999999 0.3462 0.5915874999999999 0.3462 0.6125125 0.361325 0.6125125 0.361325 0.5915874999999999
1 0.27080625 0.664675 0.14031875 0.664675 0.14031875 0.766975 0.27080625 0.766975 0.27080625 0.664675
1 0.23961875 0.6362375 0.21570625 0.6362375 0.21570625 0.6538125 0.23961875 0.6538125 0.23961875 0.6362375
1 0.1983625 0.73020625 0.1807875 0.73020625 0.1807875 0.75124375 0.1983625 0.75124375 0.1983625 0.73020625
1 0.73686875 0.36300625000000003 0.70943125 0.36300625000000003 0.70943125 0.39431875 0.73686875 0.39431875 0.73686875 0.36300625000000003
1 0.4435375 0.5303687499999999 0.3572375 0.5303687499999999 0.3572375 0.58683125 0.4435375 0.58683125 0.4435375 0.5303687499999999
1 0.826125 0.3550375 0.796925 0.3550375 0.796925 0.3822625 0.826125 0.3822625 0.826125 0.3550375
1 0.5889249999999999 0.41924374999999997 0.446225 0.41924374999999997 0.446225 0.53143125 0.5889249999999999 0.53143125 0.5889249999999999 0.41924374999999997
1 0.41293749999999996 0.43360624999999997 0.38101250000000003 0.43360624999999997 0.38101250000000003 0.45849375 0.41293749999999996 0.45849375 0.41293749999999996 0.43360624999999997
1 0.39534375 0.5001125 0.36685625 0.5001125 0.36685625 0.5262625 0.39534375 0.5262625 0.39534375 0.5001125
1 0.78958125 0.33145625 0.7582687499999999 0.33145625 0.7582687499999999 0.36581874999999997 0.78958125 0.36581874999999997 0.78958125 0.33145625
1 0.802825 0.7219875 0.74405 0.7219875 0.74405 0.7741125 0.802825 0.7741125 0.802825 0.7219875
1 0.79465625 0.5299625 0.75904375 0.5299625 0.75904375 0.5852625 0.79465625 0.5852625 0.79465625 0.5299625
1 0.25256875 0.5115937500000001 0.21350625 0.5115937500000001 0.21350625 0.5391812500000001 0.25256875 0.5391812500000001 0.25256875 0.5115937500000001
1 0.37095 0.7130625 0.353175 0.7130625 0.353175 0.7361625 0.37095 0.7361625 0.37095 0.7130625
1 0.48200000000000004 0.399725 0.44965 0.399725 0.44965 0.43622500000000003 0.48200000000000004 0.43622500000000003 0.48200000000000004 0.399725
1 0.6460125 0.34563125 0.6039875 0.34563125 0.6039875 0.39021875 0.6460125 0.39021875 0.6460125 0.34563125
1 0.167325 0.80588125 0.145675 0.80588125 0.145675 0.8259437500000001 0.167325 0.8259437500000001 0.167325 0.80588125
1 0.2904875 0.45588749999999995 0.2598125 0.45588749999999995 0.2598125 0.47526250000000003 0.2904875 0.47526250000000003 0.2904875 0.45588749999999995
1 0.67481875 0.76236875 0.64648125 0.76236875 0.64648125 0.78353125 0.67481875 0.78353125 0.67481875 0.76236875
1 0.6293124999999999 0.31130625 0.6021375 0.31130625 0.6021375 0.33371875 0.6293124999999999 0.33371875 0.6293124999999999 0.31130625
1 0.21438125000000002 0.6863875 0.19919375 0.6863875 0.19919375 0.7042375 0.21438125000000002 0.7042375 0.21438125000000002 0.6863875
1 0.5909875 0.5898375 0.5720875000000001 0.5898375 0.5720875000000001 0.6103625 0.5909875 0.6103625 0.5909875 0.5898375
1 0.39478749999999996 0.8425062499999999 0.3806125 0.8425062499999999 0.3806125 0.8576937499999999 0.39478749999999996 0.8576937499999999 0.39478749999999996 0.8425062499999999
1 0.72359375 0.6658875 0.69633125 0.6658875 0.69633125 0.6886125 0.72359375 0.6886125 0.72359375 0.6658875
1 0.6701374999999999 0.40175 0.6374875 0.40175 0.6374875 0.43565 0.6701374999999999 0.43565 0.6701374999999999 0.40175
1 0.63633125 0.58555 0.62049375 0.58555 0.62049375 0.5990249999999999 0.63633125 0.5990249999999999 0.63633125 0.58555
1 0.73015 0.31821875 0.708325 0.31821875 0.708325 0.34878125 0.73015 0.34878125 0.73015 0.31821875
1 0.049993749999999997 0.5448062499999999 0.02648125 0.5448062499999999 0.02648125 0.57239375 0.049993749999999997 0.57239375 0.049993749999999997 0.5448062499999999
1 0.47375625 0.9612562499999999 0.44664374999999995 0.9612562499999999 0.44664374999999995 0.99479375 0.47375625 0.99479375 0.47375625 0.9612562499999999
1 0.8116 0.3879125 0.789975 0.3879125 0.789975 0.4123875 0.8116 0.4123875 0.8116 0.3879125
1 0.3538 0.48053125 0.3298 0.48053125 0.3298 0.50629375 0.3538 0.50629375 0.3538 0.48053125
1 0.31384375000000003 0.7004937499999999 0.29260625 0.7004937499999999 0.29260625 0.71455625 0.31384375000000003 0.71455625 0.31384375000000003 0.7004937499999999
1 0.8121 0.63643125 0.784575 0.63643125 0.784575 0.67411875 0.8121 0.67411875 0.8121 0.63643125
1 0.10608124999999999 0.6475375 0.08459375 0.6475375 0.08459375 0.6659375 0.10608124999999999 0.6659375 0.10608124999999999 0.6475375
1 0.79311875 0.52650625 0.76645625 0.52650625 0.76645625 0.55064375 0.79311875 0.55064375 0.79311875 0.52650625
1 0.8205312499999999 0.43229375000000003 0.79666875 0.43229375000000003 0.79666875 0.46078125 0.8205312499999999 0.46078125 0.8205312499999999 0.43229375000000003
1 0.06678125 0.6424562500000001 0.04484375 0.6424562500000001 0.04484375 0.66224375 0.06678125 0.66224375 0.06678125 0.6424562500000001
1 0.48541249999999997 0.365425 0.4579375 0.365425 0.4579375 0.3875 0.48541249999999997 0.3875 0.48541249999999997 0.365425
1 0.58636875 0.7284437500000001 0.5650062499999999 0.7284437500000001 0.5650062499999999 0.7461562500000001 0.58636875 0.7461562500000001 0.58636875 0.7284437500000001
1 0.027981250000000003 0.9543312500000001 0.00661875 0.9543312500000001 0.00661875 0.9792687499999999 0.027981250000000003 0.9792687499999999 0.027981250000000003 0.9543312500000001
1 0.35223125 0.94660625 0.33721875 0.94660625 0.33721875 0.96646875 0.35223125 0.96646875 0.35223125 0.94660625
1 0.6447437500000001 1 0.6447437500000001 0.958175 0.5408062499999999 0.958175 0.5408062499999999 1 0.6447437500000001 1
1 0.02249375 0.3943875 0.00000625 0.3943875 0.00000625 0.41861249999999994 0.02249375 0.41861249999999994 0.02249375 0.3943875
1 0 0.807775 0.03395 0.807775 0.03395 0.704925 0 0.704925 0 0.807775
1 0.565375 0.41733750000000003 0.5528 0.41733750000000003 0.5528 0.4332375 0.565375 0.4332375 0.565375 0.41733750000000003
1 0.0516 0.41875 0.028000000000000004 0.41875 0.028000000000000004 0.43477499999999997 0.0516 0.43477499999999997 0.0516 0.41875
1 0.062925 0.9150124999999999 0.05 0.9150124999999999 0.05 0.9306875 0.062925 0.9306875 0.062925 0.9150124999999999
1 0.062125 0.9627625 0.0376 0.9627625 0.0376 0.9815625000000001 0.062125 0.9815625000000001 0.062125 0.9627625
1 0.39548125 0.71076875 0.37356875 0.71076875 0.37356875 0.73063125 0.39548125 0.73063125 0.39548125 0.71076875
1 0.57975 0.93216875 0.562825 0.93216875 0.562825 0.94673125 0.57975 0.94673125 0.57975 0.93216875
1 0.16101875000000002 0.55755 0.14928125 0.55755 0.14928125 0.56745 0.16101875000000002 0.56745 0.16101875000000002 0.55755
1 0.5095500000000001 0.47638125000000003 0.462125 0.47638125000000003 0.462125 0.52459375 0.5095500000000001 0.52459375 0.5095500000000001 0.47638125000000003
1 0.056981250000000004 0.7395875000000001 0.03494375 0.7395875000000001 0.03494375 0.7584625 0.056981250000000004 0.7584625 0.056981250000000004 0.7395875000000001
1 0.2939375 0.59685625 0.2812625 0.59685625 0.2812625 0.61114375 0.2939375 0.61114375 0.2939375 0.59685625
1 0.45925625 0.8386812499999999 0.44309374999999995 0.8386812499999999 0.44309374999999995 0.86054375 0.45925625 0.86054375 0.45925625 0.8386812499999999
1 0.70780625 0.68218125 0.67011875 0.68218125 0.67011875 0.70844375 0.70780625 0.70844375 0.70780625 0.68218125
1 0.1447 0.9308062500000001 0.1302 0.9308062500000001 0.1302 0.95201875 0.1447 0.95201875 0.1447 0.9308062500000001
1 0.07464375 0.751525 0.05805625 0.751525 0.05805625 0.7631249999999999 0.07464375 0.7631249999999999 0.07464375 0.751525
1 0.5778749999999999 0.8075749999999999 0.559825 0.8075749999999999 0.559825 0.826225 0.5778749999999999 0.826225 0.5778749999999999 0.8075749999999999
1 0.50036875 0.5714187500000001 0.48840625 0.5714187500000001 0.48840625 0.58288125 0.50036875 0.58288125 0.50036875 0.5714187500000001
1 0.09801875 0.87289375 0.07678125 0.87289375 0.07678125 0.9093312499999999 0.09801875 0.9093312499999999 0.09801875 0.87289375
1 0.48721875 0.87831875 0.47713124999999995 0.87831875 0.47713124999999995 0.89023125 0.48721875 0.89023125 0.48721875 0.87831875
1 0.29078125 0.866725 0.26146875 0.866725 0.26146875 0.8979250000000001 0.29078125 0.8979250000000001 0.29078125 0.866725
1 0.17525625 0.7361125000000001 0.16409374999999998 0.7361125000000001 0.16409374999999998 0.7482624999999999 0.17525625 0.7482624999999999 0.17525625 0.7361125000000001
1 0.8055999999999999 0.7399375 0.6826749999999999 0.7399375 0.6826749999999999 0.8772625 0.8055999999999999 0.8772625 0.8055999999999999 0.7399375
1 0.34838125 0.92923125 0.34009375 0.92923125 0.34009375 0.9379687499999999 0.34838125 0.9379687499999999 0.34838125 0.92923125
1 0.67619375 0.93984375 0.63728125 0.93984375 0.63728125 0.97225625 0.67619375 0.97225625 0.67619375 0.93984375
1 0.35811875 1 0.35811875 0.9474 0.33085624999999996 0.9474 0.33085624999999996 1 0.35811875 1
1 0.8032562499999999 0.22535625 0.78071875 0.22535625 0.78071875 0.25121875 0.8032562499999999 0.25121875 0.8032562499999999 0.22535625
1 0.7925375 0.59955 0.7582375 0.59955 0.7582375 0.6319 0.7925375 0.6319 0.7925375 0.59955
1 0.2864375 0.6659312500000001 0.1447125 0.6659312500000001 0.1447125 0.69636875 0.2864375 0.69636875 0.2864375 0.6659312500000001
1 0.7519812499999999 0.68821875 0.66011875 0.68821875 0.66011875 0.73365625 0.7519812499999999 0.73365625 0.7519812499999999 0.68821875
1 0.188075 0.91415 0.12515 0.91415 0.12515 0.982325 0.188075 0.982325 0.188075 0.91415
1 0.4094875 0.80794375 0.37811249999999996 0.80794375 0.37811249999999996 0.85808125 0.4094875 0.85808125 0.4094875 0.80794375
1 0.112725 0.90796875 0.021175 0.90796875 0.021175 0.9338312500000001 0.112725 0.9338312500000001 0.112725 0.90796875
1 0.76751875 0.42175624999999994 0.66998125 0.42175624999999994 0.66998125 0.46936875 0.76751875 0.46936875 0.76751875 0.42175624999999994
1 0.50275 0.65154375 0.48992500000000005 0.65154375 0.48992500000000005 0.66583125 0.50275 0.66583125 0.50275 0.65154375
1 0.5286187499999999 0.5712375 0.43035625 0.5712375 0.43035625 0.6016125 0.5286187499999999 0.6016125 0.5286187499999999 0.5712375
1 0.7976625 0.76970625 0.7824125000000001 0.76970625 0.7824125000000001 0.8006187499999999 0.7976625 0.8006187499999999 0.7976625 0.76970625
1 0.27063125 0.87105 0.24401875 0.87105 0.24401875 0.900425 0.27063125 0.900425 0.27063125 0.87105
3 0 0.99875 0.645 0.99875 0.6775 0.9625 0.6925 0.9349999999999999 0.76875 0.83375 0.795 0.7787499999999999 0.79125 0.7725 0.795 0.7525000000000001 0.8150000000000001 0.7075 0.82 0.675 0.82125 0.505 0.82875 0.38125 0.85625 0.26 0.86625 0.23625 0.8787499999999999 0.22875 0.8825 0.22000000000000003 0.86625 0.19875 0.8425 0.18375 0.835 0.18375 0.7975 0.1925 0.6925 0.2725 0.63875 0.30125 0.56875 0.32625000000000004 0.4725 0.37 0.39375 0.39125 0.29 0.4325 0.25125000000000003 0.45375 0.11000000000000001 0.545 0.1025 0.5387500000000001 0.095 0.50875 0.0475 0.4 0.025 0.365 0 0.33625 0 0.99875