1 0.80296875 0.37461875 0.7674562500000001 0.37461875 0.7674562500000001 0.40165625 0.80296875 0.40165625 0.80296875 0.37461875
1 0.3293625 0.41268125 0.29646249999999996 0.41268125 0.29646249999999996 0.43671875 0.3293625 0.43671875 0.3293625 0.41268125
1 0.21604375 0.45591875000000004 0.20193124999999998 0.45591875000000004 0.20193124999999998 0.46840624999999997 0.21604375 0.46840624999999997 0.21604375 0.45591875000000004
1 0.7373937500000001 0.34170625 0.72745625 0.34170625 0.72745625 0.35164375 0.7373937500000001 0.35164375 0.7373937500000001 0.34170625
1 0.06563125 0.383325 0.05344375 0.383325 0.05344375 0.39645 0.06563125 0.39645 0.06563125 0.383325
1 0.24874999999999997 0.40431249999999996 0.236125 0.40431249999999996 0.236125 0.4155125 0.24874999999999997 0.4155125 0.24874999999999997 0.40431249999999996
1 0.6184062499999999 0.44303125000000004 0.5895937499999999 0.44303125000000004 0.5895937499999999 0.45541875000000004 0.6184062499999999 0.45541875000000004 0.6184062499999999 0.44303125000000004
1 0.157325 0.50636875 0.146625 0.50636875 0.146625 0.52000625 0.157325 0.52000625 0.157325 0.50636875
1 0.188025 0.41680624999999993 0.179175 0.41680624999999993 0.179175 0.42596875 0.188025 0.42596875 0.188025 0.41680624999999993
1 0.15566875 0.46866874999999997 0.14510625 0.46866874999999997 0.14510625 0.47908125 0.15566875 0.47908125 0.15566875 0.46866874999999997
1 0.39354374999999997 0.78145 0.35793125 0.78145 0.35793125 0.8220750000000001 0.39354374999999997 0.8220750000000001 0.39354374999999997 0.78145
1 0.3883625 0.586075 0.3757875 0.586075 0.3757875 0.5985 0.3883625 0.5985 0.3883625 0.586075
1 0.12268125 0.36145625 0.11326875 0.36145625 0.11326875 0.37046875 0.12268125 0.37046875 0.12268125 0.36145625
1 0.5845625 0.78815625 0.5716875 0.78815625 0.5716875 0.8016937499999999 0.5845625 0.8016937499999999 0.5845625 0.78815625
1 0.59399375 0.21893125000000002 0.58570625 0.21893125000000002 0.58570625 0.22686875 0.59399375 0.22686875 0.59399375 0.21893125000000002
1 0.5451937499999999 0.5611375 0.52315625 0.5611375 0.52315625 0.5775375 0.5451937499999999 0.5775375 0.5451937499999999 0.5611375
1 0.6760625 0.81465625 0.6618375000000001 0.81465625 0.6618375000000001 0.8269437500000001 0.6760625 0.8269437500000001 0.6760625 0.81465625
1 0.0285875 0.3253375 0.0167625 0.3253375 0.0167625 0.33628749999999996 0.0285875 0.33628749999999996 0.0285875 0.3253375
1 0.3504 0.56906875 0.334175 0.56906875 0.334175 0.5842562499999999 0.3504 0.5842562499999999 0.3504 0.56906875
1 0.6859875 0.1886875 0.6763125 0.1886875 0.6763125 0.1968125 0.6859875 0.1968125 0.6859875 0.1886875
1 0.75071875 0.720625 0.7385312500000001 0.720625 0.7385312500000001 0.7325 0.75071875 0.7325 0.75071875 0.720625
1 0.25895 0.49080625 0.24935000000000002 0.49080625 0.24935000000000002 0.50089375 0.25895 0.50089375 0.25895 0.49080625
1 0.57235625 0.19863124999999998 0.56241875 0.19863124999999998 0.56241875 0.20786875 0.57235625 0.20786875 0.57235625 0.19863124999999998
1 0.27915625 0.32777500000000004 0.26966875 0.32777500000000004 0.26966875 0.33530000000000004 0.27915625 0.33530000000000004 0.27915625 0.32777500000000004
1 0.40639375 0.6753312499999999 0.37828125 0.6753312499999999 0.37828125 0.69284375 0.40639375 0.69284375 0.40639375 0.6753312499999999
1 0.66758125 0.2181375 0.65859375 0.2181375 0.65859375 0.22766250000000002 0.66758125 0.22766250000000002 0.66758125 0.2181375
1 0.58403125 0.63255625 0.56441875 0.63255625 0.56441875 0.65846875 0.58403125 0.65846875 0.58403125 0.63255625
1 0.11100625 0.4925125 0.10126874999999999 0.4925125 0.10126874999999999 0.5035875 0.11100625 0.5035875 0.11100625 0.4925125
1 0.9048437500000001 0.44491250000000004 0.88128125 0.44491250000000004 0.88128125 0.4545125 0.9048437500000001 0.4545125 0.9048437500000001 0.44491250000000004
1 0.36446875 0.4163 0.35330625000000004 0.4163 0.35330625000000004 0.428925 0.36446875 0.428925 0.36446875 0.4163
1 0.65785 0.40049375 0.6488 0.40049375 0.6488 0.41005624999999996 0.65785 0.41005624999999996 0.65785 0.40049375
1 0.375875 0.8018375000000001 0.359975 0.8018375000000001 0.359975 0.8212125 0.375875 0.8212125 0.375875 0.8018375000000001
1 0.6182375 0.0813125 0.6093124999999999 0.0813125 0.6093124999999999 0.0888625 0.6182375 0.0888625 0.6182375 0.0813125
1 0.64058125 0.32999999999999996 0.63186875 0.32999999999999996 0.63186875 0.33895 0.64058125 0.33895 0.64058125 0.32999999999999996
1 0.55995 0.3178375 0.551375 0.3178375 0.551375 0.32523749999999996 0.55995 0.32523749999999996 0.55995 0.3178375
1 0.19624999999999998 0.3236 0.18680000000000002 0.3236 0.18680000000000002 0.33215 0.19624999999999998 0.33215 0.19624999999999998 0.3236
1 0.07342499999999999 0.41109999999999997 0.06415 0.41109999999999997 0.06415 0.41994999999999993 0.07342499999999999 0.41994999999999993 0.07342499999999999 0.41109999999999997
1 0.594875 0.29281875 0.586775 0.29281875 0.586775 0.30143125 0.594875 0.30143125 0.594875 0.29281875
1 0.2864625 0.59865625 0.2648125 0.59865625 0.2648125 0.61229375 0.2864625 0.61229375 0.2864625 0.59865625
1 0.527775 0.456975 0.5152 0.456975 0.5152 0.4688 0.527775 0.4688 0.527775 0.456975
1 0.42808124999999997 0.5396375 0.41616875000000003 0.5396375 0.41616875000000003 0.5511874999999999 0.42808124999999997 0.5511874999999999 0.42808124999999997 0.5396375
1 0.82856875 0.38603125 0.81498125 0.38603125 0.81498125 0.40059374999999997 0.82856875 0.40059374999999997 0.82856875 0.38603125
1 0.47879375 0.49546250000000003 0.46798124999999996 0.49546250000000003 0.46798124999999996 0.5055125 0.47879375 0.5055125 0.47879375 0.49546250000000003
1 0.44755 0.46091249999999995 0.43867500000000004 0.46091249999999995 0.43867500000000004 0.4707375 0.44755 0.4707375 0.44755 0.46091249999999995
1 0.655075 0.1004 0.6456999999999999 0.1004 0.6456999999999999 0.109325 0.655075 0.109325 0.655075 0.1004
1 0.5353625 0.31385 0.5251875 0.31385 0.5251875 0.33215 0.5353625 0.33215 0.5353625 0.31385
1 0.5505687499999999 0.47505 0.5392812499999999 0.47505 0.5392812499999999 0.48687500000000006 0.5505687499999999 0.48687500000000006 0.5505687499999999 0.47505
1 0.9425250000000001 0.48351249999999996 0.9324749999999999 0.48351249999999996 0.9324749999999999 0.4940375 0.9425250000000001 0.4940375 0.9425250000000001 0.48351249999999996
1 0.9561624999999999 0.50361875 0.9256624999999999 0.50361875 0.9256624999999999 0.55498125 0.9561624999999999 0.55498125 0.9561624999999999 0.50361875
1 0.50390625 0.8710437499999999 0.45459375 0.8710437499999999 0.45459375 0.89848125 0.50390625 0.89848125 0.50390625 0.8710437499999999
1 0.60556875 0.34740000000000004 0.5965812500000001 0.34740000000000004 0.5965812500000001 0.3567 0.60556875 0.3567 0.60556875 0.34740000000000004
1 0.48490625 0.85966875 0.46236875 0.85966875 0.46236875 0.8874062500000001 0.48490625 0.8874062500000001 0.48490625 0.85966875
1 0.65985625 0.48266875000000004 0.64971875 0.48266875000000004 0.64971875 0.49340624999999994 0.65985625 0.49340624999999994 0.65985625 0.48266875000000004
1 0.7372875 0.52829375 0.7216875 0.52829375 0.7216875 0.5469062499999999 0.7372875 0.5469062499999999 0.7372875 0.52829375
1 0.98688125 0.48244999999999993 0.9799187500000001 0.48244999999999993 0.9799187500000001 0.48922499999999997 0.98688125 0.48922499999999997 0.98688125 0.48244999999999993
1 0.6901625 0.3725 0.6819124999999999 0.3725 0.6819124999999999 0.38532500000000003 0.6901625 0.38532500000000003 0.6901625 0.3725
1 0.1703375 0.6153500000000001 0.1629125 0.6153500000000001 0.1629125 0.6239 0.1703375 0.6239 0.1703375 0.6153500000000001
3 0 0.375 0.04625 0.44375 0.0925 0.5 0.125 0.53125 0.185 0.57875 0.2375 0.61125 0.28625 0.6287499999999999 0.34750000000000003 0.63625 0.335 0.6475 0.3175 0.655 0.2725 0.6525000000000001 0.24125000000000002 0.6625 0.18 0.70125 0.14250000000000002 0.70875 0.13 0.7150000000000001 0.0975 0.7424999999999999 0.09125 0.7575000000000001 0.095 0.76875 0.11000000000000001 0.7575000000000001 0.135 0.74875 0.16125 0.745 0.18 0.73625 0.18625 0.73875 0.18625 0.7474999999999999 0.1675 0.79125 0.16499999999999998 0.8074999999999999 0.1675 0.83125 0.17375000000000002 0.845 0.18125 0.83625 0.1925 0.83375 0.21125 0.82 0.23625 0.8150000000000001 0.24500000000000002 0.805 0.25375000000000003 0.80375 0.3075 0.845 0.38375 0.8724999999999999 0.49749999999999994 0.8949999999999999 0.545 0.9099999999999999 0.5875 0.915 0.63875 0.9324999999999999 0.70125 0.9324999999999999 0.725 0.9237500000000001 0.7575000000000001 0.89625 0.79875 0.8412499999999999 0.82 0.795 0.82125 0.77 0.8125 0.73125 0.7837500000000001 0.66875 0.7575000000000001 0.6325000000000001 0.75875 0.62625 0.7825 0.62625 0.79375 0.63 0.79375 0.62625 0.805 0.61875 0.85375 0.62 0.9037499999999999 0.6425 0.91375 0.64375 0.9887499999999999 0.68125 0.99875 0.6825 0.99875 0.665 0.9949999999999999 0.6625 0.89 0.6174999999999999 0.88125 0.60875 0.9099999999999999 0.595 0.91875 0.5825 0.9237500000000001 0.56375 0.9487500000000001 0.5325 0.9550000000000001 0.49625 0.9400000000000001 0.45999999999999996 0.90625 0.4225 0.8275 0.36375 0.805 0.33875 0.76125 0.2725 0.7325 0.21375000000000002 0.70375 0.1675 0.6837500000000001 0.12250000000000001 0.655 0.08875 0.64625 0.07125000000000001 0.6224999999999999 0.0625 0.6212500000000001 0.0625 0.61 0.065 0.59875 0.07875 0.5700000000000001 0.17124999999999999 0.55 0.205 0.53 0.28875 0.5275000000000001 0.3275 0.5225 0.34375 0.5225 0.3875 0.505 0.40374999999999994 0.48250000000000004 0.39875 0.44125 0.3725 0.41 0.35875 0.30625 0.32625000000000004 0.20625 0.30375 0.1675 0.3 0.10625 0.2875 0 0.27875 0 0.375