1 0.35205000000000003 0.71516875 0.3339 0.71516875 0.3339 0.7326312500000001 0.35205000000000003 0.7326312500000001 0.35205000000000003 0.71516875
1 0.6867687499999999 0.8797625 0.66305625 0.8797625 0.66305625 0.9117124999999999 0.6867687499999999 0.9117124999999999 0.6867687499999999 0.8797625
1 0.75618125 0.91100625 0.71514375 0.91100625 0.71514375 0.94566875 0.75618125 0.94566875 0.75618125 0.91100625
1 0.33793125 0.41651249999999995 0.32481875 0.41651249999999995 0.32481875 0.4317875 0.33793125 0.4317875 0.33793125 0.41651249999999995
1 0.52065625 0.4305625 0.50961875 0.4305625 0.50961875 0.4405375 0.52065625 0.4405375 0.52065625 0.4305625
1 0.6283624999999999 0.20799375000000003 0.6196875000000001 0.20799375000000003 0.6196875000000001 0.21583125 0.6283624999999999 0.21583125 0.6283624999999999 0.20799375000000003
1 0.57860625 0.439175 0.57081875 0.439175 0.57081875 0.446075 0.57860625 0.446075 0.57860625 0.439175
1 0.17923125 0.08837500000000001 0.16866874999999998 0.08837500000000001 0.16866874999999998 0.09705 0.17923125 0.09705 0.17923125 0.08837500000000001
1 0.5655125 0.21000000000000002 0.5546125 0.21000000000000002 0.5546125 0.21945 0.5655125 0.21945 0.5655125 0.21000000000000002
1 0.4953125 0.67496875 0.4885625 0.67496875 0.4885625 0.68245625 0.4953125 0.68245625 0.4953125 0.67496875
1 0.6791375000000001 0.8184374999999999 0.6665625000000001 0.8184374999999999 0.6665625000000001 0.8280375 0.6791375000000001 0.8280375 0.6791375000000001 0.8184374999999999
1 0.93295 0.50448125 0.9235 0.50448125 0.9235 0.51016875 0.93295 0.51016875 0.93295 0.50448125
1 0.18311875 0.580425 0.17748124999999998 0.580425 0.17748124999999998 0.5865750000000001 0.18311875 0.5865750000000001 0.18311875 0.580425
1 0.7475375 0.33395 0.7407375 0.33395 0.7407375 0.34135 0.7475375 0.34135 0.7475375 0.33395
1 0.79883125 0.49243750000000003 0.7900437499999999 0.49243750000000003 0.7900437499999999 0.5017125 0.79883125 0.5017125 0.79883125 0.49243750000000003
1 0.46693749999999995 0.7480249999999999 0.45836249999999995 0.7480249999999999 0.45836249999999995 0.7549 0.46693749999999995 0.7549 0.46693749999999995 0.7480249999999999
1 0.1032125 0.141825 0.0916125 0.141825 0.0916125 0.1487 0.1032125 0.1487 0.1032125 0.141825
3 0.1525 0 0.14125000000000001 0.0375 0.12250000000000001 0.06999999999999999 0.10874999999999999 0.08625000000000001 0.08125 0.10500000000000001 0.05 0.13374999999999998 0.05 0.14250000000000002 0.05625 0.15375 0.06625 0.16125 0.10625 0.18 0.17375000000000002 0.22125 0.32125 0.27749999999999997 0.37374999999999997 0.2875 0.39249999999999996 0.29874999999999996 0.38875000000000004 0.305 0.37124999999999997 0.3075 0.27375 0.3 0.22374999999999998 0.32 0.1825 0.36875 0.17124999999999999 0.395 0.1525 0.41875 0.13125 0.4575 0.1275 0.48250000000000004 0.1325 0.49874999999999997 0.12 0.5175 0.1125 0.5475 0.10874999999999999 0.57125 0.11125 0.59875 0.12 0.6212500000000001 0.13999999999999999 0.6425 0.14875 0.6587500000000001 0.15 0.675 0.155 0.675 0.15125 0.68625 0.1525 0.7 0.1775 0.7775000000000001 0.19 0.8474999999999999 0.20625 0.8787499999999999 0.22125 0.88125 0.23500000000000001 0.8775000000000001 0.29500000000000004 0.83625 0.34249999999999997 0.81375 0.3725 0.8074999999999999 0.395 0.8225 0.41500000000000004 0.8425 0.44875 0.8925000000000001 0.465 0.9087500000000001 0.51125 0.945 0.57125 0.9824999999999999 0.5862499999999999 0.9875 0.6575 0.97875 0.69625 0.985 0.7325 0.99875 0.9475 0.99875 0.9475 0.9887499999999999 0.9375 0.9712500000000001 0.9400000000000001 0.9637499999999999 0.93625 0.95875 0.9324999999999999 0.925 0.9349999999999999 0.85875 0.9400000000000001 0.8387499999999999 0.93875 0.7525000000000001 0.93 0.7375 0.9262499999999999 0.7112499999999999 0.9225 0.70875 0.925 0.7 0.9125 0.665 0.9087500000000001 0.635 0.8975 0.6275000000000001 0.9037499999999999 0.6224999999999999 0.8975 0.6125 0.8925000000000001 0.57625 0.8625 0.52625 0.83625 0.50125 0.8412499999999999 0.49749999999999994 0.8574999999999999 0.49749999999999994 0.8612500000000001 0.5025000000000001 0.885 0.5125 0.9225 0.5225 0.9525 0.5225 0.985 0.5287499999999999 0.99875 0.525 0.99875 0.16 0.93875 0.13999999999999999 0.8800000000000001 0.11000000000000001 0.8237500000000001 0.0875 0.78625 0.08 0.73625 0.08 0.72875 0.06625 0.735 0.017499999999999998 0.73375 0 0.7275 0 0.1525 0