1 0.28726250000000003 0.3755875 0.23598750000000002 0.3755875 0.23598750000000002 0.4207875 0.28726250000000003 0.4207875 0.28726250000000003 0.3755875
1 0.059375 0.3436625 0.0364 0.3436625 0.0364 0.3658125 0.059375 0.3658125 0.059375 0.3436625
1 0.5054375 0.7089562500000001 0.4887125 0.7089562500000001 0.4887125 0.73536875 0.5054375 0.73536875 0.5054375 0.7089562500000001
1 0.326775 0.43730624999999995 0.308475 0.43730624999999995 0.308475 0.45916875 0.326775 0.45916875 0.326775 0.43730624999999995
1 0.2608375 0.1497375 0.2279375 0.1497375 0.2279375 0.1791125 0.2608375 0.1791125 0.2608375 0.1497375
1 0.40482500000000005 0.51658125 0.37887499999999996 0.51658125 0.37887499999999996 0.5390937499999999 0.40482500000000005 0.5390937499999999 0.40482500000000005 0.51658125
1 0.131525 0.52844375 0.11347499999999999 0.52844375 0.11347499999999999 0.54968125 0.131525 0.54968125 0.131525 0.52844375
1 0.7418437499999999 0.1985125 0.7112812500000001 0.1985125 0.7112812500000001 0.23556249999999998 0.7418437499999999 0.23556249999999998 0.7418437499999999 0.1985125
1 0.07994375000000001 0.239025 0.06118125 0.239025 0.06118125 0.256325 0.07994375000000001 0.256325 0.07994375000000001 0.239025
1 0.51363125 0.478475 0.49221875 0.478475 0.49221875 0.49907500000000005 0.51363125 0.49907500000000005 0.51363125 0.478475
1 0.33646875 0.337975 0.32075624999999997 0.337975 0.32075624999999997 0.35635 0.33646875 0.35635 0.33646875 0.337975
1 0.51169375 0.55145625 0.48488125000000004 0.55145625 0.48488125000000004 0.58331875 0.51169375 0.58331875 0.51169375 0.55145625
1 0.763475 0.6329125 0.7443500000000001 0.6329125 0.7443500000000001 0.6571374999999999 0.763475 0.6571374999999999 0.763475 0.6329125
1 0.5199 0.81294375 0.5006 0.81294375 0.5006 0.8403812500000001 0.5199 0.8403812500000001 0.5199 0.81294375
1 0.48733125 0.599575 0.46969374999999997 0.599575 0.46969374999999997 0.62015 0.48733125 0.62015 0.48733125 0.599575
1 0.26658125 0.20773125 0.24464375 0.20773125 0.24464375 0.23124375000000003 0.26658125 0.23124375000000003 0.26658125 0.20773125
1 0.42589375 0.8321500000000001 0.41053125 0.8321500000000001 0.41053125 0.85145 0.42589375 0.85145 0.42589375 0.8321500000000001
1 0.408025 0.80420625 0.3947 0.80420625 0.3947 0.82079375 0.408025 0.82079375 0.408025 0.80420625
1 0.81151875 0.5439 0.79298125 0.5439 0.79298125 0.5645 0.81151875 0.5645 0.81151875 0.5439
1 0.46993124999999997 0.54298125 0.45439375000000004 0.54298125 0.45439375000000004 0.56346875 0.46993124999999997 0.56346875 0.46993124999999997 0.54298125
1 0.55465 0.67601875 0.5352 0.67601875 0.5352 0.69703125 0.55465 0.69703125 0.55465 0.67601875
1 0.88803125 0.5987125 0.86879375 0.5987125 0.86879375 0.6180875 0.88803125 0.6180875 0.88803125 0.5987125
1 0.48068125000000006 0.8027625 0.45926875 0.8027625 0.45926875 0.8407875 0.48068125000000006 0.8407875 0.48068125000000006 0.8027625
1 0.45361250000000003 0.45353750000000004 0.43651249999999997 0.45353750000000004 0.43651249999999997 0.47418750000000004 0.45361250000000003 0.47418750000000004 0.45361250000000003 0.45353750000000004
1 0.8920937500000001 0.62295625 0.87255625 0.62295625 0.87255625 0.64266875 0.8920937500000001 0.64266875 0.8920937500000001 0.62295625
1 0.09741875 0.11184374999999999 0.07835625 0.11184374999999999 0.07835625 0.13108124999999998 0.09741875 0.13108124999999998 0.09741875 0.11184374999999999
1 0.6654687499999999 0.66124375 0.6470312500000001 0.66124375 0.6470312500000001 0.68835625 0.6654687499999999 0.68835625 0.6654687499999999 0.66124375
1 0.1932625 0.5269250000000001 0.1751375 0.5269250000000001 0.1751375 0.5473 0.1932625 0.5473 0.1932625 0.5269250000000001
1 0.5396875 0.2513875 0.5237875 0.2513875 0.5237875 0.2676625 0.5396875 0.2676625 0.5396875 0.2513875
1 0.61198125 0.5918125 0.59601875 0.5918125 0.59601875 0.6113125 0.61198125 0.6113125 0.61198125 0.5918125
1 0.36619375 0.469325 0.34620625 0.469325 0.34620625 0.49455 0.36619375 0.49455 0.36619375 0.469325
1 0.41187500000000005 0.70185625 0.3977 0.70185625 0.3977 0.71904375 0.41187500000000005 0.71904375 0.41187500000000005 0.70185625
1 0.1826375 0.36310625 0.16721250000000001 0.36310625 0.16721250000000001 0.37956875 0.1826375 0.37956875 0.1826375 0.36310625
1 0.8481062500000001 0.6468812500000001 0.8266937499999999 0.6468812500000001 0.8266937499999999 0.66659375 0.8481062500000001 0.66659375 0.8481062500000001 0.6468812500000001
1 0.52116875 0.3276625 0.50715625 0.3276625 0.50715625 0.34273750000000003 0.52116875 0.34273750000000003 0.52116875 0.3276625
1 0.25830000000000003 0.28428749999999997 0.24220000000000003 0.28428749999999997 0.24220000000000003 0.3021375 0.25830000000000003 0.3021375 0.25830000000000003 0.28428749999999997
1 0.6465625 0.08338124999999999 0.6307875000000001 0.08338124999999999 0.6307875000000001 0.09874374999999999 0.6465625 0.09874374999999999 0.6465625 0.08338124999999999
1 0.68625625 0.24695625 0.6672687500000001 0.24695625 0.6672687500000001 0.26816874999999996 0.68625625 0.26816874999999996 0.68625625 0.24695625
1 0.41955625 0.11526875 0.39976875 0.11526875 0.39976875 0.13643125 0.41955625 0.13643125 0.41955625 0.11526875
1 0.31237499999999996 0.7746625 0.29945 0.7746625 0.29945 0.7927125 0.31237499999999996 0.7927125 0.31237499999999996 0.7746625
1 0.68815 0.575275 0.6761 0.575275 0.6761 0.589775 0.68815 0.589775 0.68815 0.575275
1 0.5923125 0.5768875 0.5766375 0.5768875 0.5766375 0.5949875 0.5923125 0.5949875 0.5923125 0.5768875
1 0.187 0.323075 0.16895 0.323075 0.16895 0.33999999999999997 0.187 0.33999999999999997 0.187 0.323075
1 0.6942875 0.7385312500000001 0.6719125 0.7385312500000001 0.6719125 0.7614687499999999 0.6942875 0.7614687499999999 0.6942875 0.7385312500000001
1 0.13195625 0.47736875 0.11646875000000001 0.47736875 0.11646875000000001 0.49528125 0.13195625 0.49528125 0.13195625 0.47736875
1 0.8166249999999999 0.679075 0.799575 0.679075 0.799575 0.695925 0.8166249999999999 0.695925 0.8166249999999999 0.679075
1 0.66905 0.16835625 0.6512749999999999 0.16835625 0.6512749999999999 0.18661875 0.66905 0.18661875 0.66905 0.16835625
1 0.36894375 0.38245 0.35323125 0.38245 0.35323125 0.40075000000000005 0.36894375 0.40075000000000005 0.36894375 0.38245
1 0.33336875 0.14776875 0.30433125 0.14776875 0.30433125 0.18035625 0.33336875 0.18035625 0.33336875 0.14776875
1 0.54615 0.119075 0.523175 0.119075 0.523175 0.145075 0.54615 0.145075 0.54615 0.119075
1 0.37251875 0.49593125000000005 0.35453125 0.49593125000000005 0.35453125 0.51676875 0.37251875 0.51676875 0.37251875 0.49593125000000005
1 0.50608125 0.92125 0.49196875 0.92125 0.49196875 0.940075 0.50608125 0.940075 0.50608125 0.92125
1 0.55955625 0.40626249999999997 0.54591875 0.40626249999999997 0.54591875 0.42236250000000003 0.55955625 0.42236250000000003 0.55955625 0.40626249999999997
1 0.54631875 0.5832625 0.53278125 0.5832625 0.53278125 0.5993625 0.54631875 0.5993625 0.54631875 0.5832625
1 0.6640875 0.55375625 0.6523125000000001 0.55375625 0.6523125000000001 0.56734375 0.6640875 0.56734375 0.6640875 0.55375625
1 0.5652375000000001 0.6549875000000001 0.5519624999999999 0.6549875000000001 0.5519624999999999 0.6741125 0.5652375000000001 0.6741125 0.5652375000000001 0.6549875000000001
1 0.48055000000000003 0.15258750000000001 0.46525 0.15258750000000001 0.46525 0.1701625 0.48055000000000003 0.1701625 0.48055000000000003 0.15258750000000001
1 0.71285 0.68843125 0.700225 0.68843125 0.700225 0.70414375 0.71285 0.70414375 0.71285 0.68843125
1 0.71715625 0.23941249999999997 0.66664375 0.23941249999999997 0.66664375 0.2713375 0.71715625 0.2713375 0.71715625 0.23941249999999997
1 0.21435624999999997 0.0876625 0.16674375 0.0876625 0.16674375 0.1291375 0.21435624999999997 0.1291375 0.21435624999999997 0.0876625
1 0.765225 0.5059625 0.7523500000000001 0.5059625 0.7523500000000001 0.5204125000000001 0.765225 0.5204125000000001 0.765225 0.5059625
1 0.57005625 0.3641375 0.55689375 0.3641375 0.55689375 0.3790375 0.57005625 0.3790375 0.57005625 0.3641375
1 0.52419375 0.16535625 0.5080312499999999 0.16535625 0.5080312499999999 0.18326875 0.52419375 0.18326875 0.52419375 0.16535625
1 0.78305625 0.6655625 0.76284375 0.6655625 0.76284375 0.6840375 0.78305625 0.6840375 0.78305625 0.6655625
1 0.61194375 0.48572499999999996 0.6009562500000001 0.48572499999999996 0.6009562500000001 0.499625 0.61194375 0.499625 0.61194375 0.48572499999999996
1 0.677875 0.15349375 0.660025 0.15349375 0.660025 0.17073125 0.677875 0.17073125 0.677875 0.15349375
1 0.0328125 0.08459375 0.0123625 0.08459375 0.0123625 0.09888125 0.0328125 0.09888125 0.0328125 0.08459375
1 0.35797500000000004 0.55024375 0.344175 0.55024375 0.344175 0.5659562499999999 0.35797500000000004 0.5659562499999999 0.35797500000000004 0.55024375
1 0.6999375 0.8249124999999999 0.6818875 0.8249124999999999 0.6818875 0.8440375 0.6999375 0.8440375 0.6999375 0.8249124999999999
1 0.22768125 0.44890625 0.20639375000000001 0.44890625 0.20639375000000001 0.49444375 0.22768125 0.49444375 0.22768125 0.44890625
1 0.6911625 0.018437500000000002 0.6740625 0.018437500000000002 0.6740625 0.0349625 0.6911625 0.0349625 0.6911625 0.018437500000000002
1 0.68293125 0.84415 0.66569375 0.84415 0.66569375 0.8657999999999999 0.68293125 0.8657999999999999 0.68293125 0.84415
1 0.31833125 0.2898 0.30421875 0.2898 0.30421875 0.3059 0.31833125 0.3059 0.31833125 0.2898
1 0.6421 0.7466875 0.629375 0.7466875 0.629375 0.7630874999999999 0.6421 0.7630874999999999 0.6421 0.7466875
1 0.683525 0.8075187500000001 0.669025 0.8075187500000001 0.669025 0.82430625 0.683525 0.82430625 0.683525 0.8075187500000001
1 0.5068625 0.034818749999999996 0.4926375 0.034818749999999996 0.4926375 0.04983125 0.5068625 0.04983125 0.5068625 0.034818749999999996
1 0.5261750000000001 0.9172062499999999 0.51485 0.9172062499999999 0.51485 0.93336875 0.5261750000000001 0.93336875 0.5261750000000001 0.9172062499999999
1 0.64060625 0.3227125 0.62891875 0.3227125 0.62891875 0.3359875 0.64060625 0.3359875 0.64060625 0.3227125
1 0.5659375 0.7697875 0.5532125 0.7697875 0.5532125 0.7849125 0.5659375 0.7849125 0.5659375 0.7697875
1 0.3021375 0.2209375 0.28623750000000003 0.2209375 0.28623750000000003 0.23976250000000002 0.3021375 0.23976250000000002 0.3021375 0.2209375
1 0.121275 0.16309374999999998 0.10747500000000001 0.16309374999999998 0.10747500000000001 0.17748124999999998 0.121275 0.17748124999999998 0.121275 0.16309374999999998
1 0.37910625 0.33339375000000004 0.36551875 0.33339375000000004 0.36551875 0.34923125 0.37910625 0.34923125 0.37910625 0.33339375000000004
1 0.5482125 0.73385625 0.5347875 0.73385625 0.5347875 0.75051875 0.5482125 0.75051875 0.5482125 0.73385625
1 0.72875625 0.6636124999999999 0.71656875 0.6636124999999999 0.71656875 0.6820875 0.72875625 0.6820875 0.72875625 0.6636124999999999
1 0.46745000000000003 0.8991625000000001 0.456375 0.8991625000000001 0.456375 0.9133374999999999 0.46745000000000003 0.9133374999999999 0.46745000000000003 0.8991625000000001
1 0.7401625000000001 0.1956875 0.7178375 0.1956875 0.7178375 0.2139875 0.7401625000000001 0.2139875 0.7401625000000001 0.1956875
1 0.1377375 0.07654375 0.12081249999999999 0.07654375 0.12081249999999999 0.09155624999999999 0.1377375 0.09155624999999999 0.1377375 0.07654375
1 0.59423125 0.012712499999999998 0.56984375 0.012712499999999998 0.56984375 0.045787499999999995 0.59423125 0.045787499999999995 0.59423125 0.012712499999999998
1 0.7984312499999999 0.73874375 0.78359375 0.73874375 0.78359375 0.75540625 0.7984312499999999 0.75540625 0.7984312499999999 0.73874375
1 0.12049375 0.21620625000000002 0.10008125000000001 0.21620625000000002 0.10008125000000001 0.23641874999999998 0.12049375 0.23641874999999998 0.12049375 0.21620625000000002
1 0.501725 0.37105 0.489 0.37105 0.489 0.38432499999999997 0.501725 0.38432499999999997 0.501725 0.37105
1 0.62938125 0.9104749999999999 0.61084375 0.9104749999999999 0.61084375 0.9323 0.62938125 0.9323 0.62938125 0.9104749999999999
1 0.25534375 0.863675 0.24343125 0.863675 0.24343125 0.8765499999999999 0.25534375 0.8765499999999999 0.25534375 0.863675
1 0.47695 0.4271 0.46299999999999997 0.4271 0.46299999999999997 0.442525 0.47695 0.442525 0.47695 0.4271
1 0.020831250000000003 0.3545125 0.00114375 0.3545125 0.00114375 0.3715625 0.020831250000000003 0.3715625 0.020831250000000003 0.3545125
1 0.8445937499999999 0.73573125 0.8282562499999999 0.73573125 0.8282562499999999 0.75156875 0.8445937499999999 0.75156875 0.8445937499999999 0.73573125
1 0.9799374999999999 0.64281875 0.9409625 0.64281875 0.9409625 0.6862812500000001 0.9799374999999999 0.6862812500000001 0.9799374999999999 0.64281875
1 0.5526187499999999 0.29354375 0.5255062500000001 0.29354375 0.5255062500000001 0.31925625 0.5526187499999999 0.31925625 0.5526187499999999 0.29354375
1 0.46876875 0.949675 0.45848125 0.949675 0.45848125 0.9614499999999999 0.46876875 0.9614499999999999 0.46876875 0.949675
1 0.4149625 0.921775 0.4038875 0.921775 0.4038875 0.9327249999999999 0.4149625 0.9327249999999999 0.4149625 0.921775
1 0.4737125 0.8698 0.46281249999999996 0.8698 0.46281249999999996 0.881175 0.4737125 0.881175 0.4737125 0.8698
1 0.92149375 0.68209375 0.90565625 0.68209375 0.90565625 0.6997312499999999 0.92149375 0.6997312499999999 0.92149375 0.68209375
1 0.2809625 0.85670625 0.2585875 0.85670625 0.2585875 0.87864375 0.2809625 0.87864375 0.2809625 0.85670625
1 0.44424374999999994 0.29128750000000003 0.40780625 0.29128750000000003 0.40780625 0.3332125 0.44424374999999994 0.3332125 0.44424374999999994 0.29128750000000003
1 0.16116875 0.69140625 0.15255625 0.69140625 0.15255625 0.7001937500000001 0.16116875 0.7001937500000001 0.16116875 0.69140625
1 0.08493125 0.5979 0.07584375 0.5979 0.07584375 0.60815 0.08493125 0.60815 0.08493125 0.5979
1 0.019193750000000002 0.8195375 0.01188125 0.8195375 0.01188125 0.8279125 0.019193750000000002 0.8279125 0.019193750000000002 0.8195375
1 0.060962499999999996 0.55778125 0.0523125 0.55778125 0.0523125 0.56819375 0.060962499999999996 0.56819375 0.060962499999999996 0.55778125
1 0.0228625 0.56070625 0.0139375 0.56070625 0.0139375 0.57111875 0.0228625 0.57111875 0.0228625 0.56070625
1 0.0617375 0.6937 0.044887500000000004 0.6937 0.044887500000000004 0.717425 0.0617375 0.717425 0.0617375 0.6937
1 0.0585875 0.5732999999999999 0.050237500000000004 0.5732999999999999 0.050237500000000004 0.5849 0.0585875 0.5849 0.0585875 0.5732999999999999
1 0.2391625 0.57346875 0.2144625 0.57346875 0.2144625 0.59840625 0.2391625 0.59840625 0.2391625 0.57346875
1 0.4349125 0.6054 0.3229125 0.6054 0.3229125 0.634825 0.4349125 0.634825 0.4349125 0.6054
1 0.27623125000000004 0.8868874999999999 0.24134375000000002 0.8868874999999999 0.24134375000000002 0.9207375000000001 0.27623125000000004 0.9207375000000001 0.27623125000000004 0.8868874999999999
1 0.4002625 0.37455625000000003 0.3873375 0.37455625000000003 0.3873375 0.38814375 0.4002625 0.38814375 0.4002625 0.37455625000000003
3 0.01 0 0 0.0075 0 0.4225 0.0375 0.49000000000000005 0.0875 0.56125 0.12 0.57625 0.18 0.5925 0.20625 0.5962500000000001 0.25 0.59375 0.25 0.6025 0.2425 0.61125 0.25625 0.6224999999999999 0.24375 0.62625 0.24 0.6475 0.225 0.67375 0.22875 0.6825 0.22374999999999998 0.68625 0.22125 0.69625 0.21625 0.6900000000000001 0.2125 0.69875 0.20625 0.7275 0.2 0.73375 0.19125 0.7825 0.185 0.7887500000000001 0.18 0.81375 0.185 0.8462500000000001 0.19125 0.8525 0.195 0.865 0.20249999999999999 0.86875 0.20375000000000001 0.8800000000000001 0.24375 0.9199999999999999 0.26749999999999996 0.9349999999999999 0.2925 0.945 0.38 0.9650000000000001 0.41375 0.98125 0.45375 0.9925 0.50875 0.9949999999999999 0.5325 0.99 0.59875 0.95625 0.6275000000000001 0.925 0.6825 0.8862500000000001 0.80625 0.77625 0.8425 0.75125 0.87375 0.7325 0.9025000000000001 0.72375 0.975 0.6849999999999999 0.9824999999999999 0.67 0.985 0.65125 0.975 0.63625 0.9650000000000001 0.62625 0.95 0.6212500000000001 0.9237500000000001 0.6025 0.91625 0.6025 0.9075 0.59375 0.9037499999999999 0.595 0.8724999999999999 0.56875 0.8525 0.5425 0.8474999999999999 0.54875 0.85375 0.5549999999999999 0.845 0.55375 0.845 0.52625 0.8375 0.5237499999999999 0.83625 0.53 0.8300000000000001 0.53 0.82 0.52125 0.82125 0.5175 0.83125 0.5175 0.835 0.52125 0.83375 0.5125 0.82125 0.49749999999999994 0.81375 0.50125 0.8099999999999999 0.49749999999999994 0.8099999999999999 0.48624999999999996 0.77125 0.48125 0.7737499999999999 0.47750000000000004 0.78 0.47874999999999995 0.7837500000000001 0.46624999999999994 0.76625 0.4725 0.76375 0.47874999999999995 0.7575000000000001 0.47625 0.755 0.4725 0.76375 0.47000000000000003 0.77125 0.4575 0.76625 0.45499999999999996 0.76375 0.46125 0.75875 0.46125 0.75875 0.45125000000000004 0.7525000000000001 0.44625000000000004 0.75 0.45125000000000004 0.7424999999999999 0.4525 0.73625 0.44749999999999995 0.74 0.44375 0.73875 0.43875000000000003 0.7275 0.44625000000000004 0.725 0.43875000000000003 0.705 0.4375 0.705 0.445 0.69625 0.44749999999999995 0.6925 0.44125 0.68125 0.44749999999999995 0.6775 0.43875000000000003 0.6849999999999999 0.43499999999999994 0.6849999999999999 0.43125 0.6775 0.43 0.665 0.43499999999999994 0.67625 0.43875000000000003 0.665 0.44749999999999995 0.6625 0.44125 0.65125 0.44375 0.645 0.43499999999999994 0.6525000000000001 0.4175 0.69875 0.3625 0.7150000000000001 0.33375 0.72875 0.3 0.7375 0.26125 0.74375 0.17250000000000001 0.74 0.16625 0.73625 0.10874999999999999 0.7262500000000001 0.07625 0.7212500000000001 0.025 0.7162499999999999 0.0075 0.71 0 0.37 0 0.35 0.04875 0.33375 0.06625 0.32875 0.065 0.325 0.06999999999999999 0.31375000000000003 0.041249999999999995 0.30125 0.03875 0.30375 0.02375 0.29874999999999996 0.01125 0.28375 0 0.27875 0.0075 0.275 0 0.26625 0.0075 0.26125 0.00625 0.25875 0 0.01875 0 0.01 0