1 0.49939999999999996 0.60950625 0.456475 0.60950625 0.456475 0.63636875 0.49939999999999996 0.63636875 0.49939999999999996 0.60950625
1 0.730425 0.5892000000000001 0.6735249999999999 0.5892000000000001 0.6735249999999999 0.621775 0.730425 0.621775 0.730425 0.5892000000000001
1 0.8818374999999999 0.5377875000000001 0.8574125 0.5377875000000001 0.8574125 0.5540125 0.8818374999999999 0.5540125 0.8818374999999999 0.5377875000000001
1 0.66458125 0.8502875 0.6332687499999999 0.8502875 0.6332687499999999 0.8792125000000001 0.66458125 0.8792125000000001 0.66458125 0.8502875
1 0.73813125 0.8637812500000001 0.71206875 0.8637812500000001 0.71206875 0.88426875 0.73813125 0.88426875 0.73813125 0.8637812500000001
1 0.82864375 0.42203749999999995 0.80318125 0.42203749999999995 0.80318125 0.44368749999999996 0.82864375 0.44368749999999996 0.82864375 0.42203749999999995
1 0.97940625 0.5728 0.95711875 0.5728 0.95711875 0.591275 0.97940625 0.591275 0.97940625 0.5728
1 0.82546875 0.6464125000000001 0.7985562500000001 0.6464125000000001 0.7985562500000001 0.6670625 0.82546875 0.6670625 0.82546875 0.6464125000000001
1 0.524875 0.6059625 0.504425 0.6059625 0.504425 0.6235375000000001 0.524875 0.6235375000000001 0.524875 0.6059625
1 0.97085625 0.3597625 0.94321875 0.3597625 0.94321875 0.37706249999999997 0.97085625 0.37706249999999997 0.97085625 0.3597625
1 0.79220625 0.656775 0.7575937500000001 0.656775 0.7575937500000001 0.676225 0.79220625 0.676225 0.79220625 0.656775
1 0.33951875 0.588275 0.30843125 0.588275 0.30843125 0.609975 0.33951875 0.609975 0.33951875 0.588275
1 0.9499437500000001 0.57598125 0.9240812500000001 0.57598125 0.9240812500000001 0.59296875 0.9499437500000001 0.59296875 0.9499437500000001 0.57598125
1 0.13284374999999998 0.8117749999999999 0.09945625 0.8117749999999999 0.09945625 0.8386250000000001 0.13284374999999998 0.8386250000000001 0.13284374999999998 0.8117749999999999
1 0.56014375 0.61389375 0.5316562499999999 0.61389375 0.5316562499999999 0.64195625 0.56014375 0.64195625 0.56014375 0.61389375
1 0.46251875 0.384925 0.43298125 0.384925 0.43298125 0.40365 0.46251875 0.40365 0.46251875 0.384925
1 0.45565 0.8801062500000001 0.43302500000000005 0.8801062500000001 0.43302500000000005 0.90601875 0.45565 0.90601875 0.45565 0.8801062500000001
1 0.45269375 0.54273125 0.41985625000000004 0.54273125 0.41985625000000004 0.5676187500000001 0.45269375 0.5676187500000001 0.45269375 0.54273125
1 0.9142250000000001 0.82935 0.889475 0.82935 0.889475 0.8444750000000001 0.9142250000000001 0.8444750000000001 0.9142250000000001 0.82935
1 0.4531875 0.6476375 0.4218125 0.6476375 0.4218125 0.6775625 0.4531875 0.6775625 0.4531875 0.6476375
1 0.78411875 0.45207499999999995 0.76568125 0.45207499999999995 0.76568125 0.46785 0.78411875 0.46785 0.78411875 0.45207499999999995
1 0.58965625 0.8195874999999999 0.57146875 0.8195874999999999 0.57146875 0.8356875 0.58965625 0.8356875 0.58965625 0.8195874999999999
1 0.8371375000000001 0.7765125 0.8200875 0.7765125 0.8200875 0.7898875000000001 0.8371375000000001 0.7898875000000001 0.8371375000000001 0.7765125
1 0.5910062500000001 0.6094875 0.55841875 0.6094875 0.55841875 0.6346625 0.5910062500000001 0.6346625 0.5910062500000001 0.6094875
1 0.8638875 0.72409375 0.8382625000000001 0.72409375 0.8382625000000001 0.7417312500000001 0.8638875 0.7417312500000001 0.8638875 0.72409375
1 0.25616875 0.59495625 0.22333124999999998 0.59495625 0.22333124999999998 0.62476875 0.25616875 0.62476875 0.25616875 0.59495625
1 0.8019375 0.84354375 0.7742375 0.84354375 0.7742375 0.8634812500000001 0.8019375 0.8634812500000001 0.8019375 0.84354375
1 0.48751249999999996 0.81249375 0.4680625 0.81249375 0.4680625 0.83595625 0.48751249999999996 0.83595625 0.48751249999999996 0.81249375
1 0.76069375 0.88175 0.72563125 0.88175 0.72563125 0.9083 0.76069375 0.9083 0.76069375 0.88175
1 0.902575 0.4828 0.8611000000000001 0.4828 0.8611000000000001 0.5133 0.902575 0.5133 0.902575 0.4828
1 0.5676249999999999 0.8537812499999999 0.530025 0.8537812499999999 0.530025 0.88939375 0.5676249999999999 0.88939375 0.5676249999999999 0.8537812499999999
1 0.74894375 0.6252875 0.71785625 0.6252875 0.71785625 0.6510875 0.74894375 0.6510875 0.74894375 0.6252875
1 0.5806125 0.66758125 0.5600125 0.66758125 0.5600125 0.69081875 0.5806125 0.69081875 0.5806125 0.66758125
1 0.4102 0.6966812499999999 0.387175 0.6966812499999999 0.387175 0.72129375 0.4102 0.72129375 0.4102 0.6966812499999999
1 0.867475 0.79736875 0.8375999999999999 0.79736875 0.8375999999999999 0.81395625 0.867475 0.81395625 0.867475 0.79736875
1 0.501875 0.72891875 0.4747 0.72891875 0.4747 0.7642562500000001 0.501875 0.7642562500000001 0.501875 0.72891875
1 0.39735624999999997 0.61438125 0.35704375 0.61438125 0.35704375 0.65319375 0.39735624999999997 0.65319375 0.39735624999999997 0.61438125
1 0.39315625 0.5743750000000001 0.36074375000000003 0.5743750000000001 0.36074375000000003 0.6102000000000001 0.39315625 0.6102000000000001 0.39315625 0.5743750000000001
1 0.39532500000000004 0.25482499999999997 0.369325 0.25482499999999997 0.369325 0.27105 0.39532500000000004 0.27105 0.39532500000000004 0.25482499999999997
1 0.47450625 0.32447499999999996 0.43956875 0.32447499999999996 0.43956875 0.350825 0.47450625 0.350825 0.47450625 0.32447499999999996
1 0.39685000000000004 0.52755 0.36535 0.52755 0.36535 0.5584 0.39685000000000004 0.5584 0.39685000000000004 0.52755
1 0.9313499999999999 0.87420625 0.907525 0.87420625 0.907525 0.8992437499999999 0.9313499999999999 0.8992437499999999 0.9313499999999999 0.87420625
1 0.71113125 0.870725 0.66776875 0.870725 0.66776875 0.9154 0.71113125 0.9154 0.71113125 0.870725
1 0.12493125000000001 0.8650062500000001 0.09906875000000001 0.8650062500000001 0.09906875000000001 0.89866875 0.12493125000000001 0.89866875 0.12493125000000001 0.8650062500000001
1 0.60404375 0.3141625 0.57565625 0.3141625 0.57565625 0.3357375 0.60404375 0.3357375 0.60404375 0.3141625
1 0.64855 0.9401437500000001 0.611225 0.9401437500000001 0.611225 0.97393125 0.64855 0.97393125 0.64855 0.9401437500000001
1 0.2581875 0.8178375000000001 0.2069125 0.8178375000000001 0.2069125 0.8569625000000001 0.2581875 0.8569625000000001 0.2581875 0.8178375000000001
1 0.5437624999999999 0.6750812500000001 0.5206875 0.6750812500000001 0.5206875 0.69796875 0.5437624999999999 0.69796875 0.5437624999999999 0.6750812500000001
1 0.18024374999999998 0.93804375 0.15203125 0.93804375 0.15203125 0.9643062499999999 0.18024374999999998 0.9643062499999999 0.18024374999999998 0.93804375
1 0.29268125 0.60694375 0.25859375 0.60694375 0.25859375 0.64793125 0.29268125 0.64793125 0.29268125 0.60694375
1 0.2193 0.7673375 0.18280000000000002 0.7673375 0.18280000000000002 0.8068875 0.2193 0.8068875 0.2193 0.7673375
1 0.80763125 0.9264749999999999 0.76951875 0.9264749999999999 0.76951875 0.957325 0.80763125 0.957325 0.80763125 0.9264749999999999
1 0.55443125 0.96780625 0.5305187499999999 0.96780625 0.5305187499999999 0.99214375 0.55443125 0.99214375 0.55443125 0.96780625
1 0.24460625 0.8535812500000001 0.20584375000000002 0.8535812500000001 0.20584375000000002 0.89154375 0.24460625 0.89154375 0.24460625 0.8535812500000001
1 0.5776875 0.35378125 0.5531625 0.35378125 0.5531625 0.37474375000000004 0.5776875 0.37474375000000004 0.5776875 0.35378125
1 0.79349375 0.777325 0.7797562499999999 0.777325 0.7797562499999999 0.80275 0.79349375 0.80275 0.79349375 0.777325
1 0.55063125 0.44304375 0.52261875 0.44304375 0.52261875 0.46028125 0.55063125 0.46028125 0.55063125 0.44304375
1 0.620925 0.625375 0.6075999999999999 0.625375 0.6075999999999999 0.639275 0.620925 0.639275 0.620925 0.625375
1 0.93626875 0.96608125 0.9153062500000001 0.96608125 0.9153062500000001 0.98801875 0.93626875 0.98801875 0.93626875 0.96608125
1 0.39375625 0.8437812499999999 0.33964375 0.8437812499999999 0.33964375 0.87691875 0.39375625 0.87691875 0.39375625 0.8437812499999999
1 0.27643125 0.950225 0.22601875 0.950225 0.22601875 0.9863 0.27643125 0.9863 0.27643125 0.950225
1 0.5024124999999999 0.9130687500000001 0.45168749999999996 0.9130687500000001 0.45168749999999996 0.96388125 0.5024124999999999 0.96388125 0.5024124999999999 0.9130687500000001
1 0.6785375 0.3313875 0.6486125 0.3313875 0.6486125 0.3556125 0.6785375 0.3556125 0.6785375 0.3313875
1 0.6683625 0.6617124999999999 0.6138625 0.6617124999999999 0.6138625 0.7269625 0.6683625 0.7269625 0.6683625 0.6617124999999999
1 0.5743750000000001 0.67074375 0.515475 0.67074375 0.515475 0.7218312499999999 0.5743750000000001 0.7218312499999999 0.5743750000000001 0.67074375
1 0.81875 0.9749062500000001 0.8042999999999999 0.9749062500000001 0.8042999999999999 0.99676875 0.81875 0.99676875 0.81875 0.9749062500000001
1 0.23047499999999999 0.6585375 0.15942499999999998 0.6585375 0.15942499999999998 0.7320875 0.23047499999999999 0.7320875 0.23047499999999999 0.6585375
1 0.5503 0.70698125 0.4751 0.70698125 0.4751 0.76469375 0.5503 0.76469375 0.5503 0.70698125
1 0.9924312499999999 0.44284375000000004 0.9597187500000001 0.44284375000000004 0.9597187500000001 0.46145625 0.9924312499999999 0.46145625 0.9924312499999999 0.44284375000000004
1 0.31175 0.679 0.26197499999999996 0.679 0.26197499999999996 0.7253000000000001 0.31175 0.7253000000000001 0.31175 0.679
1 0.53038125 0.26280625 0.48134375 0.26280625 0.48134375 0.29774375000000003 0.53038125 0.29774375000000003 0.53038125 0.26280625
1 0.41858125 0.93094375 0.33239375 0.93094375 0.33239375 0.98800625 0.41858125 0.98800625 0.41858125 0.93094375
1 0.8997999999999999 0.38818125000000003 0.8580249999999999 0.38818125000000003 0.8580249999999999 0.44286875 0.8997999999999999 0.44286875 0.8997999999999999 0.38818125000000003
1 0.9854125 0.93798125 0.9061875 0.93798125 0.9061875 0.98974375 0.9854125 0.98974375 0.9854125 0.93798125
1 0.68720625 0.44950625000000005 0.66826875 0.44950625000000005 0.66826875 0.46944375000000005 0.68720625 0.46944375000000005 0.68720625 0.44950625000000005
1 0.68076875 0.799975 0.65615625 0.799975 0.65615625 0.833825 0.68076875 0.833825 0.68076875 0.799975
1 0.8005125 0.61483125 0.7883625000000001 0.61483125 0.7883625000000001 0.62539375 0.8005125 0.62539375 0.8005125 0.61483125
1 0 0.9159875 0.040375 0.9159875 0.040375 0.8476874999999999 0 0.8476874999999999 0 0.9159875
1 0.8329625 0.78995625 0.8223125 0.78995625 0.8223125 0.7998937500000001 0.8329625 0.7998937500000001 0.8329625 0.78995625
3 0 0.9125 0.08499999999999999 0.9349999999999999 0.11125 0.9375 0.19125 0.98125 0.205 0.98375 0.22625 0.99875 0.99875 0.99875 0.99875 0.275 0.985 0.2725 0.9412499999999999 0.28250000000000003 0.9075 0.29874999999999996 0.8800000000000001 0.3175 0.86875 0.32999999999999996 0.845 0.3875 0.8387499999999999 0.39125 0.8162499999999999 0.39 0.77125 0.37875000000000003 0.72375 0.35875 0.5700000000000001 0.28250000000000003 0.5349999999999999 0.2725 0.445 0.23625 0.34125 0.205 0.29375 0.17250000000000001 0.28625 0.16125 0.2875 0.1575 0.28375 0.1575 0.275 0.16625 0.27999999999999997 0.185 0.30125 0.20750000000000002 0.32625000000000004 0.22374999999999998 0.34249999999999997 0.2425 0.36625 0.31875 0.41375 0.395 0.4225 0.40499999999999997 0.43125 0.40625 0.4425 0.42125 0.46624999999999994 0.43624999999999997 0.47000000000000003 0.44375 0.48375 0.45125000000000004 0.4925 0.465 0.49749999999999994 0.46125 0.49874999999999997 0.46624999999999994 0.515 0.46875 0.5175 0.47375 0.5287499999999999 0.47625 0.53 0.48250000000000004 0.5387500000000001 0.48624999999999996 0.5337500000000001 0.48875 0.54 0.49749999999999994 0.54625 0.4925 0.54875 0.49874999999999997 0.5675 0.5 0.56375 0.50625 0.5675 0.50625 0.57125 0.51375 0.58375 0.515 0.585 0.525 0.5575 0.5375 0.5237499999999999 0.5425 0.43624999999999997 0.5225 0.39375 0.5225 0.33375 0.54 0.27749999999999997 0.5700000000000001 0.21000000000000002 0.63375 0.145 0.7212500000000001 0.09 0.78 0.042499999999999996 0.81875 0 0.84375 0 0.9125