1 0.8934124999999999 0.6391 0.8715875000000001 0.6391 0.8715875000000001 0.657175 0.8934124999999999 0.657175 0.8934124999999999 0.6391
1 0.88845625 0.67689375 0.87911875 0.67689375 0.87911875 0.6863812499999999 0.88845625 0.6863812499999999 0.88845625 0.67689375
1 0.94236875 0.60828125 0.9306812499999999 0.60828125 0.9306812499999999 0.6182937500000001 0.94236875 0.6182937500000001 0.94236875 0.60828125
1 0.7197 0.79596875 0.709 0.79596875 0.709 0.80658125 0.7197 0.80658125 0.7197 0.79596875
1 0.6044562499999999 0.72998125 0.59281875 0.72998125 0.59281875 0.73779375 0.6044562499999999 0.73779375 0.6044562499999999 0.72998125
1 0.82489375 0.74639375 0.81573125 0.74639375 0.81573125 0.7555562499999999 0.82489375 0.7555562499999999 0.82489375 0.74639375
1 0.36301875 0.74294375 0.35328125 0.74294375 0.35328125 0.75218125 0.36301875 0.75218125 0.36301875 0.74294375
1 0.70173125 0.63720625 0.68694375 0.63720625 0.68694375 0.64794375 0.70173125 0.64794375 0.70173125 0.63720625
1 0.40149999999999997 0.68389375 0.39245 0.68389375 0.39245 0.69403125 0.40149999999999997 0.69403125 0.40149999999999997 0.68389375
1 0.6881125 0.5765875 0.6712625 0.5765875 0.6712625 0.5874875 0.6881125 0.5874875 0.6881125 0.5765875
1 0.8109500000000001 0.79056875 0.80135 0.79056875 0.80135 0.79928125 0.8109500000000001 0.79928125 0.8109500000000001 0.79056875
1 0.54085625 0.84878125 0.53044375 0.84878125 0.53044375 0.86116875 0.54085625 0.86116875 0.54085625 0.84878125
1 0.6845625 0.868625 0.6718875 0.868625 0.6718875 0.8804000000000001 0.6845625 0.8804000000000001 0.6845625 0.868625
1 0.9662625 0.646925 0.9556125 0.646925 0.9556125 0.654825 0.9662625 0.654825 0.9662625 0.646925
1 0.8737187499999999 0.8316062499999999 0.86260625 0.8316062499999999 0.86260625 0.84221875 0.8737187499999999 0.84221875 0.8737187499999999 0.8316062499999999
1 0.76073125 0.45883124999999997 0.74904375 0.45883124999999997 0.74904375 0.46791875000000005 0.76073125 0.46791875000000005 0.76073125 0.45883124999999997
1 0.35883750000000003 0.71380625 0.3481875 0.71380625 0.3481875 0.72466875 0.35883750000000003 0.72466875 0.35883750000000003 0.71380625
1 0.49876875 0.8656312500000001 0.48658124999999997 0.8656312500000001 0.48658124999999997 0.8775437500000001 0.49876875 0.8775437500000001 0.49876875 0.8656312500000001
1 0.32604375 0.48008749999999994 0.31408125 0.48008749999999994 0.31408125 0.4906125 0.32604375 0.4906125 0.32604375 0.48008749999999994
1 0.54884375 0.4139875 0.53710625 0.4139875 0.53710625 0.4229375 0.54884375 0.4229375 0.54884375 0.4139875
1 0.51069375 0.6693125 0.49613125 0.6693125 0.49613125 0.6842125 0.51069375 0.6842125 0.51069375 0.6693125
1 0.7329125000000001 0.71328125 0.7231375 0.71328125 0.7231375 0.72226875 0.7329125000000001 0.72226875 0.7329125000000001 0.71328125
1 0.4256875 0.86639375 0.4102625 0.86639375 0.4102625 0.8787312500000001 0.4256875 0.8787312500000001 0.4256875 0.86639375
1 0.75656875 0.89978125 0.74245625 0.89978125 0.74245625 0.9107687500000001 0.75656875 0.9107687500000001 0.75656875 0.89978125
1 0.6659125 0.7667125 0.6544125000000001 0.7667125 0.6544125000000001 0.7772375 0.6659125 0.7772375 0.6659125 0.7667125
1 0.3571375 0.8660062500000001 0.3469625 0.8660062500000001 0.3469625 0.87716875 0.3571375 0.87716875 0.3571375 0.8660062500000001
1 0.2039875 0.5770062499999999 0.18908750000000002 0.5770062499999999 0.18908750000000002 0.58804375 0.2039875 0.58804375 0.2039875 0.5770062499999999
1 0.270475 0.8728999999999999 0.25539999999999996 0.8728999999999999 0.25539999999999996 0.88785 0.270475 0.88785 0.270475 0.8728999999999999
1 0.5164500000000001 0.9049875000000001 0.5050250000000001 0.9049875000000001 0.5050250000000001 0.9163125000000001 0.5164500000000001 0.9163125000000001 0.5164500000000001 0.9049875000000001
1 0.702975 0.791975 0.69155 0.791975 0.69155 0.80275 0.702975 0.80275 0.702975 0.791975
1 0.33761874999999997 0.63521875 0.31863125000000003 0.63521875 0.31863125000000003 0.65188125 0.33761874999999997 0.65188125 0.33761874999999997 0.63521875
1 0.63058125 0.79864375 0.61941875 0.79864375 0.61941875 0.8097562500000001 0.63058125 0.8097562500000001 0.63058125 0.79864375
1 0.61765 0.80845 0.60695 0.80845 0.60695 0.8185 0.61765 0.8185 0.61765 0.80845
1 0.7628375000000001 0.53514375 0.7449874999999999 0.53514375 0.7449874999999999 0.54395625 0.7628375000000001 0.54395625 0.7628375000000001 0.53514375
1 0.48388749999999997 0.6816687499999999 0.47411250000000005 0.6816687499999999 0.47411250000000005 0.69138125 0.48388749999999997 0.69138125 0.48388749999999997 0.6816687499999999
1 0.6794875 0.71830625 0.6681625 0.71830625 0.6681625 0.7270187499999999 0.6794875 0.7270187499999999 0.6794875 0.71830625
1 0.81935 0.85699375 0.808575 0.85699375 0.808575 0.86663125 0.81935 0.86663125 0.81935 0.85699375
1 0.78745 0.763825 0.776025 0.763825 0.776025 0.773275 0.78745 0.773275 0.78745 0.763825
1 0.6892750000000001 0.79488125 0.67595 0.79488125 0.67595 0.80569375 0.6892750000000001 0.80569375 0.6892750000000001 0.79488125
1 0.28928125 0.766875 0.27956875000000003 0.766875 0.27956875000000003 0.775125 0.28928125 0.775125 0.28928125 0.766875
1 0.5294375 0.6429750000000001 0.5164625 0.6429750000000001 0.5164625 0.656825 0.5294375 0.656825 0.5294375 0.6429750000000001
1 0.23051249999999998 0.5813937499999999 0.2160125 0.5813937499999999 0.2160125 0.5904812500000001 0.23051249999999998 0.5904812500000001 0.23051249999999998 0.5813937499999999
1 0.5712937499999999 0.40951250000000006 0.56250625 0.40951250000000006 0.56250625 0.4176375 0.5712937499999999 0.4176375 0.5712937499999999 0.40951250000000006
1 0.53260625 0.79715 0.52011875 0.79715 0.52011875 0.8102750000000001 0.53260625 0.8102750000000001 0.53260625 0.79715
1 0.5649 0.77830625 0.555225 0.77830625 0.555225 0.78614375 0.5649 0.78614375 0.5649 0.77830625
1 0.7988125 0.95325 0.7881125 0.95325 0.7881125 0.962775 0.7988125 0.962775 0.7988125 0.95325
1 0.6890562499999999 0.8817937499999999 0.67714375 0.8817937499999999 0.67714375 0.8916562499999999 0.6890562499999999 0.8916562499999999 0.6890562499999999 0.8817937499999999
1 0.9165374999999999 0.78325 0.9067125 0.78325 0.9067125 0.792925 0.9165374999999999 0.792925 0.9165374999999999 0.78325
1 0.18764375 0.83150625 0.16808125000000002 0.83150625 0.16808125000000002 0.85111875 0.18764375 0.85111875 0.18764375 0.83150625
1 0.595175 0.8702875000000001 0.584525 0.8702875000000001 0.584525 0.8816625 0.595175 0.8816625 0.595175 0.8702875000000001
1 0.46896250000000006 0.7763 0.45633749999999995 0.7763 0.45633749999999995 0.7901 0.46896250000000006 0.7901 0.46896250000000006 0.7763
1 0.31256875 0.86368125 0.28900625 0.86368125 0.28900625 0.8843687499999999 0.31256875 0.8843687499999999 0.31256875 0.86368125
1 0.93184375 0.6384562500000001 0.92363125 0.6384562500000001 0.92363125 0.64571875 0.93184375 0.64571875 0.93184375 0.6384562500000001
1 0.82965 0.90414375 0.816825 0.90414375 0.816825 0.9151812500000001 0.82965 0.9151812500000001 0.82965 0.90414375
1 0.77614375 0.9678125 0.76095625 0.9678125 0.76095625 0.9804375000000001 0.77614375 0.9804375000000001 0.77614375 0.9678125
1 0.564225 0.51376875 0.554925 0.51376875 0.554925 0.52138125 0.564225 0.52138125 0.564225 0.51376875
1 0.9625937499999999 0.7339625 0.95245625 0.7339625 0.95245625 0.7484625 0.9625937499999999 0.7484625 0.9625937499999999 0.7339625
1 0.20686875 0.87475 0.19133125 0.87475 0.19133125 0.89185 0.20686875 0.89185 0.20686875 0.87475
1 0.62203125 0.8678874999999999 0.60746875 0.8678874999999999 0.60746875 0.8821125000000001 0.62203125 0.8821125000000001 0.62203125 0.8678874999999999
1 0.46586875 0.39666875 0.45600625 0.39666875 0.45600625 0.40753125 0.46586875 0.40753125 0.46586875 0.39666875
1 0.8405374999999999 0.91145625 0.8245125 0.91145625 0.8245125 0.92741875 0.8405374999999999 0.92741875 0.8405374999999999 0.91145625
1 0.40919999999999995 0.91395625 0.396475 0.91395625 0.396475 0.9219937500000001 0.40919999999999995 0.9219937500000001 0.40919999999999995 0.91395625
1 0.461175 0.562775 0.44312500000000005 0.562775 0.44312500000000005 0.5759000000000001 0.461175 0.5759000000000001 0.461175 0.562775
1 0.38845625 0.90755 0.37716875 0.90755 0.37716875 0.9186249999999999 0.38845625 0.9186249999999999 0.38845625 0.90755
1 0.2284125 0.778425 0.2120125 0.778425 0.2120125 0.792875 0.2284125 0.792875 0.2284125 0.778425
1 0.9059250000000001 0.496425 0.8948499999999999 0.496425 0.8948499999999999 0.5045499999999999 0.9059250000000001 0.5045499999999999 0.9059250000000001 0.496425
1 0.79458125 0.5735750000000001 0.7747437500000001 0.5735750000000001 0.7747437500000001 0.5905 0.79458125 0.5905 0.79458125 0.5735750000000001
1 0.82831875 0.9280125 0.81425625 0.9280125 0.81425625 0.9411375 0.82831875 0.9411375 0.82831875 0.9280125
1 0.48546875 0.90969375 0.47743125 0.90969375 0.47743125 0.91843125 0.48546875 0.91843125 0.48546875 0.90969375
1 0.809475 0.9637125 0.796 0.9637125 0.796 0.9786625000000001 0.809475 0.9786625000000001 0.809475 0.9637125
1 0.65159375 0.860675 0.6247812500000001 0.860675 0.6247812500000001 0.87955 0.65159375 0.87955 0.65159375 0.860675
1 0.29071250000000004 0.8859562499999999 0.2673875 0.8859562499999999 0.2673875 0.9011437499999999 0.29071250000000004 0.9011437499999999 0.29071250000000004 0.8859562499999999
1 0.45856874999999997 0.35209375 0.44085625000000006 0.35209375 0.44085625000000006 0.36080625 0.45856874999999997 0.36080625 0.45856874999999997 0.35209375
1 0.3438 0.426375 0.331975 0.426375 0.331975 0.43935 0.3438 0.43935 0.3438 0.426375
1 0.6191687499999999 0.876125 0.58493125 0.876125 0.58493125 0.90805 0.6191687499999999 0.90805 0.6191687499999999 0.876125
1 0.37561875 0.74856875 0.35143125 0.74856875 0.35143125 0.7699812500000001 0.37561875 0.7699812500000001 0.37561875 0.74856875
1 0.8444125 0.91383125 0.8040375 0.91383125 0.8040375 0.9621437500000001 0.8444125 0.9621437500000001 0.8444125 0.91383125
1 0.83415 0.53923125 0.80745 0.53923125 0.80745 0.56134375 0.83415 0.56134375 0.83415 0.53923125
1 0.7532375 0.2982875 0.7301624999999999 0.2982875 0.7301624999999999 0.3203625 0.7532375 0.3203625 0.7532375 0.2982875
1 0.68699375 0.8055249999999999 0.67920625 0.8055249999999999 0.67920625 0.81265 0.68699375 0.81265 0.68699375 0.8055249999999999
1 0.0947125 0.34424375 0.0826625 0.34424375 0.0826625 0.35303125 0.0947125 0.35303125 0.0947125 0.34424375
1 0.9297812499999999 0.45938125 0.92276875 0.45938125 0.92276875 0.46591875 0.9297812499999999 0.46591875 0.9297812499999999 0.45938125
1 0.0275375 0.8852625 0.0177125 0.8852625 0.0177125 0.8911125 0.0275375 0.8911125 0.0275375 0.8852625
1 0.22483749999999997 0.8702875000000001 0.19971250000000002 0.8702875000000001 0.19971250000000002 0.8894875000000001 0.22483749999999997 0.8894875000000001 0.22483749999999997 0.8702875000000001
1 0.48415625 0.87529375 0.47481875 0.87529375 0.47481875 0.8835062499999999 0.48415625 0.8835062499999999 0.48415625 0.87529375
1 0.2772625 0.57503125 0.2661875 0.57503125 0.2661875 0.58511875 0.2772625 0.58511875 0.2772625 0.57503125
1 0.5785812499999999 0.6073125 0.48684374999999996 0.6073125 0.48684374999999996 0.6641625 0.5785812499999999 0.6641625 0.5785812499999999 0.6073125
3 0 0.47625 0.00625 0.47750000000000004 0.00375 0.48125 0.01 0.49000000000000005 0.065 0.5125 0.14750000000000002 0.56875 0.175 0.57875 0.1825 0.585 0.2325 0.595 0.33999999999999997 0.595 0.31875 0.62375 0.305 0.62625 0.30874999999999997 0.63 0.305 0.6375 0.29 0.65125 0.28625 0.66125 0.265 0.6875 0.22000000000000003 0.76625 0.20125 0.8099999999999999 0.18875 0.8275 0.18375 0.825 0.1825 0.8387499999999999 0.1775 0.83625 0.17375000000000002 0.8425 0.16875 0.8400000000000001 0.15375 0.85375 0.145 0.8724999999999999 0.13625 0.87625 0.12625 0.89125 0.14875 0.89625 0.19 0.8925000000000001 0.26375000000000004 0.89375 0.31375000000000003 0.9025000000000001 0.32 0.9075 0.35625 0.915 0.445 0.92875 0.5287499999999999 0.93125 0.5525 0.9275 0.57125 0.91625 0.5974999999999999 0.9075 0.62375 0.8825 0.6425 0.875 0.65625 0.885 0.66875 0.9087500000000001 0.6799999999999999 0.92125 0.6875 0.9237500000000001 0.6849999999999999 0.9275 0.6925 0.9262499999999999 0.6975 0.93125 0.7 0.9425000000000001 0.7162499999999999 0.96 0.72375 0.9625 0.72875 0.9737500000000001 0.7474999999999999 0.9949999999999999 0.7525000000000001 0.99125 0.7575000000000001 0.99875 0.78625 0.99875 0.79875 0.9887499999999999 0.805 0.97 0.8300000000000001 0.9349999999999999 0.8275 0.93 0.83375 0.9275 0.865 0.8887499999999999 0.9324999999999999 0.795 0.9574999999999999 0.7474999999999999 0.9724999999999999 0.69375 0.9737500000000001 0.6212500000000001 0.95875 0.5862499999999999 0.92875 0.5625 0.9099999999999999 0.5549999999999999 0.85875 0.545 0.85625 0.54125 0.9487500000000001 0.49000000000000005 0.99875 0.42625 0.99875 0.3825 0.91375 0.31875 0.875 0.28250000000000003 0.8612500000000001 0.2625 0.8525 0.23125 0.8412499999999999 0.2225 0.82125 0.22374999999999998 0.78625 0.26 0.7625 0.275 0.72875 0.29 0.69625 0.31124999999999997 0.67625 0.31375000000000003 0.6475 0.31 0.61625 0.29874999999999996 0.49749999999999994 0.23374999999999999 0.45125000000000004 0.21625 0.44125 0.21625 0.4375 0.22125 0.44749999999999995 0.2525 0.44125 0.28125 0.43499999999999994 0.28625 0.43499999999999994 0.29625 0.43624999999999997 0.29 0.4425 0.2875 0.445 0.31 0.47000000000000003 0.32875 0.45875000000000005 0.34375 0.3725 0.365 0.29625 0.40374999999999994 0.22374999999999998 0.4325 0.15875 0.4425 0.0675 0.46875 0 0.47000000000000003 0 0.47625