1 0.325475 0.35833125 0.278325 0.35833125 0.278325 0.39701875000000003 0.325475 0.39701875000000003 0.325475 0.35833125
1 0.39163125 0.6184125 0.37644375 0.6184125 0.37644375 0.6335375 0.39163125 0.6335375 0.39163125 0.6184125
1 0.308575 0.5403749999999999 0.291525 0.5403749999999999 0.291525 0.5553250000000001 0.308575 0.5553250000000001 0.308575 0.5403749999999999
1 0.44756875 0.7976125 0.42743125 0.7976125 0.42743125 0.8156625 0.44756875 0.8156625 0.44756875 0.7976125
1 0.336075 0.5506624999999999 0.318225 0.5506624999999999 0.318225 0.5694625 0.336075 0.5694625 0.336075 0.5506624999999999
1 0.10145625 0.42913750000000006 0.08421875 0.42913750000000006 0.08421875 0.44293750000000004 0.10145625 0.44293750000000004 0.10145625 0.42913750000000006
1 0.25585625 0.33355 0.24146874999999998 0.33355 0.24146874999999998 0.34565 0.25585625 0.34565 0.25585625 0.33355
1 0.17584375000000002 0.632025 0.15008125 0.632025 0.15008125 0.6580250000000001 0.17584375000000002 0.6580250000000001 0.17584375000000002 0.632025
1 0.6253124999999999 0.5742499999999999 0.6119875 0.5742499999999999 0.6119875 0.586875 0.6253124999999999 0.586875 0.6253124999999999 0.5742499999999999
1 0.52685 0.54838125 0.514175 0.54838125 0.514175 0.56196875 0.52685 0.56196875 0.52685 0.54838125
1 0.40532500000000005 0.47845000000000004 0.386675 0.47845000000000004 0.386675 0.495175 0.40532500000000005 0.495175 0.40532500000000005 0.47845000000000004
1 0.0511875 0.48064375000000004 0.0331625 0.48064375000000004 0.0331625 0.49543125000000005 0.0511875 0.49543125000000005 0.0511875 0.48064375000000004
1 0.4709625 0.43724375000000004 0.4597125 0.43724375000000004 0.4597125 0.44753125000000005 0.4709625 0.44753125000000005 0.4709625 0.43724375000000004
1 0.4383875 0.45398125 0.4268375 0.45398125 0.4268375 0.46594375 0.4383875 0.46594375 0.4383875 0.45398125
1 0.3876625 0.40225625000000004 0.3745375 0.40225625000000004 0.3745375 0.41659375 0.3876625 0.41659375 0.3876625 0.40225625000000004
1 0.6428499999999999 0.641025 0.628625 0.641025 0.628625 0.6538999999999999 0.6428499999999999 0.6538999999999999 0.6428499999999999 0.641025
1 0.41061249999999994 0.33177500000000004 0.3984625 0.33177500000000004 0.3984625 0.34255 0.41061249999999994 0.34255 0.41061249999999994 0.33177500000000004
1 0.54339375 0.63656875 0.53278125 0.63656875 0.53278125 0.64760625 0.54339375 0.64760625 0.54339375 0.63656875
1 0.31515 0.68718125 0.291775 0.68718125 0.291775 0.71419375 0.31515 0.71419375 0.31515 0.68718125
1 0.22636250000000002 0.43320625 0.2133375 0.43320625 0.2133375 0.44521875 0.22636250000000002 0.44521875 0.22636250000000002 0.43320625
1 0.36911875 0.53653125 0.34815625 0.53653125 0.34815625 0.5533187500000001 0.36911875 0.5533187500000001 0.36911875 0.53653125
1 0.6377312500000001 0.6033937500000001 0.62691875 0.6033937500000001 0.62691875 0.61438125 0.6377312500000001 0.61438125 0.6377312500000001 0.6033937500000001
1 0.19089375 0.35928125 0.17678125 0.35928125 0.17678125 0.37166875 0.19089375 0.37166875 0.19089375 0.35928125
1 0.25674375 0.6484625 0.22835624999999998 0.6484625 0.22835624999999998 0.6767375 0.25674375 0.6767375 0.25674375 0.6484625
1 0.48726250000000004 0.6657625 0.4766125 0.6657625 0.4766125 0.6770125 0.48726250000000004 0.6770125 0.48726250000000004 0.6657625
1 0.33543124999999996 0.5040125 0.32374375 0.5040125 0.32374375 0.5145375 0.33543124999999996 0.5145375 0.33543124999999996 0.5040125
1 0.45294375000000003 0.6925874999999999 0.43183125 0.6925874999999999 0.43183125 0.7126875 0.45294375000000003 0.7126875 0.45294375000000003 0.6925874999999999
1 0.6015125 0.6130375 0.5908625 0.6130375 0.5908625 0.6232875 0.6015125 0.6232875 0.6015125 0.6130375
1 0.36982499999999996 0.27371249999999997 0.35772499999999996 0.27371249999999997 0.35772499999999996 0.28683749999999997 0.36982499999999996 0.28683749999999997 0.36982499999999996 0.27371249999999997
1 0.1173 0.72909375 0.093875 0.72909375 0.093875 0.74943125 0.1173 0.74943125 0.1173 0.72909375
1 0.29116875000000003 0.502825 0.28060625 0.502825 0.28060625 0.5128 0.29116875000000003 0.5128 0.29116875000000003 0.502825
1 0.4252375 0.17994375 0.4126625 0.17994375 0.4126625 0.19213125 0.4252375 0.19213125 0.4252375 0.17994375
1 0.4293 0.68724375 0.415925 0.68724375 0.415925 0.69948125 0.4293 0.69948125 0.4293 0.68724375
1 0.25819375 0.6197125 0.24570625000000001 0.6197125 0.24570625000000001 0.6312625 0.25819375 0.6312625 0.25819375 0.6197125
1 0.2833875 0.28064374999999997 0.2703125 0.28064374999999997 0.2703125 0.29163125 0.2833875 0.29163125 0.2833875 0.28064374999999997
1 0.67053125 0.58106875 0.6585687499999999 0.58106875 0.6585687499999999 0.59275625 0.67053125 0.59275625 0.67053125 0.58106875
1 0.3813875 0.69101875 0.3686125 0.69101875 0.3686125 0.70350625 0.3813875 0.70350625 0.3813875 0.69101875
1 0.1693625 0.47675625000000005 0.1580375 0.47675625000000005 0.1580375 0.48661875 0.1693625 0.48661875 0.1693625 0.47675625000000005
1 0.11358125 0.7130375 0.10284374999999998 0.7130375 0.10284374999999998 0.7234875 0.11358125 0.7234875 0.11358125 0.7130375
1 0.48116875 0.347275 0.47245625 0.347275 0.47245625 0.35585 0.48116875 0.35585 0.48116875 0.347275
1 0.33770625 0.8009875 0.32734375 0.8009875 0.32734375 0.8113125 0.33770625 0.8113125 0.33770625 0.8009875
1 0.2371625 0.88538125 0.22718750000000001 0.88538125 0.22718750000000001 0.89684375 0.2371625 0.89684375 0.2371625 0.88538125
1 0.27024375 0.9288125 0.25660625000000004 0.9288125 0.25660625000000004 0.9432625 0.27024375 0.9432625 0.27024375 0.9288125
1 0.34954375 0.41473125 0.33893125 0.41473125 0.33893125 0.42414375 0.34954375 0.42414375 0.34954375 0.41473125
1 0.054674999999999994 0.8978999999999999 0.0445 0.8978999999999999 0.0445 0.9097250000000001 0.054674999999999994 0.9097250000000001 0.054674999999999994 0.8978999999999999
1 0.14245000000000002 0.91523125 0.119025 0.91523125 0.119025 0.9333937499999999 0.14245000000000002 0.9333937499999999 0.14245000000000002 0.91523125
1 0.3634625 0.8309124999999999 0.3430875 0.8309124999999999 0.3430875 0.8468125000000001 0.3634625 0.8468125000000001 0.3634625 0.8309124999999999
1 0.396 0.84013125 0.38475000000000004 0.84013125 0.38475000000000004 0.85419375 0.396 0.85419375 0.396 0.84013125
1 0.09719375 0.7945125 0.08725625000000001 0.7945125 0.08725625000000001 0.8041124999999999 0.09719375 0.8041124999999999 0.09719375 0.7945125
1 0.4429875 0.45447499999999996 0.3836625 0.45447499999999996 0.3836625 0.49915000000000004 0.4429875 0.49915000000000004 0.4429875 0.45447499999999996
1 0.3948375 0.7462125000000001 0.3859125 0.7462125000000001 0.3859125 0.7557375000000001 0.3948375 0.7557375000000001 0.3948375 0.7462125000000001
3 0 0.9925 0.00375 0.99875 0.08499999999999999 0.99875 0.12125 0.9949999999999999 0.1275 0.99875 0.185 0.99875 0.2125 0.9925 0.21875 0.9962500000000001 0.27 0.99875 0.27999999999999997 0.9949999999999999 0.2925 0.9949999999999999 0.2975 0.99875 0.31124999999999997 0.99875 0.31375000000000003 0.9949999999999999 0.36625 0.99875 0.40374999999999994 0.9949999999999999 0.42625 0.99875 0.43499999999999994 0.99375 0.4375 0.9775 0.4425 0.975 0.45 0.9525 0.45 0.9425000000000001 0.44375 0.9337500000000001 0.4375 0.93625 0.4375 0.92875 0.44375 0.9262499999999999 0.4375 0.9199999999999999 0.44000000000000006 0.9112500000000001 0.43499999999999994 0.87625 0.41624999999999995 0.845 0.42374999999999996 0.8387499999999999 0.43499999999999994 0.8412499999999999 0.43875000000000003 0.8375 0.465 0.84375 0.47000000000000003 0.8412499999999999 0.48125 0.84375 0.48125 0.85 0.49124999999999996 0.85125 0.495 0.8474999999999999 0.49625 0.86 0.52125 0.8724999999999999 0.5599999999999999 0.87375 0.5587500000000001 0.8699999999999999 0.5325 0.85875 0.5175 0.845 0.50875 0.84375 0.4925 0.8300000000000001 0.46125 0.81375 0.47125000000000006 0.805 0.5 0.795 0.5175 0.76625 0.5575 0.755 0.56375 0.75 0.58875 0.7462500000000001 0.62 0.7262500000000001 0.64625 0.69875 0.66625 0.6675 0.6775 0.63 0.68125 0.5825 0.68125 0.5525 0.66625 0.50125 0.6537499999999999 0.47750000000000004 0.64625 0.47125000000000006 0.6325000000000001 0.485 0.6174999999999999 0.4875 0.5875 0.47375 0.5387500000000001 0.43624999999999997 0.48375 0.30874999999999997 0.48125 0.27999999999999997 0.46875 0.2425 0.46125 0.18125 0.43375 0.145 0.43125 0.145 0.40374999999999994 0.15375 0.35 0.16 0.33375 0.16999999999999998 0.3225 0.17124999999999999 0.30625 0.18375 0.28250000000000003 0.2125 0.27999999999999997 0.2225 0.2625 0.24 0.22000000000000003 0.265 0.20625 0.27999999999999997 0.18875 0.28875 0.14625 0.32625000000000004 0.125 0.33125 0.1025 0.33125 0.08 0.33999999999999997 0.05375 0.34375 0.0325 0.34375 0 0.33625 0 0.9925