1 0.62536875 0.23250625 0.58083125 0.23250625 0.58083125 0.28029375 0.62536875 0.28029375 0.62536875 0.23250625
1 0.7020125 0.39499375 0.6683375 0.39499375 0.6683375 0.43370625 0.7020125 0.43370625 0.7020125 0.39499375
1 0.651875 0.47249375000000005 0.6362 0.47249375000000005 0.6362 0.48845625000000004 0.651875 0.48845625000000004 0.651875 0.47249375000000005
1 0.55881875 0.3179375 0.53785625 0.3179375 0.53785625 0.3402625 0.55881875 0.3402625 0.55881875 0.3179375
1 0.42341249999999997 0.47736875 0.4076375 0.47736875 0.4076375 0.49333125000000005 0.42341249999999997 0.49333125000000005 0.42341249999999997 0.47736875
1 0.68303125 0.351675 0.66559375 0.351675 0.66559375 0.369525 0.68303125 0.369525 0.68303125 0.351675
1 0.53193125 0.58089375 0.51494375 0.58089375 0.51494375 0.59880625 0.53193125 0.59880625 0.53193125 0.58089375
1 0.9404562500000001 0.38455625000000004 0.92379375 0.38455625000000004 0.92379375 0.40206875000000003 0.9404562500000001 0.40206875000000003 0.9404562500000001 0.38455625000000004
1 0.8358187499999999 0.38229375 0.81458125 0.38229375 0.81458125 0.39993124999999996 0.8358187499999999 0.39993124999999996 0.8358187499999999 0.38229375
1 0.5494 0.444475 0.53555 0.444475 0.53555 0.4569 0.5494 0.4569 0.5494 0.444475
1 0.7281625 0.39305 0.7142125 0.39305 0.7142125 0.407725 0.7281625 0.407725 0.7281625 0.39305
1 0.35541875 0.23801250000000002 0.34135624999999997 0.23801250000000002 0.34135624999999997 0.2553875 0.35541875 0.2553875 0.35541875 0.23801250000000002
1 0.31486875 0.3488875 0.30133125 0.3488875 0.30133125 0.3649875 0.31486875 0.3649875 0.31486875 0.3488875
1 0.9074562500000001 0.30938750000000004 0.88649375 0.30938750000000004 0.88649375 0.3327125 0.9074562500000001 0.3327125 0.9074562500000001 0.30938750000000004
1 0.55121875 0.10014375 0.51713125 0.10014375 0.51713125 0.13093125 0.55121875 0.13093125 0.55121875 0.10014375
1 0.62956875 0.1703125 0.61360625 0.1703125 0.61360625 0.18808750000000002 0.62956875 0.18808750000000002 0.62956875 0.1703125
1 0.67891875 0.49860625000000003 0.6677562499999999 0.49860625000000003 0.6677562499999999 0.51214375 0.67891875 0.51214375 0.67891875 0.49860625000000003
1 0.5616625 0.67254375 0.5486875 0.67254375 0.5486875 0.68488125 0.5616625 0.68488125 0.5616625 0.67254375
1 0.5194875 0.1920625 0.5029625 0.1920625 0.5029625 0.20783749999999998 0.5194875 0.20783749999999998 0.5194875 0.1920625
1 0.9242000000000001 0.34149375000000004 0.9048999999999999 0.34149375000000004 0.9048999999999999 0.36065625 0.9242000000000001 0.36065625 0.9242000000000001 0.34149375000000004
1 0.6045874999999999 0.33933749999999996 0.5917125000000001 0.33933749999999996 0.5917125000000001 0.3520625 0.6045874999999999 0.3520625 0.6045874999999999 0.33933749999999996
1 0.73238125 0.141575 0.71879375 0.141575 0.71879375 0.1548 0.73238125 0.1548 0.73238125 0.141575
1 0.97336875 0.66531875 0.9592562499999999 0.66531875 0.9592562499999999 0.68330625 0.97336875 0.68330625 0.97336875 0.66531875
1 0.32513125 0.19645625 0.30866875 0.19645625 0.30866875 0.21369375000000002 0.32513125 0.21369375000000002 0.32513125 0.19645625
1 0.53346875 0.3005625 0.52123125 0.3005625 0.52123125 0.3127125 0.53346875 0.3127125 0.53346875 0.3005625
1 0.59165625 0.88376875 0.57044375 0.88376875 0.57044375 0.9062812499999999 0.59165625 0.9062812499999999 0.59165625 0.88376875
1 0.38675625 0.60771875 0.37301875 0.60771875 0.37301875 0.62178125 0.38675625 0.62178125 0.38675625 0.60771875
1 0.62714375 0.581475 0.61308125 0.581475 0.61308125 0.595275 0.62714375 0.595275 0.62714375 0.581475
1 0.82745625 0.60954375 0.80731875 0.60954375 0.80731875 0.63165625 0.82745625 0.63165625 0.82745625 0.60954375
1 0.8809125 0.701675 0.8690875 0.701675 0.8690875 0.717275 0.8809125 0.717275 0.8809125 0.701675
1 0.8386125 0.055343750000000004 0.7824875 0.055343750000000004 0.7824875 0.10738125000000001 0.8386125 0.10738125000000001 0.8386125 0.055343750000000004
1 0.57965 0.23295 0.562925 0.23295 0.562925 0.248975 0.57965 0.248975 0.57965 0.23295
1 0.67389375 0.08661875 0.65910625 0.08661875 0.65910625 0.09978125 0.67389375 0.09978125 0.67389375 0.08661875
1 0.9603125 0.337925 0.9430125 0.337925 0.9430125 0.3564 0.9603125 0.3564 0.9603125 0.337925
1 0.3100625 0.2398 0.2924875 0.2398 0.2924875 0.2536 0.3100625 0.2536 0.3100625 0.2398
1 0.4326125 0.10311875 0.4145625 0.10311875 0.4145625 0.13283125 0.4326125 0.13283125 0.4326125 0.10311875
1 0.8580625 0.18969375 0.8431124999999999 0.18969375 0.8431124999999999 0.20923124999999998 0.8580625 0.20923124999999998 0.8580625 0.18969375
1 0.7160062500000001 0.191125 0.7009937500000001 0.191125 0.7009937500000001 0.20415 0.7160062500000001 0.20415 0.7160062500000001 0.191125
1 0.672525 0.40145 0.6595 0.40145 0.6595 0.41447500000000004 0.672525 0.41447500000000004 0.672525 0.40145
1 0.61805625 0.20406249999999998 0.60556875 0.20406249999999998 0.60556875 0.21683750000000002 0.61805625 0.21683750000000002 0.61805625 0.20406249999999998
1 0.57664375 0.76373125 0.56495625 0.76373125 0.56495625 0.77434375 0.57664375 0.77434375 0.57664375 0.76373125
1 0.9939625 0.4298875 0.9708875000000001 0.4298875 0.9708875000000001 0.4680625 0.9939625 0.4680625 0.9939625 0.4298875
1 0.84015625 0.32401875 0.82586875 0.32401875 0.82586875 0.33858125 0.84015625 0.33858125 0.84015625 0.32401875
1 0.54754375 0.34751875 0.5364312499999999 0.34751875 0.5364312499999999 0.36000624999999997 0.54754375 0.36000624999999997 0.54754375 0.34751875
1 0.7241125 0.820025 0.7114375 0.820025 0.7114375 0.8333 0.7241125 0.8333 0.7241125 0.820025
1 0.50035 0.32986875000000004 0.4894 0.32986875000000004 0.4894 0.34103125 0.50035 0.34103125 0.50035 0.32986875000000004
1 0.7222625 0.8439249999999999 0.7093875 0.8439249999999999 0.7093875 0.85725 0.7222625 0.85725 0.7222625 0.8439249999999999
1 0.8702624999999999 0.3245 0.8563124999999999 0.3245 0.8563124999999999 0.339575 0.8702624999999999 0.339575 0.8702624999999999 0.3245
1 0.5332874999999999 0.1128625 0.5194375 0.1128625 0.5194375 0.1290875 0.5332874999999999 0.1290875 0.5332874999999999 0.1128625
1 0.71510625 0.33386875 0.70286875 0.33386875 0.70286875 0.34583125 0.71510625 0.34583125 0.71510625 0.33386875
1 0.98575 0.43600000000000005 0.973225 0.43600000000000005 0.973225 0.450225 0.98575 0.450225 0.98575 0.43600000000000005
1 0.69320625 0.2177 0.67886875 0.2177 0.67886875 0.23102499999999998 0.69320625 0.23102499999999998 0.69320625 0.2177
1 0.9680312499999999 0.7340875 0.95579375 0.7340875 0.95579375 0.7473625 0.9680312499999999 0.7473625 0.9680312499999999 0.7340875
1 0.59763125 0.7273375 0.5879187499999999 0.7273375 0.5879187499999999 0.7375125 0.59763125 0.7375125 0.59763125 0.7273375
1 0.342325 0.23354375 0.32955 0.23354375 0.32955 0.24838125 0.342325 0.24838125 0.342325 0.23354375
1 0.699125 0.2778875 0.68565 0.2778875 0.68565 0.29046249999999996 0.699125 0.29046249999999996 0.699125 0.2778875
1 0.27879375 0.39215625 0.26710625 0.39215625 0.26710625 0.40569375 0.27879375 0.40569375 0.27879375 0.39215625
1 0.5357375 0.61428125 0.5218875 0.61428125 0.5218875 0.62889375 0.5357375 0.62889375 0.5357375 0.61428125
1 0.62349375 0.02809375 0.60795625 0.02809375 0.60795625 0.045331250000000003 0.62349375 0.045331250000000003 0.62349375 0.02809375
1 0.9399374999999999 0.273825 0.9272625 0.273825 0.9272625 0.2872 0.9399374999999999 0.2872 0.9399374999999999 0.273825
1 0.6767937500000001 0.0410625 0.66305625 0.0410625 0.66305625 0.054337500000000004 0.6767937500000001 0.054337500000000004 0.6767937500000001 0.0410625
1 0.82025 0.30389374999999996 0.807675 0.30389374999999996 0.807675 0.31623125 0.82025 0.31623125 0.82025 0.30389374999999996
1 0.12430625 0.9420187500000001 0.11201874999999999 0.9420187500000001 0.11201874999999999 0.96325625 0.12430625 0.96325625 0.12430625 0.9420187500000001
1 0.6502687500000001 0.864425 0.63978125 0.864425 0.63978125 0.8757999999999999 0.6502687500000001 0.8757999999999999 0.6502687500000001 0.864425
1 0.8108875 0.81479375 0.8004374999999999 0.81479375 0.8004374999999999 0.82583125 0.8108875 0.82583125 0.8108875 0.81479375
1 0.55684375 0.82564375 0.54765625 0.82564375 0.54765625 0.83645625 0.55684375 0.83645625 0.55684375 0.82564375
1 0.40563125 0.89966875 0.39416875 0.89966875 0.39416875 0.9118562499999999 0.40563125 0.9118562499999999 0.40563125 0.89966875
1 0.866225 0.60290625 0.85545 0.60290625 0.85545 0.6148687500000001 0.866225 0.6148687500000001 0.866225 0.60290625
1 0.8279875000000001 0.8631375 0.8155625000000001 0.8631375 0.8155625000000001 0.8770875 0.8279875000000001 0.8770875 0.8279875000000001 0.8631375
1 0.45010000000000006 0.3747 0.4337 0.3747 0.4337 0.40069999999999995 0.45010000000000006 0.40069999999999995 0.45010000000000006 0.3747
1 0.7772812499999999 0.04306875 0.7637437499999999 0.04306875 0.7637437499999999 0.06215625 0.7772812499999999 0.06215625 0.7772812499999999 0.04306875
1 0.0306625 0.6029375 0.0079375 0.6029375 0.0079375 0.6324125 0.0306625 0.6324125 0.0306625 0.6029375
1 0.55448125 0.042499999999999996 0.54219375 0.042499999999999996 0.54219375 0.056674999999999996 0.55448125 0.056674999999999996 0.55448125 0.042499999999999996
1 0.91483125 0.9430624999999999 0.9025437500000001 0.9430624999999999 0.9025437500000001 0.9592875 0.91483125 0.9592875 0.91483125 0.9430624999999999
1 0.48185 0.8056812499999999 0.47372500000000006 0.8056812499999999 0.47372500000000006 0.8154187500000001 0.48185 0.8154187500000001 0.48185 0.8056812499999999
1 0.56346875 0.90859375 0.55373125 0.90859375 0.55373125 0.9205062500000001 0.56346875 0.9205062500000001 0.56346875 0.90859375
1 0.5589125 0.9510624999999999 0.5475375 0.9510624999999999 0.5475375 0.9639875 0.5589125 0.9639875 0.5589125 0.9510624999999999
1 0.48211875 0.9152374999999999 0.47100625 0.9152374999999999 0.47100625 0.9285125000000001 0.48211875 0.9285125000000001 0.48211875 0.9152374999999999
1 0.09639375 0.96515625 0.08415625 0.96515625 0.08415625 0.97916875 0.09639375 0.97916875 0.09639375 0.96515625
1 1 0.4370375 0.9956687499999999 0.4370375 0.9956687499999999 0.4521125 1 0.4521125 1 0.4370375
1 0.9103562500000001 0.768875 0.9021437499999999 0.768875 0.9021437499999999 0.77995 0.9103562500000001 0.77995 0.9103562500000001 0.768875
1 0.76251875 0.9182375 0.75310625 0.9182375 0.75310625 0.9303874999999999 0.76251875 0.9303874999999999 0.76251875 0.9182375
1 0.13489374999999998 0.60960625 0.12315625 0.60960625 0.12315625 0.62184375 0.13489374999999998 0.62184375 0.13489374999999998 0.60960625
1 0.4323 0.44388750000000005 0.4178 0.44388750000000005 0.4178 0.4565125 0.4323 0.4565125 0.4323 0.44388750000000005
1 0.72615 0.8765000000000001 0.7055 0.8765000000000001 0.7055 0.89595 0.72615 0.89595 0.72615 0.8765000000000001
1 0.86023125 0.7728125 0.79601875 0.7728125 0.79601875 0.8199624999999999 0.86023125 0.8199624999999999 0.86023125 0.7728125
1 0.2255125 0.9752562499999999 0.21418750000000003 0.9752562499999999 0.21418750000000003 0.9934937500000001 0.2255125 0.9934937500000001 0.2255125 0.9752562499999999
1 0.75304375 0.59815 0.6600312500000001 0.59815 0.6600312500000001 0.6782250000000001 0.75304375 0.6782250000000001 0.75304375 0.59815
1 0.369325 1 0.369325 0.99429375 0.35625 0.99429375 0.35625 1 0.369325 1
1 0.7034687500000001 0.8041 0.69398125 0.8041 0.69398125 0.8150499999999999 0.7034687500000001 0.8150499999999999 0.7034687500000001 0.8041
1 0.7121000000000001 0.90413125 0.699025 0.90413125 0.699025 0.9181437499999999 0.7121000000000001 0.9181437499999999 0.7121000000000001 0.90413125
3 0.58875 0 0.54875 0.005 0.47000000000000003 0.03125 0.385 0.09375 0.32875 0.1525 0.31124999999999997 0.19125 0.2975 0.20750000000000002 0.27999999999999997 0.27625 0.27375 0.28250000000000003 0.265 0.28125 0.26625 0.28875 0.27749999999999997 0.28250000000000003 0.27999999999999997 0.28500000000000003 0.27999999999999997 0.30375 0.27749999999999997 0.3075 0.275 0.3025 0.27375 0.30874999999999997 0.27625 0.3375 0.265 0.40374999999999994 0.26875 0.40750000000000003 0.265 0.4225 0.26749999999999996 0.45625 0.26375000000000004 0.4625 0.2725 0.46624999999999994 0.2725 0.47375 0.26625 0.48 0.2625 0.47750000000000004 0.26875 0.48624999999999996 0.2625 0.4925 0.26625 0.49874999999999997 0.25125000000000003 0.49874999999999997 0.2425 0.485 0.24125000000000002 0.47625 0.24500000000000002 0.47375 0.22875 0.46749999999999997 0.21625 0.4525 0.20875 0.45 0.20125 0.4375 0.19375 0.43499999999999994 0.18125 0.4175 0.18 0.40750000000000003 0.15625 0.38 0.15375 0.36625 0.14875 0.3675 0.1375 0.34625 0.125 0.3375 0.125 0.32999999999999996 0.11625 0.31375000000000003 0.09375 0.29500000000000004 0.08625000000000001 0.28125 0.07875 0.27999999999999997 0.06 0.25875 0.0475 0.2575 0.0375 0.25125000000000003 0 0.25125000000000003 0 0.5 0.021249999999999998 0.5325 0.01 0.5900000000000001 0.00625 0.675 0.0025 0.67625 0.005 0.68125 0 0.6837500000000001 0 0.69375 0.00375 0.69625 0 0.69875 0 0.99875 0.99875 0.99875 0.99875 0.2325 0.9712500000000001 0.21749999999999997 0.9512499999999999 0.1975 0.91375 0.14125000000000001 0.9037499999999999 0.11499999999999999 0.90625 0.058750000000000004 0.9025000000000001 0.045 0.885 0.0325 0.8800000000000001 0.03375 0.8625 0.02375 0.8412499999999999 0.0225 0.7837500000000001 0 0.77746 0 0.58875 0