1 0.76080625 0.58809375 0.70264375 0.58809375 0.70264375 0.64000625 0.76080625 0.64000625 0.76080625 0.58809375
1 0.5123875 0.49723125 0.4563625 0.49723125 0.4563625 0.55451875 0.5123875 0.55451875 0.5123875 0.49723125
1 0.07346875 0.5179125 0.03773125 0.5179125 0.03773125 0.5611875000000001 0.07346875 0.5611875000000001 0.07346875 0.5179125
1 0.66629375 0.3633625 0.59153125 0.3633625 0.59153125 0.42033750000000003 0.66629375 0.42033750000000003 0.66629375 0.3633625
1 0.07020625 0.41164375 0.04911875 0.41164375 0.04911875 0.43358125000000003 0.07020625 0.43358125000000003 0.07020625 0.41164375
1 0.36886874999999997 0.51434375 0.31180625 0.51434375 0.31180625 0.55988125 0.36886874999999997 0.55988125 0.36886874999999997 0.51434375
1 0.731725 0.40280625 0.7136 0.40280625 0.7136 0.41896875 0.731725 0.41896875 0.731725 0.40280625
1 0.90255625 0.40943125 0.88356875 0.40943125 0.88356875 0.42991875 0.90255625 0.42991875 0.90255625 0.40943125
1 0.6728875000000001 0.6158125 0.5868875 0.6158125 0.5868875 0.6839875 0.6728875000000001 0.6839875 0.6728875000000001 0.6158125
1 0.59770625 0.7525375000000001 0.58199375 0.7525375000000001 0.58199375 0.7669875 0.59770625 0.7669875 0.59770625 0.7525375000000001
1 0.7860875 0.3475375 0.7422375 0.3475375 0.7422375 0.3883125 0.7860875 0.3883125 0.7860875 0.3475375
1 0.6407125 0.46048125000000006 0.5536125000000001 0.46048125000000006 0.5536125000000001 0.5551437499999999 0.6407125 0.5551437499999999 0.6407125 0.46048125000000006
1 0.77980625 0.45543125 0.73191875 0.45543125 0.73191875 0.49281874999999997 0.77980625 0.49281874999999997 0.77980625 0.45543125
1 0.915925 0.5878 0.817475 0.5878 0.817475 0.705175 0.915925 0.705175 0.915925 0.5878
1 0.83996875 0.38046875 0.74695625 0.38046875 0.74695625 0.45743124999999996 0.83996875 0.45743124999999996 0.83996875 0.38046875
1 0.34086249999999996 0.9095812499999999 0.3046375 0.9095812499999999 0.3046375 0.9351437499999999 0.34086249999999996 0.9351437499999999 0.34086249999999996 0.9095812499999999
1 0.25476875 0.35248124999999997 0.23278125 0.35248124999999997 0.23278125 0.37261875 0.25476875 0.37261875 0.25476875 0.35248124999999997
1 0.523675 0.27596875 0.40404999999999996 0.27596875 0.40404999999999996 0.38663125 0.523675 0.38663125 0.523675 0.27596875
1 0.4439875 0.442575 0.4251625 0.442575 0.4251625 0.457825 0.4439875 0.457825 0.4439875 0.442575
1 0.321575 0.38198750000000004 0.301475 0.38198750000000004 0.301475 0.3934125 0.321575 0.3934125 0.321575 0.38198750000000004
1 0.7489250000000001 0.45993125 0.732525 0.45993125 0.732525 0.47609375 0.7489250000000001 0.47609375 0.7489250000000001 0.45993125
1 0.61825 0.38253125 0.605375 0.38253125 0.605375 0.39626875 0.61825 0.39626875 0.61825 0.38253125
1 0.66281875 0.46426249999999997 0.64870625 0.46426249999999997 0.64870625 0.4756875 0.66281875 0.4756875 0.66281875 0.46426249999999997
1 0.485175 0.51535 0.471375 0.51535 0.471375 0.529575 0.485175 0.529575 0.485175 0.51535
1 0.9013937500000001 0.37806875 0.88473125 0.37806875 0.88473125 0.39390625 0.9013937500000001 0.39390625 0.9013937500000001 0.37806875
1 0.43805625 0.30999374999999996 0.42326874999999997 0.30999374999999996 0.42326874999999997 0.32818125 0.43805625 0.32818125 0.43805625 0.30999374999999996
1 0.9182499999999999 0.44123124999999996 0.9040250000000001 0.44123124999999996 0.9040250000000001 0.45476875000000005 0.9182499999999999 0.45476875000000005 0.9182499999999999 0.44123124999999996
1 0.8233874999999999 0.40047499999999997 0.8094374999999999 0.40047499999999997 0.8094374999999999 0.413 0.8233874999999999 0.413 0.8233874999999999 0.40047499999999997
1 0.637875 0.7251000000000001 0.5359499999999999 0.7251000000000001 0.5359499999999999 0.8325250000000001 0.637875 0.8325250000000001 0.637875 0.7251000000000001
1 0.7128687499999999 0.8175437499999999 0.69923125 0.8175437499999999 0.69923125 0.83188125 0.7128687499999999 0.83188125 0.7128687499999999 0.8175437499999999
1 0.187625 0.42766875000000004 0.0166 0.42766875000000004 0.0166 0.59088125 0.187625 0.59088125 0.187625 0.42766875000000004
1 0.71238125 0.32619375 0.69776875 0.32619375 0.69776875 0.34080625000000003 0.71238125 0.34080625000000003 0.71238125 0.32619375
1 0.09929375 0.42173125 0.08345625 0.42173125 0.08345625 0.43421875 0.09929375 0.43421875 0.09929375 0.42173125
1 0.9376187500000001 0.47283749999999997 0.80358125 0.47283749999999997 0.80358125 0.6062624999999999 0.9376187500000001 0.6062624999999999 0.9376187500000001 0.47283749999999997
1 0.43228125000000006 0.75299375 0.38119375 0.75299375 0.38119375 0.80560625 0.43228125000000006 0.80560625 0.43228125000000006 0.75299375
1 0.43253125 0.28165 0.42196875 0.28165 0.42196875 0.290125 0.43253125 0.290125 0.43253125 0.28165
1 0.32198125 0.9204000000000001 0.30741874999999996 0.9204000000000001 0.30741874999999996 0.9331250000000001 0.32198125 0.9331250000000001 0.32198125 0.9204000000000001
1 0.60393125 0.19909375 0.5903937499999999 0.19909375 0.5903937499999999 0.21278125 0.60393125 0.21278125 0.60393125 0.19909375
1 0.3492 0.314525 0.3339 0.314525 0.3339 0.3256 0.3492 0.3256 0.3492 0.314525
1 0.786775 0.74115625 0.715175 0.74115625 0.715175 0.8301437500000001 0.786775 0.8301437500000001 0.786775 0.74115625
3 0.06375 0 0.06 0.00625 0.0325 0.0025 0.028749999999999998 0.008749999999999999 0.025 0.005 0.021249999999999998 0.008749999999999999 0.01625 0.0075 0.01625 0.0125 0.0075 0.01625 0.00625 0.02375 0 0.025 0 0.028749999999999998 0.0075 0.03125 0.005 0.03875 0 0.03625 0 0.0475 0.00625 0.04875 0.005 0.052500000000000005 0 0.05 0 0.155 0.00625 0.1575 0.005 0.16125 0 0.16 0 0.17124999999999999 0.00375 0.17375000000000002 0 0.175 0 0.20249999999999999 0.00625 0.20375000000000001 0 0.20625 0 0.34375 0.00625 0.34500000000000003 0 0.34875 0 0.40625 0.00625 0.40750000000000003 0 0.41 0 0.7375 0.00375 0.74 0 0.7424999999999999 0 0.75625 0.00375 0.75875 0 0.76125 0 0.99875 0.5675 0.99875 0.6575 0.9375 0.67 0.9349999999999999 0.7224999999999999 0.9075 0.7725 0.8887499999999999 0.8675 0.8262499999999999 0.90625 0.7787499999999999 0.92875 0.73375 0.9425000000000001 0.675 0.9487500000000001 0.61375 0.9550000000000001 0.5925 0.94625 0.5675 0.9475 0.5325 0.9637499999999999 0.50125 0.99875 0.46375 0.99875 0.3625 0.98125 0.34125 0.9625 0.2975 0.9475 0.27625 0.9125 0.25125000000000003 0.8949999999999999 0.2475 0.8550000000000001 0.22374999999999998 0.8175000000000001 0.21125 0.8099999999999999 0.205 0.6637500000000001 0.1775 0.59875 0.17250000000000001 0.52125 0.19125 0.5075000000000001 0.19875 0.45375 0.215 0.355 0.26625 0.33625 0.26875 0.31124999999999997 0.28125 0.2975 0.28250000000000003 0.29375 0.2875 0.27875 0.2875 0.26625 0.275 0.27 0.2575 0.2625 0.2475 0.2625 0.22000000000000003 0.255 0.2125 0.26 0.20875 0.26 0.20249999999999999 0.25 0.1925 0.26375000000000004 0.185 0.26375000000000004 0.1675 0.26 0.1575 0.25125000000000003 0.15375 0.2475 0.0725 0.24375 0.0675 0.2475 0.05625 0.24125000000000002 0.04875 0.24625 0.045 0.24125000000000002 0.0325 0.2475 0.03 0.24375 0.017499999999999998 0.22125 0.01625 0.21375000000000002 0 0.1875 0 0.185 0.01125 0.18125 0.00375 0.1775 0.008749999999999999 0.17375000000000002 0.00625 0.16999999999999998 0.013750000000000002 0.16499999999999998 0.013750000000000002 0.16499999999999998 0.008749999999999999 0.16125 0.01125 0.14750000000000002 0 0.1375 0.00375 0.125 0 0.12250000000000001 0.005 0.11125 0 0.10625 0.0075 0.10375000000000001 0.00375 0.09875 0.00625 0.095 0.0025 0.09125 0.00625 0.08 0 0.075 0.00375 0.06875 0 0.06375 0