1 0.8117125 0.5922625 0.7630625 0.5922625 0.7630625 0.6647125 0.8117125 0.6647125 0.8117125 0.5922625
1 0.6539125 0.8061875000000001 0.5990125 0.8061875000000001 0.5990125 0.8774124999999999 0.6539125 0.8774124999999999 0.6539125 0.8061875000000001
1 0.9604874999999999 0.73356875 0.8920625 0.73356875 0.8920625 0.78108125 0.9604874999999999 0.78108125 0.9604874999999999 0.73356875
1 0.65475 0.377575 0.629425 0.377575 0.629425 0.4027 0.65475 0.4027 0.65475 0.377575
1 0.373975 0.51496875 0.349175 0.51496875 0.349175 0.53483125 0.373975 0.53483125 0.373975 0.51496875
1 0.76496875 0.33555 0.71745625 0.33555 0.71745625 0.38905 0.76496875 0.38905 0.76496875 0.33555
1 0.36923125 0.39944375 0.27236875 0.39944375 0.27236875 0.44820625 0.36923125 0.44820625 0.36923125 0.39944375
1 0.46239375000000005 0.4039 0.40480625000000003 0.4039 0.40480625000000003 0.44522500000000004 0.46239375000000005 0.44522500000000004 0.46239375000000005 0.4039
1 0.10542499999999999 0.6634875 0.08525 0.6634875 0.08525 0.6861125 0.10542499999999999 0.6861125 0.10542499999999999 0.6634875
1 0.4006625 0.6159 0.3532375 0.6159 0.3532375 0.6712 0.4006625 0.6712 0.4006625 0.6159
1 0.5981687499999999 0.12480625000000001 0.56393125 0.12480625000000001 0.56393125 0.16109374999999998 0.5981687499999999 0.16109374999999998 0.5981687499999999 0.12480625000000001
1 0.54270625 0.31803750000000003 0.5139437499999999 0.31803750000000003 0.5139437499999999 0.3470125 0.54270625 0.3470125 0.54270625 0.31803750000000003
1 0.51390625 0.5865812499999999 0.50171875 0.5865812499999999 0.50171875 0.5989687499999999 0.51390625 0.5989687499999999 0.51390625 0.5865812499999999
1 0.9877062499999999 0.37756875 0.9312437499999999 0.37756875 0.9312437499999999 0.42078125 0.9877062499999999 0.42078125 0.9877062499999999 0.37756875
1 0.7747875 0.0918625 0.7437625 0.0918625 0.7437625 0.1207875 0.7747875 0.1207875 0.7747875 0.0918625
1 0.9359249999999999 0.458075 0.909775 0.458075 0.909775 0.47845000000000004 0.9359249999999999 0.47845000000000004 0.9359249999999999 0.458075
1 0.3040625 0.39081875 0.2628375 0.39081875 0.2628375 0.42558125 0.3040625 0.42558125 0.3040625 0.39081875
1 0.32985625 0.61408125 0.28634375 0.61408125 0.28634375 0.66229375 0.32985625 0.66229375 0.32985625 0.61408125
1 0.26970625 0.31304375 0.25226875 0.31304375 0.25226875 0.33003125 0.26970625 0.33003125 0.26970625 0.31304375
1 0.47404375 0.61193125 0.45613125 0.61193125 0.45613125 0.63026875 0.47404375 0.63026875 0.47404375 0.61193125
1 0.2561375 0.5142625 0.23726250000000002 0.5142625 0.23726250000000002 0.5306625 0.2561375 0.5306625 0.2561375 0.5142625
1 0.06901874999999999 0.18599375 0.04158125 0.18599375 0.04158125 0.22270625000000002 0.06901874999999999 0.22270625000000002 0.06901874999999999 0.18599375
1 0.9079375000000001 0.67265625 0.8908875 0.67265625 0.8908875 0.69159375 0.9079375000000001 0.69159375 0.9079375000000001 0.67265625
1 1 0.7660875 0.9697250000000001 0.7660875 0.9697250000000001 0.8071624999999999 1 0.8071624999999999 1 0.7660875
1 0.99736875 0.10587500000000001 0.97723125 0.10587500000000001 0.97723125 0.1285 0.99736875 0.1285 0.99736875 0.10587500000000001
1 0.7310187499999999 0.8118812500000001 0.71330625 0.8118812500000001 0.71330625 0.8316687500000001 0.7310187499999999 0.8316687500000001 0.7310187499999999 0.8118812500000001
1 0.23580625 0.73049375 0.14749375 0.73049375 0.14749375 0.8202812500000001 0.23580625 0.8202812500000001 0.23580625 0.73049375
1 0.1403 0.8030062499999999 0.11727499999999999 0.8030062499999999 0.11727499999999999 0.8298187499999999 0.1403 0.8298187499999999 0.1403 0.8030062499999999
1 0.9083375 0.83995625 0.8631375 0.83995625 0.8631375 0.87391875 0.9083375 0.87391875 0.9083375 0.83995625
1 0.99999375 0.29660625 0.9544062500000001 0.29660625 0.9544062500000001 0.32986875000000004 0.99999375 0.32986875000000004 0.99999375 0.29660625
1 0.3229125 0.72163125 0.2967125 0.72163125 0.2967125 0.74809375 0.3229125 0.74809375 0.3229125 0.72163125
1 0.28299375000000004 0.13043125 0.25168124999999997 0.13043125 0.25168124999999997 0.15569375000000002 0.28299375000000004 0.15569375000000002 0.28299375000000004 0.13043125
1 0.8304562499999999 0.7689 0.81211875 0.7689 0.81211875 0.7936 0.8304562499999999 0.7936 0.8304562499999999 0.7689
1 0.8895125 0.9132312499999999 0.8556125 0.9132312499999999 0.8556125 0.9441937499999999 0.8895125 0.9441937499999999 0.8895125 0.9132312499999999
1 0.19714375 0.72365625 0.17735625 0.72365625 0.17735625 0.74606875 0.19714375 0.74606875 0.19714375 0.72365625
1 0.16895 0.29300625 0.125 0.29300625 0.125 0.32271875 0.16895 0.32271875 0.16895 0.29300625
1 0.5191625 0.69181875 0.5023125 0.69181875 0.5023125 0.71150625 0.5191625 0.71150625 0.5191625 0.69181875
1 0.909925 0.6765 0.875225 0.6765 0.875225 0.710225 0.909925 0.710225 0.909925 0.6765
1 0.08073125 0.7735000000000001 0.06501875 0.7735000000000001 0.06501875 0.796825 0.08073125 0.796825 0.08073125 0.7735000000000001
1 0.6893125 0.51215 0.6768875000000001 0.51215 0.6768875000000001 0.523975 0.6893125 0.523975 0.6893125 0.51215
1 0.88559375 0.3199875 0.8663562499999999 0.3199875 0.8663562499999999 0.3362625 0.88559375 0.3362625 0.88559375 0.3199875
1 0.95235 0.79331875 0.91875 0.79331875 0.91875 0.82388125 0.95235 0.82388125 0.95235 0.79331875
1 0.3798 0.06825 0.3536 0.06825 0.3536 0.0885 0.3798 0.0885 0.3798 0.06825
1 0.76291875 0.20558125 0.74293125 0.20558125 0.74293125 0.22094375 0.76291875 0.22094375 0.76291875 0.20558125
1 0.7078249999999999 0.1701125 0.6789 0.1701125 0.6789 0.1863375 0.7078249999999999 0.1863375 0.7078249999999999 0.1701125
1 0.624475 0.68674375 0.6021 0.68674375 0.6021 0.71070625 0.624475 0.71070625 0.624475 0.68674375
1 0.59483125 0.051225 0.54871875 0.051225 0.54871875 0.0795 0.59483125 0.0795 0.59483125 0.051225
1 0.34766875 0.09429375 0.32568125000000003 0.09429375 0.32568125000000003 0.11615625 0.34766875 0.11615625 0.34766875 0.09429375
1 0.29576250000000004 0.5429375000000001 0.2848125 0.5429375000000001 0.2848125 0.5547125 0.29576250000000004 0.5547125 0.29576250000000004 0.5429375000000001
1 0.144075 0.44452499999999995 0.09067499999999999 0.44452499999999995 0.09067499999999999 0.48615 0.144075 0.48615 0.144075 0.44452499999999995
1 0.0457125 0.26800625 0.0294875 0.26800625 0.0294875 0.28669375 0.0457125 0.28669375 0.0457125 0.26800625
1 0.12883125 0.6258250000000001 0.08089375 0.6258250000000001 0.08089375 0.688625 0.12883125 0.688625 0.12883125 0.6258250000000001
1 0.5147125 0.47336875 0.5009125 0.47336875 0.5009125 0.48560625 0.5147125 0.48560625 0.5147125 0.47336875
1 0.4968875 0.08 0.48066250000000005 0.08 0.48066250000000005 0.0992 0.4968875 0.0992 0.4968875 0.08
1 0.98118125 0.167275 0.9602187499999999 0.167275 0.9602187499999999 0.188925 0.98118125 0.188925 0.98118125 0.167275
1 0.46795625 0.5037125 0.45441875 0.5037125 0.45441875 0.5158125 0.46795625 0.5158125 0.46795625 0.5037125
1 0.38932500000000003 0.35888125 0.377775 0.35888125 0.377775 0.37061875 0.38932500000000003 0.37061875 0.38932500000000003 0.35888125
1 0.37689374999999997 0.16160000000000002 0.36188125000000004 0.16160000000000002 0.36188125000000004 0.174825 0.37689374999999997 0.174825 0.37689374999999997 0.16160000000000002
1 0.99721875 0.91196875 0.9695812500000001 0.91196875 0.9695812500000001 0.9649812499999999 0.99721875 0.9649812499999999 0.99721875 0.91196875
1 0.86891875 0.07116875 0.85275625 0.07116875 0.85275625 0.09240625 0.86891875 0.09240625 0.86891875 0.07116875
1 0.49178750000000004 0.15255625 0.46916250000000004 0.15255625 0.46916250000000004 0.17484375000000002 0.49178750000000004 0.17484375000000002 0.49178750000000004 0.15255625
1 0.23929375 0.6082625 0.22920625 0.6082625 0.22920625 0.6183125 0.23929375 0.6183125 0.23929375 0.6082625
1 0.14030625000000002 0.27351875 0.12311875000000001 0.27351875 0.12311875000000001 0.28948125 0.14030625000000002 0.28948125 0.14030625000000002 0.27351875
1 0.9216 0.07579375000000001 0.906525 0.07579375000000001 0.906525 0.09438125 0.9216 0.09438125 0.9216 0.07579375000000001
3 0.20875 0 0.21125 0.008749999999999999 0.22875 0.027500000000000004 0.26125 0.052500000000000005 0.2875 0.065 0.29 0.08375 0.27875 0.0975 0.20125 0.11374999999999999 0.18 0.11374999999999999 0.1575 0.12375 0.1525 0.12 0.13625 0.12625 0.12125 0.12625 0.10874999999999999 0.1325 0.07375000000000001 0.13625 0.05125 0.1525 0.04375 0.15375 0.045 0.15875 0.028749999999999998 0.16625 0 0.19 0 0.79 0.0325 0.8125 0.07625 0.8262499999999999 0.09125 0.8262499999999999 0.14125000000000001 0.8412499999999999 0.20875 0.84375 0.26375000000000004 0.835 0.26749999999999996 0.82875 0.29375 0.825 0.29874999999999996 0.82 0.31 0.81875 0.31375000000000003 0.81375 0.33625 0.81125 0.36124999999999996 0.79 0.39249999999999996 0.77125 0.40374999999999994 0.7737499999999999 0.41500000000000004 0.78625 0.40875000000000006 0.79875 0.38 0.8262499999999999 0.3675 0.8300000000000001 0.355 0.8425 0.34625 0.845 0.3375 0.8574999999999999 0.3275 0.86 0.3225 0.8724999999999999 0.305 0.8925000000000001 0.3025 0.9037499999999999 0.29625 0.90625 0.29125 0.92125 0.28625 0.9237500000000001 0.27999999999999997 0.9512499999999999 0.275 0.9550000000000001 0.27 0.97 0.26875 0.99375 0.27625 0.99875 0.51125 0.99875 0.5175 0.985 0.5225 0.9887499999999999 0.52 0.99375 0.525 0.99875 0.99875 0.99875 0.99875 0.8825 0.99 0.88125 0.99375 0.87375 0.99875 0.87375 0.99875 0.395 0.98125 0.40499999999999997 0.9712500000000001 0.41875 0.9625 0.42000000000000004 0.95875 0.42750000000000005 0.945 0.43125 0.94375 0.43875000000000003 0.9349999999999999 0.44375 0.9225 0.45625 0.91875 0.46624999999999994 0.9037499999999999 0.47874999999999995 0.89625 0.48375 0.8887499999999999 0.47874999999999995 0.8975 0.46875 0.90625 0.46624999999999994 0.90625 0.45999999999999996 0.9175000000000001 0.445 0.93875 0.43499999999999994 0.9375 0.43 0.9525 0.42000000000000004 0.95625 0.40625 0.9675 0.40374999999999994 0.9675 0.3975 0.9824999999999999 0.39125 0.9824999999999999 0.38375 0.9887499999999999 0.37625000000000003 0.99875 0.3725 0.99 0.36875 0.9962500000000001 0.36 0.9662499999999999 0.35625 0.9525 0.35875 0.9487500000000001 0.355 0.9349999999999999 0.35875 0.9199999999999999 0.35125 0.915 0.35875 0.9075 0.355 0.9037499999999999 0.35875 0.89125 0.35750000000000004 0.8875 0.35375 0.85625 0.35875 0.7975 0.35875 0.79375 0.35 0.79125 0.355 0.78625 0.35375 0.79 0.33999999999999997 0.8099999999999999 0.34249999999999997 0.81375 0.335 0.8574999999999999 0.33375 0.86875 0.3375 0.8612500000000001 0.33875 0.8612500000000001 0.34249999999999997 0.8724999999999999 0.34125 0.88125 0.34750000000000003 0.885 0.34500000000000003 0.88125 0.3375 0.89125 0.3325 0.9037499999999999 0.33375 0.9225 0.3275 0.9525 0.32625000000000004 0.95625 0.32 0.9662499999999999 0.32375 0.97 0.31875 0.9737500000000001 0.325 0.98125 0.31875 0.9862500000000001 0.32375 0.99125 0.31375000000000003 0.98125 0.29874999999999996 0.96125 0.28875 0.95875 0.28250000000000003 0.93875 0.27 0.9324999999999999 0.2725 0.9037499999999999 0.23500000000000001 0.89 0.22875 0.8787499999999999 0.21375000000000002 0.8612500000000001 0.20750000000000002 0.84375 0.19125 0.83625 0.17875000000000002 0.81375 0.16375 0.81125 0.155 0.79625 0.14250000000000002 0.7849999999999999 0.12250000000000001 0.7462500000000001 0.09 0.74375 0.08 0.7212500000000001 0.0625 0.6849999999999999 0.01625 0.6599999999999999 0 0.6537325 0 0.20875 0
3 0.94497 0 0.69375 0.00125 0.72 0.03125 0.7325 0.04 0.73375 0.04625 0.74875 0.05625 0.76625 0.08 0.79375 0.10375000000000001 0.8099999999999999 0.12250000000000001 0.8074999999999999 0.12625 0.81375 0.1275 0.835 0.14875 0.8375 0.15625 0.8487500000000001 0.16125 0.8637499999999999 0.1775 0.8724999999999999 0.18 0.9075 0.21749999999999997 0.9275 0.22625 0.9324999999999999 0.23625 0.94625 0.2475 0.95625 0.25 0.96875 0.26375000000000004 0.98125 0.26875 0.9862500000000001 0.26625 0.9949999999999999 0.2725 0.99875 0.27125 0.99875 0.24874999999999997 0.9875 0.22749999999999998 0.97875 0.19 0.9712500000000001 0.18125 0.9737500000000001 0.17625 0.9662499999999999 0.16875 0.9650000000000001 0.125 0.9550000000000001 0.065 0.95875 0.05500000000000001 0.95875 0.02 0.9512499999999999 0 0.94497 0
1 0.9423562499999999 0.9384937499999999 0.8515937499999999 0.9384937499999999 0.8515937499999999 0.99705625 0.9423562499999999 0.99705625 0.9423562499999999 0.9384937499999999