1 0.39165625 0.6716624999999999 0.36876875 0.6716624999999999 0.36876875 0.7005625 0.39165625 0.7005625 0.39165625 0.6716624999999999
1 0.3168375 0.7795875 0.29388749999999997 0.7795875 0.29388749999999997 0.7986875 0.3168375 0.7986875 0.3168375 0.7795875
1 0.57163125 0.68986875 0.53869375 0.68986875 0.53869375 0.71085625 0.57163125 0.71085625 0.57163125 0.68986875
1 0.54238125 0.7503375 0.52406875 0.7503375 0.52406875 0.7739625 0.54238125 0.7739625 0.54238125 0.7503375
1 0.27468750000000003 0.47234999999999994 0.2619875 0.47234999999999994 0.2619875 0.48655 0.27468750000000003 0.48655 0.27468750000000003 0.47234999999999994
1 0.1582375 0.58336875 0.1345375 0.58336875 0.1345375 0.60128125 0.1582375 0.60128125 0.1582375 0.58336875
1 0.34044375 0.71904375 0.32640625 0.71904375 0.32640625 0.73338125 0.34044375 0.73338125 0.34044375 0.71904375
1 0.17924374999999998 0.6231125 0.14893125000000002 0.6231125 0.14893125000000002 0.6565875 0.17924374999999998 0.6565875 0.17924374999999998 0.6231125
1 0.1156125 0.625475 0.0904375 0.625475 0.0904375 0.646 0.1156125 0.646 0.1156125 0.625475
1 0.22803125 0.69331875 0.20726874999999997 0.69331875 0.20726874999999997 0.71683125 0.22803125 0.71683125 0.22803125 0.69331875
1 0.17766875 0.6935687500000001 0.16023125 0.6935687500000001 0.16023125 0.71560625 0.17766875 0.71560625 0.17766875 0.6935687500000001
1 0.2965625 0.52014375 0.27766250000000003 0.52014375 0.27766250000000003 0.5413812499999999 0.2965625 0.5413812499999999 0.2965625 0.52014375
1 0.22774999999999998 0.66926875 0.20729999999999998 0.66926875 0.20729999999999998 0.68523125 0.22774999999999998 0.68523125 0.22774999999999998 0.66926875
1 0.7804375 0.60738125 0.7537375 0.60738125 0.7537375 0.6299187500000001 0.7804375 0.6299187500000001 0.7804375 0.60738125
1 0.1796875 0.83069375 0.15966249999999998 0.83069375 0.15966249999999998 0.84605625 0.1796875 0.84605625 0.1796875 0.83069375
1 0.40625625000000004 0.637275 0.38379375 0.637275 0.38379375 0.6596 0.40625625000000004 0.6596 0.40625625000000004 0.637275
1 0.28041875 0.43783125 0.25375625 0.43783125 0.25375625 0.45816875 0.28041875 0.45816875 0.28041875 0.43783125
1 0.2506875 0.54639375 0.23221250000000002 0.54639375 0.23221250000000002 0.56493125 0.2506875 0.56493125 0.2506875 0.54639375
1 0.45966874999999996 0.55089375 0.44073124999999996 0.55089375 0.44073124999999996 0.5780062499999999 0.45966874999999996 0.5780062499999999 0.45966874999999996 0.55089375
1 0.68121875 0.6323562500000001 0.66253125 0.6323562500000001 0.66253125 0.64986875 0.68121875 0.64986875 0.68121875 0.6323562500000001
1 0.6048375 0.68925 0.5875375 0.68925 0.5875375 0.705275 0.6048375 0.705275 0.6048375 0.68925
1 0.86424375 0.55075625 0.8398562500000001 0.55075625 0.8398562500000001 0.56936875 0.86424375 0.56936875 0.86424375 0.55075625
1 0.43535625 0.65115 0.41571875 0.65115 0.41571875 0.669175 0.43535625 0.669175 0.43535625 0.65115
1 0.39741875000000004 0.34340625 0.37308125 0.34340625 0.37308125 0.36361875 0.39741875000000004 0.36361875 0.39741875000000004 0.34340625
1 0.7915062500000001 0.7551875 0.77781875 0.7551875 0.77781875 0.7682625 0.7915062500000001 0.7682625 0.7915062500000001 0.7551875
1 0.4611375 0.87310625 0.4387625 0.87310625 0.4387625 0.89446875 0.4611375 0.89446875 0.4611375 0.87310625
1 0.57295 0.5986125 0.549125 0.5986125 0.549125 0.6201375 0.57295 0.6201375 0.57295 0.5986125
1 0.6433187499999999 0.59694375 0.61253125 0.59694375 0.61253125 0.61790625 0.6433187499999999 0.61790625 0.6433187499999999 0.59694375
1 0.2839625 0.5039687500000001 0.2658375 0.5039687500000001 0.2658375 0.5175062500000001 0.2839625 0.5175062500000001 0.2839625 0.5039687500000001
1 0.47334375 0.45302499999999996 0.45780624999999997 0.45302499999999996 0.45780624999999997 0.470325 0.47334375 0.470325 0.47334375 0.45302499999999996
1 0.6646625 0.7646875 0.6517375000000001 0.7646875 0.6517375000000001 0.7773125000000001 0.6646625 0.7773125000000001 0.6646625 0.7646875
1 0.1883375 0.41871875000000003 0.1666375 0.41871875000000003 0.1666375 0.43333125 0.1883375 0.43333125 0.1883375 0.41871875000000003
1 0.19835624999999998 0.45174375 0.17541875 0.45174375 0.17541875 0.47745625 0.19835624999999998 0.47745625 0.19835624999999998 0.45174375
1 0.307525 0.87896875 0.292575 0.87896875 0.292575 0.89250625 0.307525 0.89250625 0.307525 0.87896875
1 0.94105 0.777825 0.918325 0.777825 0.918325 0.79835 0.94105 0.79835 0.94105 0.777825
1 0.061193750000000005 0.45353750000000004 0.03763125 0.45353750000000004 0.03763125 0.47418750000000004 0.061193750000000005 0.47418750000000004 0.061193750000000005 0.45353750000000004
1 0.46768124999999994 0.2984125 0.44784375 0.2984125 0.44784375 0.3226875 0.46768124999999994 0.3226875 0.46768124999999994 0.2984125
1 0.5529875 0.272975 0.5358875000000001 0.272975 0.5358875000000001 0.29635 0.5529875 0.29635 0.5529875 0.272975
1 0.25477500000000003 0.7077625000000001 0.24009999999999998 0.7077625000000001 0.24009999999999998 0.7219375 0.25477500000000003 0.7219375 0.25477500000000003 0.7077625000000001
1 0.3858625 0.89225 0.37243750000000003 0.89225 0.37243750000000003 0.908525 0.3858625 0.908525 0.3858625 0.89225
1 0.5905 0.65815 0.577475 0.65815 0.577475 0.669975 0.5905 0.669975 0.5905 0.65815
1 0.2591875 0.7222375000000001 0.2320125 0.7222375000000001 0.2320125 0.7426125 0.2591875 0.7426125 0.2591875 0.7222375000000001
1 0.8680249999999999 0.6682875 0.8555999999999999 0.6682875 0.8555999999999999 0.6813125 0.8680249999999999 0.6813125 0.8680249999999999 0.6682875
1 0.8299749999999999 0.7095125 0.803825 0.7095125 0.803825 0.7260375 0.8299749999999999 0.7260375 0.8299749999999999 0.7095125
1 0.74950625 0.78255 0.73291875 0.78255 0.73291875 0.804375 0.74950625 0.804375 0.74950625 0.78255
1 0.42723125 0.9013 0.41406875000000004 0.9013 0.41406875000000004 0.9151 0.42723125 0.9151 0.42723125 0.9013
1 0.58849375 0.6740437499999999 0.56873125 0.6740437499999999 0.56873125 0.68923125 0.58849375 0.68923125 0.58849375 0.6740437499999999
1 0.9311624999999999 0.563875 0.9164875 0.563875 0.9164875 0.57675 0.9311624999999999 0.57675 0.9311624999999999 0.563875
1 0.48667499999999997 0.339825 0.469375 0.339825 0.469375 0.357925 0.48667499999999997 0.357925 0.48667499999999997 0.339825
1 0.171325 0.8797875 0.137025 0.8797875 0.137025 0.9063375 0.171325 0.9063375 0.171325 0.8797875
1 0.6347375000000001 0.38063125000000003 0.6035375000000001 0.38063125000000003 0.6035375000000001 0.40061875 0.6347375000000001 0.40061875 0.6347375000000001 0.38063125000000003
1 0.650575 0.3229625 0.6140749999999999 0.3229625 0.6140749999999999 0.3489125 0.650575 0.3489125 0.650575 0.3229625
1 0.8097625 0.53611875 0.7966875 0.53611875 0.7966875 0.5478562499999999 0.8097625 0.5478562499999999 0.8097625 0.53611875
1 0.5237875 0.55445625 0.5113624999999999 0.55445625 0.5113624999999999 0.5676187500000001 0.5237875 0.5676187500000001 0.5237875 0.55445625
1 0.502875 0.5543312499999999 0.48979999999999996 0.5543312499999999 0.48979999999999996 0.56871875 0.502875 0.56871875 0.502875 0.5543312499999999
1 0.7903 0.79940625 0.7722 0.79940625 0.7722 0.82169375 0.7903 0.82169375 0.7903 0.79940625
1 0.9632875000000001 0.50626875 0.9273374999999999 0.50626875 0.9273374999999999 0.5308312500000001 0.9632875000000001 0.5308312500000001 0.9632875000000001 0.50626875
1 0.99469375 0.6965625 0.97990625 0.6965625 0.97990625 0.7116374999999999 0.99469375 0.7116374999999999 0.99469375 0.6965625
1 0.43890624999999994 0.32237499999999997 0.42829375000000003 0.32237499999999997 0.42829375000000003 0.33535 0.43890624999999994 0.33535 0.43890624999999994 0.32237499999999997
1 0.41732500000000006 0.9379312499999999 0.395675 0.9379312499999999 0.395675 0.96149375 0.41732500000000006 0.96149375 0.41732500000000006 0.9379312499999999
1 0.15106250000000002 0.88975 0.1372625 0.88975 0.1372625 0.9051750000000001 0.15106250000000002 0.9051750000000001 0.15106250000000002 0.88975
1 0.38436875000000004 0.9247687499999999 0.35830625 0.9247687499999999 0.35830625 0.95510625 0.38436875000000004 0.95510625 0.38436875000000004 0.9247687499999999
1 0.1370875 0.709225 0.0861875 0.709225 0.0861875 0.74585 0.1370875 0.74585 0.1370875 0.709225
1 0.32245 0.5865 0.27032500000000004 0.5865 0.27032500000000004 0.61565 0.32245 0.61565 0.32245 0.5865
1 0.579875 0.34926875 0.53535 0.34926875 0.53535 0.38460625 0.579875 0.38460625 0.579875 0.34926875
1 0.8627499999999999 0.8115249999999999 0.844275 0.8115249999999999 0.844275 0.8291000000000001 0.8627499999999999 0.8291000000000001 0.8627499999999999 0.8115249999999999
1 0.68019375 0.67531875 0.67138125 0.67531875 0.67138125 0.68503125 0.68019375 0.68503125 0.68019375 0.67531875
1 0.1473625 0.4183625 0.1341375 0.4183625 0.1341375 0.43123750000000005 0.1473625 0.43123750000000005 0.1473625 0.4183625
1 0.90371875 0.48896875 0.86288125 0.48896875 0.86288125 0.50858125 0.90371875 0.50858125 0.90371875 0.48896875
1 0.1383375 0.4473375 0.09921250000000001 0.4473375 0.09921250000000001 0.4779625 0.1383375 0.4779625 0.1383375 0.4473375
1 0.632125 0.23929375 0.58565 0.23929375 0.58565 0.28415625 0.632125 0.28415625 0.632125 0.23929375
1 0.69393125 0.54679375 0.65764375 0.54679375 0.65764375 0.58503125 0.69393125 0.58503125 0.69393125 0.54679375
1 0.1427 0.39451875 0.1244 0.39451875 0.1244 0.40675625000000004 0.1427 0.40675625000000004 0.1427 0.39451875
1 0.43137499999999995 0.51401875 0.420675 0.51401875 0.420675 0.52505625 0.43137499999999995 0.52505625 0.43137499999999995 0.51401875
1 0.2438125 0.54343125 0.1744125 0.54343125 0.1744125 0.5893937499999999 0.2438125 0.5893937499999999 0.2438125 0.54343125
1 0.39153125 0.7064250000000001 0.37506875 0.7064250000000001 0.37506875 0.723275 0.39153125 0.723275 0.39153125 0.7064250000000001
1 0.5809124999999999 0.7458625 0.5694874999999999 0.7458625 0.5694874999999999 0.7570625 0.5809124999999999 0.7570625 0.5809124999999999 0.7458625
1 0.38814375 0.39870625 0.37895625 0.39870625 0.37895625 0.40841874999999994 0.38814375 0.40841874999999994 0.38814375 0.39870625
1 0.034925 0.6320875 0.020475 0.6320875 0.020475 0.6472125 0.034925 0.6472125 0.034925 0.6320875
1 0.6737124999999999 0.46654375000000003 0.6641874999999999 0.46654375000000003 0.6641874999999999 0.47828125000000005 0.6737124999999999 0.47828125000000005 0.6737124999999999 0.46654375000000003
1 0.30218124999999996 0.9269875000000001 0.29546875 0.9269875000000001 0.29546875 0.9343375 0.30218124999999996 0.9343375 0.30218124999999996 0.9269875000000001
1 0.04673125 0.6432562500000001 0.02046875 0.6432562500000001 0.02046875 0.66144375 0.04673125 0.66144375 0.04673125 0.6432562500000001
1 0.5911500000000001 0.5996312500000001 0.5817 0.5996312500000001 0.5817 0.6093437500000001 0.5911500000000001 0.6093437500000001 0.5911500000000001 0.5996312500000001
1 0.5409125 0.41150624999999996 0.5294125000000001 0.41150624999999996 0.5294125000000001 0.42589375 0.5409125 0.42589375 0.5409125 0.41150624999999996
1 0.1915875 0.5335 0.1787625 0.5335 0.1787625 0.546575 0.1915875 0.546575 0.1915875 0.5335
1 0.3186125 0.9009124999999999 0.3117625 0.9009124999999999 0.3117625 0.9076875 0.3186125 0.9076875 0.3186125 0.9009124999999999
1 0.4885625 0.293175 0.4801875 0.293175 0.4801875 0.30205000000000004 0.4885625 0.30205000000000004 0.4885625 0.293175
1 0.12645 0.4832875 0.114025 0.4832875 0.114025 0.49571249999999994 0.12645 0.49571249999999994 0.12645 0.4832875
1 0.45118125 0.49888125 0.43749374999999996 0.49888125 0.43749374999999996 0.50991875 0.45118125 0.50991875 0.45118125 0.49888125
1 0.64581875 0.3265125 0.63835625 0.3265125 0.63835625 0.3346125 0.64581875 0.3346125 0.64581875 0.3265125
1 0.7206375 0.34374375 0.6602125 0.34374375 0.6602125 0.49853125 0.7206375 0.49853125 0.7206375 0.34374375
1 0.9563437499999999 0.7831750000000001 0.9352562499999999 0.7831750000000001 0.9352562499999999 0.80765 0.9563437499999999 0.80765 0.9563437499999999 0.7831750000000001
1 0.4865125 0.43775000000000003 0.4734375 0.43775000000000003 0.4734375 0.45042499999999996 0.4865125 0.45042499999999996 0.4865125 0.43775000000000003
1 0.74626875 0.67898125 0.73225625 0.67898125 0.73225625 0.69309375 0.74626875 0.69309375 0.74626875 0.67898125
1 0.8094312499999999 0.74829375 0.80286875 0.74829375 0.80286875 0.75463125 0.8094312499999999 0.75463125 0.8094312499999999 0.74829375
1 0.49813124999999997 0.28516875 0.45254374999999997 0.28516875 0.45254374999999997 0.31883125 0.49813124999999997 0.31883125 0.49813124999999997 0.28516875
1 0.7058875 0.60691875 0.6925625 0.60691875 0.6925625 0.61865625 0.7058875 0.61865625 0.7058875 0.60691875
1 0.585125 0.868975 0.5662499999999999 0.868975 0.5662499999999999 0.8907999999999999 0.585125 0.8907999999999999 0.585125 0.868975
1 0.701525 0.3464625 0.695925 0.3464625 0.695925 0.3542125 0.701525 0.3542125 0.701525 0.3464625
1 0.9984500000000001 0.726525 0.934175 0.726525 0.934175 0.810575 0.9984500000000001 0.810575 0.9984500000000001 0.726525
1 0.58915 0.14602500000000002 0.5602750000000001 0.14602500000000002 0.5602750000000001 0.17355 0.58915 0.17355 0.58915 0.14602500000000002
1 0.32913749999999997 0.728575 0.3222375 0.728575 0.3222375 0.736275 0.32913749999999997 0.736275 0.32913749999999997 0.728575
1 0.8371625 0.88506875 0.8171375 0.88506875 0.8171375 0.9079062499999999 0.8371625 0.9079062499999999 0.8371625 0.88506875
1 0.38495625 0.8204687500000001 0.35869375 0.8204687500000001 0.35869375 0.8455562499999999 0.38495625 0.8455562499999999 0.38495625 0.8204687500000001
1 0.8969125 0.7774875 0.8911625000000001 0.7774875 0.8911625000000001 0.7830625 0.8969125 0.7830625 0.8969125 0.7774875
1 0.52863125 0.44121249999999995 0.52311875 0.44121249999999995 0.52311875 0.4469625 0.52863125 0.4469625 0.52863125 0.44121249999999995
1 0.7079187499999999 0.5308375 0.67588125 0.5308375 0.67588125 0.5785375 0.7079187499999999 0.5785375 0.7079187499999999 0.5308375
1 0.80495625 0.63420625 0.79856875 0.63420625 0.79856875 0.64119375 0.80495625 0.64119375 0.80495625 0.63420625
1 0.49444375 0.50176875 0.48358125 0.50176875 0.48358125 0.51093125 0.49444375 0.51093125 0.49444375 0.50176875
1 0.4065875 0.70323125 0.4005375 0.70323125 0.4005375 0.70984375 0.4065875 0.70984375 0.4065875 0.70323125
1 0.8702937500000001 0.7992 0.8640812499999999 0.7992 0.8640812499999999 0.8053000000000001 0.8702937500000001 0.8053000000000001 0.8702937500000001 0.7992
1 0.5442750000000001 0.139825 0.5357999999999999 0.139825 0.5357999999999999 0.14850000000000002 0.5442750000000001 0.14850000000000002 0.5442750000000001 0.139825
1 0.45919999999999994 0.8184687500000001 0.39187500000000003 0.8184687500000001 0.39187500000000003 0.8680562500000001 0.45919999999999994 0.8680562500000001 0.45919999999999994 0.8184687500000001
1 0.7023625 0.8450749999999999 0.6394375 0.8450749999999999 0.6394375 0.87855 0.7023625 0.87855 0.7023625 0.8450749999999999
1 0.99445 0.7355937499999999 0.861025 0.7355937499999999 0.861025 0.87573125 0.99445 0.87573125 0.99445 0.7355937499999999
1 0.9998312500000001 0.589025 0.95621875 0.589025 0.95621875 0.6414500000000001 0.9998312500000001 0.6414500000000001 0.9998312500000001 0.589025
1 0.9076375000000001 0.18374375 0.9029125 0.18374375 0.9029125 0.18880625 0.9076375000000001 0.18880625 0.9076375000000001 0.18374375
1 0.20682499999999998 0.92009375 0.18845 0.92009375 0.18845 0.9422062499999999 0.20682499999999998 0.9422062499999999 0.20682499999999998 0.92009375
1 0.062525 0.88466875 0.044475 0.88466875 0.044475 0.89658125 0.062525 0.89658125 0.062525 0.88466875
1 0.75425625 0.5042 0.69984375 0.5042 0.69984375 0.5534250000000001 0.75425625 0.5534250000000001 0.75425625 0.5042
1 0.5081249999999999 0.8110375 0.481625 0.8110375 0.481625 0.8432625 0.5081249999999999 0.8432625 0.5081249999999999 0.8110375
1 0.50625 0.8495062499999999 0.4918 0.8495062499999999 0.4918 0.87411875 0.50625 0.87411875 0.50625 0.8495062499999999
1 0.5736687500000001 0.1224 0.56305625 0.1224 0.56305625 0.135425 0.5736687500000001 0.135425 0.5736687500000001 0.1224
1 0.5248625 0.7933375 0.48491249999999997 0.7933375 0.48491249999999997 0.8287375000000001 0.5248625 0.8287375000000001 0.5248625 0.7933375
1 0.523675 0.81898125 0.496825 0.81898125 0.496825 0.8470437499999999 0.523675 0.8470437499999999 0.523675 0.81898125
1 0.17451875 0.7782125 0.13945625 0.7782125 0.13945625 0.8194375 0.17451875 0.8194375 0.17451875 0.7782125
1 0.456825 0.9674250000000001 0.4426 0.9674250000000001 0.4426 0.9847250000000001 0.456825 0.9847250000000001 0.456825 0.9674250000000001
1 0.46173125 0.79555625 0.35614375 0.79555625 0.35614375 0.81381875 0.46173125 0.81381875 0.46173125 0.79555625
1 0.34045625 0.5175125 0.31384375000000003 0.5175125 0.31384375000000003 0.6611875 0.34045625 0.6611875 0.34045625 0.5175125
1 0.5726312499999999 0.061125 0.54064375 0.061125 0.54064375 0.0795 0.5726312499999999 0.0795 0.5726312499999999 0.061125
1 0.07897499999999999 0.877275 0.0448 0.877275 0.0448 0.90105 0.07897499999999999 0.90105 0.07897499999999999 0.877275
3 0 0.575 0.01125 0.62625 0.021249999999999998 0.64 0.0225 0.6537499999999999 0.034999999999999996 0.67375 0.0775 0.7162499999999999 0.095 0.72875 0.11000000000000001 0.755 0.15 0.79125 0.14625 0.8099999999999999 0.1325 0.825 0.08125 0.86 0.05125 0.8887499999999999 0.075 0.8925000000000001 0.08625000000000001 0.89875 0.135 0.93 0.16625 0.96 0.19624999999999998 0.9662499999999999 0.25125000000000003 0.9550000000000001 0.27625 0.95375 0.32 0.9724999999999999 0.34875 0.97875 0.4125 0.97 0.45 0.9475 0.47625 0.9125 0.48125 0.9025000000000001 0.48 0.8949999999999999 0.48250000000000004 0.8925000000000001 0.485 0.89625 0.49124999999999996 0.8462500000000001 0.50125 0.82875 0.5125 0.8375 0.5175 0.83375 0.56875 0.8925000000000001 0.58 0.8712500000000001 0.6025 0.8625 0.6212500000000001 0.85 0.63875 0.85125 0.67375 0.8699999999999999 0.69875 0.87375 0.70375 0.86625 0.705 0.8525 0.7275 0.82875 0.76125 0.8225 0.7787499999999999 0.83375 0.7975 0.85375 0.8087500000000001 0.8712500000000001 0.81375 0.89625 0.825 0.9087500000000001 0.8324999999999999 0.9099999999999999 0.83625 0.8862500000000001 0.845 0.8675 0.85375 0.85875 0.89625 0.8412499999999999 0.9425000000000001 0.81125 0.97625 0.76375 0.99875 0.74125 0.99875 0.52 0.985 0.5075000000000001 0.925 0.48375 0.865 0.47750000000000004 0.84375 0.48 0.7837500000000001 0.5 0.7474999999999999 0.505 0.74 0.515 0.73 0.5175 0.73125 0.525 0.725 0.54125 0.71 0.5599999999999999 0.69625 0.55625 0.69625 0.54125 0.71375 0.51125 0.72 0.49124999999999996 0.7212500000000001 0.43875000000000003 0.71 0.37625000000000003 0.69375 0.3225 0.67875 0.2875 0.60625 0.19 0.585 0.15375 0.57125 0.12 0.5700000000000001 0.08375 0.56125 0.06375 0.5549999999999999 0.06375 0.54875 0.06375 0.54125 0.075 0.5075000000000001 0.16 0.4175 0.25625 0.37 0.3275 0.35125 0.3775 0.34249999999999997 0.42000000000000004 0.34125 0.45999999999999996 0.32 0.44375 0.26125 0.4125 0.20750000000000002 0.3975 0.14750000000000002 0.395 0.1125 0.3975 0.06 0.41 0 0.41125 0 0.575