1 0.61275625 0.40083125 0.57816875 0.40083125 0.57816875 0.43711874999999994 0.61275625 0.43711874999999994 0.61275625 0.40083125
1 0.59459375 0.25303749999999997 0.55775625 0.25303749999999997 0.55775625 0.27821250000000003 0.59459375 0.27821250000000003 0.59459375 0.25303749999999997
1 0.81904375 0.41600625 0.79815625 0.41600625 0.79815625 0.43799374999999996 0.81904375 0.43799374999999996 0.81904375 0.41600625
1 0.5395125000000001 0.47486875 0.5229874999999999 0.47486875 0.5229874999999999 0.48850625000000003 0.5395125000000001 0.48850625000000003 0.5395125000000001 0.47486875
1 0.445 0.6316375 0.4173 0.6316375 0.4173 0.6564375 0.445 0.6564375 0.445 0.6316375
1 0.54854375 0.74641875 0.5286062499999999 0.74641875 0.5286062499999999 0.76725625 0.54854375 0.76725625 0.54854375 0.74641875
1 0.8238749999999999 0.5654250000000001 0.799175 0.5654250000000001 0.799175 0.5957 0.8238749999999999 0.5957 0.8238749999999999 0.5654250000000001
1 0.52929375 0.5932625 0.51270625 0.5932625 0.51270625 0.6108374999999999 0.52929375 0.6108374999999999 0.52929375 0.5932625
1 0.40511875 0.6080125 0.39028125 0.6080125 0.39028125 0.6244125 0.40511875 0.6244125 0.40511875 0.6080125
1 0.5862937500000001 0.6296625 0.56508125 0.6296625 0.56508125 0.6467125 0.5862937500000001 0.6467125 0.5862937500000001 0.6296625
1 0.2598625 0.44754375 0.2420875 0.44754375 0.2420875 0.46505625000000006 0.2598625 0.46505625000000006 0.2598625 0.44754375
1 0.3800375 0.49325 0.3558125 0.49325 0.3558125 0.518475 0.3800375 0.518475 0.3800375 0.49325
1 0.58136875 0.59763125 0.56413125 0.59763125 0.56413125 0.61526875 0.58136875 0.61526875 0.58136875 0.59763125
1 0.27184375 0.536 0.25745625 0.536 0.25745625 0.55385 0.27184375 0.55385 0.27184375 0.536
1 0.2960875 0.49193125000000004 0.2673875 0.49193125000000004 0.2673875 0.52271875 0.2960875 0.52271875 0.2960875 0.49193125000000004
1 0.16588125 0.36945 0.12734375 0.36945 0.12734375 0.393725 0.16588125 0.393725 0.16588125 0.36945
1 0.90550625 0.23223124999999997 0.8825687500000001 0.23223124999999997 0.8825687500000001 0.25506875 0.90550625 0.25506875 0.90550625 0.23223124999999997
1 0.23355 0.7991937499999999 0.2142 0.7991937499999999 0.2142 0.81898125 0.23355 0.81898125 0.23355 0.7991937499999999
1 0.4327875 0.8506625 0.4143875 0.8506625 0.4143875 0.8700374999999999 0.4327875 0.8700374999999999 0.4327875 0.8506625
1 0.62495625 0.045524999999999996 0.59086875 0.045524999999999996 0.59086875 0.078 0.62495625 0.078 0.62495625 0.045524999999999996
1 0.19503125 0.46732500000000005 0.16701875 0.46732500000000005 0.16701875 0.49312500000000004 0.19503125 0.49312500000000004 0.19503125 0.46732500000000005
1 0.2010625 0.72346875 0.1736875 0.72346875 0.1736875 0.74333125 0.2010625 0.74333125 0.2010625 0.72346875
1 0.8383875 0.7362625 0.8139625 0.7362625 0.8139625 0.7578875 0.8383875 0.7578875 0.8383875 0.7362625
1 0.66886875 0.057975 0.62703125 0.057975 0.62703125 0.10182500000000001 0.66886875 0.10182500000000001 0.66886875 0.057975
1 0.07743125 0.75579375 0.04744375 0.75579375 0.04744375 0.77935625 0.07743125 0.77935625 0.07743125 0.75579375
1 0.3468 0.8742875 0.3319 0.8742875 0.3319 0.8913375 0.3468 0.8913375 0.3468 0.8742875
1 0.56683125 0.8383062499999999 0.55134375 0.8383062499999999 0.55134375 0.85309375 0.56683125 0.85309375 0.56683125 0.8383062499999999
1 0.45843749999999994 0.69435 0.4297375 0.69435 0.4297375 0.7216750000000001 0.45843749999999994 0.7216750000000001 0.45843749999999994 0.69435
1 0 0.8265687500000001 0.028725 0.8265687500000001 0.028725 0.79453125 0 0.79453125 0 0.8265687500000001
1 0.83178125 0.17270625 0.8078687499999999 0.17270625 0.8078687499999999 0.19546875 0.83178125 0.19546875 0.83178125 0.17270625
1 0.30084374999999997 0.85110625 0.27240625 0.85110625 0.27240625 0.8842437500000001 0.30084374999999997 0.8842437500000001 0.30084374999999997 0.85110625
1 0.49595 0.50501875 0.485 0.50501875 0.485 0.5194062500000001 0.49595 0.5194062500000001 0.49595 0.50501875
1 0.4918875 0.7922625 0.4793125 0.7922625 0.4793125 0.8053874999999999 0.4918875 0.8053874999999999 0.4918875 0.7922625
1 0.62926875 0.44163125000000003 0.61488125 0.44163125000000003 0.61488125 0.45386875 0.62926875 0.45386875 0.62926875 0.44163125000000003
1 0.43271249999999994 0.31969375 0.3968875 0.31969375 0.3968875 0.37563124999999997 0.43271249999999994 0.37563124999999997 0.43271249999999994 0.31969375
1 0.13558125000000001 0.8516125000000001 0.10036875 0.8516125000000001 0.10036875 0.8944875 0.13558125000000001 0.8944875 0.13558125000000001 0.8516125000000001
1 0.92780625 0.5289125 0.89054375 0.5289125 0.89054375 0.5706875 0.92780625 0.5706875 0.92780625 0.5289125
1 0.04209375 0.6439 0.02845625 0.6439 0.02845625 0.65785 0.04209375 0.65785 0.04209375 0.6439
1 0.3028625 0.5686 0.2718375 0.5686 0.2718375 0.59645 0.3028625 0.59645 0.3028625 0.5686
1 0.47281874999999995 0.452425 0.44710625000000004 0.452425 0.44710625000000004 0.485075 0.47281874999999995 0.485075 0.47281874999999995 0.452425
1 0.6197 0.3875625 0.603925 0.3875625 0.603925 0.40151250000000005 0.6197 0.40151250000000005 0.6197 0.3875625
1 0.49539999999999995 0.27773125 0.4753 0.27773125 0.4753 0.28964375000000003 0.49539999999999995 0.28964375000000003 0.49539999999999995 0.27773125
1 0.49215 0.31535625 0.453175 0.31535625 0.453175 0.34236875 0.49215 0.34236875 0.49215 0.31535625
1 0.93330625 0.7169749999999999 0.8733437500000001 0.7169749999999999 0.8733437500000001 0.755675 0.93330625 0.755675 0.93330625 0.7169749999999999
1 0.54898125 0.34233125000000003 0.5223187499999999 0.34233125000000003 0.5223187499999999 0.36909375 0.54898125 0.36909375 0.54898125 0.34233125000000003
1 0.6997687499999999 0.034731250000000005 0.5658562500000001 0.034731250000000005 0.5658562500000001 0.17059375000000002 0.6997687499999999 0.17059375000000002 0.6997687499999999 0.034731250000000005
1 0.9388624999999999 0.77764375 0.9283374999999999 0.77764375 0.9283374999999999 0.79463125 0.9388624999999999 0.79463125 0.9388624999999999 0.77764375
1 0.93499375 0.57070625 0.8814062500000001 0.57070625 0.8814062500000001 0.62361875 0.93499375 0.62361875 0.93499375 0.57070625
1 0.791175 0.67705 0.77815 0.67705 0.77815 0.693075 0.791175 0.693075 0.791175 0.67705
1 0.8229749999999999 0.259575 0.810825 0.259575 0.810825 0.271175 0.8229749999999999 0.271175 0.8229749999999999 0.259575
1 0.1918 0.6084625 0.168075 0.6084625 0.168075 0.6288375 0.1918 0.6288375 0.1918 0.6084625
1 0 0.8931250000000001 0.04745 0.8931250000000001 0.04745 0.846125 0 0.846125 0 0.8931250000000001
1 0.99999375 0.736125 0.99285625 0.736125 0.99285625 0.75215 0.99999375 0.75215 0.99999375 0.736125
1 0.64740625 0.29588749999999997 0.61919375 0.29588749999999997 0.61919375 0.3315625 0.64740625 0.3315625 0.64740625 0.29588749999999997
1 0.9863875 0.8992875 0.9696624999999999 0.8992875 0.9696624999999999 0.9346875000000001 0.9863875 0.9346875000000001 0.9863875 0.8992875
1 0.7034875 0.37159375 0.6851875 0.37159375 0.6851875 0.39255625 0.7034875 0.39255625 0.7034875 0.37159375
1 0.32904374999999997 0.6196312500000001 0.30328125 0.6196312500000001 0.30328125 0.65479375 0.32904374999999997 0.65479375 0.32904374999999997 0.6196312500000001
1 0.40139375 0.5840625 0.38620625 0.5840625 0.38620625 0.5985625 0.40139375 0.5985625 0.40139375 0.5840625
1 0.13790625 0.96994375 0.10819375 0.96994375 0.10819375 0.9968562500000001 0.13790625 0.9968562500000001 0.13790625 0.96994375
1 0.9616562500000001 0.69891875 0.94946875 0.69891875 0.94946875 0.70928125 0.9616562500000001 0.70928125 0.9616562500000001 0.69891875
3 0.63 0 0.57875 0.03625 0.5075000000000001 0.10124999999999999 0.48125 0.13625 0.44749999999999995 0.19375 0.41500000000000004 0.27 0.40125 0.32125 0.3975 0.36 0.39875 0.42000000000000004 0.41875 0.46875 0.44125 0.50125 0.44375 0.525 0.43875000000000003 0.5349999999999999 0.42750000000000005 0.5337500000000001 0.41500000000000004 0.51875 0.3875 0.45499999999999996 0.35750000000000004 0.42125 0.3325 0.40750000000000003 0.28375 0.39 0.22875 0.36 0.18375 0.34750000000000003 0.1025 0.35 0.052500000000000005 0.36375 0.015 0.37875000000000003 0 0.38875000000000004 0 0.49000000000000005 0.021249999999999998 0.5 0.04 0.52 0.052500000000000005 0.5237499999999999 0.05625 0.53 0.0975 0.5549999999999999 0.10124999999999999 0.56125 0.12250000000000001 0.57125 0.17124999999999999 0.61125 0.16875 0.6174999999999999 0.1575 0.6075 0.14375 0.6025 0.11625 0.57875 0.09625 0.56875 0.06875 0.54625 0.0475 0.5349999999999999 0.027500000000000004 0.51625 0.017499999999999998 0.5125 0.00625 0.49749999999999994 0 0.49749999999999994 0 0.85125 0.04875 0.9037499999999999 0.10625 0.9412499999999999 0.1125 0.95375 0.11125 0.97625 0.11499999999999999 0.99375 0.12 0.99875 0.13999999999999999 0.99875 0.17375000000000002 0.95375 0.23500000000000001 0.9087500000000001 0.2575 0.9125 0.3075 0.93 0.33625 0.97 0.33625 0.99 0.33999999999999997 0.99875 0.37374999999999997 0.99875 0.40374999999999994 0.9887499999999999 0.44625000000000004 0.985 0.44875 0.98125 0.465 0.9862500000000001 0.46624999999999994 0.99 0.46624999999999994 0.985 0.46125 0.985 0.45999999999999996 0.98125 0.46875 0.97625 0.54625 0.96125 0.5825 0.9574999999999999 0.60625 0.9574999999999999 0.61125 0.96125 0.6325000000000001 0.95875 0.63125 0.945 0.5650000000000001 0.8862500000000001 0.54 0.8699999999999999 0.54 0.8625 0.53625 0.86625 0.52625 0.8612500000000001 0.4575 0.8125 0.39249999999999996 0.77625 0.375 0.76375 0.3725 0.75 0.35375 0.74875 0.33625 0.735 0.3375 0.73125 0.325 0.73125 0.31 0.72 0.3225 0.7175 0.32999999999999996 0.71875 0.33625 0.7262500000000001 0.34750000000000003 0.7262500000000001 0.3525 0.73375 0.3725 0.74375 0.375 0.74875 0.42625 0.7737499999999999 0.4325 0.7825 0.465 0.8012499999999999 0.46875 0.81125 0.48250000000000004 0.8125 0.49625 0.82 0.50125 0.8275 0.52125 0.83625 0.53125 0.8487500000000001 0.54375 0.85375 0.54625 0.86 0.5662499999999999 0.8675 0.5862499999999999 0.8875 0.605 0.8975 0.61 0.90625 0.6224999999999999 0.91375 0.64625 0.9400000000000001 0.6725 0.95 0.67875 0.9112500000000001 0.67875 0.78125 0.6900000000000001 0.67 0.68875 0.6487499999999999 0.7112499999999999 0.5125 0.70375 0.3275 0.7262500000000001 0.16375 0.735 0.06375 0.74 0.05125 0.74125 0 0.73470625 0 0.63 0
3 0.755 0 0.7162499999999999 0.335 0.725 0.48 0.73375 0.53 0.73 0.54375 0.725 0.5475 0.71 0.61875 0.70625 0.7162499999999999 0.70125 0.73875 0.6975 0.8487500000000001 0.70125 0.9412499999999999 0.7075 0.9525 0.725 0.94375 0.76875 0.9075 0.7787499999999999 0.905 0.7825 0.8975 0.8 0.89 0.83125 0.8675 0.88125 0.84375 0.91875 0.82 0.9262499999999999 0.82 0.9662499999999999 0.8012499999999999 0.98125 0.7887500000000001 0.99875 0.7849999999999999 0.99875 0.30625 0.99125 0.27875 0.95375 0.18375 0.9275 0.1325 0.84375 0.008749999999999999 0.835 0 0.76625 0 0.755 0
3 0.8800000000000001 0.8637499999999999 0.8262499999999999 0.89125 0.8012499999999999 0.9125 0.79125 0.915 0.76125 0.9375 0.74375 0.95375 0.73875 0.9637499999999999 0.7474999999999999 0.9662499999999999 0.75125 0.96125 0.8 0.96875 0.825 0.97625 0.8300000000000001 0.9824999999999999 0.8975 0.99875 0.99875 0.99875 0.99875 0.8012499999999999 0.9949999999999999 0.8012499999999999 0.9625 0.8175000000000001 0.9425000000000001 0.8324999999999999 0.89 0.8550000000000001 0.8800000000000001 0.8637499999999999
1 0.36906875 0.74933125 0.34773125 0.74933125 0.34773125 0.76434375 0.36906875 0.76434375 0.36906875 0.74933125
1 0.79916875 0.38669375 0.7809062499999999 0.38669375 0.7809062499999999 0.40285624999999997 0.79916875 0.40285624999999997 0.79916875 0.38669375