1 0.27153125 0.5695 0.24256875 0.5695 0.24256875 0.59525 0.27153125 0.59525 0.27153125 0.5695
1 0.29360624999999996 0.540825 0.26596875 0.540825 0.26596875 0.56465 0.29360624999999996 0.56465 0.29360624999999996 0.540825
1 0.45384375 0.53861875 0.41285625000000004 0.53861875 0.41285625000000004 0.57368125 0.45384375 0.57368125 0.45384375 0.53861875
1 0.1671875 0.59228125 0.1514125 0.59228125 0.1514125 0.60401875 0.1671875 0.60401875 0.1671875 0.59228125
1 0.0622625 0.5582 0.045537499999999995 0.5582 0.045537499999999995 0.571675 0.0622625 0.571675 0.0622625 0.5582
1 0.47971250000000004 0.29514375 0.4626625 0.29514375 0.4626625 0.31520625 0.47971250000000004 0.31520625 0.47971250000000004 0.29514375
1 0.39283125 0.53621875 0.36351875 0.53621875 0.36351875 0.55850625 0.39283125 0.55850625 0.39283125 0.53621875
1 0.48955000000000004 0.42139375 0.4709 0.42139375 0.4709 0.43798125 0.48955000000000004 0.43798125 0.48955000000000004 0.42139375
1 0.9531499999999999 0.5793437499999999 0.931625 0.5793437499999999 0.931625 0.60035625 0.9531499999999999 0.60035625 0.9531499999999999 0.5793437499999999
1 0.08781875 0.56458125 0.07198125 0.56458125 0.07198125 0.57896875 0.08781875 0.57896875 0.08781875 0.56458125
1 0.95358125 0.3612375 0.90871875 0.3612375 0.90871875 0.4151375 0.95358125 0.4151375 0.95358125 0.3612375
1 0.77555625 0.66793125 0.76154375 0.66793125 0.76154375 0.68364375 0.77555625 0.68364375 0.77555625 0.66793125
1 0.52266875 0.5238375 0.49978125 0.5238375 0.49978125 0.5533125 0.52266875 0.5533125 0.52266875 0.5238375
1 0.8026500000000001 0.35549375 0.777425 0.35549375 0.777425 0.37838125 0.8026500000000001 0.37838125 0.8026500000000001 0.35549375
1 0.3782875 0.026725 0.3590125 0.026725 0.3590125 0.0445 0.3782875 0.0445 0.3782875 0.026725
1 0.57563125 0.5145625 0.5474187500000001 0.5145625 0.5474187500000001 0.5420874999999999 0.57563125 0.5420874999999999 0.57563125 0.5145625
1 0.45733750000000006 0.0668875 0.4406125 0.0668875 0.4406125 0.0839875 0.45733750000000006 0.0839875 0.45733750000000006 0.0668875
1 0.38246875 0.82623125 0.34508125 0.82623125 0.34508125 0.86321875 0.38246875 0.86321875 0.38246875 0.82623125
1 0.68105 0.5713874999999999 0.665625 0.5713874999999999 0.665625 0.5887625 0.68105 0.5887625 0.68105 0.5713874999999999
1 0.6666125 0.19848749999999998 0.6439375 0.19848749999999998 0.6439375 0.2241125 0.6666125 0.2241125 0.6666125 0.19848749999999998
1 0.49946250000000003 0.23918124999999998 0.48343749999999996 0.23918124999999998 0.48343749999999996 0.25886875 0.49946250000000003 0.25886875 0.49946250000000003 0.23918124999999998
1 0.42429375 0.264775 0.41018125000000005 0.264775 0.41018125000000005 0.278675 0.42429375 0.278675 0.42429375 0.264775
1 0.69850625 0.49677499999999997 0.68234375 0.49677499999999997 0.68234375 0.51885 0.69850625 0.51885 0.69850625 0.49677499999999997
1 0.8154875 0.44723125 0.7811874999999999 0.44723125 0.7811874999999999 0.46926875 0.8154875 0.46926875 0.8154875 0.44723125
1 0.51628125 0.201575 0.49641875 0.201575 0.49641875 0.2203 0.51628125 0.2203 0.51628125 0.201575
1 0.53925 0.1275625 0.5046999999999999 0.1275625 0.5046999999999999 0.1673625 0.53925 0.1673625 0.53925 0.1275625
1 0.9407937499999999 0.29888125 0.9019812500000001 0.29888125 0.9019812500000001 0.35054375000000004 0.9407937499999999 0.35054375000000004 0.9407937499999999 0.29888125
1 0.53538125 0.2673 0.50661875 0.2673 0.50661875 0.28152499999999997 0.53538125 0.28152499999999997 0.53538125 0.2673
1 0.5072 0.0195125 0.49035 0.0195125 0.49035 0.0442125 0.5072 0.0442125 0.5072 0.0195125
1 0.400025 0.6004437499999999 0.36462500000000003 0.6004437499999999 0.36462500000000003 0.63100625 0.400025 0.63100625 0.400025 0.6004437499999999
1 0.5176125 0.68335 0.49703749999999997 0.68335 0.49703749999999997 0.70045 0.5176125 0.70045 0.5176125 0.68335
1 0.40913750000000004 0.18891875 0.39311250000000003 0.18891875 0.39311250000000003 0.20635625000000002 0.40913750000000004 0.20635625000000002 0.40913750000000004 0.18891875
1 0.8419375 0.32795625 0.8240875000000001 0.32795625 0.8240875000000001 0.34781875 0.8419375 0.34781875 0.8419375 0.32795625
1 0.44949374999999997 0.31489375000000003 0.43185624999999994 0.31489375000000003 0.43185624999999994 0.33208125 0.44949374999999997 0.33208125 0.44949374999999997 0.31489375000000003
1 0.3831 0.43795 0.32685 0.43795 0.32685 0.46682499999999993 0.3831 0.46682499999999993 0.3831 0.43795
1 0.72740625 0.29596875 0.69251875 0.29596875 0.69251875 0.32123124999999997 0.72740625 0.32123124999999997 0.72740625 0.29596875
1 0.8524499999999999 0.5024375 0.81455 0.5024375 0.81455 0.5463875 0.8524499999999999 0.5463875 0.8524499999999999 0.5024375
1 0.72495 0.03224375 0.713525 0.03224375 0.713525 0.04630625 0.72495 0.04630625 0.72495 0.03224375
1 0.6261375 0.73445 0.5994375 0.73445 0.5994375 0.753825 0.6261375 0.753825 0.6261375 0.73445
1 1 0.1945 0.991375 0.1945 0.991375 0.212975 1 0.212975 1 0.1945
1 0.742625 0.3492625 0.73295 0.3492625 0.73295 0.3597125 0.742625 0.3597125 0.742625 0.3492625
1 0.43863125 0.3870875 0.41634374999999996 0.3870875 0.41634374999999996 0.4092875 0.43863125 0.4092875 0.43863125 0.3870875
1 0.8281000000000001 0.178725 0.804725 0.178725 0.804725 0.196025 0.8281000000000001 0.196025 0.8281000000000001 0.178725
1 0.89144375 0.7446875000000001 0.87710625 0.7446875000000001 0.87710625 0.7641125 0.89144375 0.7641125 0.89144375 0.7446875000000001
1 0.25543125 0.50451875 0.20721875 0.50451875 0.20721875 0.54040625 0.25543125 0.54040625 0.25543125 0.50451875
1 0.8936999999999999 0.1530375 0.86215 0.1530375 0.86215 0.1719125 0.8936999999999999 0.1719125 0.8936999999999999 0.1530375
1 0.6054062499999999 0.9482062499999999 0.58404375 0.9482062499999999 0.58404375 0.95901875 0.6054062499999999 0.95901875 0.6054062499999999 0.9482062499999999
1 0.76325 0.16866874999999998 0.7016 0.16866874999999998 0.7016 0.23538125000000001 0.76325 0.23538125000000001 0.76325 0.16866874999999998
1 0.52731875 0.5867625000000001 0.44193125 0.5867625000000001 0.44193125 0.6476124999999999 0.52731875 0.6476124999999999 0.52731875 0.5867625000000001
1 0.40641875 0.36576875000000003 0.38850625 0.36576875000000003 0.38850625 0.38275625 0.40641875 0.38275625 0.40641875 0.36576875000000003
1 0.32751874999999997 0.26216249999999997 0.30628125 0.26216249999999997 0.30628125 0.2812875 0.32751874999999997 0.2812875 0.32751874999999997 0.26216249999999997
1 0.693875 0.18335625 0.5902999999999999 0.18335625 0.5902999999999999 0.26709375 0.693875 0.26709375 0.693875 0.18335625
1 0.8716875 0.9185437500000001 0.8607374999999999 0.9185437500000001 0.8607374999999999 0.92910625 0.8716875 0.92910625 0.8716875 0.9185437500000001
1 1 0.607375 0.9961249999999999 0.607375 0.9961249999999999 0.615275 1 0.615275 1 0.607375
3 0.21749999999999997 0 0.22374999999999998 0.0775 0.24375 0.16999999999999998 0.26375000000000004 0.22125 0.27 0.22749999999999998 0.27 0.23500000000000001 0.27875 0.24625 0.27875 0.25375000000000003 0.28500000000000003 0.25625 0.29 0.27125 0.30375 0.28375 0.31 0.30125 0.31375000000000003 0.30125 0.325 0.3175 0.32875 0.3175 0.355 0.34875 0.37875000000000003 0.37 0.41624999999999995 0.41125 0.42000000000000004 0.42125 0.40875000000000006 0.43125 0.35625 0.425 0.34125 0.42874999999999996 0.32 0.42750000000000005 0.29375 0.43 0.28625 0.43624999999999997 0.26875 0.43624999999999997 0.22999999999999998 0.44625000000000004 0.17625 0.46875 0.08499999999999999 0.5275000000000001 0.041249999999999995 0.54625 0.02 0.54875 0.01 0.5587500000000001 0 0.56125 0 0.5925 0.0125 0.5925 0.01875 0.59875 0.135 0.625 0.13999999999999999 0.63125 0.15375 0.63625 0.18 0.64125 0.185 0.64625 0.19 0.645 0.21000000000000002 0.655 0.22125 0.65625 0.24625 0.67 0.25125000000000003 0.66875 0.27 0.6799999999999999 0.27625 0.6799999999999999 0.27749999999999997 0.6849999999999999 0.2925 0.6875 0.31 0.70125 0.32375 0.70375 0.3375 0.7162499999999999 0.34875 0.71875 0.3725 0.73375 0.39125 0.73875 0.4125 0.7537499999999999 0.41125 0.7625 0.41500000000000004 0.7725 0.42000000000000004 0.775 0.4175 0.78625 0.4225 0.81375 0.42000000000000004 0.9012499999999999 0.4025 0.9550000000000001 0.40125 0.99875 0.4425 0.99875 0.4875 0.96875 0.6375 0.945 0.6799999999999999 0.93 0.7849999999999999 0.90625 0.8487500000000001 0.8800000000000001 0.91375 0.8237500000000001 0.92875 0.80625 0.9525 0.7424999999999999 0.97625 0.64375 0.97625 0.62625 0.9675 0.5862499999999999 0.9525 0.53125 0.9425000000000001 0.50875 0.9349999999999999 0.50125 0.915 0.49749999999999994 0.9 0.49749999999999994 0.89875 0.5025000000000001 0.89 0.5037499999999999 0.8875 0.50125 0.8925000000000001 0.49749999999999994 0.8925000000000001 0.48624999999999996 0.8887499999999999 0.48125 0.8787499999999999 0.47874999999999995 0.8724999999999999 0.48250000000000004 0.77125 0.48375 0.61875 0.51 0.41375 0.53625 0.39875 0.5349999999999999 0.37124999999999997 0.54125 0.33875 0.54 0.16875 0.55625 0.16125 0.55125 0.15625 0.55625 0.1575 0.5475 0.185 0.5475 0.22000000000000003 0.5387500000000001 0.28625 0.53625 0.2975 0.5325 0.3025 0.5349999999999999 0.3125 0.53 0.34249999999999997 0.53 0.3675 0.5237499999999999 0.41375 0.5225 0.4375 0.51625 0.5599999999999999 0.50625 0.5862499999999999 0.5 0.61625 0.49874999999999997 0.63125 0.4925 0.66125 0.49124999999999996 0.67375 0.485 0.76375 0.475 0.7737499999999999 0.47000000000000003 0.8375 0.46375 0.8625 0.465 0.88375 0.45999999999999996 0.8862500000000001 0.45499999999999996 0.875 0.44375 0.87375 0.43624999999999997 0.85375 0.42625 0.8412499999999999 0.4125 0.82875 0.4125 0.7875 0.38125 0.7875 0.375 0.79875 0.3725 0.83375 0.38375 0.8412499999999999 0.39375 0.8550000000000001 0.39875 0.89125 0.42750000000000005 0.9012499999999999 0.42750000000000005 0.9112500000000001 0.42125 0.9075 0.4125 0.9025000000000001 0.41125 0.9075 0.40374999999999994 0.9 0.395 0.89625 0.35125 0.89125 0.34500000000000003 0.89375 0.32625000000000004 0.8887499999999999 0.29874999999999996 0.8862500000000001 0.23125 0.8787499999999999 0.20875 0.8800000000000001 0.17375000000000002 0.8637499999999999 0.16625 0.8699999999999999 0.14375 0.865 0.12875 0.8675 0.12250000000000001 0.8625 0.11499999999999999 0.865 0.1025 0.8612500000000001 0.09625 0.85625 0.0475 0.8525 0.04375 0.8612500000000001 0.03125 0.8887499999999999 0.026250000000000002 0.8887499999999999 0 0.8825 0.0025 0.8800000000000001 0.008749999999999999 0.8800000000000001 0 0.865 0.0075 0.8612500000000001 0.00375 0.8525 0.005 0.8525 0.015 0.84375 0.0125 0.8462500000000001 0.008749999999999999 0.8412499999999999 0 0.71875 0 0.7175 0.013750000000000002 0.7125 0.015 0.71 0.021249999999999998 0.7112499999999999 0.027500000000000004 0.72 0.0325 0.72 0.045 0.7125 0.04625 0.7075 0.057499999999999996 0.7 0.05125 0.6950000000000001 0.12875 0.6900000000000001 0.13374999999999998 0.61875 0.05500000000000001 0.58875 0.03125 0.5375 0 0.531225 0 0.21749999999999997 0