1 0.48041875 0.43499999999999994 0.44083125 0.43499999999999994 0.44083125 0.49375 0.48041875 0.49375 0.48041875 0.43499999999999994
1 0.3564 0.56025625 0.31645 0.56025625 0.31645 0.59794375 0.3564 0.59794375 0.3564 0.56025625
1 0.53039375 0.34162499999999996 0.48620625000000006 0.34162499999999996 0.48620625000000006 0.37077499999999997 0.53039375 0.37077499999999997 0.53039375 0.34162499999999996
1 0.63233125 0.35675 0.57861875 0.35675 0.57861875 0.39325 0.63233125 0.39325 0.63233125 0.35675
1 0.6665 0.54085 0.63525 0.54085 0.63525 0.56365 0.6665 0.56365 0.6665 0.54085
1 0.36533125 0.4762375 0.32999375 0.4762375 0.32999375 0.5139875 0.36533125 0.5139875 0.36533125 0.4762375
1 0.5906374999999999 0.45540624999999996 0.5675625 0.45540624999999996 0.5675625 0.47574375 0.5906374999999999 0.47574375 0.5906374999999999 0.45540624999999996
1 0.45661874999999996 0.7179625 0.40910624999999995 0.7179625 0.40910624999999995 0.7459125 0.45661874999999996 0.7459125 0.45661874999999996 0.7179625
1 0.36315624999999996 0.616075 0.34191875 0.616075 0.34191875 0.644675 0.36315624999999996 0.644675 0.36315624999999996 0.616075
1 0.11911875000000001 0.5715625 0.07118125 0.5715625 0.07118125 0.6042125 0.11911875000000001 0.6042125 0.11911875000000001 0.5715625
1 0.20736875000000002 0.21324375 0.15543125 0.21324375 0.15543125 0.26625624999999997 0.20736875000000002 0.26625624999999997 0.20736875000000002 0.21324375
1 0.7844375 0.54726875 0.7458375 0.54726875 0.7458375 0.57870625 0.7844375 0.57870625 0.7844375 0.54726875
1 0.73084375 0.365475 0.69590625 0.365475 0.69590625 0.396725 0.73084375 0.396725 0.73084375 0.365475
1 0.52965 0.4809 0.51235 0.4809 0.51235 0.49712500000000004 0.52965 0.49712500000000004 0.52965 0.4809
1 0.58763125 0.75886875 0.55201875 0.75886875 0.55201875 0.78703125 0.58763125 0.78703125 0.58763125 0.75886875
1 0.1958375 0.6191625000000001 0.15988750000000002 0.6191625000000001 0.15988750000000002 0.6503625000000001 0.1958375 0.6503625000000001 0.1958375 0.6191625000000001
1 0.061812500000000006 0.552325 0.0339625 0.552325 0.0339625 0.578525 0.061812500000000006 0.578525 0.061812500000000006 0.552325
1 0.49876250000000005 0.3239875 0.4680375 0.3239875 0.4680375 0.3503375 0.49876250000000005 0.3503375 0.49876250000000005 0.3239875
1 0.8232437499999999 0.42966875 0.77148125 0.42966875 0.77148125 0.48780625000000005 0.8232437499999999 0.48780625000000005 0.8232437499999999 0.42966875
1 0.39878749999999996 0.80059375 0.3751375 0.80059375 0.3751375 0.82148125 0.39878749999999996 0.82148125 0.39878749999999996 0.80059375
1 0.2736375 0.4733875 0.2444375 0.4733875 0.2444375 0.5056125 0.2736375 0.5056125 0.2736375 0.4733875
1 0.5219437499999999 0.8816937499999999 0.49173125000000006 0.8816937499999999 0.49173125000000006 0.9093312499999999 0.5219437499999999 0.9093312499999999 0.5219437499999999 0.8816937499999999
1 0.6622125 0.37316875 0.6405125 0.37316875 0.6405125 0.39393125 0.6622125 0.39393125 0.6622125 0.37316875
1 0.374575 0.5214875 0.35150000000000003 0.5214875 0.35150000000000003 0.5449125 0.374575 0.5449125 0.374575 0.5214875
1 0.1077375 0.43064375000000005 0.07768749999999999 0.43064375000000005 0.07768749999999999 0.44923124999999997 0.1077375 0.44923124999999997 0.1077375 0.43064375000000005
1 0.3928 0.43200625 0.37134999999999996 0.43200625 0.37134999999999996 0.45276875 0.3928 0.45276875 0.3928 0.43200625
1 0.07428749999999999 0.65768125 0.0483375 0.65768125 0.0483375 0.68119375 0.07428749999999999 0.68119375 0.07428749999999999 0.65768125
1 0.04599375 0.68479375 0.02053125 0.68479375 0.02053125 0.70583125 0.04599375 0.70583125 0.04599375 0.68479375
1 0.5556875 0.7142625 0.5400125 0.7142625 0.5400125 0.7320375 0.5556875 0.7320375 0.5556875 0.7142625
1 0.7316125 0.6157812500000001 0.7068625 0.6157812500000001 0.7068625 0.64204375 0.7316125 0.64204375 0.7316125 0.6157812500000001
1 0.0751 0.20995 0.0173 0.20995 0.0173 0.24562499999999998 0.0751 0.24562499999999998 0.0751 0.20995
1 0.64849375 0.80424375 0.60833125 0.80424375 0.60833125 0.8393062499999999 0.64849375 0.8393062499999999 0.64849375 0.80424375
1 0.71846875 0.6605375 0.6936312499999999 0.6605375 0.6936312499999999 0.6841875 0.71846875 0.6841875 0.71846875 0.6605375
1 0.17661875 0.68224375 0.14785625 0.68224375 0.14785625 0.71620625 0.17661875 0.71620625 0.17661875 0.68224375
1 0.5024875 0.860775 0.4804125 0.860775 0.4804125 0.8824 0.5024875 0.8824 0.5024875 0.860775
1 0.18595625 0.8449937500000001 0.16341875 0.8449937500000001 0.16341875 0.86693125 0.18595625 0.86693125 0.18595625 0.8449937500000001
1 0.09655625 0.45881875 0.07299375 0.45881875 0.07299375 0.47868125 0.09655625 0.47868125 0.09655625 0.45881875
1 0.6699125 0.4812125 0.6543125 0.4812125 0.6543125 0.49731249999999994 0.6699125 0.49731249999999994 0.6699125 0.4812125
1 0.62840625 0.63978125 0.6137937499999999 0.63978125 0.6137937499999999 0.6551437499999999 0.62840625 0.6551437499999999 0.62840625 0.63978125
1 0.221925 0.6475875 0.14185 0.6475875 0.14185 0.7215625 0.221925 0.7215625 0.221925 0.6475875
1 0.5049812499999999 0.6404687499999999 0.48574375 0.6404687499999999 0.48574375 0.66030625 0.5049812499999999 0.66030625 0.5049812499999999 0.6404687499999999
1 0.2745625 0.8734500000000001 0.2537625 0.8734500000000001 0.2537625 0.8970499999999999 0.2745625 0.8970499999999999 0.2745625 0.8734500000000001
1 0.0712875 0.73081875 0.0416375 0.73081875 0.0416375 0.76138125 0.0712875 0.76138125 0.0712875 0.73081875
1 0.5817875 0.68030625 0.5666625 0.68030625 0.5666625 0.69469375 0.5817875 0.69469375 0.5817875 0.68030625
1 0.3339875 0.85176875 0.3037125 0.85176875 0.3037125 0.89140625 0.3339875 0.89140625 0.3339875 0.85176875
1 0.28393125 0.5445562500000001 0.25904375 0.5445562500000001 0.25904375 0.5804437499999999 0.28393125 0.5804437499999999 0.28393125 0.5445562500000001
1 0.20976875 0.65008125 0.19233125 0.65008125 0.19233125 0.66826875 0.20976875 0.66826875 0.20976875 0.65008125
1 0.029225 0.3873625 0.004475 0.3873625 0.004475 0.40951250000000006 0.029225 0.40951250000000006 0.029225 0.3873625
1 0.6791875 0.60071875 0.6577375 0.60071875 0.6577375 0.61705625 0.6791875 0.61705625 0.6791875 0.60071875
1 0.10113749999999999 0.11003125 0.011537500000000001 0.11003125 0.011537500000000001 0.16584375 0.10113749999999999 0.16584375 0.10113749999999999 0.11003125
1 0.0414375 0.61386875 0.0111625 0.61386875 0.0111625 0.63710625 0.0414375 0.63710625 0.0414375 0.61386875
1 0.48215 0.49968124999999997 0.414825 0.49968124999999997 0.414825 0.54621875 0.48215 0.54621875 0.48215 0.49968124999999997
1 0.43371250000000006 0.8038624999999999 0.41686249999999997 0.8038624999999999 0.41686249999999997 0.8172375000000001 0.43371250000000006 0.8172375000000001 0.43371250000000006 0.8038624999999999
1 0.3629375 0.39450625 0.3489875 0.39450625 0.3489875 0.41116875 0.3629375 0.41116875 0.3629375 0.39450625
1 0.40471250000000003 0.88235 0.3799625 0.88235 0.3799625 0.9106249999999999 0.40471250000000003 0.9106249999999999 0.40471250000000003 0.88235
1 0.27919375 0.39756874999999997 0.25353125 0.39756874999999997 0.25353125 0.42323125 0.27919375 0.42323125 0.27919375 0.39756874999999997
1 0.22615 0.5972125 0.20695000000000002 0.5972125 0.20695000000000002 0.6166625 0.22615 0.6166625 0.22615 0.5972125
1 0.74281875 0.6525000000000001 0.68980625 0.6525000000000001 0.68980625 0.7059 0.74281875 0.7059 0.74281875 0.6525000000000001
1 0.70585625 0.7522 0.65254375 0.7522 0.65254375 0.834725 0.70585625 0.834725 0.70585625 0.7522
1 0.69695 0.49856249999999996 0.685875 0.49856249999999996 0.685875 0.5092625 0.69695 0.5092625 0.69695 0.49856249999999996
1 0.25241250000000004 0.6119625 0.23928750000000001 0.6119625 0.23928750000000001 0.6253375 0.25241250000000004 0.6253375 0.25241250000000004 0.6119625
1 0.25463125 0.966325 0.22876875000000002 0.966325 0.22876875000000002 0.9877750000000001 0.25463125 0.9877750000000001 0.25463125 0.966325
1 0.0438125 0.7197125 0.0282125 0.7197125 0.0282125 0.7343875 0.0438125 0.7343875 0.0438125 0.7197125
1 0.36113125 0.68281875 0.31611875 0.68281875 0.31611875 0.7175812500000001 0.36113125 0.7175812500000001 0.36113125 0.68281875
1 0.2790125 0.6882937499999999 0.2624875 0.6882937499999999 0.2624875 0.70330625 0.2790125 0.70330625 0.2790125 0.6882937499999999
1 0.10075624999999999 0.64385625 0.08526875 0.64385625 0.08526875 0.65886875 0.10075624999999999 0.65886875 0.10075624999999999 0.64385625
1 0.23206875 0.5726875 0.21300625 0.5726875 0.21300625 0.5894125 0.23206875 0.5894125 0.23206875 0.5726875
3 0 0 0 0.99875 0.12375 0.99875 0.1325 0.9949999999999999 0.15125 0.99875 0.21875 0.99875 0.22000000000000003 0.9949999999999999 0.2225 0.99875 0.26 0.99875 0.26749999999999996 0.975 0.2975 0.9375 0.30874999999999997 0.9375 0.33375 0.92875 0.3525 0.9175000000000001 0.3725 0.9175000000000001 0.3975 0.9375 0.43499999999999994 0.9724999999999999 0.45125000000000004 0.99875 0.49375 0.99875 0.50125 0.9949999999999999 0.5025000000000001 0.9724999999999999 0.51 0.9625 0.585 0.9199999999999999 0.655 0.85875 0.66875 0.8412499999999999 0.69625 0.7825 0.72875 0.74 0.7625 0.6537499999999999 0.765 0.6325000000000001 0.7787499999999999 0.5925 0.80375 0.48875 0.8275 0.4425 0.8412499999999999 0.39875 0.85875 0.3725 0.8675 0.34750000000000003 0.89 0.30874999999999997 0.89375 0.275 0.8637499999999999 0.28125 0.775 0.335 0.71375 0.3525 0.69625 0.36375 0.6625 0.34500000000000003 0.61125 0.32875 0.5725 0.32125 0.515 0.32 0.46375 0.32375 0.425 0.335 0.3775 0.35625 0.36375 0.36625 0.28375 0.39 0.2525 0.40750000000000003 0.23625 0.42625 0.23374999999999999 0.45 0.225 0.46624999999999994 0.22000000000000003 0.46875 0.22000000000000003 0.47375 0.20249999999999999 0.49124999999999996 0.18875 0.495 0.1825 0.47375 0.1875 0.45875000000000005 0.1925 0.45499999999999996 0.19375 0.44749999999999995 0.20875 0.43624999999999997 0.22125 0.42000000000000004 0.23374999999999999 0.385 0.23125 0.28625 0.22374999999999998 0.26875 0.21375000000000002 0.22000000000000003 0.1675 0.11125 0.12375 0.04 0.08625000000000001 0 0.079615 0 0 0