1 0.8765000000000001 0.73809375 0.842225 0.73809375 0.842225 0.79438125 0.8765000000000001 0.79438125 0.8765000000000001 0.73809375
1 0.28299375000000004 0.48555000000000004 0.25258125 0.48555000000000004 0.25258125 0.506475 0.28299375000000004 0.506475 0.28299375000000004 0.48555000000000004
1 0.15089999999999998 0.48555000000000004 0.127575 0.48555000000000004 0.127575 0.517425 0.15089999999999998 0.517425 0.15089999999999998 0.48555000000000004
1 0.0533 0.68214375 0.0253 0.68214375 0.0253 0.72035625 0.0533 0.72035625 0.0533 0.68214375
1 0.84755625 0.46055 0.81849375 0.46055 0.81849375 0.49552500000000005 0.84755625 0.49552500000000005 0.84755625 0.46055
1 0.11471875000000001 0.14919374999999999 0.08553125 0.14919374999999999 0.08553125 0.18060625 0.11471875000000001 0.18060625 0.11471875000000001 0.14919374999999999
1 0.14095625 0.246025 0.09536875 0.246025 0.09536875 0.29205000000000003 0.14095625 0.29205000000000003 0.14095625 0.246025
1 0.74200625 0.22014999999999998 0.67791875 0.22014999999999998 0.67791875 0.28375 0.74200625 0.28375 0.74200625 0.22014999999999998
1 0.68096875 0.1941125 0.6305562499999999 0.1941125 0.6305562499999999 0.24681250000000002 0.68096875 0.24681250000000002 0.68096875 0.1941125
1 0.17370625 0.65669375 0.10974375 0.65669375 0.10974375 0.69878125 0.17370625 0.69878125 0.17370625 0.65669375
1 0.60519375 0.34421875 0.53933125 0.34421875 0.53933125 0.38965625 0.60519375 0.38965625 0.60519375 0.34421875
1 0.94019375 0.30376875000000003 0.91038125 0.30376875000000003 0.91038125 0.32220624999999997 0.94019375 0.32220624999999997 0.94019375 0.30376875000000003
1 0.06083125 0.34154375 0.04676875 0.34154375 0.04676875 0.36108125 0.06083125 0.36108125 0.06083125 0.34154375
1 0.086125 0.28880625000000004 0.072325 0.28880625000000004 0.072325 0.30104375 0.086125 0.30104375 0.086125 0.28880625000000004
1 0.88101875 0.10846875 0.8611812499999999 0.10846875 0.8611812499999999 0.11993125 0.88101875 0.11993125 0.88101875 0.10846875
1 0.2915625 0.20154375 0.1058875 0.20154375 0.1058875 0.36340625000000004 0.2915625 0.36340625000000004 0.2915625 0.20154375
1 0.30245625 0.48324999999999996 0.20436875 0.48324999999999996 0.20436875 0.5568 0.30245625 0.5568 0.30245625 0.48324999999999996
1 0.5766 0.6372875 0.5025000000000001 0.6372875 0.5025000000000001 0.6859625 0.5766 0.6859625 0.5766 0.6372875
1 0.99999375 0.2557375 0.86468125 0.2557375 0.86468125 0.3878125 0.99999375 0.3878125 0.99999375 0.2557375
1 0.07543125 0.4308375 0.055293749999999996 0.4308375 0.055293749999999996 0.4441625 0.07543125 0.4441625 0.07543125 0.4308375
1 0.77660625 0.23974375 0.65111875 0.23974375 0.65111875 0.34570625 0.77660625 0.34570625 0.77660625 0.23974375
1 0.49485 0.4594875 0.4285 0.4594875 0.4285 0.5121875 0.49485 0.5121875 0.49485 0.4594875
1 0.44185625 0.31838125 0.42729375 0.31838125 0.42729375 0.33689375 0.44185625 0.33689375 0.44185625 0.31838125
1 0.756 0.07957499999999999 0.7401 0.07957499999999999 0.7401 0.09035 0.756 0.09035 0.756 0.07957499999999999
1 0.88684375 0.34158125 0.7674562500000001 0.34158125 0.7674562500000001 0.37619375 0.88684375 0.37619375 0.88684375 0.34158125
1 0.91143125 0.6243562500000001 0.82976875 0.6243562500000001 0.82976875 0.69301875 0.91143125 0.69301875 0.91143125 0.6243562500000001
1 0.862175 0.3333875 0.84975 0.3333875 0.84975 0.34581249999999997 0.862175 0.34581249999999997 0.862175 0.3333875
1 0.41733125 0.418 0.40054375000000003 0.418 0.40054375000000003 0.4492 0.41733125 0.4492 0.41733125 0.418
1 0.45544375 0.32034375000000004 0.41320625 0.32034375000000004 0.41320625 0.41403125 0.45544375 0.41403125 0.45544375 0.32034375000000004
1 0.254975 0.19798125 0.24235 0.19798125 0.24235 0.22609374999999998 0.254975 0.22609374999999998 0.254975 0.19798125
1 0.55188125 0.26046874999999997 0.43591875 0.26046874999999997 0.43591875 0.35818125 0.55188125 0.35818125 0.55188125 0.26046874999999997
1 0.42004374999999994 0.42819375 0.33435625 0.42819375 0.33435625 0.5283562500000001 0.42004374999999994 0.5283562500000001 0.42004374999999994 0.42819375
1 0.33945625 0.00653125 0.31924375 0.00653125 0.31924375 0.02651875 0.33945625 0.02651875 0.33945625 0.00653125
1 0.6399874999999999 0.4893375 0.6285624999999999 0.4893375 0.6285624999999999 0.5004125 0.6399874999999999 0.5004125 0.6399874999999999 0.4893375
1 0.3413875 0.48687500000000006 0.3187625 0.48687500000000006 0.3187625 0.49945000000000006 0.3413875 0.49945000000000006 0.3413875 0.48687500000000006
1 0.384125 0.161325 0.34195000000000003 0.161325 0.34195000000000003 0.2017 0.384125 0.2017 0.384125 0.161325
1 0.40437500000000004 0.2601875 0.389075 0.2601875 0.389075 0.2769125 0.40437500000000004 0.2769125 0.40437500000000004 0.2601875
1 0.0180375 0.3741 0.0065375 0.3741 0.0065375 0.38322500000000004 0.0180375 0.38322500000000004 0.0180375 0.3741
1 0.451725 0.3522875 0.342225 0.3522875 0.342225 0.40356249999999994 0.451725 0.40356249999999994 0.451725 0.3522875
1 0.7049000000000001 0.5081125 0.5714750000000001 0.5081125 0.5714750000000001 0.6364124999999999 0.7049000000000001 0.6364124999999999 0.7049000000000001 0.5081125
1 0.238925 0.37677499999999997 0.13315 0.37677499999999997 0.13315 0.463075 0.238925 0.463075 0.238925 0.37677499999999997
1 0.8493375000000001 0.558575 0.8362125 0.558575 0.8362125 0.5713 0.8493375000000001 0.5713 0.8493375000000001 0.558575
1 0.691575 0.26808125 0.67855 0.26808125 0.67855 0.28269375 0.691575 0.28269375 0.691575 0.26808125
1 0.07666875 0.56266875 0.06493125 0.56266875 0.06493125 0.57308125 0.07666875 0.57308125 0.07666875 0.56266875
1 0.26325 0.49164375 0.077575 0.49164375 0.077575 0.6431312499999999 0.26325 0.6431312499999999 0.26325 0.49164375
1 0.9650624999999999 0.5723374999999999 0.9499875 0.5723374999999999 0.9499875 0.5868375 0.9650624999999999 0.5868375 0.9650624999999999 0.5723374999999999
1 0.8098000000000001 0.20237500000000003 0.791775 0.20237500000000003 0.791775 0.2212 0.8098000000000001 0.2212 0.8098000000000001 0.20237500000000003
1 0.7327625 0.7473687499999999 0.7193875000000001 0.7473687499999999 0.7193875000000001 0.75653125 0.7327625 0.75653125 0.7327625 0.7473687499999999
1 0.9826062500000001 0.15009375 0.8142687499999999 0.15009375 0.8142687499999999 0.23688125000000002 0.9826062500000001 0.23688125000000002 0.9826062500000001 0.15009375
1 0.8058249999999999 0.43099375 0.793775 0.43099375 0.793775 0.44155625 0.8058249999999999 0.44155625 0.8058249999999999 0.43099375
1 0.77675625 0.6882375 0.76426875 0.6882375 0.76426875 0.6984874999999999 0.77675625 0.6984874999999999 0.77675625 0.6882375
1 0.32659375 0.185025 0.19585625 0.185025 0.19585625 0.20902500000000002 0.32659375 0.20902500000000002 0.32659375 0.185025
1 0.11784375 0.62220625 0.10810625 0.62220625 0.10810625 0.63071875 0.11784375 0.63071875 0.11784375 0.62220625
1 0.5993999999999999 0.73725625 0.581275 0.73725625 0.581275 0.75199375 0.5993999999999999 0.75199375 0.5993999999999999 0.73725625
1 0.7311375 0.0633 0.48858750000000006 0.0633 0.48858750000000006 0.167425 0.7311375 0.167425 0.7311375 0.0633
1 0.99718125 0.29817499999999997 0.97741875 0.29817499999999997 0.97741875 0.31755 0.99718125 0.31755 0.99718125 0.29817499999999997
1 0.53874375 0.7027687499999999 0.52473125 0.7027687499999999 0.52473125 0.71423125 0.53874375 0.71423125 0.53874375 0.7027687499999999
1 0.80938125 0.718125 0.79219375 0.718125 0.79219375 0.735975 0.80938125 0.735975 0.80938125 0.718125
1 0.4549125 0.3451875 0.4357125 0.3451875 0.4357125 0.3594125 0.4549125 0.3594125 0.4549125 0.3451875
1 0.9906 0.6038375 0.971325 0.6038375 0.971325 0.6158875 0.9906 0.6158875 0.9906 0.6038375
1 0.057487500000000004 0.3606 0.0456125 0.3606 0.0456125 0.369875 0.057487500000000004 0.369875 0.057487500000000004 0.3606
1 0.08179375 0.00451875 0.00085625 0.00451875 0.00085625 0.08093125 0.08179375 0.08093125 0.08179375 0.00451875
3 0.03125 0 0.03375 0.005 0.028749999999999998 0.005 0.028749999999999998 0.01125 0.025 0.013750000000000002 0.01625 0.008749999999999999 0.0125 0.017499999999999998 0 0.008749999999999999 0 0.03375 0.008749999999999999 0.027500000000000004 0.01625 0.0325 0.061250000000000006 0.0325 0.058750000000000004 0.03875 0.05125 0.03625 0.03875 0.04 0.03625 0.03625 0.028749999999999998 0.041249999999999995 0.015 0.04 0.01125 0.0475 0.00625 0.045 0.01 0.04 0 0.03875 0 0.065 0.008749999999999999 0.057499999999999996 0.017499999999999998 0.057499999999999996 0.01625 0.06375 0.02375 0.057499999999999996 0.0325 0.057499999999999996 0.0325 0.065 0.04 0.058750000000000004 0.04875 0.06375 0.05625 0.058750000000000004 0.0675 0.06875 0.07375000000000001 0.06 0.08 0.065 0.09125 0.0625 0.09875 0.06999999999999999 0.10625 0.065 0.1125 0.06875 0.14125000000000001 0.07125000000000001 0.135 0.075 0.12125 0.075 0.125 0.08 0.11875 0.08375 0.11625 0.075 0.09625 0.07375000000000001 0.08875 0.08125 0.08375 0.07375000000000001 0.07125000000000001 0.0775 0.06625 0.0725 0.06375 0.0775 0.061250000000000006 0.07375000000000001 0.05625 0.0775 0.0475 0.07125000000000001 0.04 0.0775 0.03625 0.06625 0.025 0.07625 0.01875 0.07125000000000001 0.008749999999999999 0.0775 0 0.07375000000000001 0 0.31 0.0125 0.31124999999999997 0.017499999999999998 0.3075 0.03 0.31375000000000003 0.03 0.34125 0.0125 0.34625 0.00625 0.36375 0 0.36625 0 0.75625 0.06 0.7474999999999999 0.06375 0.7424999999999999 0.08249999999999999 0.74125 0.09125 0.73375 0.09875 0.7375 0.10375000000000001 0.73125 0.12250000000000001 0.73125 0.13374999999999998 0.7224999999999999 0.14625 0.72375 0.15375 0.7175 0.15875 0.72 0.16499999999999998 0.7112499999999999 0.1775 0.7112499999999999 0.18125 0.705 0.1925 0.7075 0.19624999999999998 0.69875 0.20125 0.7 0.23125 0.6875 0.23374999999999999 0.68125 0.24625 0.6725 0.25375000000000003 0.67375 0.26 0.6625 0.27125 0.66125 0.29125 0.64 0.29874999999999996 0.64375 0.3025 0.63375 0.31375000000000003 0.6287499999999999 0.3225 0.61625 0.33375 0.615 0.3375 0.6012500000000001 0.34875 0.6 0.36875 0.57875 0.3775 0.58 0.37374999999999997 0.57375 0.385 0.56125 0.39249999999999996 0.5650000000000001 0.39625 0.5549999999999999 0.4175 0.54375 0.42750000000000005 0.54875 0.4325 0.5575 0.43499999999999994 0.5862499999999999 0.45125000000000004 0.62625 0.48125 0.6675 0.49874999999999997 0.6849999999999999 0.62625 0.7675 0.7525000000000001 0.8237500000000001 0.805 0.85125 0.83125 0.8724999999999999 0.8637499999999999 0.9112500000000001 0.87625 0.91875 0.8800000000000001 0.9175000000000001 0.8775000000000001 0.9225 0.8875 0.9237500000000001 0.8949999999999999 0.8775000000000001 0.89625 0.8412499999999999 0.9025000000000001 0.8150000000000001 0.9075 0.8150000000000001 0.91625 0.7825 0.9125 0.7787499999999999 0.91375 0.7737499999999999 0.91625 0.77125 0.91875 0.77625 0.9237500000000001 0.77 0.925 0.76375 0.92125 0.76 0.93125 0.75125 0.9275 0.7474999999999999 0.9324999999999999 0.74 0.9337500000000001 0.7275 0.9425000000000001 0.7162499999999999 0.9412499999999999 0.70875 0.9475 0.7025 0.95375 0.705 0.95375 0.68875 0.95 0.6837500000000001 0.96125 0.655 0.9662499999999999 0.6224999999999999 0.97 0.625 0.9724999999999999 0.6425 0.9675 0.6537499999999999 0.96875 0.66625 0.9737500000000001 0.6537499999999999 0.9737500000000001 0.61875 0.9775 0.61 0.9724999999999999 0.60375 0.9724999999999999 0.595 0.9775 0.5575 0.98375 0.545 0.98375 0.50875 0.9737500000000001 0.46624999999999994 0.9650000000000001 0.45875000000000005 0.95875 0.44625000000000004 0.945 0.43624999999999997 0.94375 0.4225 0.9375 0.42000000000000004 0.9375 0.40750000000000003 0.9625 0.40374999999999994 0.9525 0.4 0.975 0.395 0.9800000000000001 0.39 0.99 0.39 0.99125 0.38375 0.99875 0.38125 0.99875 0.30375 0.99375 0.30125 0.99875 0.2975 0.99875 0.16375 0.9262499999999999 0.11125 0.8975 0.095 0.8612500000000001 0.08249999999999999 0.7849999999999999 0.06375 0.7424999999999999 0.06 0.6575 0.0625 0.62 0.058750000000000004 0.55 0.06375 0.525 0.07125000000000001 0.51875 0.0775 0.5125 0.07625 0.5037499999999999 0.09 0.49625 0.0925 0.48875 0.12250000000000001 0.48125 0.13 0.48125 0.155 0.49000000000000005 0.155 0.49124999999999996 0.16499999999999998 0.48624999999999996 0.16625 0.48125 0.16125 0.47125000000000006 0.16625 0.46125 0.16499999999999998 0.45125000000000004 0.1575 0.45625 0.15375 0.44375 0.145 0.44125 0.13125 0.41500000000000004 0.13 0.41125 0.11625 0.4025 0.12250000000000001 0.40875000000000006 0.12250000000000001 0.40499999999999997 0.12875 0.3975 0.12625 0.39625 0.1025 0.40125 0.1 0.40499999999999997 0.1075 0.4125 0.1075 0.41375 0.10124999999999999 0.41125 0.00625 0.40625 0.0075 0.40499999999999997 0.01875 0.4 0.0225 0.39625 0.005 0.39875 0 0.39125 0 0.395 0.005 0.39 0.01 0.39375 0.013750000000000002 0.38875000000000004 0.0125 0.39249999999999996 0.021249999999999998 0.3875 0.027500000000000004 0.39 0.04 0.38375 0.0475 0.385 0.04 0.38125 0.034999999999999996 0.38625 0.025 0.37875000000000003 0.017499999999999998 0.3825 0.01625 0.3825 0.008749999999999999 0.3725 0.00625 0.37374999999999997 0.00125 0.38 0.00375 0.38125 0 0.3075 0 0.3075 0.00625 0.30375 0.005 0.30375 0 0.29741249999999997 0 0.03125 0