1 0.4667625 0.40410625 0.4278375 0.40410625 0.4278375 0.44691875000000003 0.4667625 0.44691875000000003 0.4667625 0.40410625
1 0.5389437499999999 0.7503625 0.50408125 0.7503625 0.50408125 0.7905625 0.5389437499999999 0.7905625 0.5389437499999999 0.7503625
1 0.045656249999999995 0.28910625 0.014093749999999999 0.28910625 0.014093749999999999 0.33484375 0.045656249999999995 0.33484375 0.045656249999999995 0.28910625
1 0.8600937500000001 0.8366125 0.84283125 0.8366125 0.84283125 0.8618874999999999 0.8600937500000001 0.8618874999999999 0.8600937500000001 0.8366125
1 0.7519250000000001 0.80311875 0.7266 0.80311875 0.7266 0.82773125 0.7519250000000001 0.82773125 0.7519250000000001 0.80311875
1 0.8335312500000001 0.75801875 0.81099375 0.75801875 0.81099375 0.78005625 0.8335312500000001 0.78005625 0.8335312500000001 0.75801875
1 1 0.8637625 0.99275 0.8637625 0.99275 0.8784375000000001 1 0.8784375000000001 1 0.8637625
1 0.41098125 0.54758125 0.39271875 0.54758125 0.39271875 0.56764375 0.41098125 0.56764375 0.41098125 0.54758125
1 0.30227499999999996 0.46125625000000003 0.2866 0.46125625000000003 0.2866 0.47869375 0.30227499999999996 0.47869375 0.30227499999999996 0.46125625000000003
1 0.6759062499999999 0.13258125 0.65124375 0.13258125 0.65124375 0.15134375 0.6759062499999999 0.15134375 0.6759062499999999 0.13258125
1 0.7314875 0.87463125 0.6942875 0.87463125 0.6942875 0.90661875 0.7314875 0.90661875 0.7314875 0.87463125
1 0.217225 0.4180625 0.191225 0.4180625 0.191225 0.43886250000000004 0.217225 0.43886250000000004 0.217225 0.4180625
1 0.6471250000000001 0.8838312500000001 0.6321749999999999 0.8838312500000001 0.6321749999999999 0.89936875 0.6471250000000001 0.89936875 0.6471250000000001 0.8838312500000001
1 0.6195375000000001 0.41347500000000004 0.6001875 0.41347500000000004 0.6001875 0.436625 0.6195375000000001 0.436625 0.6195375000000001 0.41347500000000004
1 0.4282125 0.6012062499999999 0.40088749999999995 0.6012062499999999 0.40088749999999995 0.6273187499999999 0.4282125 0.6273187499999999 0.4282125 0.6012062499999999
1 0.47170625 0.8956125 0.45066875 0.8956125 0.45066875 0.9129875000000001 0.47170625 0.9129875000000001 0.47170625 0.8956125
1 0.8330249999999999 0.5292875 0.80565 0.5292875 0.80565 0.5566625000000001 0.8330249999999999 0.5566625000000001 0.8330249999999999 0.5292875
1 0.8255062499999999 0.50571875 0.80046875 0.50571875 0.80046875 0.53138125 0.8255062499999999 0.53138125 0.8255062499999999 0.50571875
1 0.42123125000000006 0.6935625 0.40299375 0.6935625 0.40299375 0.7165874999999999 0.42123125000000006 0.7165874999999999 0.42123125000000006 0.6935625
1 0.5030625 0.52895 0.4730125 0.52895 0.4730125 0.5521 0.5030625 0.5521 0.5030625 0.52895
1 0.2321625 0.55413125 0.2209625 0.55413125 0.2209625 0.56891875 0.2321625 0.56891875 0.2321625 0.55413125
1 0.4402125 0.06925624999999999 0.42698749999999996 0.06925624999999999 0.42698749999999996 0.08381875 0.4402125 0.08381875 0.4402125 0.06925624999999999
1 0.6900375000000001 0.92385625 0.6634875 0.92385625 0.6634875 0.9560187499999999 0.6900375000000001 0.9560187499999999 0.6900375000000001 0.92385625
1 0.40648125 0.7591375 0.38551875 0.7591375 0.38551875 0.7779625 0.40648125 0.7779625 0.40648125 0.7591375
1 0.8534312500000001 0.43539374999999997 0.8223437499999999 0.43539374999999997 0.8223437499999999 0.46743125 0.8534312500000001 0.46743125 0.8534312500000001 0.43539374999999997
1 0.4325 0.516125 0.398075 0.516125 0.398075 0.5415 0.4325 0.5415 0.4325 0.516125
1 0.4464625 0.6624875 0.4173125 0.6624875 0.4173125 0.6832125 0.4464625 0.6832125 0.4464625 0.6624875
1 0.4991625 0.38809375 0.47691249999999996 0.38809375 0.47691249999999996 0.40780625 0.4991625 0.40780625 0.4991625 0.38809375
1 0.71660625 0.4948 0.66719375 0.4948 0.66719375 0.53255 0.71660625 0.53255 0.71660625 0.4948
1 0.55409375 0.072325 0.52598125 0.072325 0.52598125 0.10247500000000001 0.55409375 0.10247500000000001 0.55409375 0.072325
1 0.42532500000000006 0.836275 0.41109999999999997 0.836275 0.41109999999999997 0.851225 0.42532500000000006 0.851225 0.42532500000000006 0.836275
1 0.55349375 0.39185 0.52658125 0.39185 0.52658125 0.428475 0.55349375 0.428475 0.55349375 0.39185
1 0.48863124999999996 0.604725 0.45374375 0.604725 0.45374375 0.632575 0.48863124999999996 0.632575 0.48863124999999996 0.604725
1 0.45229375000000005 0.9741687499999999 0.44125625 0.9741687499999999 0.44125625 0.9887312500000001 0.45229375000000005 0.9887312500000001 0.45229375000000005 0.9741687499999999
1 0.21921875000000002 0.28723125 0.18825624999999999 0.28723125 0.18825624999999999 0.32311875 0.21921875000000002 0.32311875 0.21921875000000002 0.28723125
1 0.906775 0.61030625 0.8510500000000001 0.61030625 0.8510500000000001 0.65239375 0.906775 0.65239375 0.906775 0.61030625
1 0.20958749999999998 0.2252625 0.1961625 0.2252625 0.1961625 0.2417875 0.20958749999999998 0.2417875 0.20958749999999998 0.2252625
1 0.99999375 0.26773125000000003 0.97045625 0.26773125000000003 0.97045625 0.33236875 0.99999375 0.33236875 0.99999375 0.26773125000000003
1 0.0257875 0.47208750000000005 0.010187499999999999 0.47208750000000005 0.010187499999999999 0.4912875 0.0257875 0.4912875 0.0257875 0.47208750000000005
1 0.4563 0.7865562500000001 0.41967499999999996 0.7865562500000001 0.41967499999999996 0.8276937500000001 0.4563 0.8276937500000001 0.4563 0.7865562500000001
1 0.0956625 0.4361 0.0608375 0.4361 0.0608375 0.46332500000000004 0.0956625 0.46332500000000004 0.0956625 0.4361
1 0.4650625 0.8938625 0.3967625 0.8938625 0.3967625 0.9459875 0.4650625 0.9459875 0.4650625 0.8938625
1 0.9949937500000001 0.89499375 0.94738125 0.89499375 0.94738125 0.94485625 0.9949937500000001 0.94485625 0.9949937500000001 0.89499375
1 0.058168750000000005 0.47971874999999997 0.04383125 0.47971874999999997 0.04383125 0.50075625 0.058168750000000005 0.50075625 0.058168750000000005 0.47971874999999997
1 0.3843 0.42990000000000006 0.32565 0.42990000000000006 0.32565 0.4949 0.3843 0.4949 0.3843 0.42990000000000006
1 0.6032875 0.3646125 0.5920375 0.3646125 0.5920375 0.3751375 0.6032875 0.3751375 0.6032875 0.3646125
1 0.0796875 0.4392125 0.0671625 0.4392125 0.0671625 0.45531249999999995 0.0796875 0.45531249999999995 0.0796875 0.4392125
1 0.96876875 0.0255375 0.9492062499999999 0.0255375 0.9492062499999999 0.0443375 0.96876875 0.0443375 0.96876875 0.0255375
1 0.6640312500000001 0.34490625 0.57131875 0.34490625 0.57131875 0.43389375 0.6640312500000001 0.43389375 0.6640312500000001 0.34490625
1 0.9815125 0.46441875 0.8866625000000001 0.46441875 0.8866625000000001 0.5346062500000001 0.9815125 0.5346062500000001 0.9815125 0.46441875
1 0.79420625 0.28381249999999997 0.77414375 0.28381249999999997 0.77414375 0.3153125 0.79420625 0.3153125 0.79420625 0.28381249999999997
1 0.99238125 0.020300000000000002 0.9480437500000001 0.020300000000000002 0.9480437500000001 0.050925 0.99238125 0.050925 0.99238125 0.020300000000000002
1 0.8641249999999999 0.241175 0.8390000000000001 0.241175 0.8390000000000001 0.26175000000000004 0.8641249999999999 0.26175000000000004 0.8641249999999999 0.241175
1 0.3596875 0.44781250000000006 0.3458875 0.44781250000000006 0.3458875 0.4599125 0.3596875 0.4599125 0.3596875 0.44781250000000006
1 0.6606062500000001 0.96799375 0.64701875 0.96799375 0.64701875 0.98318125 0.6606062500000001 0.98318125 0.6606062500000001 0.96799375
1 0.99630625 0.38919375 0.92751875 0.38919375 0.92751875 0.48288125 0.99630625 0.48288125 0.99630625 0.38919375
1 0.35140625000000003 0.43165624999999996 0.33901875000000004 0.43165624999999996 0.33901875000000004 0.44384375 0.35140625000000003 0.44384375 0.35140625000000003 0.43165624999999996
1 0.079275 0.6345500000000001 0.066 0.6345500000000001 0.066 0.6672 0.079275 0.6672 0.079275 0.6345500000000001
1 0.33299375000000003 0.72850625 0.31838125 0.72850625 0.31838125 0.74024375 0.33299375000000003 0.74024375 0.33299375000000003 0.72850625
1 0.737325 0.7741625 0.72165 0.7741625 0.72165 0.7883375 0.737325 0.7883375 0.737325 0.7741625
1 0.27105625 0.9159499999999999 0.26264375 0.9159499999999999 0.26264375 0.92585 0.27105625 0.92585 0.27105625 0.9159499999999999
1 0.5825875 0.32304374999999996 0.5697625000000001 0.32304374999999996 0.5697625000000001 0.33760625 0.5825875 0.33760625 0.5825875 0.32304374999999996
1 0.8197374999999999 0.5320125 0.8081875000000001 0.5320125 0.8081875000000001 0.5441625 0.8197374999999999 0.5441625 0.8197374999999999 0.5320125
1 0.31856249999999997 0.91958125 0.3000875 0.91958125 0.3000875 0.93979375 0.31856249999999997 0.93979375 0.31856249999999997 0.91958125
1 0.20433125 0.16830625 0.18994375 0.16830625 0.18994375 0.18031875 0.20433125 0.18031875 0.20433125 0.16830625
1 0.750775 0.17689375000000002 0.730675 0.17689375000000002 0.730675 0.19273125 0.750775 0.19273125 0.750775 0.17689375000000002
1 0.54406875 0.7716999999999999 0.42175624999999994 0.7716999999999999 0.42175624999999994 0.83865 0.54406875 0.83865 0.54406875 0.7716999999999999
1 0.6519375000000001 0.7309375 0.6293124999999999 0.7309375 0.6293124999999999 0.7524625 0.6519375000000001 0.7524625 0.6519375000000001 0.7309375
1 0.34893125 0.81123125 0.33856875 0.81123125 0.33856875 0.8215937500000001 0.34893125 0.8215937500000001 0.34893125 0.81123125
1 0.5417062500000001 0.13704375 0.53251875 0.13704375 0.53251875 0.14713125 0.5417062500000001 0.14713125 0.5417062500000001 0.13704375
1 0.55800625 0.18909375 0.55039375 0.18909375 0.55039375 0.19688125 0.55800625 0.19688125 0.55800625 0.18909375
1 0.90566875 0.40658125 0.8951062500000001 0.40658125 0.8951062500000001 0.41666875000000003 0.90566875 0.41666875000000003 0.90566875 0.40658125
1 0.247925 0.885975 0.20397500000000002 0.885975 0.20397500000000002 0.897225 0.247925 0.897225 0.247925 0.885975
1 0.57649375 0.6665625000000001 0.5690062499999999 0.6665625000000001 0.5690062499999999 0.6742625 0.57649375 0.6742625 0.57649375 0.6665625000000001
1 0.6052625 0.2744875 0.5812625 0.2744875 0.5812625 0.2889875 0.6052625 0.2889875 0.6052625 0.2744875
3 0.37124999999999997 0 0.3875 0.05125 0.39375 0.05625 0.40499999999999997 0.08375 0.42000000000000004 0.10375000000000001 0.43499999999999994 0.145 0.45 0.1675 0.45125000000000004 0.1775 0.4925 0.21625 0.54 0.23125 0.5475 0.25 0.545 0.25875 0.55375 0.265 0.55375 0.27 0.5599999999999999 0.275 0.5575 0.27749999999999997 0.54875 0.27625 0.53625 0.26125 0.51875 0.255 0.49000000000000005 0.23500000000000001 0.4425 0.22000000000000003 0.3825 0.21125 0.2875 0.21000000000000002 0.2525 0.21625 0.19875 0.21749999999999997 0.1675 0.22625 0.15625 0.23374999999999999 0.145 0.23374999999999999 0.12250000000000001 0.24500000000000002 0.08 0.2575 0 0.29375 0 0.4425 0.00375 0.4525 0.05125 0.4575 0.057499999999999996 0.4525 0.06999999999999999 0.45125000000000004 0.075 0.44125 0.08125 0.44125 0.08249999999999999 0.45125000000000004 0.0875 0.44375 0.09875 0.45875000000000005 0.13125 0.45999999999999996 0.14250000000000002 0.46624999999999994 0.19624999999999998 0.475 0.23625 0.47750000000000004 0.30375 0.49000000000000005 0.36375 0.4925 0.37625000000000003 0.49749999999999994 0.48125 0.5075000000000001 0.48624999999999996 0.51125 0.505 0.51 0.51625 0.51375 0.71 0.53125 0.7837500000000001 0.53 0.8025 0.5237499999999999 0.805 0.5287499999999999 0.8099999999999999 0.5287499999999999 0.81375 0.5237499999999999 0.8574999999999999 0.5275000000000001 0.8675 0.5225 0.9625 0.52125 0.9800000000000001 0.51375 0.9737500000000001 0.5025000000000001 0.96875 0.505 0.9662499999999999 0.49375 0.9487500000000001 0.48250000000000004 0.95 0.47874999999999995 0.9425000000000001 0.46624999999999994 0.93 0.45625 0.9275 0.44875 0.91375 0.44125 0.915 0.43375 0.9037499999999999 0.425 0.9037499999999999 0.41875 0.89375 0.41375 0.8875 0.39625 0.8125 0.28250000000000003 0.8012499999999999 0.25875 0.79375 0.2525 0.76375 0.20249999999999999 0.7424999999999999 0.1825 0.7474999999999999 0.17875000000000002 0.7474999999999999 0.17250000000000001 0.74 0.16999999999999998 0.6925 0.10625 0.65125 0.06625 0.615 0.017499999999999998 0.6025 0.00375 0.59375 0 0.5873925 0 0.37124999999999997 0
3 0 0.6575 0.057499999999999996 0.70375 0.075 0.7112499999999999 0.07875 0.7175 0.1125 0.74 0.1275 0.7424999999999999 0.145 0.7525000000000001 0.19624999999999998 0.765 0.22875 0.76625 0.255 0.7725 0.315 0.77125 0.395 0.7775000000000001 0.4325 0.7725 0.4425 0.775 0.445 0.7837500000000001 0.42750000000000005 0.8025 0.4175 0.80625 0.38875000000000004 0.8300000000000001 0.35625 0.8724999999999999 0.35125 0.8875 0.33999999999999997 0.9012499999999999 0.33625 0.91875 0.30625 0.9887499999999999 0.30625 0.99875 0.5675 0.99875 0.6 0.96125 0.6775 0.8862500000000001 0.735 0.82125 0.74875 0.81125 0.75 0.805 0.77625 0.7787499999999999 0.79625 0.75125 0.80375 0.7474999999999999 0.8699999999999999 0.66625 0.8800000000000001 0.66125 0.88375 0.65 0.9425000000000001 0.59875 0.945 0.5925 0.9574999999999999 0.58375 0.96 0.5725 0.9724999999999999 0.5675 0.975 0.56125 0.975 0.55625 0.9662499999999999 0.55125 0.95375 0.5549999999999999 0.8175000000000001 0.5549999999999999 0.8025 0.5599999999999999 0.7775000000000001 0.55625 0.755 0.5599999999999999 0.74 0.5549999999999999 0.645 0.5525 0.5725 0.545 0.5 0.53125 0.4525 0.5287499999999999 0.43499999999999994 0.5237499999999999 0.4175 0.52625 0.37625000000000003 0.51625 0.28125 0.50625 0.2625 0.5 0.21625 0.49874999999999997 0.20249999999999999 0.4925 0.16125 0.485 0.15 0.48624999999999996 0.11499999999999999 0.47750000000000004 0.095 0.47874999999999995 0.08 0.475 0.058750000000000004 0.47750000000000004 0.06 0.48875 0.04625 0.49625 0.03875 0.48624999999999996 0.052500000000000005 0.48125 0.052500000000000005 0.47750000000000004 0.03875 0.48 0.028749999999999998 0.47625 0.025 0.48624999999999996 0.01625 0.49124999999999996 0.0075 0.485 0.015 0.47375 0.013750000000000002 0.46875 0.008749999999999999 0.46875 0 0.48 0.00375 0.485 0 0.4875 0 0.6575
3 0.9425000000000001 0.6325000000000001 0.9349999999999999 0.6325000000000001 0.915 0.65 0.9125 0.6575 0.86625 0.7075 0.8574999999999999 0.7125 0.81125 0.77 0.76625 0.8175000000000001 0.7575000000000001 0.8324999999999999 0.73125 0.8550000000000001 0.71875 0.87375 0.7112499999999999 0.87625 0.70375 0.89 0.69625 0.89125 0.67625 0.915 0.67 0.91625 0.6637500000000001 0.9262499999999999 0.6537499999999999 0.9324999999999999 0.64375 0.95 0.635 0.9550000000000001 0.6287499999999999 0.9662499999999999 0.61875 0.96875 0.59875 0.9949999999999999 0.605 0.99875 0.6212500000000001 0.9925 0.6375 0.99875 0.9225 0.99875 0.9225 0.97625 0.9262499999999999 0.975 0.9262499999999999 0.97 0.92125 0.9650000000000001 0.92875 0.9412499999999999 0.93 0.9012499999999999 0.9349999999999999 0.8925000000000001 0.9337500000000001 0.8800000000000001 0.94375 0.85625 0.9475 0.8087500000000001 0.95875 0.7575000000000001 0.9574999999999999 0.74375 0.9675 0.6637500000000001 0.97875 0.64 0.985 0.5962500000000001 0.9775 0.5962500000000001 0.9662499999999999 0.6025 0.95625 0.61625 0.9487500000000001 0.61875 0.9425000000000001 0.6325000000000001
3 0.86865375 0 0.6275000000000001 0.0025 0.635 0.015 0.6487499999999999 0.025 0.65125 0.034999999999999996 0.665 0.041249999999999995 0.665 0.05 0.68125 0.06375 0.68875 0.0775 0.71 0.095 0.72 0.11499999999999999 0.73875 0.13374999999999998 0.75125 0.15375 0.765 0.16499999999999998 0.77625 0.18875 0.7887500000000001 0.1975 0.79 0.20875 0.82 0.24375 0.8225 0.255 0.8412499999999999 0.28125 0.85 0.2875 0.8525 0.3025 0.8712500000000001 0.3325 0.8787499999999999 0.3375 0.89 0.35875 0.89875 0.36625 0.9037499999999999 0.38 0.915 0.38375 0.915 0.395 0.925 0.41 0.9349999999999999 0.42125 0.9550000000000001 0.42000000000000004 0.9574999999999999 0.42625 0.95 0.43 0.95 0.43375 0.9550000000000001 0.4325 0.96 0.44000000000000006 0.95875 0.43499999999999994 0.9625 0.4325 0.9737500000000001 0.45499999999999996 0.97625 0.44749999999999995 0.98125 0.44125 0.9862500000000001 0.4425 0.9887499999999999 0.43499999999999994 0.9875 0.4 0.9925 0.33125 0.985 0.3125 0.9925 0.3075 0.9949999999999999 0.29500000000000004 0.99375 0.29125 0.9862500000000001 0.29125 0.985 0.28500000000000003 0.99 0.27749999999999997 0.9925 0.28500000000000003 0.9962500000000001 0.28250000000000003 0.9925 0.27125 0.99875 0.26625 0.99875 0 0.875 0 0.86865375 0
1 0.8764375 0.92488125 0.7612625000000001 0.92488125 0.7612625000000001 0.9833187499999999 0.8764375 0.9833187499999999 0.8764375 0.92488125
1 0.97424375 0.09506250000000001 0.88220625 0.09506250000000001 0.88220625 0.16641250000000002 0.97424375 0.16641250000000002 0.97424375 0.09506250000000001
1 0.99999375 0.20341874999999998 0.91805625 0.20341874999999998 0.91805625 0.24775624999999998 0.99999375 0.24775624999999998 0.99999375 0.20341874999999998