1 0.2495875 0.22346875000000002 0.2291625 0.22346875000000002 0.2291625 0.23678125 0.2495875 0.23678125 0.2495875 0.22346875000000002
1 0.258025 0.5045437500000001 0.24137499999999998 0.5045437500000001 0.24137499999999998 0.51690625 0.258025 0.51690625 0.258025 0.5045437500000001
1 0.5165124999999999 0.65989375 0.5049625 0.65989375 0.5049625 0.67018125 0.5165124999999999 0.67018125 0.5165124999999999 0.65989375
1 0.7906187499999999 0.3177875 0.78068125 0.3177875 0.78068125 0.3262625 0.7906187499999999 0.3262625 0.7906187499999999 0.3177875
1 0.5659375 0.687075 0.5551625 0.687075 0.5551625 0.69965 0.5659375 0.69965 0.5659375 0.687075
1 0.66853125 0.339675 0.66056875 0.339675 0.66056875 0.3488 0.66853125 0.3488 0.66853125 0.339675
1 0.35311875000000004 0.5422125 0.34610625 0.5422125 0.34610625 0.5495875 0.35311875000000004 0.5495875 0.35311875000000004 0.5422125
1 0.443525 0.1703 0.4344 0.1703 0.4344 0.18027500000000002 0.443525 0.18027500000000002 0.443525 0.1703
1 0.5848687499999999 0.63409375 0.57723125 0.63409375 0.57723125 0.6432562500000001 0.5848687499999999 0.6432562500000001 0.5848687499999999 0.63409375
1 0.42053124999999997 0.20931875 0.41246875000000005 0.20931875 0.41246875000000005 0.21840625 0.42053124999999997 0.21840625 0.42053124999999997 0.20931875
1 0.52509375 0.59840625 0.51398125 0.59840625 0.51398125 0.60861875 0.52509375 0.60861875 0.52509375 0.59840625
1 0.9505250000000001 0.105575 0.941075 0.105575 0.941075 0.11574999999999999 0.9505250000000001 0.11574999999999999 0.9505250000000001 0.105575
1 0.81509375 0.02810625 0.80405625 0.02810625 0.80405625 0.03804375 0.81509375 0.03804375 0.81509375 0.02810625
1 0.07938125 0.399825 0.07284375 0.399825 0.07284375 0.40585000000000004 0.07938125 0.40585000000000004 0.07938125 0.399825
1 0.38265 0.46893124999999997 0.376625 0.46893124999999997 0.376625 0.47589375 0.38265 0.47589375 0.38265 0.46893124999999997
1 0.56343125 0.10478749999999999 0.54789375 0.10478749999999999 0.54789375 0.1138375 0.56343125 0.1138375 0.56343125 0.10478749999999999
1 0.5230312500000001 0.6949375 0.5160437499999999 0.6949375 0.5160437499999999 0.7025125 0.5230312500000001 0.7025125 0.5230312500000001 0.6949375
1 0.47741875 0.21913749999999999 0.47083125 0.21913749999999999 0.47083125 0.22593749999999999 0.47741875 0.22593749999999999 0.47741875 0.21913749999999999
1 0.65608125 0.09824374999999999 0.64861875 0.09824374999999999 0.64861875 0.10525625000000001 0.65608125 0.10525625000000001 0.65608125 0.09824374999999999
1 0.6209687500000001 0.2106875 0.61438125 0.2106875 0.61438125 0.21826249999999997 0.6209687500000001 0.21826249999999997 0.6209687500000001 0.2106875
1 0.8859125000000001 0.0038062499999999997 0.8767875 0.0038062499999999997 0.8767875 0.01159375 0.8859125000000001 0.01159375 0.8859125000000001 0.0038062499999999997
1 0.39865 0.24646875000000001 0.386025 0.24646875000000001 0.386025 0.26280625 0.39865 0.26280625 0.39865 0.24646875000000001
1 0.72683125 0.00003125 0.71749375 0.00003125 0.71749375 0.006518749999999999 0.72683125 0.006518749999999999 0.72683125 0.00003125
1 0.94953125 0.2212875 0.9401187500000001 0.2212875 0.9401187500000001 0.2296375 0.94953125 0.2296375 0.94953125 0.2212875
1 0.4726875 0.036675 0.4648125 0.036675 0.4648125 0.04975 0.4726875 0.04975 0.4726875 0.036675
1 0.5537687499999999 0.30405625000000003 0.54780625 0.30405625000000003 0.54780625 0.31069375 0.5537687499999999 0.31069375 0.5537687499999999 0.30405625000000003
1 0.39655625 0.5641375 0.38859374999999996 0.5641375 0.38859374999999996 0.5725875 0.39655625 0.5725875 0.39655625 0.5641375
1 0.8374625 0.00285 0.8246375 0.00285 0.8246375 0.013025 0.8374625 0.013025 0.8374625 0.00285
1 0.08775625000000001 0.45253125 0.07204374999999999 0.45253125 0.07204374999999999 0.48251875 0.08775625000000001 0.48251875 0.08775625000000001 0.45253125
1 0.38089375 0.19711875 0.36860624999999997 0.19711875 0.36860624999999997 0.21475624999999998 0.38089375 0.21475624999999998 0.38089375 0.19711875
1 0.85881875 0.3323625 0.85213125 0.3323625 0.85213125 0.3375625 0.85881875 0.3375625 0.85881875 0.3323625
1 0.17153125 0.08518125 0.16244375 0.08518125 0.16244375 0.09634374999999999 0.17153125 0.09634374999999999 0.17153125 0.08518125
1 0.6441250000000001 0.9461375000000001 0.6381 0.9461375000000001 0.6381 0.9542624999999999 0.6441250000000001 0.9542624999999999 0.6441250000000001 0.9461375000000001
1 0.36751875 0.24859375 0.35318125 0.24859375 0.35318125 0.25970624999999997 0.36751875 0.25970624999999997 0.36751875 0.24859375
1 0.14553125 0.6496062499999999 0.13034375 0.6496062499999999 0.13034375 0.66679375 0.14553125 0.66679375 0.14553125 0.6496062499999999
1 0.27821250000000003 0.46121875 0.2720875 0.46121875 0.2720875 0.46748124999999996 0.27821250000000003 0.46748124999999996 0.27821250000000003 0.46121875
1 0.3578 0.47013125 0.351675 0.47013125 0.351675 0.47664375000000003 0.3578 0.47664375000000003 0.3578 0.47013125
1 0.7243999999999999 0.8452999999999999 0.710175 0.8452999999999999 0.710175 0.8549 0.7243999999999999 0.8549 0.7243999999999999 0.8452999999999999
1 0.32894999999999996 0.44808125 0.3229 0.44808125 0.3229 0.45426875000000005 0.32894999999999996 0.45426875000000005 0.32894999999999996 0.44808125
1 0.20079375000000002 0.47186874999999995 0.19105624999999998 0.47186874999999995 0.19105624999999998 0.48223125 0.20079375000000002 0.48223125 0.20079375000000002 0.47186874999999995
1 0.34440624999999997 0.60505625 0.32844375000000003 0.60505625 0.32844375000000003 0.62151875 0.34440624999999997 0.62151875 0.34440624999999997 0.60505625
1 0.3350625 0.0676625 0.3114125 0.0676625 0.3114125 0.1055625 0.3350625 0.1055625 0.3350625 0.0676625
1 0.87090625 0.8732374999999999 0.8644437500000001 0.8732374999999999 0.8644437500000001 0.8826124999999999 0.87090625 0.8826124999999999 0.87090625 0.8732374999999999
1 0.34469375 0.506875 0.33840625 0.506875 0.33840625 0.5146 0.34469375 0.5146 0.34469375 0.506875
1 0.5854625 0.6111125000000001 0.5746875 0.6111125000000001 0.5746875 0.6232624999999999 0.5854625 0.6232624999999999 0.5854625 0.6111125000000001
1 0.52364375 0.3261375 0.51738125 0.3261375 0.51738125 0.3335375 0.52364375 0.3335375 0.52364375 0.3261375
3 0.0375 0 0.041249999999999995 0.00625 0.09625 0.0475 0.12375 0.058750000000000004 0.1825 0.07125000000000001 0.18125 0.07625 0.19 0.07125000000000001 0.20375000000000001 0.07875 0.1325 0.08 0 0.07375000000000001 0 0.08875 0.005 0.09125 0.005 0.09625 0.12875 0.1025 0.1575 0.1 0.16625 0.10375000000000001 0.1775 0.09875 0.17375000000000002 0.1075 0.145 0.11750000000000001 0.12125 0.1375 0.10124999999999999 0.16499999999999998 0.08499999999999999 0.20125 0.05375 0.25 0.05 0.28375 0.05500000000000001 0.31375000000000003 0.04625 0.3325 0.03875 0.37875000000000003 0.03875 0.39625 0.04875 0.42750000000000005 0.06999999999999999 0.44875 0.075 0.45875000000000005 0.08499999999999999 0.5037499999999999 0.11000000000000001 0.5775 0.11875 0.6287499999999999 0.13125 0.655 0.14250000000000002 0.66125 0.16125 0.6537499999999999 0.23500000000000001 0.59375 0.26125 0.5875 0.27999999999999997 0.6 0.2925 0.62 0.33999999999999997 0.67375 0.4225 0.73 0.44749999999999995 0.73875 0.46875 0.735 0.495 0.73625 0.56375 0.76 0.6212500000000001 0.79 0.6425 0.81125 0.68875 0.845 0.70625 0.85125 0.72 0.8487500000000001 0.71375 0.81875 0.7075 0.7325 0.72375 0.6537499999999999 0.73125 0.64125 0.7375 0.61625 0.7375 0.48 0.72375 0.4 0.7125 0.3725 0.6975 0.3525 0.6975 0.34375 0.70125 0.3375 0.70625 0.3375 0.74375 0.35125 0.7787499999999999 0.3525 0.8300000000000001 0.33999999999999997 0.8637499999999999 0.3275 0.94625 0.28625 0.99875 0.24874999999999997 0.99875 0 0.9924675000000001 0 0.0375 0