1 0.6111875 0.72141875 0.5880625 0.72141875 0.5880625 0.76968125 0.6111875 0.76968125 0.6111875 0.72141875
1 0.46016250000000003 0.6809000000000001 0.44998750000000004 0.6809000000000001 0.44998750000000004 0.69215 0.46016250000000003 0.69215 0.46016250000000003 0.6809000000000001
1 0.7097 0.622475 0.6985 0.622475 0.6985 0.636325 0.7097 0.636325 0.7097 0.622475
1 0.788125 0.6123375 0.77535 0.6123375 0.77535 0.6288625 0.788125 0.6288625 0.788125 0.6123375
1 0.51891875 0.6851499999999999 0.50843125 0.6851499999999999 0.50843125 0.697675 0.51891875 0.697675 0.51891875 0.6851499999999999
1 0.61366875 0.6493875 0.60410625 0.6493875 0.60410625 0.6611625 0.61366875 0.6611625 0.61366875 0.6493875
1 0.6047374999999999 0.6130375 0.5944875 0.6130375 0.5944875 0.6232875 0.6047374999999999 0.6232875 0.6047374999999999 0.6130375
1 0.62961875 0.6476625 0.60280625 0.6476625 0.60280625 0.6726625 0.62961875 0.6726625 0.62961875 0.6476625
1 0.43043125 0.54165 0.42014375 0.54165 0.42014375 0.5521 0.43043125 0.5521 0.43043125 0.54165
1 0.55596875 0.6030249999999999 0.54560625 0.6030249999999999 0.54560625 0.6128 0.55596875 0.6128 0.55596875 0.6030249999999999
1 0.7099562500000001 0.60271875 0.70116875 0.60271875 0.70116875 0.61213125 0.7099562500000001 0.61213125 0.7099562500000001 0.60271875
1 0.19219999999999998 0.6676124999999999 0.1806 0.6676124999999999 0.1806 0.6800375 0.19219999999999998 0.6800375 0.19219999999999998 0.6676124999999999
1 0.50680625 0.8253812500000001 0.49709375 0.8253812500000001 0.49709375 0.8337937500000001 0.50680625 0.8337937500000001 0.50680625 0.8253812500000001
1 0.4279 0.6266812500000001 0.41635 0.6266812500000001 0.41635 0.63796875 0.4279 0.63796875 0.4279 0.6266812500000001
1 0.1950625 0.59351875 0.1857875 0.59351875 0.1857875 0.60570625 0.1950625 0.60570625 0.1950625 0.59351875
1 0.5371812499999999 0.59608125 0.52921875 0.59608125 0.52921875 0.60509375 0.5371812499999999 0.60509375 0.5371812499999999 0.59608125
1 0.57408125 0.8668812499999999 0.56556875 0.8668812499999999 0.56556875 0.87629375 0.57408125 0.87629375 0.57408125 0.8668812499999999
1 0.3375125 0.9145749999999999 0.3202125 0.9145749999999999 0.3202125 0.9252750000000001 0.3375125 0.9252750000000001 0.3375125 0.9145749999999999
1 0.15613749999999998 0.39175 0.1448875 0.39175 0.1448875 0.40317499999999995 0.15613749999999998 0.40317499999999995 0.15613749999999998 0.39175
1 0.5980624999999999 0.5626625 0.5884625 0.5626625 0.5884625 0.5721125 0.5980624999999999 0.5721125 0.5980624999999999 0.5626625
1 0.13250625 0.28653125 0.12164375000000001 0.28653125 0.12164375000000001 0.29646875 0.13250625 0.29646875 0.13250625 0.28653125
1 0.07248750000000001 0.11438124999999999 0.0604375 0.11438124999999999 0.0604375 0.12634375 0.07248750000000001 0.12634375 0.07248750000000001 0.11438124999999999
1 0.374075 0.5366875 0.36275 0.5366875 0.36275 0.5453375 0.374075 0.5453375 0.374075 0.5366875
1 0.4544125 0.5681499999999999 0.44548750000000004 0.5681499999999999 0.44548750000000004 0.578325 0.4544125 0.578325 0.4544125 0.5681499999999999
1 0.5029312499999999 0.610525 0.49414375 0.610525 0.49414375 0.618975 0.5029312499999999 0.618975 0.5029312499999999 0.610525
1 0.8291812500000001 0.60211875 0.77336875 0.60211875 0.77336875 0.6400812499999999 0.8291812500000001 0.6400812499999999 0.8291812500000001 0.60211875
1 0.21540625000000002 0.59851875 0.20719375 0.59851875 0.20719375 0.60753125 0.21540625000000002 0.60753125 0.21540625000000002 0.59851875
1 0.370825 0.68286875 0.362575 0.68286875 0.362575 0.6911562499999999 0.370825 0.6911562499999999 0.370825 0.68286875
1 0.25234999999999996 0.223825 0.244225 0.223825 0.244225 0.232475 0.25234999999999996 0.232475 0.25234999999999996 0.223825
1 0.23583125 0.6653875 0.22851875000000002 0.6653875 0.22851875000000002 0.6734875 0.23583125 0.6734875 0.23583125 0.6653875
1 0.28765625 0.11200625 0.27729375 0.11200625 0.27729375 0.12516875 0.28765625 0.12516875 0.28765625 0.11200625
1 0.3134375 0.21984374999999998 0.3057125 0.21984374999999998 0.3057125 0.22790625000000003 0.3134375 0.22790625000000003 0.3134375 0.21984374999999998
1 0.7858375 0.6364625 0.7737375 0.6364625 0.7737375 0.6457625 0.7858375 0.6457625 0.7858375 0.6364625
1 0.49195625 0.9367812499999999 0.44406875 0.9367812499999999 0.44406875 0.9704437499999999 0.49195625 0.9704437499999999 0.49195625 0.9367812499999999
1 0.45990000000000003 0.7786625 0.45417500000000005 0.7786625 0.45417500000000005 0.7848124999999999 0.45990000000000003 0.7848124999999999 0.45990000000000003 0.7786625
1 0.27133124999999997 0.09936874999999999 0.26479375 0.09936874999999999 0.26479375 0.10633125000000002 0.27133124999999997 0.10633125000000002 0.27133124999999997 0.09936874999999999
3 0 0 0 0.5387500000000001 0.01 0.54375 0.005 0.54625 0 0.5425 0 0.5700000000000001 0.0075 0.575 0 0.5775 0 0.5900000000000001 0.00625 0.5900000000000001 0.005 0.6025 0.00375 0.5962500000000001 0 0.5962500000000001 0 0.60875 0.00625 0.60375 0.00625 0.615 0 0.6125 0.00375 0.61875 0 0.6212500000000001 0 0.8425 0.008749999999999999 0.845 0.00625 0.85125 0 0.8487500000000001 0 0.99875 0.195 0.99875 0.19624999999999998 0.9949999999999999 0.20125 0.99875 0.45 0.99875 0.5037499999999999 0.95375 0.53625 0.9375 0.60625 0.91375 0.66125 0.885 0.68625 0.8625 0.7025 0.8412499999999999 0.7162499999999999 0.81125 0.72875 0.76125 0.72875 0.72375 0.7375 0.68875 0.7625 0.65625 0.7725 0.65 0.775 0.64 0.7787499999999999 0.64625 0.81875 0.62625 0.7825 0.6012500000000001 0.775 0.6212500000000001 0.7725 0.6025 0.7775000000000001 0.59875 0.76 0.58 0.74375 0.55 0.72375 0.5325 0.7175 0.5325 0.6912499999999999 0.5125 0.67375 0.5037499999999999 0.6675 0.50625 0.6575 0.495 0.6287499999999999 0.48624999999999996 0.625 0.48624999999999996 0.6212500000000001 0.5 0.6025 0.49625 0.6 0.4925 0.60375 0.48375 0.61375 0.49375 0.61875 0.4875 0.6125 0.48125 0.59875 0.47750000000000004 0.5775 0.47375 0.575 0.47750000000000004 0.5825 0.48375 0.57875 0.4875 0.5549999999999999 0.48250000000000004 0.5525 0.47625 0.5349999999999999 0.47375 0.54 0.47000000000000003 0.5525 0.4725 0.55625 0.46624999999999994 0.50125 0.465 0.50125 0.47375 0.49375 0.47750000000000004 0.47625 0.47874999999999995 0.4725 0.4725 0.45999999999999996 0.47375 0.44000000000000006 0.47874999999999995 0.44749999999999995 0.47874999999999995 0.44749999999999995 0.48375 0.43375 0.48250000000000004 0.385 0.5 0.3375 0.51 0.32625000000000004 0.505 0.325 0.47750000000000004 0.3325 0.44000000000000006 0.32125 0.35375 0.325 0.25875 0.31375000000000003 0.185 0.29874999999999996 0.13874999999999998 0.29 0.12625 0.29 0.11374999999999999 0.2425 0.0325 0.2125 0 0.10874999999999999 0 0.1075 0.00375 0.1025 0 0.09609375 0 0 0