1 0.62969375 0.7026749999999999 0.58598125 0.7026749999999999 0.58598125 0.7542500000000001 0.62969375 0.7542500000000001 0.62969375 0.7026749999999999
1 0.7924375 0.7596499999999999 0.7759125 0.7596499999999999 0.7759125 0.77355 0.7924375 0.77355 0.7924375 0.7596499999999999
1 0.8816375000000001 0.8878125000000001 0.8683624999999999 0.8878125000000001 0.8683624999999999 0.9071125 0.8816375000000001 0.9071125 0.8816375000000001 0.8878125000000001
1 0.1659125 0.7295874999999999 0.1514625 0.7295874999999999 0.1514625 0.7430625 0.1659125 0.7430625 0.1659125 0.7295874999999999
1 0.502475 0.7057687500000001 0.4907 0.7057687500000001 0.4907 0.71805625 0.502475 0.71805625 0.502475 0.7057687500000001
1 0.5942875 0.56316875 0.5824625 0.56316875 0.5824625 0.57550625 0.5942875 0.57550625 0.5942875 0.56316875
1 0.7043874999999999 0.6786375 0.6930625 0.6786375 0.6930625 0.6905125 0.7043874999999999 0.6905125 0.7043874999999999 0.6786375
1 0.72105 0.5905125 0.70375 0.5905125 0.70375 0.6165125 0.72105 0.6165125 0.72105 0.5905125
1 0.8612249999999999 0.90695625 0.8458 0.90695625 0.8458 0.92214375 0.8612249999999999 0.92214375 0.8612249999999999 0.90695625
1 0.6114499999999999 0.5492625 0.5760500000000001 0.5492625 0.5760500000000001 0.5796375 0.6114499999999999 0.5796375 0.6114499999999999 0.5492625
1 0.07411875 0.6616375 0.05588125000000001 0.6616375 0.05588125000000001 0.6772375 0.07411875 0.6772375 0.07411875 0.6616375
1 0.6180125000000001 0.6121000000000001 0.6065875000000001 0.6121000000000001 0.6065875000000001 0.6222749999999999 0.6180125000000001 0.6222749999999999 0.6180125000000001 0.6121000000000001
1 0.70729375 0.6844625 0.68723125 0.6844625 0.68723125 0.7051875 0.70729375 0.7051875 0.70729375 0.6844625
1 0.7362375 0.65344375 0.7237125 0.65344375 0.7237125 0.66490625 0.7362375 0.66490625 0.7362375 0.65344375
1 0.8947062499999999 0.8898624999999999 0.8464937499999999 0.8898624999999999 0.8464937499999999 0.9509624999999999 0.8947062499999999 0.9509624999999999 0.8947062499999999 0.8898624999999999
1 0.717175 0.58965625 0.705675 0.58965625 0.705675 0.6007687500000001 0.717175 0.6007687500000001 0.717175 0.58965625
1 0.8145125 0.75195625 0.8026875 0.75195625 0.8026875 0.7626937500000001 0.8145125 0.7626937500000001 0.8145125 0.75195625
1 0.78035625 0.78580625 0.7704187499999999 0.78580625 0.7704187499999999 0.79621875 0.78035625 0.79621875 0.78035625 0.78580625
1 0.8158875 0.74950625 0.7602875 0.74950625 0.7602875 0.8032187499999999 0.8158875 0.8032187499999999 0.8158875 0.74950625
1 0.5027375000000001 0.81026875 0.49091250000000003 0.81026875 0.49091250000000003 0.8225562500000001 0.5027375000000001 0.8225562500000001 0.5027375000000001 0.81026875
1 0.6839375000000001 0.56816875 0.6725125000000001 0.56816875 0.6725125000000001 0.57928125 0.6839375000000001 0.57928125 0.6839375000000001 0.56816875
1 0.29781875 0.38394375 0.26320625 0.38394375 0.26320625 0.41195624999999997 0.29781875 0.41195624999999997 0.29781875 0.38394375
1 0.72711875 0.6815249999999999 0.6869562499999999 0.6815249999999999 0.6869562499999999 0.71985 0.72711875 0.71985 0.72711875 0.6815249999999999
1 0.51439375 0.38464375 0.48853125000000003 0.38464375 0.48853125000000003 0.40930625000000004 0.51439375 0.40930625000000004 0.51439375 0.38464375
1 0.7627875000000001 0.3850625 0.7362375 0.3850625 0.7362375 0.4098625 0.7627875000000001 0.4098625 0.7627875000000001 0.3850625
1 0.82453125 0.8478749999999999 0.80729375 0.8478749999999999 0.80729375 0.866 0.82453125 0.866 0.82453125 0.8478749999999999
1 0.57278125 0.363275 0.5551437499999999 0.363275 0.5551437499999999 0.38380000000000003 0.57278125 0.38380000000000003 0.57278125 0.363275
3 0.19875 0 0.1875 0.05 0.17625 0.0625 0.1575 0.07125000000000001 0.12 0.075 0.0975 0.08499999999999999 0.05625 0.0925 0.0475 0.1075 0.034999999999999996 0.18125 0.0375 0.24 0.0325 0.27875 0.03875 0.3025 0.05500000000000001 0.33625 0.057499999999999996 0.365 0.08125 0.38625 0.09875 0.39249999999999996 0.095 0.39625 0.09 0.39375 0.0775 0.40625 0.06375 0.4125 0.005 0.43375 0 0.43875000000000003 0 0.4625 0.00625 0.4625 0.01625 0.45375 0.0375 0.45125000000000004 0.04875 0.4425 0.06999999999999999 0.4375 0.095 0.4225 0.12625 0.42125 0.1825 0.43875000000000003 0.16999999999999998 0.4525 0.1525 0.45999999999999996 0.12125 0.48624999999999996 0.05500000000000001 0.5900000000000001 0.04 0.6224999999999999 0.0325 0.68125 0.02375 0.70875 0.026250000000000002 0.7162499999999999 0.05 0.75 0.095 0.7875 0.14125000000000001 0.8375 0.17250000000000001 0.8787499999999999 0.19875 0.92875 0.22374999999999998 0.9550000000000001 0.23374999999999999 0.9525 0.25 0.9349999999999999 0.30125 0.85125 0.3525 0.7849999999999999 0.37374999999999997 0.8012499999999999 0.37374999999999997 0.82 0.38375 0.8300000000000001 0.47625 0.8825 0.585 0.8875 0.6375 0.89375 0.7675 0.8925000000000001 0.83625 0.9225 0.88375 0.95625 0.9037499999999999 0.9650000000000001 0.89375 0.9237500000000001 0.89 0.8474999999999999 0.89 0.8025 0.8975 0.76375 0.89625 0.6799999999999999 0.87625 0.6075 0.8699999999999999 0.59875 0.8637499999999999 0.57375 0.8412499999999999 0.5475 0.8025 0.5175 0.74875 0.49000000000000005 0.73 0.47625 0.725 0.46624999999999994 0.74125 0.45375 0.7925 0.43624999999999997 0.8162499999999999 0.42125 0.8612500000000001 0.3825 0.9087500000000001 0.34875 0.99875 0.265 0.99875 0.01875 0.93 0 0.67 0 0.63625 0.015 0.5862499999999999 0.061250000000000006 0.575 0.0675 0.5675 0.06375 0.56375 0.00625 0.5549999999999999 0 0.54875 0 0.19875 0