1 0.7249 0.6205875 0.68815 0.6205875 0.68815 0.6559625 0.7249 0.6559625 0.7249 0.6205875
1 0.5093687499999999 0.63731875 0.48868124999999996 0.63731875 0.48868124999999996 0.65565625 0.5093687499999999 0.65565625 0.5093687499999999 0.63731875
1 0.31879375 0.626325 0.29790625 0.626325 0.29790625 0.6471250000000001 0.31879375 0.6471250000000001 0.31879375 0.626325
1 0.26061875 0.35638125 0.23108125 0.35638125 0.23108125 0.37849374999999996 0.26061875 0.37849374999999996 0.26061875 0.35638125
1 0.20804375 0.548925 0.18258125 0.548925 0.18258125 0.5682750000000001 0.20804375 0.5682750000000001 0.20804375 0.548925
1 0.46424374999999996 0.71155625 0.44445625 0.71155625 0.44445625 0.7269187500000001 0.46424374999999996 0.7269187500000001 0.46424374999999996 0.71155625
1 0.7879437499999999 0.5357375 0.75698125 0.5357375 0.75698125 0.5599624999999999 0.7879437499999999 0.5599624999999999 0.7879437499999999 0.5357375
1 0.5888125 0.8104374999999999 0.5615875 0.8104374999999999 0.5615875 0.8340875000000001 0.5888125 0.8340875000000001 0.5888125 0.8104374999999999
1 0.8308500000000001 0.6465375 0.807825 0.6465375 0.807825 0.6698625 0.8308500000000001 0.6698625 0.8308500000000001 0.6465375
1 0.3997625 0.4010625 0.3658625 0.4010625 0.3658625 0.4285375 0.3997625 0.4285375 0.3997625 0.4010625
1 0.639 0.80051875 0.610025 0.80051875 0.610025 0.82545625 0.639 0.82545625 0.639 0.80051875
1 0.2970875 0.74115 0.2610125 0.74115 0.2610125 0.772525 0.2970875 0.772525 0.2970875 0.74115
1 0.11886875 0.5604750000000001 0.09048125 0.5604750000000001 0.09048125 0.581125 0.11886875 0.581125 0.11886875 0.5604750000000001
1 0.66661875 0.537925 0.63708125 0.537925 0.63708125 0.564625 0.66661875 0.564625 0.66661875 0.537925
1 0.43380625000000006 0.425375 0.41189375000000006 0.425375 0.41189375000000006 0.4423 0.43380625000000006 0.4423 0.43380625000000006 0.425375
1 0.4285 0.74718125 0.404025 0.74718125 0.404025 0.7713687499999999 0.4285 0.7713687499999999 0.4285 0.74718125
1 0.1234375 0.485375 0.10606249999999999 0.485375 0.10606249999999999 0.502425 0.1234375 0.502425 0.1234375 0.485375
1 0.3813375 0.4318625 0.3632875 0.4318625 0.3632875 0.4475375 0.3813375 0.4475375 0.3813375 0.4318625
1 0.3475875 0.30165000000000003 0.3247875 0.30165000000000003 0.3247875 0.32237499999999997 0.3475875 0.32237499999999997 0.3475875 0.30165000000000003
1 0.15866875 0.5381875 0.13185625 0.5381875 0.13185625 0.5555625 0.15866875 0.5555625 0.15866875 0.5381875
1 0.8003 0.7278875 0.775875 0.7278875 0.775875 0.7457374999999999 0.8003 0.7457374999999999 0.8003 0.7278875
1 0.72875 0.66115625 0.71265 0.66115625 0.71265 0.67479375 0.72875 0.67479375 0.72875 0.66115625
1 0.7368625 0.70064375 0.7162625 0.70064375 0.7162625 0.71538125 0.7368625 0.71538125 0.7368625 0.70064375
1 0.57745625 0.4854375 0.55926875 0.4854375 0.55926875 0.5043124999999999 0.57745625 0.5043124999999999 0.57745625 0.4854375
1 0.20110625 0.4761875 0.18146875 0.4761875 0.18146875 0.4940375 0.20110625 0.4940375 0.20110625 0.4761875
1 0.40386249999999996 0.32171249999999996 0.3793375 0.32171249999999996 0.3793375 0.3491875 0.40386249999999996 0.3491875 0.40386249999999996 0.32171249999999996
1 0.45363125000000004 0.05441875 0.42966875 0.05441875 0.42966875 0.07828125 0.45363125000000004 0.07828125 0.45363125000000004 0.05441875
1 0.5079625 0.7143375 0.4930125 0.7143375 0.4930125 0.7290125 0.5079625 0.7290125 0.5079625 0.7143375
1 0.41471875 0.6174875 0.38363125 0.6174875 0.38363125 0.6549625 0.41471875 0.6549625 0.41471875 0.6174875
1 0.8352124999999999 0.79174375 0.7966125 0.79174375 0.7966125 0.8244562500000001 0.8352124999999999 0.8244562500000001 0.8352124999999999 0.79174375
1 0.33109375 0.65824375 0.31538125 0.65824375 0.31538125 0.67183125 0.33109375 0.67183125 0.33109375 0.65824375
1 0.82393125 0.59461875 0.77959375 0.59461875 0.77959375 0.64073125 0.82393125 0.64073125 0.82393125 0.59461875
1 0.24780625 0.66086875 0.21509375 0.66086875 0.21509375 0.68580625 0.24780625 0.68580625 0.24780625 0.66086875
1 0.38948125 0.37664375 0.36979375000000003 0.37664375 0.36979375000000003 0.39580625 0.38948125 0.39580625 0.38948125 0.37664375
1 0.62828125 0.75959375 0.61291875 0.75959375 0.61291875 0.77360625 0.62828125 0.77360625 0.62828125 0.75959375
1 0.5679937500000001 0.82885625 0.5472312500000001 0.82885625 0.5472312500000001 0.8508437499999999 0.5679937500000001 0.8508437499999999 0.5679937500000001 0.82885625
1 0.32670625000000003 0.10958125 0.28461875000000003 0.10958125 0.28461875000000003 0.14921875 0.32670625000000003 0.14921875 0.32670625000000003 0.10958125
1 0.41200000000000003 0.8136374999999999 0.3751 0.8136374999999999 0.3751 0.8484624999999999 0.41200000000000003 0.8484624999999999 0.41200000000000003 0.8136374999999999
1 0.77281875 0.5228312500000001 0.74475625 0.5228312500000001 0.74475625 0.54259375 0.77281875 0.54259375 0.77281875 0.5228312500000001
1 0.8667624999999999 0.69366875 0.8392875 0.69366875 0.8392875 0.7262562499999999 0.8667624999999999 0.7262562499999999 0.8667624999999999 0.69366875
1 0.24681250000000002 0.59070625 0.2075375 0.59070625 0.2075375 0.62024375 0.24681250000000002 0.62024375 0.24681250000000002 0.59070625
1 0.54076875 0.06504375 0.51685625 0.06504375 0.51685625 0.08755625 0.54076875 0.08755625 0.54076875 0.06504375
1 0.68054375 0.17013125 0.6446562499999999 0.17013125 0.6446562499999999 0.21414375 0.68054375 0.21414375 0.68054375 0.17013125
1 0.5143187499999999 0.49503125 0.47348125 0.49503125 0.47348125 0.52059375 0.5143187499999999 0.52059375 0.5143187499999999 0.49503125
1 0.83333125 0.052212499999999995 0.77604375 0.052212499999999995 0.77604375 0.0941375 0.83333125 0.0941375 0.83333125 0.052212499999999995
1 0.36431874999999997 0.19145 0.34075625 0.19145 0.34075625 0.21309999999999998 0.36431874999999997 0.21309999999999998 0.36431874999999997 0.19145
1 0.734075 0.73095 0.721975 0.73095 0.721975 0.7407250000000001 0.734075 0.7407250000000001 0.734075 0.73095
1 0.61995625 0.38273125 0.6017187500000001 0.38273125 0.6017187500000001 0.40241875 0.61995625 0.40241875 0.61995625 0.38273125
1 0.45741875 0.4553375 0.43418124999999996 0.4553375 0.43418124999999996 0.48313750000000005 0.45741875 0.48313750000000005 0.45741875 0.4553375
1 0.6727562500000001 0.71413125 0.64951875 0.71413125 0.64951875 0.73509375 0.6727562500000001 0.73509375 0.6727562500000001 0.71413125
1 0.4686875 0.53245625 0.44098750000000003 0.53245625 0.44098750000000003 0.55349375 0.4686875 0.55349375 0.4686875 0.53245625
1 0.83451875 0.18205625 0.77680625 0.18205625 0.77680625 0.22639375 0.83451875 0.22639375 0.83451875 0.18205625
1 0.6461812499999999 0.4881375 0.62529375 0.4881375 0.62529375 0.5025875 0.6461812499999999 0.5025875 0.6461812499999999 0.4881375
1 0.45915625000000004 0.4136125 0.43781875000000003 0.4136125 0.43781875000000003 0.4394125 0.45915625000000004 0.4394125 0.45915625000000004 0.4136125
1 0.33958750000000004 0.41022499999999995 0.3098375 0.41022499999999995 0.3098375 0.44085 0.33958750000000004 0.44085 0.33958750000000004 0.41022499999999995
1 0.66793125 0.08243125 0.62014375 0.08243125 0.62014375 0.13351875 0.66793125 0.13351875 0.66793125 0.08243125
1 0.9873937500000001 0.75901875 0.9344812499999999 0.75901875 0.9344812499999999 0.78883125 0.9873937500000001 0.78883125 0.9873937500000001 0.75901875
1 0.8247875 0.7070125 0.8138875000000001 0.7070125 0.8138875000000001 0.7177875 0.8247875 0.7177875 0.8247875 0.7070125
1 0.56669375 0.73140625 0.5495062500000001 0.73140625 0.5495062500000001 0.74614375 0.56669375 0.74614375 0.56669375 0.73140625
1 0.10171250000000001 0.2637 0.08726249999999999 0.2637 0.08726249999999999 0.276825 0.10171250000000001 0.276825 0.10171250000000001 0.2637
1 0.55735625 0.40349375 0.52174375 0.40349375 0.52174375 0.43440625 0.55735625 0.43440625 0.55735625 0.40349375
1 0.37813125 0.1042 0.36014375 0.1042 0.36014375 0.13335 0.37813125 0.13335 0.37813125 0.1042
1 0.7706875 0.1292375 0.7000124999999999 0.1292375 0.7000124999999999 0.20278749999999998 0.7706875 0.20278749999999998 0.7706875 0.1292375
1 0.41760624999999996 0.50005 0.38171875 0.50005 0.38171875 0.52925 0.41760624999999996 0.52925 0.41760624999999996 0.50005
1 0.3614875 0.27247499999999997 0.3182125 0.27247499999999997 0.3182125 0.29785 0.3614875 0.29785 0.3614875 0.27247499999999997
1 0.7823625 0.5156125 0.7693875 0.5156125 0.7693875 0.5283375 0.7823625 0.5283375 0.7823625 0.5156125
1 0.2429125 0.12008749999999999 0.1503875 0.12008749999999999 0.1503875 0.1828875 0.2429125 0.1828875 0.2429125 0.12008749999999999
1 0.5816 0.482975 0.467225 0.482975 0.467225 0.5434 0.5816 0.5434 0.5816 0.482975
1 0.73799375 0.80870625 0.69560625 0.80870625 0.69560625 0.84266875 0.73799375 0.84266875 0.73799375 0.80870625
1 0.12562500000000001 0.5823125 0.0957 0.5823125 0.0957 0.5973875 0.12562500000000001 0.5973875 0.12562500000000001 0.5823125
1 0.3727125 0.29960624999999996 0.3577625 0.29960624999999996 0.3577625 0.31124375 0.3727125 0.31124375 0.3727125 0.29960624999999996
1 0.34573125 0.04596875 0.32809374999999996 0.04596875 0.32809374999999996 0.06340625 0.34573125 0.06340625 0.34573125 0.04596875
1 0.71056875 0.30729375000000003 0.5882562499999999 0.30729375000000003 0.5882562499999999 0.36310625 0.71056875 0.36310625 0.71056875 0.30729375000000003
1 0.3175125 0.501625 0.2982125 0.501625 0.2982125 0.523775 0.3175125 0.523775 0.3175125 0.501625
1 0.027600000000000003 0.12576875 0.013375000000000001 0.12576875 0.013375000000000001 0.13693125 0.027600000000000003 0.13693125 0.027600000000000003 0.12576875
3 0.14125000000000001 0 0.11499999999999999 0.01 0.10375000000000001 0.025 0.1 0.06999999999999999 0.095 0.0875 0.10500000000000001 0.095 0.09875 0.10500000000000001 0.09875 0.12625 0.095 0.1325 0.09125 0.1075 0.08249999999999999 0.14125000000000001 0.08249999999999999 0.15875 0.05625 0.21875 0.04625 0.25375000000000003 0.034999999999999996 0.27749999999999997 0.028749999999999998 0.28250000000000003 0.028749999999999998 0.29500000000000004 0.0325 0.2925 0.03625 0.29874999999999996 0.05500000000000001 0.29125 0.09875 0.2875 0.10375000000000001 0.28125 0.1075 0.28375 0.13 0.27875 0.13374999999999998 0.27375 0.1775 0.265 0.18125 0.26125 0.1925 0.2625 0.19624999999999998 0.25625 0.20125 0.2575 0.2125 0.25125000000000003 0.22374999999999998 0.255 0.22749999999999998 0.25 0.23875000000000002 0.24874999999999997 0.25125000000000003 0.2375 0.27125 0.2375 0.29125 0.22749999999999998 0.31875 0.22374999999999998 0.32125 0.21875 0.35125 0.21625 0.3525 0.2125 0.35750000000000004 0.2125 0.36124999999999996 0.20375000000000001 0.37124999999999997 0.20249999999999999 0.37625000000000003 0.19624999999999998 0.38 0.2 0.38875000000000004 0.2 0.39125 0.1925 0.40374999999999994 0.19375 0.39875 0.1875 0.41125 0.185 0.44625000000000004 0.16499999999999998 0.45999999999999996 0.16499999999999998 0.44625000000000004 0.17625 0.43125 0.18125 0.42625 0.19 0.39625 0.19875 0.39249999999999996 0.20875 0.37124999999999997 0.2125 0.365 0.225 0.3225 0.2325 0.31375000000000003 0.24 0.28250000000000003 0.24874999999999997 0.27125 0.25625 0.22749999999999998 0.26125 0.2125 0.27125 0.1825 0.27749999999999997 0.17375000000000002 0.28375 0.16875 0.27875 0.15625 0.28875 0.061250000000000006 0.31124999999999997 0.05125 0.31875 0.03875 0.32125 0.042499999999999996 0.32999999999999996 0.11625 0.3675 0.1325 0.3825 0.16125 0.3975 0.18125 0.41500000000000004 0.18875 0.41624999999999995 0.19624999999999998 0.42625 0.20875 0.42874999999999996 0.21625 0.43499999999999994 0.225 0.4325 0.22749999999999998 0.4425 0.26 0.46749999999999997 0.26749999999999996 0.46875 0.30375 0.49749999999999994 0.315 0.5 0.32 0.5075000000000001 0.3325 0.51 0.35125 0.525 0.35 0.5287499999999999 0.34500000000000003 0.5287499999999999 0.32999999999999996 0.5225 0.31875 0.51125 0.31375000000000003 0.5175 0.305 0.5075000000000001 0.29874999999999996 0.51 0.28875 0.495 0.27125 0.49124999999999996 0.2625 0.47750000000000004 0.23625 0.46375 0.22374999999999998 0.45 0.20625 0.44625000000000004 0.19624999999999998 0.43 0.18125 0.42750000000000005 0.1775 0.42000000000000004 0.16499999999999998 0.4175 0.1375 0.39625 0.08 0.3675 0.06999999999999999 0.35875 0.045 0.34750000000000003 0.0375 0.34875 0.045 0.3875 0.05125 0.39875 0.05375 0.44000000000000006 0.058750000000000004 0.45999999999999996 0.057499999999999996 0.48875 0.06375 0.50125 0.058750000000000004 0.505 0.05375 0.5425 0.06 0.5912499999999999 0.07125000000000001 0.6012500000000001 0.0875 0.6 0.1025 0.5925 0.12125 0.5925 0.155 0.6012500000000001 0.17875000000000002 0.62625 0.20625 0.665 0.18875 0.70625 0.19 0.7125 0.16 0.75875 0.14375 0.77125 0.14250000000000002 0.7775000000000001 0.1375 0.77625 0.13 0.7825 0.13 0.79125 0.12 0.79875 0.12375 0.8099999999999999 0.1525 0.80625 0.19875 0.7837500000000001 0.20875 0.7825 0.22000000000000003 0.7849999999999999 0.24375 0.80625 0.28500000000000003 0.8275 0.29 0.83375 0.32 0.8412499999999999 0.32875 0.8487500000000001 0.3675 0.865 0.39875 0.86875 0.41624999999999995 0.865 0.4525 0.865 0.51125 0.8724999999999999 0.51625 0.8675 0.5549999999999999 0.8712500000000001 0.61625 0.865 0.65 0.85375 0.69875 0.8487500000000001 0.72 0.8400000000000001 0.7887500000000001 0.8275 0.85625 0.8262499999999999 0.8699999999999999 0.82125 0.905 0.81875 0.985 0.8175000000000001 0.9887499999999999 0.8125 0.9949999999999999 0.8162499999999999 0.99875 0.81125 0.99875 0.77 0.93875 0.74 0.89625 0.705 0.88375 0.7025 0.8724999999999999 0.6912499999999999 0.8675 0.6925 0.8625 0.6849999999999999 0.8637499999999999 0.65625 0.84375 0.595 0.83125 0.57125 0.7875 0.51625 0.76 0.4925 0.6875 0.4525 0.62625 0.39 0.5925 0.365 0.59375 0.36124999999999996 0.6025 0.36124999999999996 0.60625 0.35750000000000004 0.6224999999999999 0.36124999999999996 0.6275000000000001 0.35 0.64375 0.35125 0.64625 0.35625 0.64625 0.3525 0.6575 0.34500000000000003 0.6849999999999999 0.34249999999999997 0.68875 0.335 0.6925 0.33999999999999997 0.69375 0.32875 0.7 0.32625000000000004 0.7025 0.32 0.7150000000000001 0.31875 0.72 0.3125 0.7325 0.31124999999999997 0.745 0.30375 0.75125 0.2975 0.75125 0.2875 0.7675 0.28250000000000003 0.7825 0.26749999999999996 0.78125 0.25875 0.78625 0.25625 0.78625 0.25125000000000003 0.79875 0.2475 0.8074999999999999 0.2375 0.8162499999999999 0.22000000000000003 0.825 0.21625 0.8425 0.185 0.8550000000000001 0.14125000000000001 0.865 0.12250000000000001 0.86625 0.1025 0.8724999999999999 0.09 0.8800000000000001 0.04625 0.885 0.03625 0.8825 0.0325 0.8875 0.028749999999999998 0.89125 0.015 0.87625 0.00625 0.87375 0 0.77625 0 0.77 0.0075 0.7525000000000001 0.01 0.7474999999999999 0.005 0.74875 0 0.31875 0 0.31375000000000003 0.026250000000000002 0.29874999999999996 0.028749999999999998 0.29625 0.01875 0.30375 0.008749999999999999 0.29500000000000004 0 0.24500000000000002 0 0.2375 0.00375 0.22749999999999998 0.00375 0.225 0 0.14875 0 0.14125000000000001 0