1 0.28381875 0.35000624999999996 0.22083124999999998 0.35000624999999996 0.22083124999999998 0.38701875 0.28381875 0.38701875 0.28381875 0.35000624999999996
1 0.2538375 0.8375 0.2083375 0.8375 0.2083375 0.8839750000000001 0.2538375 0.8839750000000001 0.2538375 0.8375
1 0.1272125 0.5900000000000001 0.0833375 0.5900000000000001 0.0833375 0.623825 0.1272125 0.623825 0.1272125 0.5900000000000001
1 0.13956875 0.586375 0.09675625 0.586375 0.09675625 0.61675 0.13956875 0.61675 0.13956875 0.586375
1 0.19190625 0.6452125 0.14231875 0.6452125 0.14231875 0.6897375 0.19190625 0.6897375 0.19190625 0.6452125
1 0.3822 0.15925625000000002 0.303825 0.15925625000000002 0.303825 0.19889375 0.3822 0.19889375 0.3822 0.15925625000000002
1 0.1618 0.36755625 0.04425 0.36755625 0.04425 0.46056875 0.1618 0.46056875 0.1618 0.36755625
1 0.17985 0.7219249999999999 0.16145 0.7219249999999999 0.16145 0.73705 0.17985 0.73705 0.17985 0.7219249999999999
1 0.36172499999999996 0.32970625 0.330175 0.32970625 0.330175 0.35389375 0.36172499999999996 0.35389375 0.36172499999999996 0.32970625
1 0.23834375 0.287975 0.19695625 0.287975 0.19695625 0.318475 0.23834375 0.318475 0.23834375 0.287975
1 0.08558125 0.5610062499999999 0.06859375 0.5610062499999999 0.06859375 0.5776687500000001 0.08558125 0.5776687500000001 0.08558125 0.5610062499999999
1 0.13270625 0.24451874999999998 0.11716875 0.24451874999999998 0.11716875 0.25988125 0.13270625 0.25988125 0.13270625 0.24451874999999998
1 0.24733125 0.9256125000000001 0.22141875 0.9256125000000001 0.22141875 0.9445125000000001 0.24733125 0.9445125000000001 0.24733125 0.9256125000000001
1 0.1611375 0.16876875 0.14356249999999998 0.16876875 0.14356249999999998 0.18793125 0.1611375 0.18793125 0.1611375 0.16876875
1 0.03730625 0.579425 0.01744375 0.579425 0.01744375 0.5963499999999999 0.03730625 0.5963499999999999 0.03730625 0.579425
1 0.02129375 0.7954687500000001 0.00025625 0.7954687500000001 0.00025625 0.82073125 0.02129375 0.82073125 0.02129375 0.7954687500000001
1 0.9732125 0.26718125000000004 0.9467125 0.26718125000000004 0.9467125 0.28994375 0.9732125 0.28994375 0.9732125 0.26718125000000004
1 0.30183125 0.80863125 0.27971875 0.80863125 0.27971875 0.84176875 0.30183125 0.84176875 0.30183125 0.80863125
1 0.1495125 0.39132500000000003 0.1361375 0.39132500000000003 0.1361375 0.40555 0.1495125 0.40555 0.1495125 0.39132500000000003
1 0.19813750000000002 0.72368125 0.1827125 0.72368125 0.1827125 0.73921875 0.19813750000000002 0.73921875 0.19813750000000002 0.72368125
1 0.26466875 0.71549375 0.24850625 0.71549375 0.24850625 0.7298312499999999 0.26466875 0.7298312499999999 0.26466875 0.71549375
1 0.35431875 0.38975 0.33953125 0.38975 0.33953125 0.4037 0.35431875 0.4037 0.35431875 0.38975
1 0.074175 0.3762125 0.05972499999999999 0.3762125 0.05972499999999999 0.3903875 0.074175 0.3903875 0.074175 0.3762125
1 0.5094937500000001 0.42651874999999995 0.49538125 0.42651874999999995 0.49538125 0.44310625000000003 0.5094937500000001 0.44310625000000003 0.5094937500000001 0.42651874999999995
1 0.19468125 0.1859625 0.18104375 0.1859625 0.18104375 0.2019875 0.19468125 0.2019875 0.19468125 0.1859625
1 0.4010375 0.11618124999999999 0.3885125 0.11618124999999999 0.3885125 0.12991875 0.4010375 0.12991875 0.4010375 0.11618124999999999
1 0.39366249999999997 0.23159375 0.3812375 0.23159375 0.3812375 0.24398124999999998 0.39366249999999997 0.24398124999999998 0.39366249999999997 0.23159375
1 0.11565 0.54300625 0.10115 0.54300625 0.10115 0.55659375 0.11565 0.55659375 0.11565 0.54300625
1 0.32676249999999996 0.1703 0.30946250000000003 0.1703 0.30946250000000003 0.1864 0.32676249999999996 0.1864 0.32676249999999996 0.1703
1 0.027075 0.32480000000000003 0.004 0.32480000000000003 0.004 0.33975 0.027075 0.33975 0.027075 0.32480000000000003
1 0.35331250000000003 0.16668750000000002 0.3400375 0.16668750000000002 0.3400375 0.1792625 0.35331250000000003 0.1792625 0.35331250000000003 0.16668750000000002
1 0.10148125 0.269725 0.08956875 0.269725 0.08956875 0.28155 0.10148125 0.28155 0.10148125 0.269725
1 0.41594375 0.8183812500000001 0.40045624999999996 0.8183812500000001 0.40045624999999996 0.83299375 0.41594375 0.83299375 0.41594375 0.8183812500000001
1 0.029275000000000002 0.77445625 0.014374999999999999 0.77445625 0.014374999999999999 0.78901875 0.029275000000000002 0.78901875 0.029275000000000002 0.77445625
1 0.76286875 0.7944 0.74885625 0.7944 0.74885625 0.807175 0.76286875 0.807175 0.76286875 0.7944
1 0.2628625 0.19366875 0.2459375 0.19366875 0.2459375 0.20868125 0.2628625 0.20868125 0.2628625 0.19366875
1 0.08528125 0.41733750000000003 0.06424375 0.41733750000000003 0.06424375 0.4376375 0.08528125 0.4376375 0.08528125 0.41733750000000003
1 0.3275 0.1310375 0.315075 0.1310375 0.315075 0.1441125 0.3275 0.1441125 0.3275 0.1310375
1 0.2989 0.2456875 0.285575 0.2456875 0.285575 0.2577375 0.2989 0.2577375 0.2989 0.2456875
1 0.9639625 0.12461875 0.9461875 0.12461875 0.9461875 0.14295625 0.9639625 0.14295625 0.9639625 0.12461875
1 0.3838125 0.47297500000000003 0.3681375 0.47297500000000003 0.3681375 0.487475 0.3838125 0.487475 0.3838125 0.47297500000000003
1 0.312025 0.3039625 0.29735 0.3039625 0.29735 0.3190875 0.312025 0.3190875 0.312025 0.3039625
1 0.1030375 0.075175 0.0859375 0.075175 0.0859375 0.0884 0.1030375 0.0884 0.1030375 0.075175
1 0.6699125 0.5133687499999999 0.6572375 0.5133687499999999 0.6572375 0.52570625 0.6699125 0.52570625 0.6699125 0.5133687499999999
1 0.6427125 0.19794375 0.6297375 0.19794375 0.6297375 0.21148125 0.6427125 0.21148125 0.6427125 0.19794375
1 0.21341875 0.28980625 0.19868125 0.28980625 0.19868125 0.30639375 0.21341875 0.30639375 0.21341875 0.28980625
1 0.45168125000000003 0.6431250000000001 0.43944375 0.6431250000000001 0.43944375 0.6557000000000001 0.45168125000000003 0.6557000000000001 0.45168125000000003 0.6431250000000001
1 0.89150625 0.8174125 0.8819437499999999 0.8174125 0.8819437499999999 0.8300375000000001 0.89150625 0.8300375000000001 0.89150625 0.8174125
1 0.548725 0.0285625 0.5333 0.0285625 0.5333 0.0410875 0.548725 0.0410875 0.548725 0.0285625
1 0.8189125 0.7631 0.8060875 0.7631 0.8060875 0.7759750000000001 0.8189125 0.7759750000000001 0.8189125 0.7631
1 0.11708125 0.0014500000000000001 0.07774375 0.0014500000000000001 0.07774375 0.038075 0.11708125 0.038075 0.11708125 0.0014500000000000001
1 0.97339375 0.29376875 0.9406812499999999 0.29376875 0.9406812499999999 0.32538125 0.97339375 0.32538125 0.97339375 0.29376875
1 0.7692375 0.8442500000000001 0.7571375 0.8442500000000001 0.7571375 0.856925 0.7692375 0.856925 0.7692375 0.8442500000000001
1 0.885575 0.7638625 0.870275 0.7638625 0.870275 0.7800874999999999 0.885575 0.7800874999999999 0.885575 0.7638625
1 0.934675 0.63825 0.9237249999999999 0.63825 0.9237249999999999 0.650825 0.934675 0.650825 0.934675 0.63825
1 0.73581875 0.89253125 0.72218125 0.89253125 0.72218125 0.9082437499999999 0.73581875 0.9082437499999999 0.73581875 0.89253125
1 0.109575 0.9434625000000001 0.09330000000000001 0.9434625000000001 0.09330000000000001 0.9598625000000001 0.109575 0.9598625000000001 0.109575 0.9434625000000001
1 0.52761875 0.8178124999999999 0.50070625 0.8178124999999999 0.50070625 0.8423375 0.52761875 0.8423375 0.52761875 0.8178124999999999
1 0.6480375 0.22588750000000002 0.6341875 0.22588750000000002 0.6341875 0.23798750000000002 0.6480375 0.23798750000000002 0.6480375 0.22588750000000002
1 0.4519125 0.5854625 0.43481249999999994 0.5854625 0.43481249999999994 0.5981375 0.4519125 0.5981375 0.4519125 0.5854625
1 0.9972125000000001 0.18026875 0.9813124999999999 0.18026875 0.9813124999999999 0.19693125 0.9972125000000001 0.19693125 0.9972125000000001 0.18026875
1 0.76350625 0.8871249999999999 0.75309375 0.8871249999999999 0.75309375 0.898025 0.76350625 0.898025 0.76350625 0.8871249999999999
1 0.40754375 0.3227375 0.38785625 0.3227375 0.38785625 0.3374125 0.40754375 0.3374125 0.40754375 0.3227375
1 0.7348125 0.7787499999999999 0.7241625 0.7787499999999999 0.7241625 0.790575 0.7348125 0.790575 0.7348125 0.7787499999999999
1 0.8888 0.7843 0.698125 0.7843 0.698125 0.985225 0.8888 0.985225 0.8888 0.7843
1 0.15255625 0.021325 0.13821875 0.021325 0.13821875 0.035225 0.15255625 0.035225 0.15255625 0.021325
1 0.8588374999999999 0.5759624999999999 0.8491625 0.5759624999999999 0.8491625 0.5890875 0.8588374999999999 0.5890875 0.8588374999999999 0.5759624999999999
1 0.24289999999999998 0.1292625 0.22585000000000002 0.1292625 0.22585000000000002 0.1463625 0.24289999999999998 0.1463625 0.24289999999999998 0.1292625
1 0.4132625 0.26316875 0.3826375 0.26316875 0.3826375 0.28420625 0.4132625 0.28420625 0.4132625 0.26316875
1 0.8042624999999999 0.009025 0.7875375 0.009025 0.7875375 0.026125 0.8042624999999999 0.026125 0.8042624999999999 0.009025
1 0.57159375 0.012431250000000001 0.55730625 0.012431250000000001 0.55730625 0.02699375 0.57159375 0.02699375 0.57159375 0.012431250000000001
1 0.62593125 0.92284375 0.6142937500000001 0.92284375 0.6142937500000001 0.93653125 0.62593125 0.93653125 0.62593125 0.92284375
1 1 0.18095 0.9915749999999999 0.18095 0.9915749999999999 0.19697499999999998 1 0.19697499999999998 1 0.18095
1 0.4537625 1 0.4537625 0.99114375 0.43931250000000005 0.99114375 0.43931250000000005 1 0.4537625 1
1 0.44595624999999994 0.22946875000000003 0.43734375 0.22946875000000003 0.43734375 0.24148125 0.44595624999999994 0.24148125 0.44595624999999994 0.22946875000000003
1 0.755325 0.7361625 0.74565 0.7361625 0.74565 0.7482125 0.755325 0.7482125 0.755325 0.7361625
1 0.9217875 0.8468375 0.9102375 0.8468375 0.9102375 0.8621375 0.9217875 0.8621375 0.9217875 0.8468375
1 0.9746375 0.014043749999999999 0.9648125000000001 0.014043749999999999 0.9648125000000001 0.02568125 0.9746375 0.02568125 0.9746375 0.014043749999999999
1 0.112025 0.7466062499999999 0.0079 0.7466062499999999 0.0079 0.8373687500000001 0.112025 0.8373687500000001 0.112025 0.7466062499999999
1 0.48170624999999995 0.130825 0.47141875000000005 0.130825 0.47141875000000005 0.14115 0.48170624999999995 0.14115 0.48170624999999995 0.130825
1 0.9003375 0.038825 0.8887375000000001 0.038825 0.8887375000000001 0.0517 0.9003375 0.0517 0.9003375 0.038825
1 0.02891875 0.9185125 0.00043125000000000005 0.9185125 0.00043125000000000005 0.9926125000000001 0.02891875 0.9926125000000001 0.02891875 0.9185125
1 0.31680625 0.0012625000000000002 0.30671875000000004 0.0012625000000000002 0.30671875000000004 0.0141375 0.31680625 0.0141375 0.31680625 0.0012625000000000002
1 0.5452125 0.638225 0.5338875 0.638225 0.5338875 0.648875 0.5452125 0.648875 0.5452125 0.638225
1 1 0.6648375 0.993925 0.6648375 0.993925 0.6808625 1 0.6808625 1 0.6648375
3 0.01625 0 0.005 0.008749999999999999 0 0.00375 0 0.16375 0.005 0.16499999999999998 0 0.17250000000000001 0.0075 0.17625 0.008749999999999999 0.19 0.013750000000000002 0.18625 0.0225 0.195 0.0225 0.205 0.017499999999999998 0.20249999999999999 0.013750000000000002 0.21749999999999997 0.008749999999999999 0.22000000000000003 0.008749999999999999 0.23625 0.0125 0.23875000000000002 0.00375 0.2475 0.0125 0.2575 0.0225 0.25875 0.02 0.2625 0.02375 0.28875 0.01875 0.31 0.02375 0.31625000000000003 0.01625 0.315 0.008749999999999999 0.32125 0.005 0.31875 0 0.325 0 0.34875 0.00375 0.35125 0 0.365 0.00375 0.3675 0.0025 0.37374999999999997 0.00625 0.37374999999999997 0.00625 0.36375 0.013750000000000002 0.355 0.00375 0.34500000000000003 0.0125 0.34249999999999997 0.017499999999999998 0.34625 0.02 0.35750000000000004 0.025 0.34750000000000003 0.03 0.3525 0.028749999999999998 0.35625 0.04375 0.3675 0.061250000000000006 0.37124999999999997 0.0475 0.3775 0.03875 0.37625000000000003 0.03625 0.3675 0.03125 0.38 0.03625 0.38375 0.02 0.38625 0.013750000000000002 0.40125 0.008749999999999999 0.39625 0.013750000000000002 0.3875 0.005 0.37875000000000003 0 0.3875 0 0.9525 0.005 0.9574999999999999 0.013750000000000002 0.95625 0.013750000000000002 0.98125 0.02 0.99875 0.3825 0.99875 0.385 0.99375 0.395 0.99375 0.39875 0.99875 0.43875000000000003 0.99875 0.4425 0.9949999999999999 0.45 0.9949999999999999 0.4525 0.99875 0.725 0.99875 0.7375 0.99 0.745 0.99375 0.74875 0.9862500000000001 0.76375 0.9824999999999999 0.76375 0.9775 0.77125 0.975 0.7775000000000001 0.9662499999999999 0.775 0.9625 0.78 0.9512499999999999 0.78125 0.9125 0.7825 0.90625 0.79 0.9 0.7887500000000001 0.89375 0.795 0.8887499999999999 0.79375 0.86875 0.8 0.8487500000000001 0.8025 0.8162499999999999 0.8099999999999999 0.8099999999999999 0.8125 0.7975 0.81875 0.795 0.82 0.775 0.8262499999999999 0.77125 0.835 0.7525000000000001 0.8412499999999999 0.7474999999999999 0.84375 0.72875 0.85375 0.72 0.8625 0.6975 0.86875 0.69625 0.8699999999999999 0.6875 0.87375 0.68875 0.87375 0.7162499999999999 0.8625 0.7275 0.8637499999999999 0.7325 0.85875 0.735 0.85625 0.7462500000000001 0.845 0.76 0.8425 0.7787499999999999 0.825 0.7925 0.8225 0.8099999999999999 0.8150000000000001 0.81375 0.8087500000000001 0.845 0.81125 0.875 0.8012499999999999 0.8775000000000001 0.805 0.8925000000000001 0.7975 0.89875 0.795 0.91875 0.8125 0.9225 0.8087500000000001 0.92875 0.8 0.93125 0.81875 0.9349999999999999 0.82125 0.9512499999999999 0.8175000000000001 0.9550000000000001 0.7975 0.9550000000000001 0.79625 0.96 0.8012499999999999 0.9662499999999999 0.78625 0.97 0.7837500000000001 0.975 0.79375 0.98375 0.80375 0.98375 0.80375 0.99375 0.8162499999999999 0.99875 0.8412499999999999 0.99875 0.8462500000000001 0.98375 0.85125 0.9862500000000001 0.8487500000000001 0.99125 0.85625 0.9925 0.865 0.985 0.86875 0.99375 0.9112500000000001 0.99875 0.9199999999999999 0.9949999999999999 0.9237500000000001 0.98375 0.9324999999999999 0.9824999999999999 0.93875 0.98375 0.9375 0.99375 0.9412499999999999 0.99875 0.99875 0.99875 0.99875 0.9675 0.97 0.96875 0.9662499999999999 0.9512499999999999 0.9550000000000001 0.95375 0.9512499999999999 0.97 0.9412499999999999 0.9737500000000001 0.945 0.9800000000000001 0.93625 0.9800000000000001 0.9400000000000001 0.9550000000000001 0.9525 0.95 0.95625 0.9237500000000001 0.9662499999999999 0.9199999999999999 0.9637499999999999 0.915 0.9724999999999999 0.9012499999999999 0.97 0.89375 0.9824999999999999 0.8887499999999999 0.9862500000000001 0.875 0.99875 0.8724999999999999 0.99875 0.6725 0.99125 0.66625 0.9925 0.6575 0.97875 0.6212500000000001 0.9862500000000001 0.61125 0.99875 0.62375 0.99875 0.23625 0.99 0.23125 0.98125 0.2325 0.9712500000000001 0.22000000000000003 0.9650000000000001 0.22374999999999998 0.93875 0.20375000000000001 0.93625 0.20875 0.93125 0.20875 0.9275 0.20125 0.915 0.20125 0.9112500000000001 0.195 0.89625 0.18625 0.885 0.185 0.8800000000000001 0.1775 0.8724999999999999 0.18125 0.85875 0.17250000000000001 0.845 0.17124999999999999 0.8412499999999999 0.16625 0.83375 0.1675 0.8387499999999999 0.18125 0.8375 0.18875 0.85 0.2125 0.85 0.22374999999999998 0.85875 0.2375 0.8612500000000001 0.2525 0.8675 0.25875 0.8675 0.26749999999999996 0.87625 0.28625 0.88125 0.29 0.8800000000000001 0.30125 0.8875 0.3175 0.8975 0.32125 0.8925000000000001 0.32999999999999996 0.89875 0.3375 0.9 0.34875 0.9075 0.36 0.91625 0.39249999999999996 0.9275 0.41500000000000004 0.93125 0.44000000000000006 0.9650000000000001 0.5387500000000001 0.9637499999999999 0.54875 0.9712500000000001 0.5599999999999999 0.9724999999999999 0.57625 0.98125 0.5912499999999999 0.9800000000000001 0.6 0.9875 0.605 0.9862500000000001 0.61 0.9775 0.60875 0.96875 0.59875 0.97 0.595 0.95375 0.5825 0.9574999999999999 0.57625 0.9662499999999999 0.575 0.96875 0.56375 0.9625 0.56125 0.95875 0.56875 0.9487500000000001 0.5525 0.9425000000000001 0.51875 0.93 0.49124999999999996 0.93125 0.47750000000000004 0.92125 0.46624999999999994 0.9112500000000001 0.42625 0.88375 0.365 0.8800000000000001 0.34500000000000003 0.8699999999999999 0.32999999999999996 0.8637499999999999 0.305 0.85125 0.28625 0.8487500000000001 0.26749999999999996 0.8375 0.25375000000000003 0.8262499999999999 0.21875 0.8025 0.1775 0.79125 0.18375 0.7887500000000001 0.205 0.78 0.21375000000000002 0.7825 0.2225 0.775 0.23625 0.7725 0.25625 0.7525000000000001 0.29 0.75 0.3025 0.745 0.30625 0.73875 0.34125 0.7275 0.34500000000000003 0.73 0.36375 0.72 0.375 0.7162499999999999 0.3725 0.7125 0.37625000000000003 0.7125 0.39625 0.70875 0.4025 0.70375 0.40625 0.7 0.39875 0.69625 0.40750000000000003 0.6975 0.42750000000000005 0.6900000000000001 0.43125 0.6900000000000001 0.43624999999999997 0.6839999999999999 0.427678571875 0.67625 0.43875000000000003 0.67875 0.44375 0.66875 0.44625000000000004 0.66125 0.45999999999999996 0.665 0.475 0.65625 0.47750000000000004 0.6537499999999999 0.47375 0.65125 0.47874999999999995 0.6475 0.4925 0.65125 0.505 0.63625 0.5075000000000001 0.6325000000000001 0.5287499999999999 0.6224999999999999 0.53625 0.615 0.55625 0.61 0.5587500000000001 0.60375 0.55125 0.61125 0.525 0.61625 0.5237499999999999 0.61875 0.53 0.6224999999999999 0.5287499999999999 0.6224999999999999 0.51 0.6275000000000001 0.50125 0.63375 0.49874999999999997 0.6325000000000001 0.49375 0.64 0.48250000000000004 0.63875 0.47750000000000004 0.645 0.47375 0.6525000000000001 0.44749999999999995 0.65625 0.44625000000000004 0.6575 0.45 0.6625 0.44125 0.6599999999999999 0.43499999999999994 0.6675 0.41624999999999995 0.68125 0.40374999999999994 0.7 0.35375 0.7162499999999999 0.33375 0.72875 0.29 0.73375 0.2875 0.7424999999999999 0.25875 0.75625 0.2325 0.765 0.1975 0.75 0.19624999999999998 0.7424999999999999 0.2 0.73875 0.20750000000000002 0.7175 0.21125 0.7075 0.21875 0.69625 0.21875 0.68625 0.225 0.66625 0.22374999999999998 0.67 0.21749999999999997 0.6849999999999999 0.215 0.6950000000000001 0.20249999999999999 0.705 0.20249999999999999 0.7112499999999999 0.195 0.7262500000000001 0.19375 0.73 0.18625 0.7375 0.185 0.735 0.18125 0.74125 0.17875000000000002 0.74 0.17124999999999999 0.71 0.16499999999999998 0.73875 0.16375 0.74375 0.1525 0.755 0.14875 0.755 0.11125 0.7424999999999999 0.10874999999999999 0.7162499999999999 0.08625000000000001 0.7125 0.08875 0.70875 0.07875 0.68875 0.06999999999999999 0.6775 0.05625 0.66625 0.05500000000000001 0.66125 0.042499999999999996 0.65125 0.03625 0.645 0.0225 0.635 0.01875 0.6224999999999999 0 0.5700000000000001 0 0.5675 0.00375 0.5625 0 0.01875 0 0.01625 0