1 0.4251125 0.52910625 0.3815875 0.52910625 0.3815875 0.57381875 0.4251125 0.57381875 0.4251125 0.52910625
1 0.6694375 0.60285625 0.6228374999999999 0.60285625 0.6228374999999999 0.64606875 0.6694375 0.64606875 0.6694375 0.60285625
1 0.24833750000000002 0.6753625000000001 0.2128375 0.6753625000000001 0.2128375 0.6979375 0.24833750000000002 0.6979375 0.24833750000000002 0.6753625000000001
1 0.2387 0.67440625 0.2198 0.67440625 0.2198 0.70644375 0.2387 0.70644375 0.2387 0.67440625
1 0.2311375 0.62241875 0.1965875 0.62241875 0.1965875 0.66273125 0.2311375 0.66273125 0.2311375 0.62241875
1 0.23413124999999999 0.40398750000000005 0.20214375 0.40398750000000005 0.20214375 0.4392625 0.23413124999999999 0.4392625 0.23413124999999999 0.40398750000000005
1 0.082275 0.62984375 0.065425 0.62984375 0.065425 0.64945625 0.082275 0.64945625 0.082275 0.62984375
1 0.45070625 0.00841875 0.43454375 0.00841875 0.43454375 0.02425625 0.45070625 0.02425625 0.45070625 0.00841875
1 0.29718125 0.50971875 0.27849375 0.50971875 0.27849375 0.52543125 0.29718125 0.52543125 0.29718125 0.50971875
1 0.2317125 0.25255 0.2177625 0.25255 0.2177625 0.27040000000000003 0.2317125 0.27040000000000003 0.2317125 0.25255
1 0.059625 0.50715625 0.034 0.50715625 0.034 0.52311875 0.059625 0.52311875 0.059625 0.50715625
1 0.27291875 0.40461875 0.20730624999999997 0.40461875 0.20730624999999997 0.46013125 0.27291875 0.46013125 0.27291875 0.40461875
1 0.78258125 0.3170875 0.76819375 0.3170875 0.76819375 0.3357375 0.78258125 0.3357375 0.78258125 0.3170875
1 0.88185 0.15155625 0.869125 0.15155625 0.869125 0.16216875 0.88185 0.16216875 0.88185 0.15155625
1 0.5717375 0.4561 0.5552125 0.4561 0.5552125 0.472125 0.5717375 0.472125 0.5717375 0.4561
1 0.018325 0.7412625 0.00027499999999999996 0.7412625 0.00027499999999999996 0.7645875 0.018325 0.7645875 0.018325 0.7412625
1 0.08360625000000001 0.5449125 0.06506875 0.5449125 0.06506875 0.5595875 0.08360625000000001 0.5595875 0.08360625000000001 0.5449125
1 0.7277 0.07123125 0.71565 0.07123125 0.71565 0.08319375 0.7277 0.08319375 0.7277 0.07123125
1 0.2709125 0.2439375 0.2583875 0.2439375 0.2583875 0.25656249999999997 0.2709125 0.25656249999999997 0.2709125 0.2439375
1 0.035949999999999996 0.74613125 0.023899999999999998 0.74613125 0.023899999999999998 0.75776875 0.035949999999999996 0.75776875 0.035949999999999996 0.74613125
1 0.54079375 0.8439187499999999 0.53050625 0.8439187499999999 0.53050625 0.8543312500000001 0.54079375 0.8543312500000001 0.54079375 0.8439187499999999
1 0.7335625 0.8455812500000001 0.7244375 0.8455812500000001 0.7244375 0.85559375 0.7335625 0.85559375 0.7335625 0.8455812500000001
1 0.74201875 0.59435 0.73160625 0.59435 0.73160625 0.604875 0.74201875 0.604875 0.74201875 0.59435
1 0.8978375 0.49308125 0.8873125 0.49308125 0.8873125 0.5030187500000001 0.8978375 0.5030187500000001 0.8978375 0.49308125
1 0.44591250000000004 0.386725 0.4173625 0.386725 0.4173625 0.41307499999999997 0.44591250000000004 0.41307499999999997 0.44591250000000004 0.386725
1 0.87303125 0.29881875 0.86134375 0.29881875 0.86134375 0.31105625 0.87303125 0.31105625 0.87303125 0.29881875
1 0.42586250000000003 0.07221875 0.41738749999999997 0.07221875 0.41738749999999997 0.08538124999999999 0.42586250000000003 0.08538124999999999 0.42586250000000003 0.07221875
1 0.11634375 0.93895625 0.10155624999999999 0.93895625 0.10155624999999999 0.9506937499999999 0.11634375 0.9506937499999999 0.11634375 0.93895625
1 0.750375 0.25999374999999997 0.741825 0.25999374999999997 0.741825 0.27028125 0.750375 0.27028125 0.750375 0.25999374999999997
1 0.015381249999999999 0.62583125 0.000018750000000000002 0.62583125 0.000018750000000000002 0.6954687500000001 0.015381249999999999 0.6954687500000001 0.015381249999999999 0.62583125
1 0.46910625 0.52919375 0.44934375 0.52919375 0.44934375 0.54503125 0.46910625 0.54503125 0.46910625 0.52919375
1 0.688125 0.9071999999999999 0.679075 0.9071999999999999 0.679075 0.91605 0.688125 0.91605 0.688125 0.9071999999999999
1 0.8321 0.023625 0.819275 0.023625 0.819275 0.035125 0.8321 0.035125 0.8321 0.023625
1 0.19098125 0.023524999999999997 0.18036875000000002 0.023524999999999997 0.18036875000000002 0.0361 0.19098125 0.0361 0.19098125 0.023524999999999997
1 0.11416875 0.01904375 0.09590625 0.01904375 0.09590625 0.04300625 0.11416875 0.04300625 0.11416875 0.01904375
1 0.7727937500000001 0.41970625000000006 0.7584562499999999 0.41970625000000006 0.7584562499999999 0.42941874999999996 0.7727937500000001 0.42941874999999996 0.7727937500000001 0.41970625000000006
1 0.736925 0.012925 0.723025 0.012925 0.723025 0.0263 0.736925 0.0263 0.736925 0.012925
1 0.1985625 0.102525 0.1832625 0.102525 0.1832625 0.1227 0.1985625 0.1227 0.1985625 0.102525
1 0.255075 0.358825 0.241275 0.358825 0.241275 0.37165 0.255075 0.37165 0.255075 0.358825
1 0.31323124999999996 0.935125 0.30541874999999996 0.935125 0.30541874999999996 0.9437749999999999 0.31323124999999996 0.9437749999999999 0.31323124999999996 0.935125
1 0.7198875 0.14930000000000002 0.7117625000000001 0.14930000000000002 0.7117625000000001 0.1654 0.7198875 0.1654 0.7198875 0.14930000000000002
1 0.047081250000000005 0.14521250000000002 0.03886875 0.14521250000000002 0.03886875 0.1523875 0.047081250000000005 0.1523875 0.047081250000000005 0.14521250000000002
1 0.24334375000000003 0.35975625 0.18658125 0.35975625 0.18658125 0.39756874999999997 0.24334375000000003 0.39756874999999997 0.24334375000000003 0.35975625
1 0.93848125 0.083125 0.85546875 0.083125 0.85546875 0.197875 0.93848125 0.197875 0.93848125 0.083125
1 0.7363625 0.11161875000000002 0.7284875000000001 0.11161875000000002 0.7284875000000001 0.12190625 0.7363625 0.12190625 0.7363625 0.11161875000000002
1 0.465 0.54375 0.465 0.5325 0.44749999999999995 0.53 0.44625000000000004 0.5287499999999999 0.4425 0.53125 0.44625000000000004 0.5375 0.45499999999999996 0.54375 0.465 0.54375
3 0.10124999999999999 0 0.09 0.03 0.08 0.08625000000000001 0.075 0.1275 0.08 0.16999999999999998 0.09875 0.215 0.12625 0.25375000000000003 0.15 0.27875 0.16625 0.27999999999999997 0.16875 0.28625 0.18375 0.28875 0.19125 0.2975 0.18625 0.3025 0.18875 0.305 0.1975 0.3025 0.1925 0.29874999999999996 0.1975 0.28875 0.20875 0.3025 0.22000000000000003 0.3 0.22374999999999998 0.30375 0.2325 0.30375 0.2375 0.3125 0.24625 0.31124999999999997 0.24625 0.31625000000000003 0.23374999999999999 0.3175 0.23875000000000002 0.32125 0.24500000000000002 0.3175 0.28625 0.31875 0.28875 0.29874999999999996 0.29500000000000004 0.3025 0.30375 0.29500000000000004 0.30375 0.25125000000000003 0.31124999999999997 0.24874999999999997 0.31124999999999997 0.22000000000000003 0.3225 0.21749999999999997 0.32625000000000004 0.22875 0.32375 0.24874999999999997 0.3175 0.255 0.3225 0.25875 0.31625000000000003 0.28625 0.31875 0.2925 0.31124999999999997 0.3025 0.30874999999999997 0.31375000000000003 0.29375 0.31625000000000003 0.29500000000000004 0.31875 0.31875 0.31875 0.32125 0.3125 0.335 0.31124999999999997 0.33625 0.30375 0.34125 0.31 0.34500000000000003 0.30125 0.34875 0.30375 0.35 0.2975 0.36 0.29500000000000004 0.35875 0.29 0.3675 0.28625 0.36625 0.28125 0.39625 0.27999999999999997 0.39875 0.265 0.4175 0.26375000000000004 0.4225 0.27 0.395 0.29500000000000004 0.3875 0.2925 0.38 0.3025 0.37 0.305 0.3675 0.31 0.35625 0.31124999999999997 0.33999999999999997 0.32 0.33875 0.325 0.31875 0.34125 0.32 0.35 0.3275 0.35125 0.32999999999999996 0.35750000000000004 0.35 0.35875 0.35750000000000004 0.365 0.38125 0.36875 0.375 0.3725 0.40625 0.37625000000000003 0.39875 0.38 0.43 0.38375 0.43125 0.38875000000000004 0.4425 0.39 0.445 0.39625 0.4625 0.39875 0.46125 0.40374999999999994 0.46624999999999994 0.40125 0.48375 0.40625 0.48624999999999996 0.4125 0.5075000000000001 0.41375 0.51625 0.42125 0.525 0.42125 0.53125 0.42750000000000005 0.545 0.43 0.545 0.43499999999999994 0.55375 0.43624999999999997 0.5599999999999999 0.4425 0.5662499999999999 0.4425 0.5675 0.4375 0.56875 0.44375 0.58 0.44749999999999995 0.5650000000000001 0.45625 0.56125 0.4525 0.5387500000000001 0.45125000000000004 0.53625 0.44625000000000004 0.4925 0.43624999999999997 0.49000000000000005 0.4325 0.4625 0.42625 0.45875000000000005 0.42125 0.44625000000000004 0.42125 0.4375 0.41375 0.41500000000000004 0.4125 0.41125 0.4 0.41 0.40499999999999997 0.4 0.40374999999999994 0.39625 0.39875 0.38375 0.39875 0.38 0.39 0.37625000000000003 0.39625 0.36875 0.39625 0.365 0.38625 0.36124999999999996 0.39 0.3525 0.39 0.34875 0.3825 0.34500000000000003 0.385 0.33375 0.38 0.32 0.38125 0.3175 0.37374999999999997 0.305 0.375 0.2975 0.38375 0.28625 0.3875 0.28250000000000003 0.3875 0.275 0.37625000000000003 0.27 0.38375 0.2725 0.40875000000000006 0.26625 0.41875 0.25875 0.40875000000000006 0.2575 0.38375 0.24500000000000002 0.37625000000000003 0.25 0.37374999999999997 0.24874999999999997 0.36875 0.24375 0.37625000000000003 0.24 0.36625 0.22749999999999998 0.36875 0.21000000000000002 0.36124999999999996 0.18 0.35750000000000004 0.1775 0.35125 0.17250000000000001 0.3525 0.16125 0.34375 0.0775 0.34500000000000003 0 0.3725 0 0.6425 0.005 0.64125 0.008749999999999999 0.645 0 0.6525000000000001 0.005 0.65625 0 0.6599999999999999 0.00375 0.6637500000000001 0 0.66875 0 0.67875 0.00375 0.68125 0 0.6825 0 0.99875 0.77625 0.99875 0.7825 0.975 0.78125 0.945 0.78625 0.9425000000000001 0.78 0.93125 0.78625 0.93125 0.79 0.9262499999999999 0.8975 0.9375 0.99875 0.9337500000000001 0.99875 0.59875 0.9949999999999999 0.595 0.9949999999999999 0.5875 0.99875 0.5862499999999999 0.99875 0.23500000000000001 0.9875 0.22999999999999998 0.9800000000000001 0.22000000000000003 0.9662499999999999 0.21749999999999997 0.89125 0.21875 0.8887499999999999 0.20125 0.8800000000000001 0.2 0.87625 0.20375000000000001 0.87375 0.19875 0.87625 0.18625 0.9637499999999999 0.18625 0.97 0.18125 0.9724999999999999 0.185 0.98125 0.185 0.9800000000000001 0.17875000000000002 0.96875 0.18125 0.9650000000000001 0.1775 0.96875 0.16999999999999998 0.9650000000000001 0.1575 0.9824999999999999 0.15625 0.98375 0.14250000000000002 0.99875 0.13874999999999998 0.99875 0.00625 0.99375 0 0.9862500000000001 0.008749999999999999 0.9824999999999999 0 0.9400000000000001 0 0.93875 0.00375 0.93625 0 0.79875 0 0.79375 0.008749999999999999 0.77625 0.01625 0.7737499999999999 0.0225 0.7675 0.025 0.7675 0.03 0.75125 0.03375 0.7474999999999999 0.04625 0.735 0.0475 0.73125 0.058750000000000004 0.71875 0.0625 0.7162499999999999 0.05625 0.7125 0.0675 0.7025 0.07625 0.6900000000000001 0.08 0.6912499999999999 0.08249999999999999 0.68125 0.08625000000000001 0.6775 0.0925 0.67125 0.0925 0.66875 0.0875 0.665 0.09875 0.64375 0.10874999999999999 0.635 0.11875 0.63625 0.12375 0.625 0.12375 0.61125 0.1375 0.6075 0.135 0.59875 0.14750000000000002 0.58375 0.15375 0.575 0.1625 0.57375 0.16999999999999998 0.56125 0.17124999999999999 0.5599999999999999 0.1625 0.55375 0.16 0.55375 0.15625 0.56875 0.155 0.56875 0.15 0.575 0.15 0.58 0.13874999999999998 0.5912499999999999 0.13874999999999998 0.59375 0.13125 0.59875 0.13125 0.59375 0.12875 0.595 0.125 0.6075 0.125 0.61 0.11625 0.6174999999999999 0.11625 0.6174999999999999 0.10874999999999999 0.63125 0.1075 0.63125 0.10375000000000001 0.625 0.1025 0.6375 0.1 0.63375 0.09375 0.6537499999999999 0.09125 0.65625 0.08 0.6599999999999999 0.07875 0.66125 0.08249999999999999 0.6637500000000001 0.0775 0.67 0.0775 0.67 0.07125000000000001 0.6775 0.0675 0.67875 0.0625 0.69375 0.061250000000000006 0.6950000000000001 0.05375 0.70125 0.05375 0.70375 0.04625 0.7175 0.045 0.71875 0.013750000000000002 0.725 0.013750000000000002 0.7262500000000001 0 0.72 0 0.10124999999999999 0