1 0.71866875 0.5075062499999999 0.68083125 0.5075062499999999 0.68083125 0.55211875 0.71866875 0.55211875 0.71866875 0.5075062499999999
1 0.39878749999999996 0.47000624999999996 0.35333749999999997 0.47000624999999996 0.35333749999999997 0.50709375 0.39878749999999996 0.50709375 0.39878749999999996 0.47000624999999996
1 0.725075 0.3401875 0.6968 0.3401875 0.6968 0.3687875 0.725075 0.3687875 0.725075 0.3401875
1 0.76941875 0.6542375 0.73545625 0.6542375 0.73545625 0.6856125 0.76941875 0.6856125 0.76941875 0.6542375
1 0.1529375 0.4399875 0.1358875 0.4399875 0.1358875 0.49653749999999997 0.1529375 0.49653749999999997 0.1529375 0.4399875
1 0.43158124999999997 0.11074375 0.41021875 0.11074375 0.41021875 0.13363125 0.43158124999999997 0.13363125 0.43158124999999997 0.11074375
1 0.3672375 0.26915 0.3456625 0.26915 0.3456625 0.291875 0.3672375 0.291875 0.3672375 0.26915
1 0.52200625 0.0868 0.49946875 0.0868 0.49946875 0.10289999999999999 0.52200625 0.10289999999999999 0.52200625 0.0868
1 0.54635 0.0201125 0.504425 0.0201125 0.504425 0.0407625 0.54635 0.0407625 0.54635 0.0201125
1 0.0155875 0.348975 0.0009124999999999999 0.348975 0.0009124999999999999 0.3644 0.0155875 0.3644 0.0155875 0.348975
1 0.6065125 0.453925 0.5800125 0.453925 0.5800125 0.472825 0.6065125 0.472825 0.6065125 0.453925
1 0.17496875 0.283975 0.15168125 0.283975 0.15168125 0.309775 0.17496875 0.309775 0.17496875 0.283975
1 0.27032500000000004 0.31709375 0.260425 0.31709375 0.260425 0.33280625 0.27032500000000004 0.33280625 0.27032500000000004 0.31709375
1 0.9326125 0.00008125 0.9023375 0.00008125 0.9023375 0.01979375 0.9326125 0.01979375 0.9326125 0.00008125
1 0.7940750000000001 0.65000625 0.7791750000000001 0.65000625 0.7791750000000001 0.66249375 0.7940750000000001 0.66249375 0.7940750000000001 0.65000625
1 0.32470625000000003 0.3138375 0.27001875000000003 0.3138375 0.27001875000000003 0.3492375 0.32470625000000003 0.3492375 0.32470625000000003 0.3138375
1 0.39101875 0.70016875 0.36778125 0.70016875 0.36778125 0.72268125 0.39101875 0.72268125 0.39101875 0.70016875
1 0.15543125 0.9455125000000001 0.12094374999999999 0.9455125000000001 0.12094374999999999 0.9919874999999999 0.15543125 0.9919874999999999 0.15543125 0.9455125000000001
1 0.25424375 0.848175 0.21670625000000002 0.848175 0.21670625000000002 0.8901 0.25424375 0.8901 0.25424375 0.848175
1 0.81431875 0.11728125 0.79895625 0.11728125 0.79895625 0.13161875 0.81431875 0.13161875 0.81431875 0.11728125
1 0.04283125 0.8020687499999999 0.02919375 0.8020687499999999 0.02919375 0.81708125 0.04283125 0.81708125 0.04283125 0.8020687499999999
1 0.86425 0.37745625 0.8515750000000001 0.37745625 0.8515750000000001 0.38914375 0.86425 0.38914375 0.86425 0.37745625
1 0.30149375 0.66659375 0.28248125 0.66659375 0.28248125 0.68888125 0.30149375 0.68888125 0.30149375 0.66659375
1 0.6646062500000001 0.18975 0.59026875 0.18975 0.59026875 0.240925 0.6646062500000001 0.240925 0.6646062500000001 0.18975
1 0.25848125 0.77324375 0.23931874999999997 0.77324375 0.23931874999999997 0.79315625 0.25848125 0.79315625 0.25848125 0.77324375
1 0.86514375 0.106625 0.7881812499999999 0.106625 0.7881812499999999 0.13885 0.86514375 0.13885 0.86514375 0.106625
1 0.99423125 0.38646875 0.97744375 0.38646875 0.97744375 0.39820625 0.99423125 0.39820625 0.99423125 0.38646875
1 0.50736875 0.22219375000000002 0.49165625 0.22219375000000002 0.49165625 0.23630625 0.50736875 0.23630625 0.50736875 0.22219375000000002
1 0.11680625 0.41685 0.09961875 0.41685 0.09961875 0.43274999999999997 0.11680625 0.43274999999999997 0.11680625 0.41685
1 0.2106875 0.915175 0.1914125 0.915175 0.1914125 0.9422499999999999 0.2106875 0.9422499999999999 0.2106875 0.915175
1 0.0746125 0.26230625 0.0607625 0.26230625 0.0607625 0.27479375 0.0746125 0.27479375 0.0746125 0.26230625
1 0.45850625 0.535725 0.44481875000000004 0.535725 0.44481875000000004 0.54825 0.45850625 0.54825 0.45850625 0.535725
1 0.67991875 0.047331250000000005 0.65895625 0.047331250000000005 0.65895625 0.06809375 0.67991875 0.06809375 0.67991875 0.047331250000000005
1 0.622825 0.274225 0.6096 0.274225 0.6096 0.2873 0.622825 0.2873 0.622825 0.274225
1 0.3443625 0.80473125 0.3309375 0.80473125 0.3309375 0.8192937499999999 0.3443625 0.8192937499999999 0.3443625 0.80473125
1 0.29895 0.6442249999999999 0.28065 0.6442249999999999 0.28065 0.659475 0.29895 0.659475 0.29895 0.6442249999999999
1 0.8719187500000001 0.4652375 0.8595312500000001 0.4652375 0.8595312500000001 0.4790875 0.8719187500000001 0.4790875 0.8719187500000001 0.4652375
1 0.58500625 0.5761125 0.57026875 0.5761125 0.57026875 0.5899125 0.58500625 0.5899125 0.58500625 0.5761125
1 0.26590625 0.8888812500000001 0.18454375 0.8888812500000001 0.18454375 0.97536875 0.26590625 0.97536875 0.26590625 0.8888812500000001
1 0.039606249999999996 0.9755312500000001 0.02424375 0.9755312500000001 0.02424375 0.99516875 0.039606249999999996 0.99516875 0.039606249999999996 0.9755312500000001
1 0.471175 0.44413125000000003 0.460475 0.44413125000000003 0.460475 0.45771875 0.471175 0.45771875 0.471175 0.44413125000000003
1 0.15696875 0.8438375 0.11598125 0.8438375 0.11598125 0.9100625000000001 0.15696875 0.9100625000000001 0.15696875 0.8438375
1 0.7251125 0.25343125 0.7123875 0.25343125 0.7123875 0.26561875 0.7251125 0.26561875 0.7251125 0.25343125
1 0.1189 0.70108125 0.08787500000000001 0.70108125 0.08787500000000001 0.73641875 0.1189 0.73641875 0.1189 0.70108125
1 0.9930625 0.3264125 0.9795875 0.3264125 0.9795875 0.3405875 0.9930625 0.3405875 0.9930625 0.3264125
1 0.6174375000000001 0.52586875 0.6003375 0.52586875 0.6003375 0.53760625 0.6174375000000001 0.53760625 0.6174375000000001 0.52586875
1 0.80504375 0.1756 0.79358125 0.1756 0.79358125 0.1872 0.80504375 0.1872 0.80504375 0.1756
1 0.3102125 0.5671125 0.2976875 0.5671125 0.2976875 0.5803375 0.3102125 0.5803375 0.3102125 0.5671125
1 0.51100625 0.27689375 0.49094375 0.27689375 0.49094375 0.29683125 0.51100625 0.29683125 0.51100625 0.27689375
1 0.031956250000000005 0.42225 0.02174375 0.42225 0.02174375 0.435175 0.031956250000000005 0.435175 0.031956250000000005 0.42225
1 0.20244374999999998 0.59145625 0.15743125 0.59145625 0.15743125 0.63314375 0.20244374999999998 0.63314375 0.20244374999999998 0.59145625
1 0.31501250000000003 0.8720812499999999 0.3051125 0.8720812499999999 0.3051125 0.88376875 0.31501250000000003 0.88376875 0.31501250000000003 0.8720812499999999
1 0.388725 0.266075 0.3056 0.266075 0.3056 0.328175 0.388725 0.328175 0.388725 0.266075
1 0.6316625 0.64818125 0.6183375 0.64818125 0.6183375 0.66041875 0.6316625 0.66041875 0.6316625 0.64818125
1 0.18131875 0.75451875 0.17123125 0.75451875 0.17123125 0.7659812500000001 0.18131875 0.7659812500000001 0.18131875 0.75451875
1 0.91233125 0.06988124999999999 0.8982187500000001 0.06988124999999999 0.8982187500000001 0.07989375 0.91233125 0.07989375 0.91233125 0.06988124999999999
1 0.96138125 0.3438875 0.94779375 0.3438875 0.94779375 0.3563125 0.96138125 0.3563125 0.96138125 0.3438875
1 0.07654999999999999 0.579275 0.06382499999999999 0.579275 0.06382499999999999 0.5926 0.07654999999999999 0.5926 0.07654999999999999 0.579275
1 0.72364375 0.04786875 0.71190625 0.04786875 0.71190625 0.05955625 0.72364375 0.05955625 0.72364375 0.04786875
1 0.9664375 0.40631874999999995 0.9515375 0.40631874999999995 0.9515375 0.42033125 0.9664375 0.42033125 0.9664375 0.40631874999999995
1 0.7214875000000001 0.1383875 0.7062375000000001 0.1383875 0.7062375000000001 0.1514125 0.7214875000000001 0.1514125 0.7214875000000001 0.1383875
1 0.3488375 0.7068125000000001 0.33621249999999997 0.7068125000000001 0.33621249999999997 0.7199375 0.3488375 0.7199375 0.3488375 0.7068125000000001
1 0.1774 0.61693125 0.165625 0.61693125 0.165625 0.62916875 0.1774 0.62916875 0.1774 0.61693125
1 0.3046375 0.0035000000000000005 0.2886125 0.0035000000000000005 0.2886125 0.018575 0.3046375 0.018575 0.3046375 0.0035000000000000005
1 0.980725 0.5359625 0.9304 0.5359625 0.9304 0.5802375 0.980725 0.5802375 0.980725 0.5359625
1 0.24859375 0.1834375 0.23798124999999998 0.1834375 0.23798124999999998 0.1932625 0.24859375 0.1932625 0.24859375 0.1834375
1 0.18812500000000001 0.40189375 0.1776 0.40189375 0.1776 0.41305625 0.18812500000000001 0.41305625 0.18812500000000001 0.40189375
1 0.06738125 0.9138999999999999 0.05774375 0.9138999999999999 0.05774375 0.9259499999999999 0.06738125 0.9259499999999999 0.06738125 0.9138999999999999
1 0.9197625 0.19301875 0.9034875 0.19301875 0.9034875 0.20785625 0.9197625 0.20785625 0.9197625 0.19301875
1 0.7566375 0.44985625 0.7433625 0.44985625 0.7433625 0.46176874999999995 0.7566375 0.46176874999999995 0.7566375 0.44985625
1 0.53056875 0.5394 0.51338125 0.5394 0.51338125 0.55435 0.53056875 0.55435 0.53056875 0.5394
1 0.5588625 0.64175625 0.5456375 0.64175625 0.5456375 0.6560937499999999 0.5588625 0.6560937499999999 0.5588625 0.64175625
1 0.604325 0.2284625 0.591 0.2284625 0.591 0.2402875 0.604325 0.2402875 0.604325 0.2284625
1 0.0673125 0.9624750000000001 0.0543875 0.9624750000000001 0.0543875 0.976975 0.0673125 0.976975 0.0673125 0.9624750000000001
1 0.27624375 0.6192624999999999 0.26428124999999997 0.6192624999999999 0.26428124999999997 0.6326875000000001 0.27624375 0.6326875000000001 0.27624375 0.6192624999999999
1 0.33100625 0.0644875 0.31694374999999997 0.0644875 0.31694374999999997 0.0773625 0.33100625 0.0773625 0.33100625 0.0644875
1 0.9961437500000001 0.43155625000000003 0.98043125 0.43155625000000003 0.98043125 0.44589375000000003 0.9961437500000001 0.44589375000000003 0.9961437500000001 0.43155625000000003
1 0.7397750000000001 0.20025624999999997 0.728 0.20025624999999997 0.728 0.21039375 0.7397750000000001 0.21039375 0.7397750000000001 0.20025624999999997
1 0.3347 0.21160625 0.3235 0.21160625 0.3235 0.22246875 0.3347 0.22246875 0.3347 0.21160625
1 0.1407875 0.9474125000000001 0.1282625 0.9474125000000001 0.1282625 0.9607875 0.1407875 0.9607875 0.1407875 0.9474125000000001
1 0.35257499999999997 0.15350625 0.3398 0.15350625 0.3398 0.16386875 0.35257499999999997 0.16386875 0.35257499999999997 0.15350625
1 0.969 0.54780625 0.867925 0.54780625 0.867925 0.60746875 0.969 0.60746875 0.969 0.54780625
1 0.95101875 0.5386625 0.93668125 0.5386625 0.93668125 0.5511874999999999 0.95101875 0.5511874999999999 0.95101875 0.5386625
1 0.43105625 0.25778124999999996 0.42001875 0.25778124999999996 0.42001875 0.26906875 0.43105625 0.26906875 0.43105625 0.25778124999999996
1 0.60270625 0.64635 0.58869375 0.64635 0.58869375 0.659325 0.60270625 0.659325 0.60270625 0.64635
1 0.97895 0.48321249999999993 0.96735 0.48321249999999993 0.96735 0.4948125 0.97895 0.4948125 0.97895 0.48321249999999993
1 0.4474 0.10503124999999999 0.42955 0.10503124999999999 0.42955 0.13581875000000002 0.4474 0.13581875000000002 0.4474 0.10503124999999999
1 0.91290625 0.5760375 0.89861875 0.5760375 0.89861875 0.5899875 0.91290625 0.5899875 0.91290625 0.5760375
1 0.5611375 0.69924375 0.5042875 0.69924375 0.5042875 0.7763312499999999 0.5611375 0.7763312499999999 0.5611375 0.69924375
1 0.8884375 0.57734375 0.8771875 0.57734375 0.8771875 0.58770625 0.8884375 0.58770625 0.8884375 0.57734375
1 0.12948125 0.61774375 0.11954374999999999 0.61774375 0.11954374999999999 0.6283562500000001 0.12948125 0.6283562500000001 0.12948125 0.61774375
1 0.37108125 0.0484625 0.35646875 0.0484625 0.35646875 0.06341250000000001 0.37108125 0.06341250000000001 0.37108125 0.0484625
1 0.23294375 0.6178312499999999 0.15500624999999998 0.6178312499999999 0.15500624999999998 0.6946687500000001 0.23294375 0.6946687500000001 0.23294375 0.6178312499999999
1 0.650575 0.23391250000000002 0.5174000000000001 0.23391250000000002 0.5174000000000001 0.3564125 0.650575 0.3564125 0.650575 0.23391250000000002
1 0.50076875 0.30223125 0.48848125 0.30223125 0.48848125 0.31446874999999996 0.50076875 0.31446874999999996 0.50076875 0.30223125
1 0.7688875000000001 0.26603750000000004 0.7193875000000001 0.26603750000000004 0.7193875000000001 0.3101375 0.7688875000000001 0.3101375 0.7688875000000001 0.26603750000000004
1 0.10871875 0.7464062499999999 0.05143125 0.7464062499999999 0.05143125 0.81024375 0.10871875 0.81024375 0.10871875 0.7464062499999999
1 0.9913000000000001 0.6153500000000001 0.8895500000000001 0.6153500000000001 0.8895500000000001 0.672725 0.9913000000000001 0.672725 0.9913000000000001 0.6153500000000001
1 0.16633124999999999 0.9151 0.12906875 0.9151 0.12906875 0.938425 0.16633124999999999 0.938425 0.16633124999999999 0.9151
3 0.00375 0 0 0.00375 0 0.305 0.00375 0.30625 0 0.30874999999999997 0 0.99875 0.11000000000000001 0.99875 0.11750000000000001 0.99375 0.11625 0.9862500000000001 0.12125 0.98375 0.12375 0.99 0.12 0.99375 0.125 0.99875 0.28625 0.99875 0.30625 0.97625 0.3175 0.9712500000000001 0.32125 0.96125 0.365 0.925 0.385 0.9 0.45125000000000004 0.8474999999999999 0.45499999999999996 0.8375 0.46624999999999994 0.8275 0.46749999999999997 0.82125 0.475 0.8175000000000001 0.5125 0.76 0.5225 0.74875 0.5287499999999999 0.7474999999999999 0.52625 0.7375 0.5337500000000001 0.7325 0.53 0.7275 0.5375 0.7224999999999999 0.5387500000000001 0.7112499999999999 0.54625 0.7075 0.55 0.7 0.54625 0.69625 0.5525 0.69375 0.56375 0.67625 0.58375 0.675 0.6224999999999999 0.6799999999999999 0.6637500000000001 0.69375 0.6975 0.69625 0.7125 0.7025 0.78625 0.7025 0.82875 0.6875 0.83375 0.68875 0.8412499999999999 0.6825 0.86875 0.67625 0.89125 0.665 0.9112500000000001 0.66125 0.91625 0.65625 0.9262499999999999 0.65625 0.9349999999999999 0.65 0.93875 0.6537499999999999 0.9662499999999999 0.6425 0.99125 0.6375 0.99875 0.63 0.99875 0.48875 0.99375 0.48624999999999996 0.99375 0.48125 0.985 0.47750000000000004 0.99875 0.47375 0.99875 0.35750000000000004 0.99375 0.34500000000000003 0.99875 0.34125 0.99875 0.265 0.9925 0.26 0.99875 0.255 0.985 0.25375000000000003 0.985 0.2475 0.9737500000000001 0.24375 0.99875 0.24125000000000002 0.99875 0.07125000000000001 0.99375 0.065 0.99875 0.05625 0.99375 0.052500000000000005 0.99375 0.005 0.9875 0.0075 0.9887499999999999 0.0125 0.985 0.015 0.97875 0.005 0.9675 0.008749999999999999 0.9487500000000001 0.0075 0.9425000000000001 0 0.9237500000000001 0.01 0.91875 0.0225 0.9012499999999999 0.013750000000000002 0.8949999999999999 0 0.45 0 0.43875000000000003 0.01 0.43 0.01 0.42125 0 0.27875 0 0.27875 0.008749999999999999 0.28625 0.021249999999999998 0.27749999999999997 0.02375 0.26375000000000004 0.013750000000000002 0.24375 0.00625 0.24 0 0.08375 0 0.08625000000000001 0.04375 0.0925 0.05375 0.08249999999999999 0.05625 0.075 0.05125 0.08125 0.04375 0.07125000000000001 0.03625 0.06875 0 0.02375 0 0.01708375 0 0.00375 0