1 0.20390000000000003 0.69508125 0.17215 0.69508125 0.17215 0.73286875 0.20390000000000003 0.73286875 0.20390000000000003 0.69508125
1 0.090525 0.622175 0.07527500000000001 0.622175 0.07527500000000001 0.65105 0.090525 0.65105 0.090525 0.622175
1 0.31573125 0.7388312499999999 0.29194375 0.7388312499999999 0.29194375 0.7706937500000001 0.31573125 0.7706937500000001 0.31573125 0.7388312499999999
1 0.1021 0.2357125 0.070075 0.2357125 0.070075 0.2705125 0.1021 0.2705125 0.1021 0.2357125
1 0.6612625000000001 0.38363125 0.6315375000000001 0.38363125 0.6315375000000001 0.41176874999999996 0.6612625000000001 0.41176874999999996 0.6612625000000001 0.38363125
1 0.44993125 0.42841874999999996 0.42736875 0.42841874999999996 0.42736875 0.45730624999999997 0.44993125 0.45730624999999997 0.44993125 0.42841874999999996
1 0.35506875 0.2825875 0.32945625 0.2825875 0.32945625 0.3006125 0.35506875 0.3006125 0.35506875 0.2825875
1 0.0812625 0.708625 0.0586125 0.708625 0.0586125 0.7321 0.0812625 0.7321 0.0812625 0.708625
1 0.21640625 0.569325 0.20166875 0.569325 0.20166875 0.58755 0.21640625 0.58755 0.21640625 0.569325
1 0.126025 0.63035 0.1149 0.63035 0.1149 0.64585 0.126025 0.64585 0.126025 0.63035
1 0.73923125 0.521475 0.72951875 0.521475 0.72951875 0.53125 0.73923125 0.53125 0.73923125 0.521475
1 0.2576 0.5644250000000001 0.24874999999999997 0.5644250000000001 0.24874999999999997 0.573275 0.2576 0.573275 0.2576 0.5644250000000001
1 0.5690999999999999 0.55043125 0.5598 0.55043125 0.5598 0.55894375 0.5690999999999999 0.55894375 0.5690999999999999 0.55043125
1 0.22690000000000002 0.766625 0.21644999999999998 0.766625 0.21644999999999998 0.777325 0.22690000000000002 0.777325 0.22690000000000002 0.766625
1 0.25573125 0.7828875 0.24376875 0.7828875 0.24376875 0.7942625 0.25573125 0.7942625 0.25573125 0.7828875
1 0.41650625 0.62334375 0.40771875 0.62334375 0.40771875 0.6325062499999999 0.41650625 0.6325062499999999 0.41650625 0.62334375
1 0.35705624999999996 0.8206125 0.34509375000000003 0.8206125 0.34509375000000003 0.8336874999999999 0.35705624999999996 0.8336874999999999 0.35705624999999996 0.8206125
1 0.34544375 0.78923125 0.33570625 0.78923125 0.33570625 0.79964375 0.34544375 0.79964375 0.34544375 0.78923125
1 0.43375 0.3214625 0.42415 0.3214625 0.42415 0.3303875 0.43375 0.3303875 0.43375 0.3214625
1 0.4519375 0.58531875 0.44356249999999997 0.58531875 0.44356249999999997 0.59338125 0.4519375 0.59338125 0.4519375 0.58531875
1 0.323075 0.22348125 0.31462500000000004 0.22348125 0.31462500000000004 0.23281875 0.323075 0.23281875 0.323075 0.22348125
1 0.5621125 0.3432 0.5511625 0.3432 0.5511625 0.352125 0.5621125 0.352125 0.5621125 0.3432
1 0.10130625 0.6987 0.09181875 0.6987 0.09181875 0.70755 0.10130625 0.70755 0.10130625 0.6987
1 0.28490000000000004 0.67243125 0.2737 0.67243125 0.2737 0.6830437500000001 0.28490000000000004 0.6830437500000001 0.28490000000000004 0.67243125
1 0.6496999999999999 0.5722375000000001 0.639375 0.5722375000000001 0.639375 0.5801125 0.6496999999999999 0.5801125 0.6496999999999999 0.5722375000000001
1 0.61448125 0.49951875 0.60426875 0.49951875 0.60426875 0.5102562500000001 0.61448125 0.5102562500000001 0.61448125 0.49951875
1 0.33294999999999997 0.6688 0.32525 0.6688 0.32525 0.6769000000000001 0.33294999999999997 0.6769000000000001 0.33294999999999997 0.6688
1 0.16063125 0.7037687499999999 0.14601875 0.7037687499999999 0.14601875 0.7181062500000001 0.16063125 0.7181062500000001 0.16063125 0.7037687499999999
1 0.3685375 0.7424625 0.3599875 0.7424625 0.3599875 0.7507125 0.3685375 0.7507125 0.3685375 0.7424625
1 0.59311875 0.5135562499999999 0.58460625 0.5135562499999999 0.58460625 0.52159375 0.59311875 0.52159375 0.59311875 0.5135562499999999
1 0.21146250000000003 0.8112999999999999 0.1972375 0.8112999999999999 0.1972375 0.8225 0.21146250000000003 0.8225 0.21146250000000003 0.8112999999999999
1 0.139775 0.68438125 0.1305 0.68438125 0.1305 0.69354375 0.139775 0.69354375 0.139775 0.68438125
1 0.24648124999999999 0.62318125 0.23619374999999998 0.62318125 0.23619374999999998 0.6316937499999999 0.24648124999999999 0.6316937499999999 0.24648124999999999 0.62318125
1 0.40541875000000005 0.85165 0.39293125 0.85165 0.39293125 0.8632 0.40541875000000005 0.8632 0.40541875000000005 0.85165
1 0.4016125 0.4825375 0.3923375 0.4825375 0.3923375 0.49158749999999996 0.4016125 0.49158749999999996 0.4016125 0.4825375
1 0.66869375 0.49441875 0.6604062500000001 0.49441875 0.6604062500000001 0.50313125 0.66869375 0.50313125 0.66869375 0.49441875
1 0.3946625 0.5240750000000001 0.3856125 0.5240750000000001 0.3856125 0.534525 0.3946625 0.534525 0.3946625 0.5240750000000001
1 0.31894374999999997 0.1376625 0.30703125 0.1376625 0.30703125 0.15261249999999998 0.31894374999999997 0.15261249999999998 0.31894374999999997 0.1376625
1 0.33668125 0.5329875000000001 0.32639375 0.5329875000000001 0.32639375 0.5451374999999999 0.33668125 0.5451374999999999 0.33668125 0.5329875000000001
1 0.50141875 0.9276500000000001 0.48783125 0.9276500000000001 0.48783125 0.9414999999999999 0.50141875 0.9414999999999999 0.50141875 0.9276500000000001
1 0.5266625 0.550975 0.5192375 0.550975 0.5192375 0.5584 0.5266625 0.5584 0.5266625 0.550975
1 0.17604375 0.86700625 0.16575625 0.86700625 0.16575625 0.87811875 0.17604375 0.87811875 0.17604375 0.86700625
1 0.18281875 0.5193875 0.17460625000000002 0.5193875 0.17460625000000002 0.5274875 0.18281875 0.5274875 0.18281875 0.5193875
1 0.2299375 0.71575 0.22098749999999998 0.71575 0.22098749999999998 0.724675 0.2299375 0.724675 0.2299375 0.71575
1 0.4804375 0.597075 0.46731249999999996 0.597075 0.46731249999999996 0.60995 0.4804375 0.60995 0.4804375 0.597075
1 0.48789375 0.4822875 0.47598124999999997 0.4822875 0.47598124999999997 0.4937875 0.48789375 0.4937875 0.48789375 0.4822875
1 0.3036375 0.39784375 0.2949875 0.39784375 0.2949875 0.40685625 0.3036375 0.40685625 0.3036375 0.39784375
1 0.23876875000000003 0.36248125 0.22828125 0.36248125 0.22828125 0.37189375 0.23876875000000003 0.37189375 0.23876875000000003 0.36248125
1 0.43929375000000004 0.18538125 0.42690625000000004 0.18538125 0.42690625000000004 0.19939374999999998 0.43929375000000004 0.19939374999999998 0.43929375000000004 0.18538125
1 0.5200812499999999 0.4895625 0.5131187500000001 0.4895625 0.5131187500000001 0.4967625 0.5200812499999999 0.4967625 0.5200812499999999 0.4895625
1 0.21022500000000002 0.83840625 0.20187499999999997 0.83840625 0.20187499999999997 0.8471437500000001 0.21022500000000002 0.8471437500000001 0.21022500000000002 0.83840625
1 0.18555 0.83785625 0.16845000000000002 0.83785625 0.16845000000000002 0.85646875 0.18555 0.85646875 0.18555 0.83785625
1 0.19890000000000002 0.3343125 0.18562499999999998 0.3343125 0.18562499999999998 0.3439125 0.19890000000000002 0.3439125 0.19890000000000002 0.3343125
1 0.42765624999999996 0.91465 0.41756875000000004 0.91465 0.41756875000000004 0.9291 0.42765624999999996 0.9291 0.42765624999999996 0.91465
1 0.5304375 0.47482499999999994 0.5232625 0.47482499999999994 0.5232625 0.48172499999999996 0.5304375 0.48172499999999996 0.5304375 0.47482499999999994
1 0.46844374999999994 0.16246875 0.46025625000000003 0.16246875 0.46025625000000003 0.17078125 0.46844374999999994 0.17078125 0.46844374999999994 0.16246875
1 0.75906875 0.4490875 0.74973125 0.4490875 0.74973125 0.45813750000000003 0.75906875 0.45813750000000003 0.75906875 0.4490875
1 0.3961375 0.73788125 0.3875625 0.73788125 0.3875625 0.7484437500000001 0.3961375 0.7484437500000001 0.3961375 0.73788125
1 0.31998125 0.87375 0.31136875 0.87375 0.31136875 0.8821 0.31998125 0.8821 0.31998125 0.87375
1 0.28712499999999996 0.32548125 0.277825 0.32548125 0.277825 0.33711875 0.28712499999999996 0.33711875 0.28712499999999996 0.32548125
1 0.28521874999999997 0.72784375 0.27435624999999997 0.72784375 0.27435624999999997 0.73798125 0.28521874999999997 0.73798125 0.28521874999999997 0.72784375
1 0.4923125 0.26866249999999997 0.4837625 0.26866249999999997 0.4837625 0.27723749999999997 0.4923125 0.27723749999999997 0.4923125 0.26866249999999997
1 0.434975 0.93526875 0.42292500000000005 0.93526875 0.42292500000000005 0.9465562500000001 0.434975 0.9465562500000001 0.434975 0.93526875
1 0.54315625 0.07375625 0.5339937499999999 0.07375625 0.5339937499999999 0.08384375 0.54315625 0.08384375 0.54315625 0.07375625
1 0.2855875 0.26176875 0.2778875 0.26176875 0.2778875 0.26998125 0.2855875 0.26998125 0.2855875 0.26176875
1 0.6817562500000001 0.5314125 0.67371875 0.5314125 0.67371875 0.5398875000000001 0.6817562500000001 0.5398875000000001 0.6817562500000001 0.5314125
1 0.3798 0.6459125 0.37167500000000003 0.6459125 0.37167500000000003 0.6548625 0.3798 0.6548625 0.3798 0.6459125
1 0.15544375 0.8376812499999999 0.13460624999999998 0.8376812499999999 0.13460624999999998 0.8595937499999999 0.15544375 0.8595937499999999 0.15544375 0.8376812499999999
1 0.3469875 0.5523 0.33806250000000004 0.5523 0.33806250000000004 0.560975 0.3469875 0.560975 0.3469875 0.5523
1 0.16965625 0.75706875 0.16091875 0.75706875 0.16091875 0.76735625 0.16965625 0.76735625 0.16965625 0.75706875
1 0.42805625 0.38915 0.41764375 0.38915 0.41764375 0.39892500000000003 0.42805625 0.39892500000000003 0.42805625 0.38915
1 0.34375625 0.27220625 0.33494375 0.27220625 0.33494375 0.28249375 0.34375625 0.28249375 0.34375625 0.27220625
1 0.4947875 0.557025 0.4832375 0.557025 0.4832375 0.567 0.4947875 0.567 0.4947875 0.557025
1 0.15135625 0.8970312500000001 0.14186875000000002 0.8970312500000001 0.14186875000000002 0.90666875 0.15135625 0.90666875 0.15135625 0.8970312500000001
1 0.403975 0.10498749999999998 0.395825 0.10498749999999998 0.395825 0.11436249999999999 0.403975 0.11436249999999999 0.403975 0.10498749999999998
1 0.20299375 0.2710375 0.18860625 0.2710375 0.18860625 0.2812125 0.20299375 0.2812125 0.20299375 0.2710375
1 0.11180625 0.14690625 0.10414375000000001 0.14690625 0.10414375000000001 0.15484375 0.11180625 0.15484375 0.11180625 0.14690625
1 0.472825 0.06025625 0.464175 0.06025625 0.464175 0.06949374999999999 0.472825 0.06949374999999999 0.472825 0.06025625
1 0.19637500000000002 0.199925 0.187425 0.199925 0.187425 0.20877500000000002 0.19637500000000002 0.20877500000000002 0.19637500000000002 0.199925
1 0.73409375 0.470075 0.72293125 0.470075 0.72293125 0.48157500000000003 0.73409375 0.48157500000000003 0.73409375 0.470075
1 0.44404374999999996 0.25844999999999996 0.43583125 0.25844999999999996 0.43583125 0.26597499999999996 0.44404374999999996 0.26597499999999996 0.44404374999999996 0.25844999999999996
1 0.8148624999999999 0.46115000000000006 0.8033125 0.46115000000000006 0.8033125 0.470975 0.8148624999999999 0.470975 0.8148624999999999 0.46115000000000006
1 0.3739125 0.91105 0.36338750000000003 0.91105 0.36338750000000003 0.92195 0.3739125 0.92195 0.3739125 0.91105
1 0.26586875 0.3082 0.25855625 0.3082 0.25855625 0.31629999999999997 0.26586875 0.31629999999999997 0.26586875 0.3082
1 0.38256875 0.5623625 0.37475625 0.5623625 0.37475625 0.5694625 0.38256875 0.5694625 0.38256875 0.5623625
1 0.11205625 0.87255625 0.10059375 0.87255625 0.10059375 0.88329375 0.11205625 0.88329375 0.11205625 0.87255625
1 0.81458125 0.4576375 0.8065187500000001 0.4576375 0.8065187500000001 0.4647375 0.81458125 0.4647375 0.81458125 0.4576375
1 0.34344375 0.77085 0.32990624999999996 0.77085 0.32990624999999996 0.7809 0.34344375 0.7809 0.34344375 0.77085
1 0.15671875 0.9197312500000001 0.14308125 0.9197312500000001 0.14308125 0.93671875 0.15671875 0.93671875 0.15671875 0.9197312500000001
1 0.7817999999999999 0.4091625 0.7650750000000001 0.4091625 0.7650750000000001 0.4238375 0.7817999999999999 0.4238375 0.7817999999999999 0.4091625
1 0.2784625 0.497475 0.26451250000000004 0.497475 0.26451250000000004 0.511325 0.2784625 0.511325 0.2784625 0.497475
1 0.27181875 0.39993124999999996 0.26480625 0.39993124999999996 0.26480625 0.40719374999999997 0.27181875 0.40719374999999997 0.27181875 0.39993124999999996
1 0.36391874999999996 0.46300625 0.35335625 0.46300625 0.35335625 0.47399375 0.36391874999999996 0.47399375 0.36391874999999996 0.46300625
1 0.8253937499999999 0.47513125 0.8162062499999999 0.47513125 0.8162062499999999 0.48629375 0.8253937499999999 0.48629375 0.8253937499999999 0.47513125
1 0.22776875 0.44946875000000003 0.22070625000000002 0.44946875000000003 0.22070625000000002 0.45580625 0.22776875 0.45580625 0.22776875 0.44946875000000003
1 0.56351875 0.15649375000000001 0.54878125 0.15649375000000001 0.54878125 0.16845625 0.56351875 0.16845625 0.56351875 0.15649375000000001
1 0.057362500000000004 0.12730625 0.052012499999999996 0.12730625 0.052012499999999996 0.13246875 0.057362500000000004 0.13246875 0.057362500000000004 0.12730625
3 0.54125 0 0.50125 0.0225 0.425 0.03875 0.35125 0.065 0.31875 0.08249999999999999 0.26375000000000004 0.125 0.255 0.12375 0.21000000000000002 0.0875 0.17875000000000002 0.06999999999999999 0.13 0.065 0.1 0.1075 0.08125 0.15375 0.04 0.23125 0.03875 0.27125 0.04625 0.29 0.0625 0.31 0.25 0.46125 0.2475 0.46624999999999994 0.24125000000000002 0.46624999999999994 0.22749999999999998 0.46125 0.1925 0.45999999999999996 0.18875 0.4625 0.1925 0.465 0.19 0.46875 0.17875000000000002 0.46749999999999997 0.18125 0.46125 0.17124999999999999 0.4625 0.1775 0.46624999999999994 0.17375000000000002 0.47000000000000003 0.17625 0.47125000000000006 0.19375 0.47125000000000006 0.1975 0.47000000000000003 0.1925 0.46624999999999994 0.195 0.46375 0.205 0.46375 0.20375000000000001 0.47125000000000006 0.21625 0.46749999999999997 0.225 0.47375 0.16999999999999998 0.48375 0.13125 0.50625 0.09125 0.545 0.05 0.60375 0.026250000000000002 0.65125 0.01875 0.6925 0.0225 0.74125 0.0625 0.8275 0.10375000000000001 0.8862500000000001 0.1125 0.9087500000000001 0.1125 0.9400000000000001 0.11875 0.9512499999999999 0.135 0.945 0.1575 0.92125 0.18625 0.905 0.2375 0.8675 0.25625 0.8637499999999999 0.265 0.8675 0.2925 0.89625 0.3125 0.90625 0.375 0.9262499999999999 0.42750000000000005 0.9487500000000001 0.48250000000000004 0.96125 0.5125 0.97625 0.54125 0.99875 0.5475 0.99125 0.5475 0.9662499999999999 0.5425 0.9574999999999999 0.5425 0.9225 0.5475 0.9087500000000001 0.5525 0.8400000000000001 0.55 0.7474999999999999 0.5387500000000001 0.70375 0.51625 0.66125 0.51375 0.64125 0.5287499999999999 0.6325000000000001 0.6174999999999999 0.61625 0.67625 0.5974999999999999 0.74375 0.55375 0.81125 0.49375 0.8412499999999999 0.47874999999999995 0.8574999999999999 0.47625 0.8625 0.47000000000000003 0.85125 0.45375 0.7925 0.42750000000000005 0.6849999999999999 0.35125 0.61125 0.32625000000000004 0.54625 0.315 0.5349999999999999 0.30625 0.5475 0.29 0.5475 0.275 0.56125 0.2475 0.5662499999999999 0.225 0.5675 0.19624999999999998 0.56125 0.16499999999999998 0.5650000000000001 0.14625 0.56375 0.03125 0.5675 0 0.5609375 0 0.54125 0