1 0.804375 0.67405 0.78315 0.67405 0.78315 0.700225 0.804375 0.700225 0.804375 0.67405
1 0.8232125 0.44453125 0.7978875000000001 0.44453125 0.7978875000000001 0.47149374999999993 0.8232125 0.47149374999999993 0.8232125 0.44453125
1 0.4761375 0.2747125 0.4594125 0.2747125 0.4594125 0.2877875 0.4761375 0.2877875 0.4761375 0.2747125
1 0.61368125 0.21993749999999998 0.5376937500000001 0.21993749999999998 0.5376937500000001 0.2661375 0.61368125 0.2661375 0.61368125 0.21993749999999998
1 0.71330625 0.32066875 0.69684375 0.32066875 0.69684375 0.34485625 0.71330625 0.34485625 0.71330625 0.32066875
1 0.8977999999999999 0.67120625 0.8863749999999999 0.67120625 0.8863749999999999 0.68621875 0.8977999999999999 0.68621875 0.8977999999999999 0.67120625
1 0.4230125 0.53748125 0.41193749999999996 0.53748125 0.41193749999999996 0.54944375 0.4230125 0.54944375 0.4230125 0.53748125
1 0.8702125 0.451725 0.7987375 0.451725 0.7987375 0.5580499999999999 0.8702125 0.5580499999999999 0.8702125 0.451725
1 0.6766625000000001 0.7545124999999999 0.6592875 0.7545124999999999 0.6592875 0.7679375 0.6766625000000001 0.7679375 0.6766625000000001 0.7545124999999999
1 0.7884625 0.67135625 0.7779375 0.67135625 0.7779375 0.68216875 0.7884625 0.68216875 0.7884625 0.67135625
1 0.4757625 0.78138125 0.4671125 0.78138125 0.4671125 0.79186875 0.4757625 0.79186875 0.4757625 0.78138125
1 0.437075 0.1888 0.42717499999999997 0.1888 0.42717499999999997 0.199875 0.437075 0.199875 0.437075 0.1888
1 0.45599375000000003 0.31329375000000004 0.44635625 0.31329375000000004 0.44635625 0.32390625 0.45599375000000003 0.32390625 0.45599375000000003 0.31329375000000004
1 0.8114625 0.54005625 0.7998624999999999 0.54005625 0.7998624999999999 0.55174375 0.8114625 0.55174375 0.8114625 0.54005625
1 0.5425625000000001 0.63298125 0.5316625 0.63298125 0.5316625 0.64339375 0.5425625000000001 0.64339375 0.5425625000000001 0.63298125
1 0.52348125 0.6843250000000001 0.51361875 0.6843250000000001 0.51361875 0.694575 0.52348125 0.694575 0.52348125 0.6843250000000001
1 0.44095000000000006 0.76305625 0.43112500000000004 0.76305625 0.43112500000000004 0.77501875 0.44095000000000006 0.77501875 0.44095000000000006 0.76305625
1 0.80186875 0.6357 0.79285625 0.6357 0.79285625 0.644575 0.80186875 0.644575 0.80186875 0.6357
1 0.818125 0.55448125 0.806875 0.55448125 0.806875 0.56564375 0.818125 0.56564375 0.818125 0.55448125
1 0.29303124999999997 0.1841625 0.28069375 0.1841625 0.28069375 0.1957125 0.29303124999999997 0.1957125 0.29303124999999997 0.1841625
1 0.6516875 0.2931125 0.6403125000000001 0.2931125 0.6403125000000001 0.3045375 0.6516875 0.3045375 0.6516875 0.2931125
1 0.8063437499999999 0.60150625 0.79523125 0.60150625 0.79523125 0.61236875 0.8063437499999999 0.61236875 0.8063437499999999 0.60150625
1 0.7799437499999999 0.5347062499999999 0.76985625 0.5347062499999999 0.76985625 0.54634375 0.7799437499999999 0.54634375 0.7799437499999999 0.5347062499999999
1 0.70655 0.45688125 0.6967749999999999 0.45688125 0.6967749999999999 0.46744375 0.70655 0.46744375 0.70655 0.45688125
1 0.39109375 0.372925 0.38185625 0.372925 0.38185625 0.38245 0.39109375 0.38245 0.39109375 0.372925
1 0.6305375 0.41805624999999996 0.6214125 0.41805624999999996 0.6214125 0.42861874999999994 0.6305375 0.42861874999999994 0.6305375 0.41805624999999996
1 0.775375 0.35521250000000004 0.764675 0.35521250000000004 0.764675 0.3659875 0.775375 0.3659875 0.775375 0.35521250000000004
1 0.5681125 0.15989375 0.5578624999999999 0.15989375 0.5578624999999999 0.17238124999999999 0.5681125 0.17238124999999999 0.5681125 0.15989375
1 0.132125 0.68363125 0.11884999999999998 0.68363125 0.11884999999999998 0.69721875 0.132125 0.69721875 0.132125 0.68363125
1 0.4966125 0.27131249999999996 0.48873749999999994 0.27131249999999996 0.48873749999999994 0.2799625 0.4966125 0.2799625 0.4966125 0.27131249999999996
1 0.77428125 0.58770625 0.76479375 0.58770625 0.76479375 0.59784375 0.77428125 0.59784375 0.77428125 0.58770625
1 0.6102375 0.668875 0.5997125 0.668875 0.5997125 0.678775 0.6102375 0.678775 0.6102375 0.668875
1 0.79134375 0.69808125 0.78093125 0.69808125 0.78093125 0.70816875 0.79134375 0.70816875 0.79134375 0.69808125
1 0.5782 0.74658125 0.56925 0.74658125 0.56925 0.7553687499999999 0.5782 0.7553687499999999 0.5782 0.74658125
1 0.85279375 0.67954375 0.84055625 0.67954375 0.84055625 0.69155625 0.85279375 0.69155625 0.85279375 0.67954375
1 0.55200625 0.74403125 0.54369375 0.74403125 0.54369375 0.75304375 0.55200625 0.75304375 0.55200625 0.74403125
1 0.62275625 0.624925 0.6145437499999999 0.624925 0.6145437499999999 0.633875 0.62275625 0.633875 0.62275625 0.624925
1 0.44185625 0.37280625 0.43364375 0.37280625 0.43364375 0.38109375 0.44185625 0.38109375 0.44185625 0.37280625
1 0.764675 0.6973125 0.75485 0.6973125 0.75485 0.7069875 0.764675 0.7069875 0.764675 0.6973125
1 0.57985 0.43815 0.5725 0.43815 0.5725 0.4471 0.57985 0.4471 0.57985 0.43815
1 0.47175 0.24894375000000002 0.46185 0.24894375000000002 0.46185 0.25935625 0.47175 0.25935625 0.47175 0.24894375000000002
1 0.2732375 0.24644375 0.2638625 0.24644375 0.2638625 0.25600625 0.2732375 0.25600625 0.2732375 0.24644375
1 0.55041875 0.3886 0.53943125 0.3886 0.53943125 0.40047499999999997 0.55041875 0.40047499999999997 0.55041875 0.3886
1 0.1191875 0.38258125 0.1071375 0.38258125 0.1071375 0.40111875 0.1191875 0.40111875 0.1191875 0.38258125
1 0.703275 0.37871875 0.695175 0.37871875 0.695175 0.38690625 0.703275 0.38690625 0.703275 0.37871875
1 0.5581875000000001 0.23238750000000002 0.5492375 0.23238750000000002 0.5492375 0.2412375 0.5581875000000001 0.2412375 0.5581875000000001 0.23238750000000002
1 0.275225 0.77711875 0.266275 0.77711875 0.266275 0.78733125 0.275225 0.78733125 0.275225 0.77711875
1 0.29293125 0.7250625 0.28569374999999997 0.7250625 0.28569374999999997 0.7329375 0.29293125 0.7329375 0.29293125 0.7250625
1 0.39251874999999997 0.3886 0.38288125 0.3886 0.38288125 0.39849999999999997 0.39251874999999997 0.39849999999999997 0.39251874999999997 0.3886
1 0.48190625000000004 0.207225 0.47316874999999997 0.207225 0.47316874999999997 0.21635 0.48190625000000004 0.21635 0.48190625000000004 0.207225
1 0.42240625 0.8653437500000001 0.41254375000000004 0.8653437500000001 0.41254375000000004 0.8778312500000001 0.42240625 0.8778312500000001 0.42240625 0.8653437500000001
1 0.4994375 0.13481875000000001 0.4912875 0.13481875000000001 0.4912875 0.14300625 0.4994375 0.14300625 0.4994375 0.13481875000000001
1 0.43015 0.24118750000000003 0.4224 0.24118750000000003 0.4224 0.24928750000000002 0.43015 0.24928750000000002 0.43015 0.24118750000000003
1 0.42715 0.8207437499999999 0.41905000000000003 0.8207437499999999 0.41905000000000003 0.8316062499999999 0.42715 0.8316062499999999 0.42715 0.8207437499999999
1 0.23465625 0.7379125 0.22604375000000002 0.7379125 0.22604375000000002 0.7464625 0.23465625 0.7464625 0.23465625 0.7379125
1 0.2779375 0.65809375 0.2704125 0.65809375 0.2704125 0.66710625 0.2779375 0.66710625 0.2779375 0.65809375
1 0.41701249999999995 0.9132999999999999 0.4096375 0.9132999999999999 0.4096375 0.923625 0.41701249999999995 0.923625 0.41701249999999995 0.9132999999999999
1 0.38376875 0.16235 0.37453125 0.16235 0.37453125 0.171875 0.38376875 0.171875 0.38376875 0.16235
1 0.46821875 0.10442499999999999 0.45903124999999995 0.10442499999999999 0.45903124999999995 0.1131 0.46821875 0.1131 0.46821875 0.10442499999999999
1 0.09974374999999999 0.2590125 0.08800625 0.2590125 0.08800625 0.2717375 0.09974374999999999 0.2717375 0.09974374999999999 0.2590125
1 0.32255 0.92933125 0.314175 0.92933125 0.314175 0.9407937499999999 0.32255 0.9407937499999999 0.32255 0.92933125
1 0.33739375 0.9221125000000001 0.32960625 0.9221125000000001 0.32960625 0.9314125000000001 0.33739375 0.9314125000000001 0.33739375 0.9221125000000001
1 0.44083750000000005 0.0733375 0.4317125 0.0733375 0.4317125 0.0827875 0.44083750000000005 0.0827875 0.44083750000000005 0.0733375
1 0.27599999999999997 0.9097312499999999 0.268425 0.9097312499999999 0.268425 0.91936875 0.27599999999999997 0.91936875 0.27599999999999997 0.9097312499999999
1 0.593775 0.2258375 0.5820000000000001 0.2258375 0.5820000000000001 0.2385125 0.593775 0.2385125 0.593775 0.2258375
1 0.55340625 0.26539375 0.54326875 0.26539375 0.54326875 0.27513125 0.55340625 0.27513125 0.55340625 0.26539375
1 0.8379562500000001 0.43091875 0.8270937500000001 0.43091875 0.8270937500000001 0.44408125 0.8379562500000001 0.44408125 0.8379562500000001 0.43091875
1 0.3372 0.29749375 0.32882500000000003 0.29749375 0.32882500000000003 0.30650625 0.3372 0.30650625 0.3372 0.29749375
1 0.337475 0.11378124999999999 0.327575 0.11378124999999999 0.327575 0.12974375 0.337475 0.12974375 0.337475 0.11378124999999999
1 0.6662125 0.40909375 0.6501875 0.40909375 0.6501875 0.42733125000000005 0.6662125 0.42733125000000005 0.6662125 0.40909375
1 0.33365 0.83593125 0.3265 0.83593125 0.3265 0.8447437499999999 0.33365 0.8447437499999999 0.33365 0.83593125
1 0.34638125 0.26113749999999997 0.33721875 0.26113749999999997 0.33721875 0.2749875 0.34638125 0.2749875 0.34638125 0.26113749999999997
1 0.49521249999999994 0.5323625 0.4813625 0.5323625 0.4813625 0.5447875 0.49521249999999994 0.5447875 0.49521249999999994 0.5323625
1 0.31858749999999997 0.63153125 0.3117875 0.63153125 0.3117875 0.63994375 0.31858749999999997 0.63994375 0.31858749999999997 0.63153125
1 0.57288125 0.47443125 0.5306437500000001 0.47443125 0.5306437500000001 0.5070187500000001 0.57288125 0.5070187500000001 0.57288125 0.47443125
1 1 0.7293062499999999 0.9915749999999999 0.7293062499999999 0.9915749999999999 0.75214375 1 0.75214375 1 0.7293062499999999
3 0.3675 0.07125000000000001 0.31375000000000003 0.10625 0.29500000000000004 0.13 0.28250000000000003 0.1375 0.25875 0.1875 0.24874999999999997 0.255 0.2475 0.3125 0.22999999999999998 0.3125 0.21625 0.30375 0.16875 0.23500000000000001 0.15625 0.225 0.15625 0.22000000000000003 0.13874999999999998 0.20249999999999999 0.12250000000000001 0.195 0.10375000000000001 0.195 0.08125 0.20875 0.0625 0.23500000000000001 0.057499999999999996 0.25 0.05625 0.26749999999999996 0.061250000000000006 0.2875 0.0925 0.31625000000000003 0.10874999999999999 0.3375 0.11125 0.36124999999999996 0.10500000000000001 0.39625 0.1 0.505 0.09125 0.55125 0.075 0.70625 0.0625 0.74 0.0375 0.78625 0.041249999999999995 0.79 0.052500000000000005 0.79 0.07875 0.7737499999999999 0.13625 0.77125 0.16125 0.76625 0.16999999999999998 0.76375 0.2 0.74125 0.215 0.7424999999999999 0.21749999999999997 0.8012499999999999 0.225 0.8324999999999999 0.23500000000000001 0.85625 0.24625 0.9025000000000001 0.27999999999999997 0.9675 0.28875 0.99875 0.3675 0.99875 0.4175 0.9349999999999999 0.5 0.8462500000000001 0.53125 0.8025 0.5475 0.77125 0.5549999999999999 0.765 0.5962500000000001 0.76625 0.6212500000000001 0.775 0.65625 0.78 0.6875 0.7787499999999999 0.85125 0.7275 0.9037499999999999 0.72875 0.9724999999999999 0.74875 0.99875 0.75 0.99875 0.71375 0.94375 0.665 0.92125 0.63625 0.91875 0.62625 0.9 0.59875 0.85 0.42750000000000005 0.8175000000000001 0.35625 0.7887500000000001 0.31124999999999997 0.77 0.29 0.7537499999999999 0.27875 0.73 0.23625 0.67875 0.21000000000000002 0.62 0.17250000000000001 0.59375 0.13 0.5925 0.09 0.5862499999999999 0.08125 0.49749999999999994 0.04875 0.490625 0.04875 0.47000000000000003 0.04875 0.43 0.058750000000000004 0.40374999999999994 0.06 0.3675 0.07125000000000001