1 0.43225625 0.32143125 0.39014375 0.32143125 0.39014375 0.37294375 0.43225625 0.37294375 0.43225625 0.32143125
1 0.16499375 0.3513875 0.12870625 0.3513875 0.12870625 0.38053750000000003 0.16499375 0.38053750000000003 0.16499375 0.3513875
1 0.46849375000000004 0.69403125 0.44458125 0.69403125 0.44458125 0.7131937500000001 0.46849375000000004 0.7131937500000001 0.46849375000000004 0.69403125
1 0.60714375 0.262725 0.56765625 0.262725 0.56765625 0.293925 0.60714375 0.293925 0.60714375 0.262725
1 0.8710687500000001 0.76689375 0.8525562499999999 0.76689375 0.8525562499999999 0.7838812500000001 0.8710687500000001 0.7838812500000001 0.8710687500000001 0.76689375
1 0.25679375000000004 0.42616875 0.23223124999999997 0.42616875 0.23223124999999997 0.44493124999999994 0.25679375000000004 0.44493124999999994 0.25679375000000004 0.42616875
1 0.091775 0.79011875 0.070325 0.79011875 0.070325 0.81145625 0.091775 0.81145625 0.091775 0.79011875
1 0.2792625 0.68990625 0.2598125 0.68990625 0.2598125 0.7075437499999999 0.2792625 0.7075437499999999 0.2792625 0.68990625
1 0.71045 0.48667499999999997 0.692875 0.48667499999999997 0.692875 0.503075 0.71045 0.503075 0.71045 0.48667499999999997
1 0.07021875 0.34004375 0.026206249999999997 0.34004375 0.026206249999999997 0.37773124999999996 0.07021875 0.37773124999999996 0.07021875 0.34004375
1 0.9462187500000001 0.8259062500000001 0.93073125 0.8259062500000001 0.93073125 0.8420687499999999 0.9462187500000001 0.8420687499999999 0.9462187500000001 0.8259062500000001
1 0.9189562499999999 0.25997499999999996 0.89061875 0.25997499999999996 0.89061875 0.28935 0.9189562499999999 0.28935 0.9189562499999999 0.25997499999999996
1 0.34605 0.43425 0.325325 0.43425 0.325325 0.44955 0.34605 0.44955 0.34605 0.43425
1 0.29376250000000004 0.2604125 0.25946250000000004 0.2604125 0.25946250000000004 0.2893875 0.29376250000000004 0.2893875 0.29376250000000004 0.2604125
1 0.54924375 0.023649999999999997 0.53278125 0.023649999999999997 0.53278125 0.036325 0.54924375 0.036325 0.54924375 0.023649999999999997
1 0.8396125 0.430825 0.8215125000000001 0.430825 0.8215125000000001 0.44955 0.8396125 0.44955 0.8396125 0.430825
1 0.72394375 0.81156875 0.71160625 0.81156875 0.71160625 0.8232062499999999 0.72394375 0.8232062499999999 0.72394375 0.81156875
1 0.47755000000000003 0.28080625000000003 0.46044999999999997 0.28080625000000003 0.46044999999999997 0.29634375 0.47755000000000003 0.29634375 0.47755000000000003 0.28080625000000003
1 0.36296249999999997 0.49043749999999997 0.3499375 0.49043749999999997 0.3499375 0.5017625 0.36296249999999997 0.5017625 0.36296249999999997 0.49043749999999997
1 0.9599 0.9108499999999999 0.932675 0.9108499999999999 0.932675 0.9338749999999999 0.9599 0.9338749999999999 0.9599 0.9108499999999999
1 0.11190625000000001 0.38313125000000003 0.09816875 0.38313125000000003 0.09816875 0.39959375 0.11190625000000001 0.39959375 0.11190625000000001 0.38313125000000003
1 0.65726875 0.36243125 0.64253125 0.36243125 0.64253125 0.37439374999999997 0.65726875 0.37439374999999997 0.65726875 0.36243125
1 0.50184375 0.40344375 0.48935625 0.40344375 0.48935625 0.41490625000000003 0.50184375 0.41490625000000003 0.50184375 0.40344375
1 0.2116375 0.7988375 0.1977875 0.7988375 0.1977875 0.8115125000000001 0.2116375 0.8115125000000001 0.2116375 0.7988375
1 0.50363125 0.45168125000000003 0.49246875 0.45168125000000003 0.49246875 0.46531874999999995 0.50363125 0.46531874999999995 0.50363125 0.45168125000000003
1 0.6418874999999999 0.61485 0.6286125 0.61485 0.6286125 0.625375 0.6418874999999999 0.625375 0.6418874999999999 0.61485
1 0.7618 0.8983625 0.7509 0.8983625 0.7509 0.9102375 0.7618 0.9102375 0.7618 0.8983625
1 0.9072125 0.96885 0.8945375 0.96885 0.8945375 0.9833000000000001 0.9072125 0.9833000000000001 0.9072125 0.96885
1 0.22134375 0.518 0.21225624999999998 0.518 0.21225624999999998 0.5269250000000001 0.22134375 0.5269250000000001 0.22134375 0.518
1 0.3550125 0.6024499999999999 0.3432375 0.6024499999999999 0.3432375 0.615325 0.3550125 0.615325 0.3550125 0.6024499999999999
1 0.54025 0.70965625 0.5271250000000001 0.70965625 0.5271250000000001 0.72199375 0.54025 0.72199375 0.54025 0.70965625
1 0.36798125000000004 0.25838125 0.25261875 0.25838125 0.25261875 0.28946875 0.36798125000000004 0.28946875 0.36798125000000004 0.25838125
1 0.59165 0.82683125 0.580225 0.82683125 0.580225 0.8372437500000001 0.59165 0.8372437500000001 0.59165 0.82683125
1 0.20609375000000002 0.8658625000000001 0.19038125 0.8658625000000001 0.19038125 0.8831625000000001 0.20609375000000002 0.8831625000000001 0.20609375000000002 0.8658625000000001
1 0.66833125 0.89780625 0.65686875 0.89780625 0.65686875 0.90884375 0.66833125 0.90884375 0.66833125 0.89780625
1 0.418175 0.5415875 0.40555 0.5415875 0.40555 0.5541125 0.418175 0.5541125 0.418175 0.5415875
1 0.32348750000000004 0.6991875000000001 0.3142125 0.6991875000000001 0.3142125 0.7109625 0.32348750000000004 0.7109625 0.32348750000000004 0.6991875000000001
3 0 0.99875 0.99875 0.99875 0.99875 0.78 0.9574999999999999 0.73 0.925 0.7 0.865 0.655 0.8474999999999999 0.6475 0.84375 0.64 0.79875 0.61625 0.7737499999999999 0.5912499999999999 0.7737499999999999 0.57625 0.7787499999999999 0.5650000000000001 0.77625 0.5599999999999999 0.7787499999999999 0.55625 0.78625 0.5599999999999999 0.7925 0.53625 0.8 0.53625 0.8 0.5237499999999999 0.8099999999999999 0.5125 0.8087500000000001 0.49749999999999994 0.81375 0.49749999999999994 0.81875 0.49000000000000005 0.825 0.46624999999999994 0.83125 0.46875 0.83625 0.45499999999999996 0.8412499999999999 0.4525 0.845 0.44000000000000006 0.8425 0.42374999999999996 0.8637499999999999 0.3875 0.86 0.38375 0.86875 0.37875000000000003 0.8712500000000001 0.36 0.87625 0.3625 0.875 0.3525 0.885 0.34500000000000003 0.9037499999999999 0.315 0.9112500000000001 0.31 0.93 0.27749999999999997 0.9412499999999999 0.24625 0.9425000000000001 0.22374999999999998 0.93875 0.22374999999999998 0.905 0.22999999999999998 0.8300000000000001 0.26749999999999996 0.7787499999999999 0.28250000000000003 0.74125 0.28250000000000003 0.6725 0.27 0.5662499999999999 0.26125 0.27999999999999997 0.26 0.225 0.26375000000000004 0.15875 0.28125 0.07875 0.325 0.03875 0.35625 0.015 0.3825 0 0.41125 0 0.5387500000000001 0.00375 0.5525 0.015 0.58375 0.03125 0.60875 0.06625 0.63625 0.09625 0.6537499999999999 0.12250000000000001 0.6637500000000001 0.13625 0.6799999999999999 0.13625 0.6849999999999999 0.11875 0.68875 0.1025 0.6837500000000001 0.09875 0.67875 0.09 0.67875 0.09125 0.67375 0.0875 0.675 0.08249999999999999 0.6675 0.08 0.67 0.0725 0.665 0.06999999999999999 0.6575 0.05625 0.65625 0.052500000000000005 0.65125 0.0475 0.655 0.04375 0.6475 0.028749999999999998 0.64 0.025 0.6425 0.017499999999999998 0.64125 0.013750000000000002 0.63625 0.00375 0.6375 0 0.645 0 0.74 0.005 0.7462500000000001 0.0075 0.74125 0.0125 0.7424999999999999 0.013750000000000002 0.73875 0.025 0.73625 0.05375 0.73625 0.058750000000000004 0.7325 0.0775 0.73625 0.075 0.7462500000000001 0.05625 0.76375 0.04375 0.77125 0.027500000000000004 0.7737499999999999 0.017499999999999998 0.78125 0.0125 0.78 0 0.7925 0 0.99875