1 0.56645 0.18600624999999998 0.510975 0.18600624999999998 0.510975 0.25869375 0.56645 0.25869375 0.56645 0.18600624999999998
1 0.3904375 0.3927625 0.3268375 0.3927625 0.3268375 0.4666125 0.3904375 0.4666125 0.3904375 0.3927625
1 0.81448125 0.1307125 0.76461875 0.1307125 0.76461875 0.1966875 0.81448125 0.1966875 0.81448125 0.1307125
1 0.79219375 0.47178125 0.73418125 0.47178125 0.73418125 0.52381875 0.79219375 0.52381875 0.79219375 0.47178125
1 0.7094750000000001 0.32350625 0.628425 0.32350625 0.628425 0.38401874999999996 0.7094750000000001 0.38401874999999996 0.7094750000000001 0.32350625
1 0.914875 0.0794125 0.8751749999999999 0.0794125 0.8751749999999999 0.11468750000000001 0.914875 0.11468750000000001 0.914875 0.0794125
1 0.32294999999999996 0.44811249999999997 0.2874 0.44811249999999997 0.2874 0.4879125 0.32294999999999996 0.4879125 0.32294999999999996 0.44811249999999997
1 0.7584 0.36875625 0.717175 0.36875625 0.717175 0.40809375000000003 0.7584 0.40809375000000003 0.7584 0.36875625
1 0.28645 0.069425 0.2658 0.069425 0.2658 0.09157499999999999 0.28645 0.09157499999999999 0.28645 0.069425
1 0.6493187500000001 0.5845312500000001 0.54110625 0.5845312500000001 0.54110625 0.6967187499999999 0.6493187500000001 0.6967187499999999 0.6493187500000001 0.5845312500000001
1 0.73940625 0.5285624999999999 0.71176875 0.5285624999999999 0.71176875 0.5681125 0.73940625 0.5681125 0.73940625 0.5285624999999999
1 0.46273125000000004 0.40718750000000004 0.44301874999999996 0.40718750000000004 0.44301874999999996 0.4272875 0.46273125000000004 0.4272875 0.46273125000000004 0.40718750000000004
1 0.5696625 0.36565 0.5494875 0.36565 0.5494875 0.38875000000000004 0.5696625 0.38875000000000004 0.5696625 0.36565
1 0.08706875 0.08180625 0.05685625 0.08180625 0.05685625 0.10751875 0.08706875 0.10751875 0.08706875 0.08180625
1 0.50201875 0.665775 0.45160625000000004 0.665775 0.45160625000000004 0.718025 0.50201875 0.718025 0.50201875 0.665775
1 0.35654375 0.27410625 0.33145625 0.27410625 0.33145625 0.29961875 0.35654375 0.29961875 0.35654375 0.27410625
1 0.10705625 0.23144375 0.07189375 0.23144375 0.07189375 0.26318125000000003 0.10705625 0.26318125000000003 0.10705625 0.23144375
1 0.97370625 0.1662 0.94914375 0.1662 0.94914375 0.19072499999999998 0.97370625 0.19072499999999998 0.97370625 0.1662
1 0.1991375 0.6216437499999999 0.1587625 0.6216437499999999 0.1587625 0.65278125 0.1991375 0.65278125 0.1991375 0.6216437499999999
1 0.99465625 0.5202375 0.92916875 0.5202375 0.92916875 0.5686375 0.99465625 0.5686375 0.99465625 0.5202375
1 0.6965312499999999 0.00614375 0.61986875 0.00614375 0.61986875 0.06025625 0.6965312499999999 0.06025625 0.6965312499999999 0.00614375
1 0.515775 0.377075 0.49205 0.377075 0.49205 0.4027 0.515775 0.4027 0.515775 0.377075
1 0.24619375 0.28506875 0.22695625000000003 0.28506875 0.22695625000000003 0.30478125 0.24619375 0.30478125 0.24619375 0.28506875
1 0.03895625 0.19748749999999998 0.00041875 0.19748749999999998 0.00041875 0.2500125 0.03895625 0.2500125 0.03895625 0.19748749999999998
1 0.84505 0.08995 0.8248749999999999 0.08995 0.8248749999999999 0.11257500000000001 0.84505 0.11257500000000001 0.84505 0.08995
1 0.591 0.6580874999999999 0.5515749999999999 0.6580874999999999 0.5515749999999999 0.6934875 0.591 0.6934875 0.591 0.6580874999999999
1 0.11779375 0.79688125 0.10243125 0.79688125 0.10243125 0.8154187500000001 0.11779375 0.8154187500000001 0.11779375 0.79688125
1 0.24023124999999998 0.16618125 0.22486875 0.16618125 0.22486875 0.18171874999999998 0.24023124999999998 0.18171874999999998 0.24023124999999998 0.16618125
1 0.65730625 0.32334999999999997 0.6268687500000001 0.32334999999999997 0.6268687500000001 0.3534 0.65730625 0.3534 0.65730625 0.32334999999999997
1 0.03331875 0.3176375 0.00428125 0.3176375 0.00428125 0.3430125 0.03331875 0.3430125 0.03331875 0.3176375
1 0.32946875000000003 0.67085 0.28723125 0.67085 0.28723125 0.723675 0.32946875000000003 0.723675 0.32946875000000003 0.67085
1 0.65828125 0.2620125 0.62004375 0.2620125 0.62004375 0.3009875 0.65828125 0.3009875 0.65828125 0.2620125
1 0.6489874999999999 0.4449875 0.6019875 0.4449875 0.6019875 0.4817625 0.6489874999999999 0.4817625 0.6489874999999999 0.4449875
1 0.660675 0.50993125 0.59225 0.50993125 0.59225 0.55451875 0.660675 0.55451875 0.660675 0.50993125
1 1 0.38686875 0.958225 0.38686875 0.958225 0.43978124999999996 1 0.43978124999999996 1 0.38686875
1 0.94585625 0.396725 0.87346875 0.396725 0.87346875 0.46654999999999996 0.94585625 0.46654999999999996 0.94585625 0.396725
1 0.197675 0.19635625 0.177075 0.19635625 0.177075 0.21551874999999998 0.197675 0.21551874999999998 0.197675 0.19635625
1 0.269475 0.7040625 0.2564 0.7040625 0.2564 0.7168375 0.269475 0.7168375 0.269475 0.7040625
1 0.65423125 0.26120625 0.6387437499999999 0.26120625 0.6387437499999999 0.28126875 0.65423125 0.28126875 0.65423125 0.26120625
1 0.32895625 0.50089375 0.29896875 0.50089375 0.29896875 0.5371812499999999 0.32895625 0.5371812499999999 0.32895625 0.50089375
1 0.43086874999999997 0.0864 0.41728125 0.0864 0.41728125 0.09962499999999999 0.43086874999999997 0.09962499999999999 0.43086874999999997 0.0864
1 0.6983937499999999 0.3944375 0.66585625 0.3944375 0.66585625 0.42636250000000003 0.6983937499999999 0.42636250000000003 0.6983937499999999 0.3944375
1 0.12449375 0.36735625 0.09573125 0.36735625 0.09573125 0.38946875 0.12449375 0.38946875 0.12449375 0.36735625
1 0.1910375 0.07151874999999999 0.17346250000000002 0.07151874999999999 0.17346250000000002 0.08608125 0.1910375 0.08608125 0.1910375 0.07151874999999999
1 0.8749687500000001 0.60733125 0.79593125 0.60733125 0.79593125 0.67391875 0.8749687500000001 0.67391875 0.8749687500000001 0.60733125
1 0.5205437500000001 0.5584749999999999 0.50680625 0.5584749999999999 0.50680625 0.572375 0.5205437500000001 0.572375 0.5205437500000001 0.5584749999999999
1 0.66135625 0.51759375 0.64724375 0.51759375 0.64724375 0.53123125 0.66135625 0.53123125 0.66135625 0.51759375
1 0.3249125 0.6714562500000001 0.3088875 0.6714562500000001 0.3088875 0.68694375 0.3249125 0.68694375 0.3249125 0.6714562500000001
1 0.643075 0.3248125 0.6284 0.3248125 0.6284 0.3402375 0.643075 0.3402375 0.643075 0.3248125
1 0.829525 0.45244999999999996 0.7066 0.45244999999999996 0.7066 0.598325 0.829525 0.598325 0.829525 0.45244999999999996
1 0.24648750000000003 0.03994375 0.22836249999999997 0.03994375 0.22836249999999997 0.054231249999999995 0.24648750000000003 0.054231249999999995 0.24648750000000003 0.03994375
1 0.3998875 0.50449375 0.3872125 0.50449375 0.3872125 0.51698125 0.3998875 0.51698125 0.3998875 0.50449375
1 0.3801 0.72658125 0.36795 0.72658125 0.36795 0.73826875 0.3801 0.73826875 0.3801 0.72658125
1 0.8082625 0.46228749999999996 0.7933125000000001 0.46228749999999996 0.7933125000000001 0.47571250000000004 0.8082625 0.47571250000000004 0.8082625 0.46228749999999996
1 0.64704375 0.51685 0.62933125 0.51685 0.62933125 0.531975 0.64704375 0.531975 0.64704375 0.51685
1 0.25018125 0.14635625000000002 0.17584375000000002 0.14635625000000002 0.17584375000000002 0.21666875000000002 0.25018125 0.21666875000000002 0.25018125 0.14635625000000002
1 0.66105 0.8324374999999999 0.641675 0.8324374999999999 0.641675 0.8511625 0.66105 0.8511625 0.66105 0.8324374999999999
1 0.99999375 0.5033624999999999 0.9216562500000001 0.5033624999999999 0.9216562500000001 0.6333624999999999 0.99999375 0.6333624999999999 0.99999375 0.5033624999999999
1 0.28264374999999997 0.771475 0.26910625 0.771475 0.26910625 0.7842 0.28264374999999997 0.7842 0.28264374999999997 0.771475
1 0.7649250000000001 0.1965875 0.7506999999999999 0.1965875 0.7506999999999999 0.2099125 0.7649250000000001 0.2099125 0.7649250000000001 0.1965875
1 0.37966875 0.26481875 0.36203124999999997 0.26481875 0.36203124999999997 0.28205625 0.37966875 0.28205625 0.37966875 0.26481875
1 0.58589375 0.58741875 0.57133125 0.58741875 0.57133125 0.60105625 0.58589375 0.60105625 0.58589375 0.58741875
1 0.05525624999999999 0.9415749999999999 0.04051875 0.9415749999999999 0.04051875 0.9549 0.05525624999999999 0.9549 0.05525624999999999 0.9415749999999999
1 0.8461375 0.26289375000000004 0.8345375 0.26289375000000004 0.8345375 0.27518125000000004 0.8461375 0.27518125000000004 0.8461375 0.26289375000000004
1 0.45116875 0.27918125 0.40478125 0.27918125 0.40478125 0.31506875 0.45116875 0.31506875 0.45116875 0.27918125
1 0.30830625 0.5665312499999999 0.29666875 0.5665312499999999 0.29666875 0.57799375 0.30830625 0.57799375 0.30830625 0.5665312499999999
1 0.65004375 0.43323124999999996 0.6380312499999999 0.43323124999999996 0.6380312499999999 0.44519374999999994 0.65004375 0.44519374999999994 0.65004375 0.43323124999999996
1 0.46965 0.66804375 0.45272500000000004 0.66804375 0.45272500000000004 0.68548125 0.46965 0.68548125 0.46965 0.66804375
1 0.684875 0.5556 0.596375 0.5556 0.596375 0.63385 0.684875 0.63385 0.684875 0.5556
1 0.7509 0.5761125 0.7363999999999999 0.5761125 0.7363999999999999 0.5899125 0.7509 0.5899125 0.7509 0.5761125
1 0.62438125 0.7697375 0.58556875 0.7697375 0.58556875 0.7956875 0.62438125 0.7956875 0.62438125 0.7697375
1 0.9022125000000001 0.58693125 0.8897875000000001 0.58693125 0.8897875000000001 0.59861875 0.9022125000000001 0.59861875 0.9022125000000001 0.58693125
1 0.95529375 0.5888 0.9441312500000001 0.5888 0.9441312500000001 0.597725 0.95529375 0.597725 0.95529375 0.5888
1 0.43221875 0.3439375 0.40713125000000006 0.3439375 0.40713125000000006 0.37188750000000004 0.43221875 0.37188750000000004 0.43221875 0.3439375
1 0.13733125 0.77801875 0.05884374999999999 0.77801875 0.05884374999999999 0.94855625 0.13733125 0.94855625 0.13733125 0.77801875
1 0.51859375 0.7731625 0.47895625 0.7731625 0.47895625 0.8391375 0.51859375 0.8391375 0.51859375 0.7731625
3 0.11374999999999999 0 0.10124999999999999 0.01125 0.10375000000000001 0.017499999999999998 0.09875 0.02375 0.09875 0.057499999999999996 0.095 0.061250000000000006 0.09125 0.05625 0.08875 0.07125000000000001 0.07875 0.08 0.08499999999999999 0.09 0.08499999999999999 0.0975 0.07625 0.1075 0.07125000000000001 0.12250000000000001 0.07125000000000001 0.13125 0.075 0.13374999999999998 0.0725 0.145 0.06875 0.14375 0.0675 0.13374999999999998 0.0675 0.145 0.075 0.14750000000000002 0.07375000000000001 0.15875 0.0625 0.1675 0.06 0.1525 0.05625 0.16125 0.06 0.16499999999999998 0.058750000000000004 0.16999999999999998 0.06625 0.17250000000000001 0.06625 0.18125 0.052500000000000005 0.1925 0.05 0.2 0.052500000000000005 0.20375000000000001 0.057499999999999996 0.20125 0.06625 0.205 0.058750000000000004 0.21000000000000002 0.058750000000000004 0.21749999999999997 0.06875 0.21625 0.06999999999999999 0.20249999999999999 0.08249999999999999 0.20875 0.07375000000000001 0.21000000000000002 0.0775 0.21749999999999997 0.08499999999999999 0.21625 0.08375 0.20750000000000002 0.0875 0.20249999999999999 0.1 0.20625 0.10500000000000001 0.21125 0.10500000000000001 0.22125 0.09125 0.22125 0.08875 0.22999999999999998 0.08249999999999999 0.225 0.08125 0.23125 0.0925 0.2325 0.095 0.225 0.09875 0.23500000000000001 0.1025 0.225 0.10625 0.2475 0.095 0.2625 0.08375 0.2625 0.08 0.27 0.07625 0.26749999999999996 0.07125000000000001 0.27125 0.07375000000000001 0.27625 0.06875 0.27875 0.0725 0.28125 0.075 0.29500000000000004 0.07875 0.27999999999999997 0.09 0.28125 0.0925 0.28625 0.09125 0.2925 0.08375 0.29625 0.08 0.30874999999999997 0.07625 0.30625 0.06999999999999999 0.31 0.0675 0.30125 0.065 0.31625000000000003 0.06 0.31 0.061250000000000006 0.2575 0.06625 0.25625 0.0675 0.2625 0.0675 0.2575 0.07375000000000001 0.255 0.0675 0.25125000000000003 0.06375 0.25375000000000003 0.06 0.24874999999999997 0.05625 0.2525 0.052500000000000005 0.24874999999999997 0.041249999999999995 0.25375000000000003 0.03625 0.24874999999999997 0.03375 0.255 0.03625 0.25875 0.03375 0.2625 0.028749999999999998 0.26125 0.027500000000000004 0.26875 0.0325 0.2625 0.03625 0.26625 0.03625 0.27125 0.041249999999999995 0.27375 0.0375 0.27875 0.042499999999999996 0.28125 0.03875 0.28625 0.042499999999999996 0.29125 0.04 0.29375 0.03625 0.28875 0.026250000000000002 0.29874999999999996 0.028749999999999998 0.30625 0.03125 0.3025 0.03625 0.30625 0.03375 0.30874999999999997 0.025 0.3125 0.0125 0.31124999999999997 0.0075 0.3175 0.017499999999999998 0.31875 0.021249999999999998 0.32625000000000004 0.02375 0.32 0.027500000000000004 0.32125 0.017499999999999998 0.34125 0.025 0.34500000000000003 0.01625 0.35625 0.01875 0.3625 0.0125 0.365 0.0125 0.3725 0.005 0.37625000000000003 0.005 0.385 0.01125 0.38375 0.00625 0.39249999999999996 0.00625 0.3975 0.0125 0.4025 0.008749999999999999 0.40875000000000006 0.013750000000000002 0.40750000000000003 0.015 0.4 0.015 0.365 0.021249999999999998 0.37374999999999997 0.0225 0.3675 0.027500000000000004 0.3675 0.02 0.38875000000000004 0.028749999999999998 0.4 0.03125 0.36875 0.028749999999999998 0.36375 0.021249999999999998 0.36124999999999996 0.021249999999999998 0.3525 0.028749999999999998 0.35 0.028749999999999998 0.32125 0.0325 0.3175 0.03625 0.32 0.03875 0.31124999999999997 0.04625 0.3175 0.034999999999999996 0.32875 0.034999999999999996 0.33375 0.042499999999999996 0.3375 0.03625 0.34500000000000003 0.042499999999999996 0.3525 0.04 0.365 0.058750000000000004 0.36875 0.05375 0.37374999999999997 0.03875 0.375 0.034999999999999996 0.3675 0.03625 0.3875 0.04375 0.40374999999999994 0.0475 0.39 0.052500000000000005 0.39249999999999996 0.05 0.39625 0.057499999999999996 0.39875 0.05500000000000001 0.40374999999999994 0.06 0.40374999999999994 0.0625 0.37374999999999997 0.07625 0.3725 0.07875 0.36625 0.08249999999999999 0.37 0.08625000000000001 0.36625 0.09 0.36875 0.07875 0.37625000000000003 0.08499999999999999 0.38125 0.09375 0.37625000000000003 0.09375 0.36625 0.09875 0.37 0.1025 0.365 0.12 0.365 0.125 0.36375 0.13 0.37124999999999997 0.13999999999999999 0.36124999999999996 0.14250000000000002 0.3525 0.14750000000000002 0.35750000000000004 0.145 0.3625 0.15 0.35875 0.155 0.36124999999999996 0.155 0.35375 0.15875 0.35125 0.16125 0.355 0.16499999999999998 0.34750000000000003 0.1675 0.355 0.15875 0.36124999999999996 0.16999999999999998 0.36625 0.1675 0.37374999999999997 0.1575 0.37625000000000003 0.15375 0.3725 0.14750000000000002 0.385 0.1275 0.4 0.09625 0.43624999999999997 0.09125 0.43375 0.08125 0.44375 0.07125000000000001 0.445 0.04875 0.46749999999999997 0.0375 0.47000000000000003 0.02375 0.49749999999999994 0 0.5225 0 0.805 0.0125 0.825 0.01625 0.85875 0.03 0.9025000000000001 0.03625 0.9574999999999999 0.0325 0.9824999999999999 0.03625 0.9949999999999999 0.041249999999999995 0.99875 0.09875 0.99875 0.10874999999999999 0.98375 0.11875 0.95375 0.15125 0.91375 0.18375 0.89 0.18875 0.8825 0.2475 0.8487500000000001 0.27375 0.8275 0.27875 0.8275 0.28375 0.82 0.3125 0.8125 0.40125 0.8012499999999999 0.49000000000000005 0.76 0.50625 0.7462500000000001 0.5225 0.7212500000000001 0.5325 0.72 0.54375 0.7262500000000001 0.5599999999999999 0.74875 0.5662499999999999 0.75125 0.5925 0.79 0.595 0.8099999999999999 0.6012500000000001 0.81375 0.61 0.8412499999999999 0.61625 0.845 0.62375 0.85875 0.62625 0.9375 0.6325000000000001 0.93875 0.6325000000000001 0.9475 0.63625 0.9512499999999999 0.6575 0.9375 0.66125 0.9400000000000001 0.6775 0.9262499999999999 0.69625 0.8975 0.70875 0.8875 0.71875 0.8699999999999999 0.73125 0.8612500000000001 0.7375 0.85125 0.7775000000000001 0.82125 0.8175000000000001 0.79875 0.85625 0.7675 0.9037499999999999 0.72375 0.9037499999999999 0.71875 0.94375 0.6775 0.9862500000000001 0.64625 0.99875 0.63125 0.99875 0.445 0.9949999999999999 0.4425 0.99875 0.4375 0.99875 0.40499999999999997 0.99375 0.40125 0.99875 0.39125 0.9925 0.38875000000000004 0.9925 0.385 0.99875 0.3825 0.99875 0.35625 0.985 0.34500000000000003 0.99875 0.33875 0.99875 0.3125 0.99125 0.31 0.99875 0.3025 0.99875 0.22749999999999998 0.9925 0.22000000000000003 0.99875 0.21125 0.99875 0.045 0.9775 0.028749999999999998 0.95375 0 0.85875 0 0.85625 0.005 0.85 0.00625 0.85 0.013750000000000002 0.85875 0.01875 0.86 0.03625 0.8675 0.03875 0.87375 0.0475 0.8775000000000001 0.0725 0.8724999999999999 0.08125 0.8262499999999999 0 0.7975 0 0.7875 0.0475 0.7887500000000001 0.06 0.78125 0.075 0.78125 0.13125 0.78 0.13874999999999998 0.775 0.14125000000000001 0.7725 0.09625 0.775 0.0325 0.7787499999999999 0.028749999999999998 0.77625 0 0.7224999999999999 0 0.7075 0.01 0.6925 0.03 0.6849999999999999 0.028749999999999998 0.66875 0.045 0.665 0.04375 0.66625 0.04 0.6575 0.04 0.66625 0.025 0.6925 0.00625 0.69375 0 0.3275 0 0.3175 0.00625 0.31375000000000003 0 0.28375 0.00375 0.27999999999999997 0 0.15375 0 0.15125 0.00625 0.14250000000000002 0.01 0.13874999999999998 0.00625 0.11625 0.00375 0.11499999999999999 0 0.11374999999999999 0