1 0.2488375 0.4133375 0.2158375 0.4133375 0.2158375 0.4520625 0.2488375 0.4520625 0.2488375 0.4133375
1 0.7672875 0.51875625 0.7434624999999999 0.51875625 0.7434624999999999 0.53691875 0.7672875 0.53691875 0.7672875 0.51875625
1 0.349675 0.9065312499999999 0.323175 0.9065312499999999 0.323175 0.93039375 0.349675 0.93039375 0.349675 0.9065312499999999
1 0.4356375 0.75685625 0.42178750000000004 0.75685625 0.42178750000000004 0.77049375 0.4356375 0.77049375 0.4356375 0.75685625
1 0.8300124999999999 0.68191875 0.8057375 0.68191875 0.8057375 0.70090625 0.8300124999999999 0.70090625 0.8300124999999999 0.68191875
1 0.43683750000000005 0.8419812500000001 0.4240125 0.8419812500000001 0.4240125 0.85431875 0.43683750000000005 0.85431875 0.43683750000000005 0.8419812500000001
1 0.6850562499999999 0.26773125000000003 0.61279375 0.26773125000000003 0.61279375 0.30014375000000004 0.6850562499999999 0.30014375000000004 0.6850562499999999 0.26773125000000003
1 0.35124374999999997 0.1544375 0.33333124999999997 0.1544375 0.33333124999999997 0.17173750000000002 0.35124374999999997 0.17173750000000002 0.35124374999999997 0.1544375
1 0.10066875 0.4968 0.08708125 0.4968 0.08708125 0.511025 0.10066875 0.511025 0.10066875 0.4968
1 0.42341875 0.34593124999999997 0.40225625000000004 0.34593124999999997 0.40225625000000004 0.36549375 0.42341875 0.36549375 0.42341875 0.34593124999999997
1 0.3833875 0.73415 0.3671125 0.73415 0.3671125 0.7512 0.3833875 0.7512 0.3833875 0.73415
1 0.1944 0.55473125 0.18132500000000001 0.55473125 0.18132500000000001 0.56831875 0.1944 0.56831875 0.1944 0.55473125
1 0.37990625 0.4061 0.36471875 0.4061 0.36471875 0.42055 0.37990625 0.42055 0.37990625 0.4061
1 0.730275 0.19015625 0.7140500000000001 0.19015625 0.7140500000000001 0.20389374999999998 0.730275 0.20389374999999998 0.730275 0.19015625
1 0.29945 0.6711875 0.28795000000000004 0.6711875 0.28795000000000004 0.6872125 0.29945 0.6872125 0.29945 0.6711875
1 0.47367499999999996 0.745125 0.453075 0.745125 0.453075 0.7626999999999999 0.47367499999999996 0.7626999999999999 0.47367499999999996 0.745125
1 0.3386125 0.40510624999999995 0.3259375 0.40510624999999995 0.3259375 0.42106875 0.3386125 0.42106875 0.3386125 0.40510624999999995
1 0.65065 0.59555 0.63255 0.59555 0.63255 0.6105 0.65065 0.6105 0.65065 0.59555
1 0.4500125 0.542575 0.43378750000000005 0.542575 0.43378750000000005 0.557025 0.4500125 0.557025 0.4500125 0.542575
1 0.354725 0.1259875 0.335225 0.1259875 0.335225 0.1454875 0.354725 0.1454875 0.354725 0.1259875
1 0.02853125 0.60798125 0.01369375 0.60798125 0.01369375 0.62151875 0.02853125 0.62151875 0.02853125 0.60798125
1 0.595 0.56474375 0.576875 0.56474375 0.576875 0.58173125 0.595 0.58173125 0.595 0.56474375
1 0.6565375 0.46595624999999996 0.6335124999999999 0.46595624999999996 0.6335124999999999 0.48034375 0.6565375 0.48034375 0.6565375 0.46595624999999996
1 0.75351875 0.37160625 0.73768125 0.37160625 0.73768125 0.38571875 0.75351875 0.38571875 0.75351875 0.37160625
1 0.22655625000000001 0.56885625 0.21436875 0.56885625 0.21436875 0.58934375 0.22655625000000001 0.58934375 0.22655625000000001 0.56885625
1 0.47159375 0.11535 0.45125624999999997 0.11535 0.45125624999999997 0.1322 0.47159375 0.1322 0.47159375 0.11535
1 0.1657875 0.6985875 0.1530625 0.6985875 0.1530625 0.7115625 0.1657875 0.7115625 0.1657875 0.6985875
1 0.68379375 0.121825 0.66385625 0.121825 0.66385625 0.13892500000000002 0.68379375 0.13892500000000002 0.68379375 0.121825
1 0.2643625 0.03546875 0.24783750000000002 0.03546875 0.24783750000000002 0.05370625 0.2643625 0.05370625 0.2643625 0.03546875
1 0.8044 0.04033125 0.788375 0.04033125 0.788375 0.053968749999999996 0.8044 0.053968749999999996 0.8044 0.04033125
1 0.06946250000000001 0.7365062499999999 0.055662500000000004 0.7365062499999999 0.055662500000000004 0.7507937499999999 0.06946250000000001 0.7507937499999999 0.06946250000000001 0.7365062499999999
1 0.7975125000000001 0.44640625 0.7825624999999999 0.44640625 0.7825624999999999 0.45836875 0.7975125000000001 0.45836875 0.7975125000000001 0.44640625
1 0.5270125 0.57655 0.5120625000000001 0.57655 0.5120625000000001 0.589475 0.5270125 0.589475 0.5270125 0.57655
1 0.0934875 0.91669375 0.0746125 0.91669375 0.0746125 0.93585625 0.0934875 0.93585625 0.0934875 0.91669375
1 0.38763749999999997 0.6375 0.37603749999999997 0.6375 0.37603749999999997 0.6496000000000001 0.38763749999999997 0.6496000000000001 0.38763749999999997 0.6375
1 0.06078750000000001 0.6920437500000001 0.048212500000000005 0.6920437500000001 0.048212500000000005 0.7044312500000001 0.06078750000000001 0.7044312500000001 0.06078750000000001 0.6920437500000001
1 0.14321250000000002 0.8884874999999999 0.1282625 0.8884874999999999 0.1282625 0.9015625 0.14321250000000002 0.9015625 0.14321250000000002 0.8884874999999999
1 0.3613375 0.9684250000000001 0.34423750000000003 0.9684250000000001 0.34423750000000003 0.9846999999999999 0.3613375 0.9846999999999999 0.3613375 0.9684250000000001
1 0.05125625 0.485775 0.03961875 0.485775 0.03961875 0.4986 0.05125625 0.4986 0.05125625 0.485775
1 0.9123374999999999 0.23195625 0.8943125000000001 0.23195625 0.8943125000000001 0.24679375 0.9123374999999999 0.24679375 0.9123374999999999 0.23195625
1 0.15291875 0.41384999999999994 0.14175625 0.41384999999999994 0.14175625 0.426 0.15291875 0.426 0.15291875 0.41384999999999994
1 0.5166625 0.02558125 0.4999375 0.02558125 0.4999375 0.03959375 0.5166625 0.03959375 0.5166625 0.02558125
1 0.74556875 0.2908 0.73198125 0.2908 0.73198125 0.30295 0.74556875 0.30295 0.74556875 0.2908
1 0.3091125 0.9736812499999999 0.2948875 0.9736812499999999 0.2948875 0.98824375 0.3091125 0.98824375 0.3091125 0.9736812499999999
1 0.55324375 0.34263750000000004 0.53465625 0.34263750000000004 0.53465625 0.3565875 0.55324375 0.3565875 0.55324375 0.34263750000000004
1 0.67521875 0.5350312500000001 0.65778125 0.5350312500000001 0.65778125 0.5469937500000001 0.67521875 0.5469937500000001 0.67521875 0.5350312500000001
1 0.0233625 0.7931125 0.004987500000000001 0.7931125 0.004987500000000001 0.8104125 0.0233625 0.8104125 0.0233625 0.7931125
1 0.30798125 0.2873875 0.29796875 0.2873875 0.29796875 0.2975625 0.30798125 0.2975625 0.30798125 0.2873875
1 0.11836875 0.56275625 0.10843125 0.56275625 0.10843125 0.57494375 0.11836875 0.57494375 0.11836875 0.56275625
1 0.2620875 0.5236125 0.25256249999999997 0.5236125 0.25256249999999997 0.5349875 0.2620875 0.5349875 0.2620875 0.5236125
1 0.84795625 0.16829375 0.82879375 0.16829375 0.82879375 0.18620625 0.84795625 0.18620625 0.84795625 0.16829375
1 0.35214375000000003 0.839275 0.33145625 0.839275 0.33145625 0.858 0.35214375000000003 0.858 0.35214375000000003 0.839275
1 0.9938125 0.3582375 0.9807874999999999 0.3582375 0.9807874999999999 0.3712625 0.9938125 0.3712625 0.9938125 0.3582375
1 0.88531875 0.0952125 0.87053125 0.0952125 0.87053125 0.1119375 0.88531875 0.1119375 0.88531875 0.0952125
1 0.0526 0.7150937500000001 0.040175 0.7150937500000001 0.040175 0.72825625 0.0526 0.72825625 0.0526 0.7150937500000001
1 0.9892562500000001 0.60646875 0.9726687500000001 0.60646875 0.9726687500000001 0.62108125 0.9892562500000001 0.62108125 0.9892562500000001 0.60646875
1 0.26339999999999997 0.71119375 0.25125000000000003 0.71119375 0.25125000000000003 0.72338125 0.26339999999999997 0.72338125 0.26339999999999997 0.71119375
1 0.15075624999999998 0.0366875 0.06714375 0.0366875 0.06714375 0.1001625 0.15075624999999998 0.1001625 0.15075624999999998 0.0366875
1 0.9548875000000001 0.599225 0.9396375000000001 0.599225 0.9396375000000001 0.613675 0.9548875000000001 0.613675 0.9548875000000001 0.599225
1 0.63095 0.664775 0.6171 0.664775 0.6171 0.678 0.63095 0.678 0.63095 0.664775
1 0.28945 0.00466875 0.27355 0.00466875 0.27355 0.01783125 0.28945 0.01783125 0.28945 0.00466875
1 0.90195 0.46975 0.8890750000000001 0.46975 0.8890750000000001 0.4819 0.90195 0.4819 0.90195 0.46975
1 0.751675 0.24074374999999998 0.739525 0.24074374999999998 0.739525 0.25095625 0.751675 0.25095625 0.751675 0.24074374999999998
1 0.9873749999999999 0.5662625 0.9715999999999999 0.5662625 0.9715999999999999 0.5802125 0.9873749999999999 0.5802125 0.9873749999999999 0.5662625
1 0.54178125 0.04474375 0.53049375 0.04474375 0.53049375 0.055906250000000005 0.54178125 0.055906250000000005 0.54178125 0.04474375
1 0.31816875 0.9416 0.30830625 0.9416 0.30830625 0.9529249999999999 0.31816875 0.9529249999999999 0.31816875 0.9416
1 0.28511875 0.45298125 0.27395625 0.45298125 0.27395625 0.46546875 0.28511875 0.46546875 0.28511875 0.45298125
1 0.358025 0.69449375 0.3456 0.69449375 0.3456 0.70688125 0.358025 0.70688125 0.358025 0.69449375
1 0.97975625 0.43430625 0.96456875 0.43430625 0.96456875 0.44949374999999997 0.97975625 0.44949374999999997 0.97975625 0.43430625
1 0.275475 0.8378125000000001 0.2636 0.8378125000000001 0.2636 0.8496874999999999 0.275475 0.8496874999999999 0.275475 0.8378125000000001
1 0.67360625 0.6689499999999999 0.6584187499999999 0.6689499999999999 0.6584187499999999 0.681625 0.67360625 0.681625 0.67360625 0.6689499999999999
1 0.34150625 0.6256437499999999 0.32986875000000004 0.6256437499999999 0.32986875000000004 0.6380312499999999 0.34150625 0.6380312499999999 0.34150625 0.6256437499999999
1 0.7468625 0.0022624999999999998 0.7326374999999999 0.0022624999999999998 0.7326374999999999 0.0150375 0.7468625 0.0150375 0.7468625 0.0022624999999999998
1 0.7749125 0.61999375 0.7602375 0.61999375 0.7602375 0.6309812499999999 0.7749125 0.6309812499999999 0.7749125 0.61999375
1 0.9979625000000001 0.58220625 0.9786125 0.58220625 0.9786125 0.59944375 0.9979625000000001 0.59944375 0.9979625000000001 0.58220625
1 0.17175625 0.9782875000000001 0.16076875 0.9782875000000001 0.16076875 0.9894875000000001 0.17175625 0.9894875000000001 0.17175625 0.9782875000000001
1 0.70104375 0.6693749999999999 0.68665625 0.6693749999999999 0.68665625 0.6812 0.70104375 0.6812 0.70104375 0.6693749999999999
1 0.98225625 0.13263750000000002 0.9610937500000001 0.13263750000000002 0.9610937500000001 0.1488625 0.98225625 0.1488625 0.98225625 0.13263750000000002
1 0.028112500000000002 0.7408750000000001 0.017937500000000002 0.7408750000000001 0.017937500000000002 0.751325 0.028112500000000002 0.751325 0.028112500000000002 0.7408750000000001
1 0.52990625 0.47064374999999997 0.51989375 0.47064374999999997 0.51989375 0.48100624999999997 0.52990625 0.48100624999999997 0.52990625 0.47064374999999997
1 0.5468124999999999 0.19181874999999998 0.5244875 0.19181874999999998 0.5244875 0.20905625 0.5468124999999999 0.20905625 0.5468124999999999 0.19181874999999998
1 0.009281250000000001 0.73788125 0.00011875 0.73788125 0.00011875 0.7484437500000001 0.009281250000000001 0.7484437500000001 0.009281250000000001 0.73788125
1 0.6888375 0.53225 0.6304875 0.53225 0.6304875 0.5605249999999999 0.6888375 0.5605249999999999 0.6888375 0.53225
1 0.4699 0.226275 0.44807499999999995 0.226275 0.44807499999999995 0.24565 0.4699 0.24565 0.4699 0.226275
1 0.1102 0.0000125 0.045925 0.0000125 0.045925 0.0356875 0.1102 0.0356875 0.1102 0.0000125
1 0.9994937500000001 0.12895 0.9585062499999999 0.12895 0.9585062499999999 0.171825 0.9994937500000001 0.171825 0.9994937500000001 0.12895
1 1 0.02971875 0.9519249999999999 0.02971875 0.9519249999999999 0.09448125 1 0.09448125 1 0.02971875
3 0 0 0 0.99875 0.21875 0.99875 0.22125 0.9949999999999999 0.2325 0.9949999999999999 0.23500000000000001 0.99875 0.38125 0.99875 0.38375 0.99375 0.395 0.99 0.3975 0.98375 0.40625 0.98125 0.40499999999999997 0.9775 0.44375 0.93125 0.45 0.925 0.4575 0.9262499999999999 0.45999999999999996 0.9175000000000001 0.49000000000000005 0.88375 0.505 0.875 0.5225 0.8525 0.545 0.8324999999999999 0.5862499999999999 0.775 0.5912499999999999 0.77625 0.6012500000000001 0.75 0.615 0.73625 0.615 0.7262500000000001 0.6224999999999999 0.7150000000000001 0.6212500000000001 0.7075 0.63375 0.7 0.63375 0.69625 0.63875 0.69875 0.64625 0.69375 0.6525000000000001 0.69875 0.66125 0.69375 0.665 0.69625 0.6637500000000001 0.70125 0.6925 0.70375 0.69625 0.70875 0.72 0.7112499999999999 0.7262500000000001 0.7162499999999999 0.74875 0.7162499999999999 0.75125 0.7112499999999999 0.7675 0.7175 0.85125 0.71875 0.865 0.7175 0.8699999999999999 0.7125 0.89375 0.7075 0.91375 0.69625 0.9375 0.6925 0.94625 0.68625 0.9737500000000001 0.6837500000000001 0.99875 0.67 0.99875 0.08 0.9775 0.06 0.9737500000000001 0.05 0.945 0.0225 0.9375 0.0075 0.92875 0 0.8925000000000001 0 0.89 0.00625 0.885 0.00625 0.8825 0 0.81375 0 0.8099999999999999 0.00375 0.795 0 0.28625 0 0.28875 0.00625 0.28250000000000003 0.0125 0.27375 0 0.11374999999999999 0 0.11125 0.028749999999999998 0.11625 0.0375 0.14250000000000002 0.03875 0.14125000000000001 0.045 0.14750000000000002 0.04875 0.14750000000000002 0.0675 0.14250000000000002 0.0675 0.14250000000000002 0.07125000000000001 0.1375 0.07625 0.13374999999999998 0.075 0.1275 0.08375 0.12625 0.10625 0.13125 0.10874999999999999 0.1325 0.11499999999999999 0.12625 0.12125 0.11750000000000001 0.11499999999999999 0.11499999999999999 0.10375000000000001 0.11000000000000001 0.10124999999999999 0.10375000000000001 0.08625000000000001 0.0975 0.08625000000000001 0.0925 0.0975 0.08 0.1125 0.0775 0.11125 0.0725 0.10375000000000001 0.07625 0.095 0.06999999999999999 0.09125 0.0675 0.08249999999999999 0.06875 0.07125000000000001 0.08 0.06 0.07625 0.04 0.052500000000000005 0.015 0.028749999999999998 0 0.021562500000000002 0 0 0