1 0.23019375000000003 0.6964312500000001 0.19223125000000002 0.6964312500000001 0.19223125000000002 0.71874375 0.23019375000000003 0.71874375 0.23019375000000003 0.6964312500000001
1 0.18071874999999998 0.789175 0.16155625 0.789175 0.16155625 0.8084749999999999 0.18071874999999998 0.8084749999999999 0.18071874999999998 0.789175
1 0.07406875 0.666275 0.04830625 0.666275 0.04830625 0.696025 0.07406875 0.696025 0.07406875 0.666275
1 0.473275 0.49000625 0.45837500000000003 0.49000625 0.45837500000000003 0.50461875 0.473275 0.50461875 0.473275 0.49000625
1 0.27810625 0.43708125000000003 0.26436875 0.43708125000000003 0.26436875 0.45256875 0.27810625 0.45256875 0.27810625 0.43708125000000003
1 0.6657625 0.294475 0.6506375 0.294475 0.6506375 0.3105 0.6657625 0.3105 0.6657625 0.294475
1 0.7732875 0.962925 0.7374625 0.962925 0.7374625 0.989225 0.7732875 0.989225 0.7732875 0.962925
1 0.728575 0.5237875 0.714775 0.5237875 0.714775 0.5396875 0.728575 0.5396875 0.728575 0.5237875
1 0.09508124999999999 0.56403125 0.07874375 0.56403125 0.07874375 0.58146875 0.09508124999999999 0.58146875 0.09508124999999999 0.56403125
1 0.33139375000000004 0.8695812500000001 0.31460625000000003 0.8695812500000001 0.31460625000000003 0.8892187500000001 0.33139375000000004 0.8892187500000001 0.33139375000000004 0.8695812500000001
1 0.08798125 0.30220625 0.07046875 0.30220625 0.07046875 0.31791874999999997 0.08798125 0.31791874999999997 0.08798125 0.30220625
1 0.0443625 0.8604499999999999 0.0290625 0.8604499999999999 0.0290625 0.875875 0.0443625 0.875875 0.0443625 0.8604499999999999
1 0.13491875 0.6117250000000001 0.07773125 0.6117250000000001 0.07773125 0.6695249999999999 0.13491875 0.6695249999999999 0.13491875 0.6117250000000001
1 0.5766312499999999 0.42738125 0.55911875 0.42738125 0.55911875 0.44321875000000005 0.5766312499999999 0.44321875000000005 0.5766312499999999 0.42738125
1 0.594075 0.25954375 0.5778 0.25954375 0.5778 0.27318125000000004 0.594075 0.27318125000000004 0.594075 0.25954375
1 0.8501312499999999 0.0407625 0.83249375 0.0407625 0.83249375 0.058787500000000006 0.8501312499999999 0.058787500000000006 0.8501312499999999 0.0407625
1 0.35849375 0.40421250000000003 0.34170625 0.40421250000000003 0.34170625 0.4195125 0.35849375 0.4195125 0.35849375 0.40421250000000003
3 0 0.99875 0.8525 0.99875 0.845 0.9862500000000001 0.8237500000000001 0.9662499999999999 0.8087500000000001 0.9425000000000001 0.7837500000000001 0.86875 0.77 0.8474999999999999 0.75125 0.80375 0.7224999999999999 0.7575000000000001 0.6912499999999999 0.7125 0.6224999999999999 0.64125 0.62 0.63375 0.67625 0.6287499999999999 0.705 0.615 0.73125 0.5962500000000001 0.73625 0.5962500000000001 0.7462500000000001 0.585 0.77 0.5725 0.805 0.5337500000000001 0.805 0.5275000000000001 0.81375 0.52 0.8237500000000001 0.4925 0.8300000000000001 0.49000000000000005 0.8400000000000001 0.46875 0.8550000000000001 0.45125000000000004 0.86625 0.44375 0.8875 0.4175 0.9175000000000001 0.3975 0.925 0.39625 0.9400000000000001 0.3825 0.9475 0.3725 0.94625 0.36875 0.9237500000000001 0.35750000000000004 0.8975 0.35125 0.8612500000000001 0.35 0.8375 0.35375 0.8074999999999999 0.34750000000000003 0.6537499999999999 0.27999999999999997 0.52125 0.2325 0.475 0.22625 0.34249999999999997 0.225 0.3359375 0.225 0.21875 0.23625 0.1825 0.25625 0.08125 0.3 0.05375 0.3275 0.01875 0.39375 0 0.45 0 0.5075000000000001 0.03125 0.5675 0.04875 0.5825 0.08499999999999999 0.6012500000000001 0.0975 0.6174999999999999 0.0975 0.6224999999999999 0.09 0.6275000000000001 0.07125000000000001 0.62625 0.005 0.59375 0 0.595 0 0.99875