1 0.3864875 0.43234374999999997 0.3644625 0.43234374999999997 0.3644625 0.45223125 0.3864875 0.45223125 0.3864875 0.43234374999999997
1 0.66716875 0.530525 0.65215625 0.530525 0.65215625 0.54565 0.66716875 0.54565 0.66716875 0.530525
1 0.4185125 0.64301875 0.4022875 0.64301875 0.4022875 0.65775625 0.4185125 0.65775625 0.4185125 0.64301875
1 0.31644375 0.38526875 0.30270625 0.38526875 0.30270625 0.39890625 0.31644375 0.39890625 0.31644375 0.38526875
1 0.5221125 0.2154375 0.5091375 0.2154375 0.5091375 0.2281625 0.5221125 0.2281625 0.5221125 0.2154375
1 0.31777500000000003 0.65495 0.30235 0.65495 0.30235 0.67415 0.31777500000000003 0.67415 0.31777500000000003 0.65495
1 0.46916874999999997 0.7641312499999999 0.45320625000000003 0.7641312499999999 0.45320625000000003 0.7807937500000001 0.46916874999999997 0.7807937500000001 0.46916874999999997 0.7641312499999999
1 0.5661562499999999 0.45305 0.5432187500000001 0.45305 0.5432187500000001 0.4737 0.5661562499999999 0.4737 0.5661562499999999 0.45305
1 0.9383625 0.9158937500000001 0.9278375000000001 0.9158937500000001 0.9278375000000001 0.9278562499999999 0.9383625 0.9278562499999999 0.9383625 0.9158937500000001
1 0.28778125 0.42490625 0.27959375 0.42490625 0.27959375 0.43594375 0.28778125 0.43594375 0.28778125 0.42490625
1 0.46455 0.74224375 0.445125 0.74224375 0.445125 0.76068125 0.46455 0.76068125 0.46455 0.74224375
1 0.27044375 0.5915625 0.26030625 0.5915625 0.26030625 0.6076625 0.27044375 0.6076625 0.27044375 0.5915625
1 0.68754375 0.41039375 0.67280625 0.41039375 0.67280625 0.42213124999999996 0.68754375 0.42213124999999996 0.68754375 0.41039375
1 0.3525125 0.582875 0.3393875 0.582875 0.3393875 0.596825 0.3525125 0.596825 0.3525125 0.582875
1 0.5022375 0.797225 0.48946249999999997 0.797225 0.48946249999999997 0.8102 0.5022375 0.8102 0.5022375 0.797225
1 0.5198125 0.4673 0.5094875 0.4673 0.5094875 0.47850000000000004 0.5198125 0.47850000000000004 0.5198125 0.4673
1 0.3553375 0.49796250000000003 0.3424125 0.49796250000000003 0.3424125 0.5108374999999999 0.3553375 0.5108374999999999 0.3553375 0.49796250000000003
1 0.46745000000000003 0.3062375 0.4559 0.3062375 0.4559 0.3177875 0.46745000000000003 0.3177875 0.46745000000000003 0.3062375
1 0.7772625 0.73855 0.7657125 0.73855 0.7657125 0.7506999999999999 0.7772625 0.7506999999999999 0.7772625 0.73855
1 0.31080625 0.74726875 0.29856875 0.74726875 0.29856875 0.7595562499999999 0.31080625 0.7595562499999999 0.31080625 0.74726875
1 0.03738125 0.9524625 0.01821875 0.9524625 0.01821875 0.9752625 0.03738125 0.9752625 0.03738125 0.9524625
1 0.45883124999999997 0.623425 0.44449375 0.623425 0.44449375 0.63635 0.45883124999999997 0.63635 0.45883124999999997 0.623425
1 0.518325 0.37689374999999997 0.507075 0.37689374999999997 0.507075 0.38775624999999997 0.518325 0.38775624999999997 0.518325 0.37689374999999997
1 0.42203749999999995 0.5616125000000001 0.4099875 0.5616125000000001 0.4099875 0.5741375 0.42203749999999995 0.5741375 0.42203749999999995 0.5616125000000001
1 0.23700000000000002 0.61561875 0.2298 0.61561875 0.2298 0.63438125 0.23700000000000002 0.63438125 0.23700000000000002 0.61561875
1 0.9861875 0.9578749999999999 0.9737625 0.9578749999999999 0.9737625 0.9718249999999999 0.9861875 0.9718249999999999 0.9861875 0.9578749999999999
1 0.73505625 0.5865 0.72099375 0.5865 0.72099375 0.601 0.73505625 0.601 0.73505625 0.5865
1 0.6030125 0.6031187499999999 0.5923125 0.6031187499999999 0.5923125 0.61368125 0.6030125 0.61368125 0.6030125 0.6031187499999999
1 0.54713125 0.6683874999999999 0.53489375 0.6683874999999999 0.53489375 0.6821875000000001 0.54713125 0.6821875000000001 0.54713125 0.6683874999999999
1 0.5068937499999999 0.95214375 0.49895625 0.95214375 0.49895625 0.96093125 0.5068937499999999 0.96093125 0.5068937499999999 0.95214375
1 0.37246250000000003 0.26071875 0.3589875 0.26071875 0.3589875 0.27590625 0.37246250000000003 0.27590625 0.37246250000000003 0.26071875
1 0.67311875 0.6684125 0.66183125 0.6684125 0.66183125 0.6811875 0.67311875 0.6811875 0.67311875 0.6684125
1 0.4984375 0.8394812500000001 0.48496249999999996 0.8394812500000001 0.48496249999999996 0.85386875 0.4984375 0.85386875 0.4984375 0.8394812500000001
1 0.27610625 0.9299875 0.26589375 0.9299875 0.26589375 0.9420875000000001 0.27610625 0.9420875000000001 0.27610625 0.9299875
1 0.5152 0.9210499999999999 0.5053 0.9210499999999999 0.5053 0.9324749999999999 0.5152 0.9324749999999999 0.5152 0.9210499999999999
1 0.45737500000000003 0.8836812500000001 0.44007500000000005 0.8836812500000001 0.44007500000000005 0.89951875 0.45737500000000003 0.89951875 0.45737500000000003 0.8836812500000001
1 0.47423125 0.9595812499999999 0.46276875000000006 0.9595812499999999 0.46276875000000006 0.97206875 0.47423125 0.97206875 0.47423125 0.9595812499999999
1 0.0979625 0.9460062499999999 0.0880625 0.9460062499999999 0.0880625 0.9582937499999999 0.0979625 0.9582937499999999 0.0979625 0.9460062499999999
1 0.11755 0.865875 0.104125 0.865875 0.104125 0.8763249999999999 0.11755 0.8763249999999999 0.11755 0.865875
1 0.29093125 0.787525 0.28036875 0.787525 0.28036875 0.7974249999999999 0.29093125 0.7974249999999999 0.29093125 0.787525
1 0.446025 0.60421875 0.434825 0.60421875 0.434825 0.61940625 0.446025 0.61940625 0.446025 0.60421875
1 0.6353625 0.94195 0.6244125 0.94195 0.6244125 0.9535500000000001 0.6353625 0.9535500000000001 0.6353625 0.94195
1 0.27534375 0.7197 0.26810625 0.7197 0.26810625 0.72855 0.27534375 0.72855 0.27534375 0.7197
1 0.28216874999999997 1 0.28216874999999997 0.994425 0.27105625 0.994425 0.27105625 1 0.28216874999999997 1
1 0.5050250000000001 0.8666937499999999 0.494975 0.8666937499999999 0.494975 0.87843125 0.5050250000000001 0.87843125 0.5050250000000001 0.8666937499999999
1 0.30454375 0.8911312499999999 0.29263125 0.8911312499999999 0.29263125 0.9057437500000001 0.30454375 0.9057437500000001 0.30454375 0.8911312499999999
1 0.303125 0.8396750000000001 0.29307500000000003 0.8396750000000001 0.29307500000000003 0.85075 0.303125 0.85075 0.303125 0.8396750000000001
1 0.72554375 0.9337687499999999 0.71098125 0.9337687499999999 0.71098125 0.9480562499999999 0.72554375 0.9480562499999999 0.72554375 0.9337687499999999
1 0.63568125 0.855175 0.62214375 0.855175 0.62214375 0.8714000000000001 0.63568125 0.8714000000000001 0.63568125 0.855175
1 0.8760125000000001 0.9653875 0.8671625000000001 0.9653875 0.8671625000000001 0.9779625 0.8760125000000001 0.9779625 0.8760125000000001 0.9653875
1 0.07195 0.92735 0.060750000000000005 0.92735 0.060750000000000005 0.940825 0.07195 0.940825 0.07195 0.92735
1 0.40127499999999994 0.01921875 0.35995 0.01921875 0.35995 0.06673124999999999 0.40127499999999994 0.06673124999999999 0.40127499999999994 0.01921875
1 0.96815 0.847175 0.926375 0.847175 0.926375 0.8735250000000001 0.96815 0.8735250000000001 0.96815 0.847175
1 0.79859375 0.68503125 0.77660625 0.68503125 0.77660625 0.72904375 0.79859375 0.72904375 0.79859375 0.68503125
1 0.6782125 0.32925625 0.6655375 0.32925625 0.6655375 0.34604375 0.6782125 0.34604375 0.6782125 0.32925625
1 0.66845 0.46623749999999997 0.65285 0.46623749999999997 0.65285 0.4820125 0.66845 0.4820125 0.66845 0.46623749999999997
1 0.5210250000000001 0.25320624999999997 0.47359999999999997 0.25320624999999997 0.47359999999999997 0.32101875 0.5210250000000001 0.32101875 0.5210250000000001 0.25320624999999997
1 0.3732125 0.13580625 0.3616625 0.13580625 0.3616625 0.16156874999999998 0.3732125 0.16156874999999998 0.3732125 0.13580625
1 0.9412 0.8570062500000001 0.926975 0.8570062500000001 0.926975 0.87346875 0.9412 0.87346875 0.9412 0.8570062500000001
1 0.7225374999999999 1 0.7225374999999999 0.9904 0.7091125 0.9904 0.7091125 1 0.7225374999999999 1
3 0 0.99875 0.99875 0.99875 0.99875 0.8324999999999999 0.985 0.8300000000000001 0.9862500000000001 0.835 0.98125 0.8412499999999999 0.96125 0.845 0.96 0.85 0.95375 0.85 0.9525 0.845 0.9425000000000001 0.845 0.94375 0.8525 0.8887499999999999 0.8825 0.8875 0.8887499999999999 0.8775000000000001 0.89125 0.8712500000000001 0.89875 0.8574999999999999 0.89375 0.845 0.8787499999999999 0.8412499999999999 0.85875 0.8474999999999999 0.78625 0.845 0.7 0.8262499999999999 0.62625 0.7837500000000001 0.51375 0.68875 0.33999999999999997 0.5875 0.19125 0.5375 0.10124999999999999 0.505 0.065 0.45 0.026250000000000002 0.44875 0.017499999999999998 0.4425 0.0225 0.43499999999999994 0.015 0.42374999999999996 0.013750000000000002 0.41624999999999995 0.005 0.41500000000000004 0.005 0.39625 0.015 0.37374999999999997 0.05125 0.3725 0.06 0.3875 0.057499999999999996 0.39125 0.0625 0.38125 0.1125 0.3525 0.18875 0.2875 0.325 0.26 0.4125 0.24625 0.47750000000000004 0.21749999999999997 0.73125 0.21625 0.79875 0.22875 0.8724999999999999 0.24625 0.93875 0.24125000000000002 0.9400000000000001 0.22875 0.9337500000000001 0.1925 0.8975 0.145 0.87625 0.10500000000000001 0.86625 0.07875 0.865 0.07375000000000001 0.8612500000000001 0 0.8574999999999999 0 0.99875