1 0.5953875 0.46833125000000003 0.5583375 0.46833125000000003 0.5583375 0.51041875 0.5953875 0.51041875 0.5953875 0.46833125000000003
1 0.5337375 0.62833125 0.49083750000000004 0.62833125 0.49083750000000004 0.6821937499999999 0.5337375 0.6821937499999999 0.5337375 0.62833125
1 0.2680125 0.6343375 0.2432125 0.6343375 0.2432125 0.6644875 0.2680125 0.6644875 0.2680125 0.6343375
1 0.31105 0.35771875 0.27537500000000004 0.35771875 0.27537500000000004 0.38593125 0.31105 0.38593125 0.31105 0.35771875
1 0.12754375 0.22516875 0.10513125000000001 0.22516875 0.10513125000000001 0.24650625 0.12754375 0.24650625 0.12754375 0.22516875
1 0.23669375 0.41860625 0.19225625 0.41860625 0.19225625 0.45736875 0.23669375 0.45736875 0.23669375 0.41860625
1 0.17745625 0.5309437499999999 0.13699375 0.5309437499999999 0.13699375 0.5628062500000001 0.17745625 0.5628062500000001 0.17745625 0.5309437499999999
1 0.10990625000000001 0.85720625 0.09004375 0.85720625 0.09004375 0.88204375 0.10990625000000001 0.88204375 0.10990625000000001 0.85720625
1 0.8053874999999999 0.40756249999999994 0.7903125 0.40756249999999994 0.7903125 0.4259375 0.8053874999999999 0.4259375 0.8053874999999999 0.40756249999999994
1 0.24228125 0.225875 0.22304374999999999 0.225875 0.22304374999999999 0.2485 0.24228125 0.2485 0.24228125 0.225875
1 0.5332125 0.74004375 0.5185375 0.74004375 0.5185375 0.76190625 0.5332125 0.76190625 0.5332125 0.74004375
1 0.85045625 0.4087875 0.83411875 0.4087875 0.83411875 0.42616250000000006 0.85045625 0.42616250000000006 0.85045625 0.4087875
1 0.68815 0.5319875 0.6761 0.5319875 0.6761 0.5471125 0.68815 0.5471125 0.68815 0.5319875
1 0.49617500000000003 0.33425 0.48040000000000005 0.33425 0.48040000000000005 0.3635 0.49617500000000003 0.3635 0.49617500000000003 0.33425
1 0.34028125 0.1985125 0.32621875 0.1985125 0.32621875 0.21628750000000002 0.34028125 0.21628750000000002 0.34028125 0.1985125
1 0.45532500000000004 0.7562562500000001 0.44115000000000004 0.7562562500000001 0.44115000000000004 0.77304375 0.45532500000000004 0.77304375 0.45532500000000004 0.7562562500000001
1 0.48663125 0.21546249999999997 0.47234375 0.21546249999999997 0.47234375 0.2305875 0.48663125 0.2305875 0.48663125 0.21546249999999997
1 0.5218499999999999 0.29273125 0.508425 0.29273125 0.508425 0.30931875 0.5218499999999999 0.30931875 0.5218499999999999 0.29273125
1 0.7592 0.720425 0.7447 0.720425 0.7447 0.746375 0.7592 0.746375 0.7592 0.720425
1 0.33828125 0.23051875000000002 0.32724375 0.23051875000000002 0.32724375 0.24530625 0.33828125 0.24530625 0.33828125 0.23051875000000002
1 0.3565875 0.16273125 0.33628749999999996 0.16273125 0.33628749999999996 0.19079375 0.3565875 0.19079375 0.3565875 0.16273125
1 0.34152499999999997 0.8609312499999999 0.31815000000000004 0.8609312499999999 0.31815000000000004 0.9046937500000001 0.34152499999999997 0.9046937500000001 0.34152499999999997 0.8609312499999999
1 0.09224375 0.53534375 0.07670625 0.53534375 0.07670625 0.55353125 0.09224375 0.55353125 0.09224375 0.53534375
1 0.11680625 0.75804375 0.10219375 0.75804375 0.10219375 0.78298125 0.11680625 0.78298125 0.11680625 0.75804375
1 0.066575 0.14799374999999998 0.0503 0.14799374999999998 0.0503 0.17573125 0.066575 0.17573125 0.066575 0.14799374999999998
1 0.203625 0.46826875 0.18967499999999998 0.46826875 0.18967499999999998 0.48485625 0.203625 0.48485625 0.203625 0.46826875
1 0.7988500000000001 0.522625 0.7831750000000001 0.522625 0.7831750000000001 0.541825 0.7988500000000001 0.541825 0.7988500000000001 0.522625
1 0.10663750000000001 0.28620625 0.08611250000000001 0.28620625 0.08611250000000001 0.30949375 0.10663750000000001 0.30949375 0.10663750000000001 0.28620625
1 0.28368125 0.95861875 0.26709375 0.95861875 0.26709375 0.98180625 0.28368125 0.98180625 0.28368125 0.95861875
1 0.12435 0.56644375 0.10794999999999999 0.56644375 0.10794999999999999 0.5839562500000001 0.12435 0.5839562500000001 0.12435 0.56644375
1 0.75255 0.3541125 0.73865 0.3541125 0.73865 0.37001249999999997 0.75255 0.37001249999999997 0.75255 0.3541125
1 0.344625 0.31580625 0.330675 0.31580625 0.330675 0.33214375 0.344625 0.33214375 0.344625 0.31580625
1 0.66376875 0.77381875 0.64970625 0.77381875 0.64970625 0.79258125 0.66376875 0.79258125 0.66376875 0.77381875
1 0.49084374999999997 0.6311125 0.48035625 0.6311125 0.48035625 0.6462375 0.49084374999999997 0.6462375 0.49084374999999997 0.6311125
1 0.51051875 0.5177937499999999 0.49828124999999995 0.5177937499999999 0.49828124999999995 0.53298125 0.51051875 0.53298125 0.51051875 0.5177937499999999
1 0.1352375 0.25932499999999997 0.11256250000000001 0.25932499999999997 0.11256250000000001 0.284125 0.1352375 0.284125 0.1352375 0.25932499999999997
1 0.58515 0.3772875 0.5730500000000001 0.3772875 0.5730500000000001 0.3922375 0.58515 0.3922375 0.58515 0.3772875
1 0.58239375 0.26905 0.57093125 0.26905 0.57093125 0.284175 0.58239375 0.284175 0.58239375 0.26905
1 0.670825 0.34006875000000003 0.656325 0.34006875000000003 0.656325 0.35525625 0.670825 0.35525625 0.670825 0.34006875000000003
1 0.25241250000000004 0.94854375 0.23733749999999998 0.94854375 0.23733749999999998 0.9655312500000001 0.25241250000000004 0.9655312500000001 0.25241250000000004 0.94854375
1 0.23574375 0.6323125 0.22373125 0.6323125 0.22373125 0.6469875 0.23574375 0.6469875 0.23574375 0.6323125
1 0.37361875 0.81934375 0.35928125 0.81934375 0.35928125 0.83788125 0.37361875 0.83788125 0.37361875 0.81934375
1 0.1811875 0.39085000000000003 0.16696249999999999 0.39085000000000003 0.16696249999999999 0.40895000000000004 0.1811875 0.40895000000000004 0.1811875 0.39085000000000003
1 0.44293750000000004 0.35960000000000003 0.4301125 0.35960000000000003 0.4301125 0.37527499999999997 0.44293750000000004 0.37527499999999997 0.44293750000000004 0.35960000000000003
1 0.71354375 0.4913125 0.6995312499999999 0.4913125 0.6995312499999999 0.5077125 0.71354375 0.5077125 0.71354375 0.4913125
1 0.049562499999999995 0.088575 0.0364875 0.088575 0.0364875 0.10587500000000001 0.049562499999999995 0.10587500000000001 0.049562499999999995 0.088575
1 0.67815625 0.36829375 0.66461875 0.36829375 0.66461875 0.38268125 0.67815625 0.38268125 0.67815625 0.36829375
1 0.32035625 0.19248125 0.30561875 0.19248125 0.30561875 0.21011875 0.32035625 0.21011875 0.32035625 0.19248125
1 0.21485625000000003 0.02245625 0.19529375 0.02245625 0.19529375 0.04346875 0.21485625000000003 0.04346875 0.21485625000000003 0.02245625
1 0.5947375 0.7699812500000001 0.5820125 0.7699812500000001 0.5820125 0.78471875 0.5947375 0.78471875 0.5947375 0.7699812500000001
1 0.32529375 0.26745 0.31045625 0.26745 0.31045625 0.2843 0.32529375 0.2843 0.32529375 0.26745
1 0.70526875 0.62000625 0.6961062499999999 0.62000625 0.6961062499999999 0.63584375 0.70526875 0.63584375 0.70526875 0.62000625
1 0.6872499999999999 0.848575 0.67115 0.848575 0.67115 0.8653000000000001 0.6872499999999999 0.8653000000000001 0.6872499999999999 0.848575
1 0.60636875 0.9887312500000001 0.58503125 0.9887312500000001 0.58503125 0.99999375 0.60636875 0.99999375 0.60636875 0.9887312500000001
1 0.06505 0.24151875 0.052075 0.24151875 0.052075 0.25798125 0.06505 0.25798125 0.06505 0.24151875
1 0.5892062499999999 0.8225312499999999 0.57486875 0.8225312499999999 0.57486875 0.83664375 0.5892062499999999 0.83664375 0.5892062499999999 0.8225312499999999
1 0.6158 0.7601 0.603925 0.7601 0.603925 0.77505 0.6158 0.77505 0.6158 0.7601
1 0.730675 0.43284374999999997 0.7205 0.43284374999999997 0.7205 0.44508125 0.730675 0.44508125 0.730675 0.43284374999999997
1 0.0455125 0.28928125 0.0324375 0.28928125 0.0324375 0.30446875 0.0455125 0.30446875 0.0455125 0.28928125
1 0.33980625 0.11170625 0.32621875 0.11170625 0.32621875 0.12829375 0.33980625 0.12829375 0.33980625 0.11170625
1 0.3336 0.6716624999999999 0.32315 0.6716624999999999 0.32315 0.6867375 0.3336 0.6867375 0.3336 0.6716624999999999
1 0.28559999999999997 0.4412 0.269575 0.4412 0.269575 0.46064999999999995 0.28559999999999997 0.46064999999999995 0.28559999999999997 0.4412
1 0.645425 0.9084125000000001 0.6329 0.9084125000000001 0.6329 0.9226375000000001 0.645425 0.9226375000000001 0.645425 0.9084125000000001
1 0.24215625 0.899775 0.22781875000000001 0.899775 0.22781875000000001 0.916625 0.24215625 0.916625 0.24215625 0.899775
1 0.32905625 0.02659375 0.31546875 0.02659375 0.31546875 0.04293125 0.32905625 0.04293125 0.32905625 0.02659375
1 0.04195 0.039468750000000004 0.03075 0.039468750000000004 0.03075 0.05593125 0.04195 0.05593125 0.04195 0.039468750000000004
1 0.45065 0.8550125 0.440475 0.8550125 0.440475 0.8676375000000001 0.45065 0.8676375000000001 0.45065 0.8550125
1 0.6064812500000001 0.97503125 0.58394375 0.97503125 0.58394375 0.9985937500000001 0.6064812500000001 0.9985937500000001 0.6064812500000001 0.97503125
1 0.08175 0.73725625 0.068275 0.73725625 0.068275 0.75199375 0.08175 0.75199375 0.08175 0.73725625
1 0.334775 0.8615187499999999 0.320975 0.8615187499999999 0.320975 0.88068125 0.334775 0.88068125 0.334775 0.8615187499999999
1 0.505925 0.9227812500000001 0.492125 0.9227812500000001 0.492125 0.93756875 0.505925 0.93756875 0.505925 0.9227812500000001
3 0.0025 0 0 0.99875 0.6875 0.99875 0.69625 0.9949999999999999 0.705 0.9862500000000001 0.7525000000000001 0.8612500000000001 0.7537499999999999 0.8400000000000001 0.7462500000000001 0.80375 0.7537499999999999 0.76125 0.76625 0.74875 0.76625 0.74125 0.74375 0.64 0.75 0.5912499999999999 0.75625 0.5775 0.7675 0.5700000000000001 0.81125 0.5599999999999999 0.8225 0.55 0.84375 0.48375 0.88375 0.44125 0.8875 0.425 0.88375 0.3875 0.85625 0.33999999999999997 0.8025 0.2975 0.7474999999999999 0.28625 0.6849999999999999 0.25 0.65 0.23875000000000002 0.60375 0.23625 0.5700000000000001 0.24125000000000002 0.49874999999999997 0.27375 0.48125 0.255 0.48375 0.24500000000000002 0.5025000000000001 0.22374999999999998 0.49874999999999997 0.12625 0.48624999999999996 0.0975 0.4725 0.08375 0.46125 0.04 0.46749999999999997 0.0225 0.46125 0 0.0025 0