1 0.6470374999999999 0.60333125 0.5858375 0.60333125 0.5858375 0.65384375 0.6470374999999999 0.65384375 0.6470374999999999 0.60333125
1 0.46709375 0.6958375 0.42833125 0.6958375 0.42833125 0.7622375 0.46709375 0.7622375 0.46709375 0.6958375
1 0.3621375 0.32833125 0.3033375 0.32833125 0.3033375 0.37534375 0.3621375 0.37534375 0.3621375 0.32833125
1 0.33336875 0.50715625 0.31458125 0.50715625 0.31458125 0.5378937500000001 0.33336875 0.5378937500000001 0.33336875 0.50715625
1 0.8501 0.30896875 0.8325250000000001 0.30896875 0.8325250000000001 0.32433125 0.8501 0.32433125 0.8501 0.30896875
1 0.35419999999999996 0.7025187500000001 0.34209999999999996 0.7025187500000001 0.34209999999999996 0.71448125 0.35419999999999996 0.71448125 0.35419999999999996 0.7025187500000001
1 0.46154375 0.43061249999999995 0.45008125000000004 0.43061249999999995 0.45008125000000004 0.4419375 0.46154375 0.4419375 0.46154375 0.43061249999999995
1 0.71813125 0.28864375 0.70374375 0.28864375 0.70374375 0.30218124999999996 0.71813125 0.30218124999999996 0.71813125 0.28864375
1 0.6291625 0.55815 0.6110625 0.55815 0.6110625 0.5746749999999999 0.6291625 0.5746749999999999 0.6291625 0.55815
1 0.46876249999999997 0.71781875 0.4560375 0.71781875 0.4560375 0.7294562499999999 0.46876249999999997 0.7294562499999999 0.46876249999999997 0.71781875
1 0.35896249999999996 0.44539999999999996 0.3475875 0.44539999999999996 0.3475875 0.45694999999999997 0.35896249999999996 0.45694999999999997 0.35896249999999996 0.44539999999999996
1 0.14502500000000002 0.42177499999999996 0.13085 0.42177499999999996 0.13085 0.43515 0.14502500000000002 0.43515 0.14502500000000002 0.42177499999999996
1 0.7874749999999999 0.320425 0.77405 0.320425 0.77405 0.33192499999999997 0.7874749999999999 0.33192499999999997 0.7874749999999999 0.320425
1 0.9061562500000001 0.21961875000000003 0.8848687500000001 0.21961875000000003 0.8848687500000001 0.23325625 0.9061562500000001 0.23325625 0.9061562500000001 0.21961875000000003
1 0.5336375 0.181475 0.5142125 0.181475 0.5142125 0.202075 0.5336375 0.202075 0.5336375 0.181475
1 0.07604375 0.26270625000000003 0.05885625 0.26270625000000003 0.05885625 0.28366875 0.07604375 0.28366875 0.07604375 0.26270625000000003
1 0.6382625 0.674075 0.6224875 0.674075 0.6224875 0.6892 0.6382625 0.6892 0.6382625 0.674075
1 0.36665000000000003 0.42455625 0.35455000000000003 0.42455625 0.35455000000000003 0.43629375000000004 0.36665000000000003 0.43629375000000004 0.36665000000000003 0.42455625
1 0.9006875000000001 0.33680625000000003 0.8844625 0.33680625000000003 0.8844625 0.35119375 0.9006875000000001 0.35119375 0.9006875000000001 0.33680625000000003
1 0.26187499999999997 0.45373125 0.24935000000000002 0.45373125 0.24935000000000002 0.46471875 0.26187499999999997 0.46471875 0.26187499999999997 0.45373125
1 1 0.268475 0.9911749999999999 0.268475 0.9911749999999999 0.28425 1 0.28425 1 0.268475
1 0.6936 0.11173124999999999 0.67555 0.11173124999999999 0.67555 0.12971875 0.6936 0.12971875 0.6936 0.11173124999999999
1 0.740375 0.47203125 0.7195750000000001 0.47203125 0.7195750000000001 0.49036875 0.740375 0.49036875 0.740375 0.47203125
1 0.6053875 0.74648125 0.5928625000000001 0.74648125 0.5928625000000001 0.75839375 0.6053875 0.75839375 0.6053875 0.74648125
1 0.0388 0.28563125 0.021875 0.28563125 0.021875 0.29931874999999997 0.0388 0.29931874999999997 0.0388 0.28563125
1 0.44472500000000004 0.7273562499999999 0.42977499999999996 0.7273562499999999 0.42977499999999996 0.74236875 0.44472500000000004 0.74236875 0.44472500000000004 0.7273562499999999
1 0.7047749999999999 0.48363125 0.692675 0.48363125 0.692675 0.49536875 0.7047749999999999 0.49536875 0.7047749999999999 0.48363125
1 0.9226625 0.2826375 0.9064375 0.2826375 0.9064375 0.2940125 0.9226625 0.2940125 0.9226625 0.2826375
1 0.9212875 0.4035375 0.9068375 0.4035375 0.9068375 0.41531250000000003 0.9212875 0.41531250000000003 0.9212875 0.4035375
1 0.65775625 0.46243749999999995 0.64301875 0.46243749999999995 0.64301875 0.4775125 0.65775625 0.4775125 0.65775625 0.46243749999999995
1 0.31982499999999997 0.46549375 0.309575 0.46549375 0.309575 0.47543125 0.31982499999999997 0.47543125 0.31982499999999997 0.46549375
1 0.030362499999999997 0.32611249999999997 0.0119625 0.32611249999999997 0.0119625 0.3399125 0.030362499999999997 0.3399125 0.030362499999999997 0.32611249999999997
1 0.19940625 0.28236875 0.18046875 0.28236875 0.18046875 0.30160624999999996 0.19940625 0.30160624999999996 0.19940625 0.28236875
1 0.46684374999999995 0.68319375 0.45698125 0.68319375 0.45698125 0.6937562500000001 0.46684374999999995 0.6937562500000001 0.46684374999999995 0.68319375
1 0.5494 0.4428375 0.5385 0.4428375 0.5385 0.4531625 0.5494 0.4531625 0.5494 0.4428375
1 0.66165625 0.3755 0.65084375 0.3755 0.65084375 0.3867 0.66165625 0.3867 0.66165625 0.3755
1 0.63613125 0.42616875 0.62364375 0.42616875 0.62364375 0.43808125000000003 0.63613125 0.43808125000000003 0.63613125 0.42616875
1 0.4022125 0.24743750000000003 0.3897875 0.24743750000000003 0.3897875 0.2608625 0.4022125 0.2608625 0.4022125 0.24743750000000003
1 0.8821 0.400425 0.8688750000000001 0.400425 0.8688750000000001 0.412575 0.8821 0.412575 0.8821 0.400425
1 0.61705625 0.16515 0.60656875 0.16515 0.60656875 0.17909999999999998 0.61705625 0.17909999999999998 0.61705625 0.16515
1 0.56065 0.5563625 0.5497 0.5563625 0.5497 0.5666875 0.56065 0.5666875 0.56065 0.5563625
1 0.29833125 0.32320625000000003 0.28859375 0.32320625000000003 0.28859375 0.33401875 0.29833125 0.33401875 0.29833125 0.32320625000000003
1 0.65453125 0.1654625 0.64136875 0.1654625 0.64136875 0.17878750000000002 0.65453125 0.17878750000000002 0.65453125 0.1654625
1 0.339825 0.49276875000000003 0.329125 0.49276875000000003 0.329125 0.50380625 0.339825 0.50380625 0.339825 0.49276875000000003
1 0.3375625 0.46828125 0.3279625 0.46828125 0.3279625 0.47751875000000005 0.3375625 0.47751875000000005 0.3375625 0.46828125
1 0.94648125 0.403975 0.9324187500000001 0.403975 0.9324187500000001 0.414875 0.94648125 0.414875 0.94648125 0.403975
1 0.4878125 0.30067499999999997 0.4750875 0.30067499999999997 0.4750875 0.3131 0.4878125 0.3131 0.4878125 0.30067499999999997
1 0.41831874999999996 0.3076375 0.40930625000000004 0.3076375 0.40930625000000004 0.3188375 0.41831874999999996 0.3188375 0.41831874999999996 0.3076375
1 0.43896875 0.8055187500000001 0.42528125 0.8055187500000001 0.42528125 0.81753125 0.43896875 0.81753125 0.43896875 0.8055187500000001
1 0.5596375 0.7365375000000001 0.5497375 0.7365375000000001 0.5497375 0.7468625 0.5596375 0.7468625 0.5596375 0.7365375000000001
1 0.70680625 0.5594 0.69456875 0.5594 0.69456875 0.57145 0.70680625 0.57145 0.70680625 0.5594
1 0.44933125 0.172625 0.43884375000000003 0.172625 0.43884375000000003 0.183825 0.44933125 0.183825 0.44933125 0.172625
1 0.48631875 0.7569874999999999 0.47413125 0.7569874999999999 0.47413125 0.7674375 0.48631875 0.7674375 0.48631875 0.7569874999999999
1 0.5041187500000001 0.7531625 0.49440625000000005 0.7531625 0.49440625000000005 0.7624625 0.5041187500000001 0.7624625 0.5041187500000001 0.7531625
1 0.35746875 0.238125 0.34760625 0.238125 0.34760625 0.2499 0.35746875 0.2499 0.35746875 0.238125
1 0.65715625 0.44312500000000005 0.64069375 0.44312500000000005 0.64069375 0.454325 0.65715625 0.454325 0.65715625 0.44312500000000005
1 0.59059375 0.68045 0.57835625 0.68045 0.57835625 0.6926 0.59059375 0.6926 0.59059375 0.68045
1 0.2249125 0.028118749999999998 0.21208749999999998 0.028118749999999998 0.21208749999999998 0.04285625 0.2249125 0.04285625 0.2249125 0.028118749999999998
1 0.54895625 0.27206874999999997 0.5389437499999999 0.27206874999999997 0.5389437499999999 0.28408125 0.54895625 0.28408125 0.54895625 0.27206874999999997
1 0.292725 0.61344375 0.28345 0.61344375 0.28345 0.62385625 0.292725 0.62385625 0.292725 0.61344375
1 0.9877812499999999 0.060662499999999994 0.97414375 0.060662499999999994 0.97414375 0.0720375 0.9877812499999999 0.0720375 0.9877812499999999 0.060662499999999994
1 0.32205 0.2927 0.3137 0.2927 0.3137 0.30252500000000004 0.32205 0.30252500000000004 0.32205 0.2927
1 0.15456875 0.058518749999999994 0.14255625 0.058518749999999994 0.14255625 0.07100625 0.15456875 0.07100625 0.15456875 0.058518749999999994
1 0.59043125 0.05833125 0.58144375 0.05833125 0.58144375 0.06704375 0.59043125 0.06704375 0.59043125 0.05833125
1 0.42918124999999996 0.6815375 0.41896875 0.6815375 0.41896875 0.6915125 0.42918124999999996 0.6915125 0.42918124999999996 0.6815375
1 0.5118437499999999 0.8705375 0.5018312500000001 0.8705375 0.5018312500000001 0.8804375 0.5118437499999999 0.8804375 0.5118437499999999 0.8705375
1 0.5162687499999999 0.3143125 0.50618125 0.3143125 0.50618125 0.3302125 0.5162687499999999 0.3302125 0.5162687499999999 0.3143125
1 0.39529375 0.6255875 0.37863125000000003 0.6255875 0.37863125000000003 0.6429625 0.39529375 0.6429625 0.39529375 0.6255875
1 0.17358125 0.1671125 0.16529375 0.1671125 0.16529375 0.1756625 0.17358125 0.1756625 0.17358125 0.1671125
1 0.37208125000000003 0.73240625 0.36326875 0.73240625 0.36326875 0.74121875 0.37208125000000003 0.74121875 0.37208125000000003 0.73240625
1 0.50423125 0.8616625000000001 0.49381875 0.8616625000000001 0.49381875 0.8697874999999999 0.50423125 0.8697874999999999 0.50423125 0.8616625000000001
1 0.44028124999999996 0.60226875 0.42789374999999996 0.60226875 0.42789374999999996 0.61355625 0.44028124999999996 0.61355625 0.44028124999999996 0.60226875
1 0.8116625000000001 0.1083625 0.7957625 0.1083625 0.7957625 0.12113750000000001 0.8116625000000001 0.12113750000000001 0.8116625000000001 0.1083625
1 0.3734 0.46599375 0.36245 0.46599375 0.36245 0.47833125 0.3734 0.47833125 0.3734 0.46599375
1 0.9963875 0.12776875000000001 0.9713875 0.12776875000000001 0.9713875 0.14810625 0.9963875 0.14810625 0.9963875 0.12776875000000001
1 0.47180625000000004 0.8788750000000001 0.46081874999999994 0.8788750000000001 0.46081874999999994 0.8867499999999999 0.47180625000000004 0.8867499999999999 0.47180625000000004 0.8788750000000001
1 0.4892625 0.92215 0.4799875 0.92215 0.4799875 0.9304 0.4892625 0.9304 0.4892625 0.92215
1 0.52163125 0.843675 0.50961875 0.843675 0.50961875 0.852625 0.52163125 0.852625 0.52163125 0.843675
1 0.68649375 0.6168625 0.67678125 0.6168625 0.67678125 0.6263124999999999 0.68649375 0.6263124999999999 0.68649375 0.6168625
1 0.9311562500000001 0.2794875 0.8764687500000001 0.2794875 0.8764687500000001 0.30986250000000004 0.9311562500000001 0.30986250000000004 0.9311562500000001 0.2794875
1 0.39734375 0.7881875 0.38538125 0.7881875 0.38538125 0.8026375 0.39734375 0.8026375 0.39734375 0.7881875
1 0.47697500000000004 0.9422062499999999 0.46492500000000003 0.9422062499999999 0.46492500000000003 0.95721875 0.47697500000000004 0.95721875 0.47697500000000004 0.9422062499999999
1 0.6704749999999999 0.5284875 0.66155 0.5284875 0.66155 0.5369375 0.6704749999999999 0.5369375 0.6704749999999999 0.5284875
1 0.93006875 0.04326875 0.86875625 0.04326875 0.86875625 0.07148125 0.93006875 0.07148125 0.93006875 0.04326875
1 0.73430625 0.007531250000000001 0.7168687499999999 0.007531250000000001 0.7168687499999999 0.02214375 0.73430625 0.02214375 0.73430625 0.007531250000000001
1 0.34985625 0.7316625 0.32786875000000004 0.7316625 0.32786875000000004 0.7605375000000001 0.34985625 0.7605375000000001 0.34985625 0.7316625
1 0.50535 0.52311875 0.47462499999999996 0.52311875 0.47462499999999996 0.55403125 0.50535 0.55403125 0.50535 0.52311875
1 0.3997125 0.46220625000000004 0.3644375 0.46220625000000004 0.3644375 0.49041875 0.3997125 0.49041875 0.3997125 0.46220625000000004
1 0.38365625 0.5034500000000001 0.35951875 0.5034500000000001 0.35951875 0.52975 0.38365625 0.52975 0.38365625 0.5034500000000001
1 0.47268125000000005 1 0.47268125000000005 0.9896750000000001 0.43746875 0.9896750000000001 0.43746875 1 0.47268125000000005 1
1 0.6958 0.35816875000000004 0.6342749999999999 0.35816875000000004 0.6342749999999999 0.40403124999999995 0.6958 0.40403124999999995 0.6958 0.35816875000000004
1 0.4998 0.5618624999999999 0.446 0.5618624999999999 0.446 0.6080625000000001 0.4998 0.6080625000000001 0.4998 0.5618624999999999
1 0.59096875 0.46064999999999995 0.52523125 0.46064999999999995 0.52523125 0.5125 0.59096875 0.5125 0.59096875 0.46064999999999995
1 0.6212187499999999 0.7355375000000001 0.50280625 0.7355375000000001 0.50280625 0.9168125 0.6212187499999999 0.9168125 0.6212187499999999 0.7355375000000001
1 0.42233124999999994 0.46264374999999996 0.35549375 0.46264374999999996 0.35549375 0.53930625 0.42233124999999994 0.53930625 0.42233124999999994 0.46264374999999996
1 0.8504625000000001 0.50299375 0.6680875000000001 0.50299375 0.6680875000000001 0.70990625 0.8504625000000001 0.70990625 0.8504625000000001 0.50299375
1 0.24245624999999998 0.44366874999999995 0.21041875000000002 0.44366874999999995 0.21041875000000002 0.5231312499999999 0.24245624999999998 0.5231312499999999 0.24245624999999998 0.44366874999999995
1 0 0.46551875000000004 0.094 0.46551875000000004 0.094 0.35773125 0 0.35773125 0 0.46551875000000004
1 0.98993125 0.417825 0.8684687500000001 0.417825 0.8684687500000001 0.47132500000000005 0.98993125 0.47132500000000005 0.98993125 0.417825
1 0.8920312499999999 0.43884375000000003 0.7417687500000001 0.43884375000000003 0.7417687500000001 0.6412312499999999 0.8920312499999999 0.6412312499999999 0.8920312499999999 0.43884375000000003
1 0.89275625 0.4324 0.81719375 0.4324 0.81719375 0.5236500000000001 0.89275625 0.5236500000000001 0.89275625 0.4324
1 0.49645 0.13153125000000002 0.47082499999999994 0.13153125000000002 0.47082499999999994 0.15021875 0.49645 0.15021875 0.49645 0.13153125000000002
3 0.03125 0 0.028749999999999998 0.00625 0.025 0.0025 0.025 0 0.005 0.021249999999999998 0.00625 0.025 0 0.025 0 0.5475 0.0375 0.545 0.041249999999999995 0.54 0.052500000000000005 0.54 0.05500000000000001 0.53125 0.08249999999999999 0.53125 0.095 0.52125 0.09875 0.5237499999999999 0.1025 0.515 0.12250000000000001 0.5125 0.13374999999999998 0.5 0.15375 0.49749999999999994 0.155 0.49124999999999996 0.17625 0.47750000000000004 0.18125 0.46749999999999997 0.1925 0.46624999999999994 0.20249999999999999 0.45375 0.21625 0.44875 0.225 0.45875000000000005 0.2225 0.46375 0.2325 0.505 0.22999999999999998 0.51 0.23374999999999999 0.51875 0.23125 0.525 0.23500000000000001 0.5587500000000001 0.24500000000000002 0.5875 0.2625 0.615 0.26749999999999996 0.6325000000000001 0.30625 0.705 0.32625000000000004 0.7212500000000001 0.34249999999999997 0.73875 0.34375 0.7474999999999999 0.35125 0.75 0.3975 0.8012499999999999 0.40750000000000003 0.8275 0.42000000000000004 0.84375 0.42374999999999996 0.85875 0.42874999999999996 0.8637499999999999 0.43 0.9550000000000001 0.43624999999999997 0.9650000000000001 0.4375 0.9800000000000001 0.44625000000000004 0.99125 0.46624999999999994 0.9925 0.48125 0.9800000000000001 0.49000000000000005 0.9662499999999999 0.50875 0.90625 0.54625 0.8375 0.5599999999999999 0.8262499999999999 0.56375 0.8162499999999999 0.60625 0.77 0.6174999999999999 0.7525000000000001 0.63 0.74375 0.63375 0.735 0.6775 0.6875 0.6875 0.67 0.7112499999999999 0.64375 0.72375 0.6375 0.75 0.605 0.77 0.5900000000000001 0.8275 0.5287499999999999 0.8412499999999999 0.51125 0.8425 0.50125 0.85 0.49749999999999994 0.8699999999999999 0.46624999999999994 0.87625 0.43875000000000003 0.9037499999999999 0.43375 0.9525 0.4375 0.9550000000000001 0.44375 0.9662499999999999 0.4425 0.9737500000000001 0.44625000000000004 0.99875 0.4425 0.99875 0.08125 0.99 0.06625 0.9824999999999999 0.07875 0.97 0.0775 0.9662499999999999 0.06875 0.9662499999999999 0.0625 0.97875 0.05125 0.98375 0.05375 0.9862500000000001 0.0625 0.99875 0.06 0.99875 0.045 0.99375 0.0475 0.99 0.0375 0.99 0.03125 0.99875 0.027500000000000004 0.99875 0.0225 0.9887499999999999 0.026250000000000002 0.97625 0.0225 0.9775 0.01625 0.98125 0.02 0.9862500000000001 0.015 0.99875 0.01875 0.99875 0.0025 0.9675 0 0.9662499999999999 0.00375 0.9625 0 0.9525 0 0.9475 0.00375 0.9075 0.00375 0.9037499999999999 0.0075 0.8949999999999999 0.00375 0.8875 0.0075 0.87625 0.005 0.8712500000000001 0.01625 0.8724999999999999 0.025 0.86625 0.021249999999999998 0.8637499999999999 0.013750000000000002 0.86 0.01625 0.85625 0.0125 0.85875 0.02375 0.8550000000000001 0.03125 0.8487500000000001 0.025 0.85125 0.008749999999999999 0.8300000000000001 0.0075 0.8275 0.021249999999999998 0.8237500000000001 0.0225 0.81875 0.0125 0.82 0.00625 0.825 0.00375 0.8175000000000001 0.0025 0.8099999999999999 0.0075 0.8074999999999999 0.00375 0.79 0.00375 0.78625 0 0.7787499999999999 0.00375 0.76875 0 0.325 0 0.32125 0.00375 0.315 0 0.1 0 0.095 0.0075 0.0875 0 0.03125 0