1 0.26894999999999997 0.40140624999999996 0.248575 0.40140624999999996 0.248575 0.42276875 0.26894999999999997 0.42276875 0.26894999999999997 0.40140624999999996
1 0.30175625 0.43833124999999995 0.27934375 0.43833124999999995 0.27934375 0.46381875 0.30175625 0.46381875 0.30175625 0.43833124999999995
1 0.3058875 0.6994687500000001 0.2951875 0.6994687500000001 0.2951875 0.71263125 0.3058875 0.71263125 0.3058875 0.6994687500000001
1 0.1897625 0.62930625 0.1808375 0.62930625 0.1808375 0.63924375 0.1897625 0.63924375 0.1897625 0.62930625
1 0.182125 0.8012 0.1692 0.8012 0.1692 0.8150000000000001 0.182125 0.8150000000000001 0.182125 0.8012
1 0.45140624999999995 0.69740625 0.44166875 0.69740625 0.44166875 0.70689375 0.45140624999999995 0.70689375 0.45140624999999995 0.69740625
1 0.5222375 0.60393125 0.5138874999999999 0.60393125 0.5138874999999999 0.61189375 0.5222375 0.61189375 0.5222375 0.60393125
1 0.2085375 0.4034 0.1957625 0.4034 0.1957625 0.416425 0.2085375 0.416425 0.2085375 0.4034
1 0.48344375 0.958325 0.47358124999999995 0.958325 0.47358124999999995 0.96745 0.48344375 0.96745 0.48344375 0.958325
1 0.07501875 0.9043374999999999 0.06585625 0.9043374999999999 0.06585625 0.9140124999999999 0.07501875 0.9140124999999999 0.07501875 0.9043374999999999
1 0.5746249999999999 0.9694125 0.5621 0.9694125 0.5621 0.9807874999999999 0.5746249999999999 0.9807874999999999 0.5746249999999999 0.9694125
1 0.3961 0.61761875 0.38565 0.61761875 0.38565 0.62848125 0.3961 0.62848125 0.3961 0.61761875
1 0.37583125 0.59660625 0.36099375 0.59660625 0.36099375 0.61139375 0.37583125 0.61139375 0.37583125 0.59660625
1 0.2930875 0.9214499999999999 0.2845375 0.9214499999999999 0.2845375 0.930125 0.2930875 0.930125 0.2930875 0.9214499999999999
1 0.31033125 0.2526 0.28781875 0.2526 0.28781875 0.27475 0.31033125 0.27475 0.31033125 0.2526
1 0.1985875 0.98226875 0.1871625 0.98226875 0.1871625 0.9933062500000001 0.1985875 0.9933062500000001 0.1985875 0.98226875
1 0.3655875 0.55139375 0.3433875 0.55139375 0.3433875 0.58728125 0.3655875 0.58728125 0.3655875 0.55139375
1 0.4407875 0.58490625 0.4224875 0.58490625 0.4224875 0.60454375 0.4407875 0.60454375 0.4407875 0.58490625
1 0.13676875 0.46456875000000003 0.12080625 0.46456875000000003 0.12080625 0.47538125000000003 0.13676875 0.47538125000000003 0.13676875 0.46456875000000003
1 0.21235624999999997 0.43850625 0.19241875 0.43850625 0.19241875 0.46236875 0.21235624999999997 0.46236875 0.21235624999999997 0.43850625
1 0.31742499999999996 0.466975 0.297325 0.466975 0.297325 0.487625 0.31742499999999996 0.487625 0.31742499999999996 0.466975
1 0.12663750000000001 0.86625625 0.1113875 0.86625625 0.1113875 0.87984375 0.12663750000000001 0.87984375 0.12663750000000001 0.86625625
1 0.322425 0.6651687500000001 0.310875 0.6651687500000001 0.310875 0.67663125 0.322425 0.67663125 0.322425 0.6651687500000001
1 0.41283125 0.60990625 0.37916875 0.60990625 0.37916875 0.64496875 0.41283125 0.64496875 0.41283125 0.60990625
1 0.9895125 0.63268125 0.9782624999999999 0.63268125 0.9782624999999999 0.65344375 0.9895125 0.65344375 0.9895125 0.63268125
1 0.01429375 0.38021875 0.00000625 0.38021875 0.00000625 0.39078124999999997 0.01429375 0.39078124999999997 0.01429375 0.38021875
1 0.11703749999999999 0.885375 0.1089125 0.885375 0.1089125 0.8929500000000001 0.11703749999999999 0.8929500000000001 0.11703749999999999 0.885375
1 0.57598125 0.61318125 0.55879375 0.61318125 0.55879375 0.63194375 0.57598125 0.63194375 0.57598125 0.61318125
1 0.8139062499999999 0.46170625000000004 0.7642187500000001 0.46170625000000004 0.7642187500000001 0.50119375 0.8139062499999999 0.50119375 0.8139062499999999 0.46170625000000004
1 0.27585000000000004 0.07686875 0.2466 0.07686875 0.2466 0.10563125 0.27585000000000004 0.10563125 0.27585000000000004 0.07686875
1 0.77925625 0.40171250000000003 0.75199375 0.40171250000000003 0.75199375 0.4176125 0.77925625 0.4176125 0.77925625 0.40171250000000003
1 0.22425 0.5610625 0.213 0.5610625 0.213 0.5844375 0.22425 0.5844375 0.22425 0.5610625
1 0.668625 0.45896875000000004 0.649725 0.45896875000000004 0.649725 0.47755625 0.668625 0.47755625 0.668625 0.45896875000000004
1 0.41969375 0.9936812500000001 0.40063125 0.9936812500000001 0.40063125 0.99999375 0.41969375 0.99999375 0.41969375 0.9936812500000001
1 0.3780875 0.29908125 0.35873750000000004 0.29908125 0.35873750000000004 0.31956875 0.3780875 0.31956875 0.3780875 0.29908125
1 0.6322125 0.76691875 0.6207125 0.76691875 0.6207125 0.78093125 0.6322125 0.78093125 0.6322125 0.76691875
1 0.07118125 0.42401875 0.04209375 0.42401875 0.04209375 0.45780624999999997 0.07118125 0.45780624999999997 0.07118125 0.42401875
1 0.83031875 0.6971 0.7976062500000001 0.6971 0.7976062500000001 0.718925 0.83031875 0.718925 0.83031875 0.6971
1 0.96271875 0.6915625000000001 0.91618125 0.6915625000000001 0.91618125 0.7244625 0.96271875 0.7244625 0.96271875 0.6915625000000001
1 0.41981875 0.5368125 0.38243125 0.5368125 0.38243125 0.5960125 0.41981875 0.5960125 0.41981875 0.5368125
1 0.82129375 0.83958125 0.79198125 0.83958125 0.79198125 0.8703687499999999 0.82129375 0.8703687499999999 0.82129375 0.83958125
1 0.21259999999999998 0.49215625 0.171675 0.49215625 0.171675 0.51761875 0.21259999999999998 0.51761875 0.21259999999999998 0.49215625
1 0.156725 0.37635625 0.134525 0.37635625 0.134525 0.41124375 0.156725 0.41124375 0.156725 0.37635625
1 0.15673125000000002 0.16540625 0.10741875000000001 0.16540625 0.10741875000000001 0.20764375 0.15673125000000002 0.20764375 0.15673125000000002 0.16540625
1 0.42259375 0.732525 0.40405625 0.732525 0.40405625 0.7469750000000001 0.42259375 0.7469750000000001 0.42259375 0.732525
1 0.964275 0.42088749999999997 0.9449 0.42088749999999997 0.9449 0.44141250000000004 0.964275 0.44141250000000004 0.964275 0.42088749999999997
1 0.9096187499999999 0.4611375 0.8814062500000001 0.4611375 0.8814062500000001 0.4861375 0.9096187499999999 0.4861375 0.9096187499999999 0.4611375
1 0.26746875000000003 0.01449375 0.24913124999999997 0.01449375 0.24913124999999997 0.04720625 0.26746875000000003 0.04720625 0.26746875000000003 0.01449375
1 0.5948375 0.45985624999999997 0.5643374999999999 0.45985624999999997 0.5643374999999999 0.48106875000000004 0.5948375 0.48106875000000004 0.5948375 0.45985624999999997
1 0.7293937500000001 0.70439375 0.70128125 0.70439375 0.70128125 0.73213125 0.7293937500000001 0.73213125 0.7293937500000001 0.70439375
1 0.8122624999999999 0.6647000000000001 0.7980875000000001 0.6647000000000001 0.7980875000000001 0.6761250000000001 0.8122624999999999 0.6761250000000001 0.8122624999999999 0.6647000000000001
1 0.126125 0.48259375000000004 0.099825 0.48259375000000004 0.099825 0.50128125 0.126125 0.50128125 0.126125 0.48259375000000004
1 0.97648125 0.5812625 0.95419375 0.5812625 0.95419375 0.6042875000000001 0.97648125 0.6042875000000001 0.97648125 0.5812625
1 0.9348625 0.6714187500000001 0.8922874999999999 0.6714187500000001 0.8922874999999999 0.7035812499999999 0.9348625 0.7035812499999999 0.9348625 0.6714187500000001
1 0.7167875 0.4355875 0.6904375 0.4355875 0.6904375 0.4521125 0.7167875 0.4521125 0.7167875 0.4355875
1 0.1104125 0.16341875 0.0827125 0.16341875 0.0827125 0.18888125 0.1104125 0.18888125 0.1104125 0.16341875
1 0.3075375 0.33094375 0.2984125 0.33094375 0.2984125 0.33995625 0.3075375 0.33995625 0.3075375 0.33094375
1 0.277525 1 0.277525 0.99275 0.26495 0.99275 0.26495 1 0.277525 1
1 0.6251125 0.907025 0.6121875 0.907025 0.6121875 0.9230499999999999 0.6251125 0.9230499999999999 0.6251125 0.907025
1 0.32971875 0.5967 0.30505625 0.5967 0.30505625 0.624975 0.32971875 0.624975 0.32971875 0.5967
1 0.59296875 0.82086875 0.57598125 0.82086875 0.57598125 0.8373312500000001 0.59296875 0.8373312500000001 0.59296875 0.82086875
1 0.07036875000000001 0.54915 0.053581250000000004 0.54915 0.053581250000000004 0.5612 0.07036875000000001 0.5612 0.07036875000000001 0.54915
1 0.19755625000000002 0.3216625 0.15474375 0.3216625 0.15474375 0.3521625 0.19755625000000002 0.3521625 0.19755625000000002 0.3216625
1 0.11739375 0.6525125 0.10283125 0.6525125 0.10283125 0.6678124999999999 0.11739375 0.6678124999999999 0.11739375 0.6525125
1 0.6983937499999999 0.61171875 0.67563125 0.61171875 0.67563125 0.63048125 0.6983937499999999 0.63048125 0.6983937499999999 0.61171875
1 0.6929875 0.23988749999999998 0.6868875 0.23988749999999998 0.6868875 0.2466875 0.6929875 0.2466875 0.6929875 0.23988749999999998
1 0.10628750000000001 0.34630625 0.0703375 0.34630625 0.0703375 0.37049375 0.10628750000000001 0.37049375 0.10628750000000001 0.34630625
1 0.8593 0.40263125000000005 0.8243 0.40263125000000005 0.8243 0.43036874999999997 0.8593 0.43036874999999997 0.8593 0.40263125000000005
1 0.352875 0.7374875000000001 0.32535 0.7374875000000001 0.32535 0.7654375 0.352875 0.7654375 0.352875 0.7374875000000001
1 0.6427875000000001 0.79996875 0.6169875 0.79996875 0.6169875 0.8240562499999999 0.6427875000000001 0.8240562499999999 0.6427875000000001 0.79996875
1 0.23545 0.764075 0.224025 0.764075 0.224025 0.777925 0.23545 0.777925 0.23545 0.764075
1 0.127525 0.6810562499999999 0.10600000000000001 0.6810562499999999 0.10600000000000001 0.69784375 0.127525 0.69784375 0.127525 0.6810562499999999
1 0.76411875 0.42779375000000003 0.75540625 0.42779375000000003 0.75540625 0.43840625 0.76411875 0.43840625 0.76411875 0.42779375000000003
1 0.71838125 0.793475 0.69371875 0.793475 0.69371875 0.82175 0.71838125 0.82175 0.71838125 0.793475
1 0.22341875 1 0.22341875 0.990375 0.19113125 0.990375 0.19113125 1 0.22341875 1
1 0.43765625 0.767325 0.42756875 0.767325 0.42756875 0.7844249999999999 0.43765625 0.7844249999999999 0.43765625 0.767325
1 0.6027375 0.8417999999999999 0.5720625 0.8417999999999999 0.5720625 0.86815 0.6027375 0.86815 0.6027375 0.8417999999999999
1 0.5112125 0.7466999999999999 0.48293749999999996 0.7466999999999999 0.48293749999999996 0.777725 0.5112125 0.777725 0.5112125 0.7466999999999999
1 0.7812187500000001 0.4826625 0.75100625 0.4826625 0.75100625 0.5105125 0.7812187500000001 0.5105125 0.7812187500000001 0.4826625
1 0.5226375 0.64929375 0.49201249999999996 0.64929375 0.49201249999999996 0.67688125 0.5226375 0.67688125 0.5226375 0.64929375
1 0.8160562499999999 0.8171375 0.76011875 0.8171375 0.76011875 0.8371625 0.8160562499999999 0.8371625 0.8160562499999999 0.8171375
1 0.8659812499999999 0.5460499999999999 0.85569375 0.5460499999999999 0.85569375 0.5565 0.8659812499999999 0.5565 0.8659812499999999 0.5460499999999999
1 0.67088125 0.6911937499999999 0.66309375 0.6911937499999999 0.66309375 0.69845625 0.67088125 0.69845625 0.67088125 0.6911937499999999
3 0.205 0 0.20125 0.0075 0.19624999999999998 0.00375 0.1875 0.021249999999999998 0.18125 0.0225 0.17875000000000002 0.03 0.17250000000000001 0.03375 0.17124999999999999 0.052500000000000005 0.16375 0.057499999999999996 0.16375 0.06875 0.14875 0.08125 0.14625 0.09 0.13874999999999998 0.095 0.13999999999999999 0.09875 0.13374999999999998 0.10124999999999999 0.12375 0.11625 0.11875 0.11625 0.09875 0.13999999999999999 0.0925 0.14125000000000001 0.09125 0.14750000000000002 0.0875 0.145 0.08125 0.155 0.0725 0.1575 0.04 0.19 0.027500000000000004 0.205 0.028749999999999998 0.20875 0.01625 0.22000000000000003 0.015 0.23125 0 0.24500000000000002 0 0.37374999999999997 0.0075 0.37625000000000003 0.005 0.38 0 0.37875000000000003 0.00375 0.38375 0 0.3875 0 0.4225 0.00625 0.42374999999999996 0 0.425 0 0.5825 0.008749999999999999 0.595 0.0075 0.615 0 0.6212500000000001 0 0.84375 0.00375 0.8462500000000001 0 0.85375 0 0.99125 0.00375 0.9962500000000001 0.015 0.99875 0.028749999999999998 0.99875 0.0325 0.9925 0.03625 0.9962500000000001 0.045 0.99375 0.04875 0.99875 0.05625 0.99125 0.06 0.99375 0.06375 0.98375 0.09125 0.9824999999999999 0.09875 0.9949999999999999 0.10625 0.9875 0.11625 0.9949999999999999 0.11374999999999999 0.9887499999999999 0.11875 0.9824999999999999 0.12125 0.99375 0.1325 0.99875 0.16875 0.99875 0.195 0.9800000000000001 0.1925 0.97625 0.18875 0.9800000000000001 0.18375 0.9737500000000001 0.1875 0.9712500000000001 0.18625 0.9574999999999999 0.18 0.9525 0.18 0.9475 0.18875 0.9512499999999999 0.1925 0.95875 0.19624999999999998 0.93625 0.20750000000000002 0.945 0.21625 0.945 0.223453946875 0.9546052640625 0.22625 0.9512499999999999 0.24 0.95375 0.2425 0.9475 0.24874999999999997 0.945 0.25375000000000003 0.94625 0.25125000000000003 0.9512499999999999 0.255 0.95625 0.2575 0.945 0.27 0.945 0.26893939375000003 0.9492424234374999 0.275 0.945 0.27875 0.9475 0.27999999999999997 0.93875 0.29375 0.9225 0.3 0.93125 0.29 0.9412499999999999 0.28875 0.95 0.31124999999999997 0.95 0.315 0.95375 0.31375000000000003 0.96 0.30625 0.9662499999999999 0.3025 0.96125 0.29874999999999996 0.9675 0.29500000000000004 0.9625 0.29125 0.9662499999999999 0.29375 0.9712500000000001 0.30125 0.9724999999999999 0.29874999999999996 0.9824999999999999 0.31 0.9875 0.325 0.98375 0.3275 0.9925 0.34625 0.9925 0.35875 0.99875 0.39375 0.99875 0.4 0.99 0.40374999999999994 0.99375 0.40625 0.985 0.41375 0.9824999999999999 0.41375 0.97625 0.4175 0.9775 0.41624999999999995 0.98375 0.4225 0.9875 0.42374999999999996 0.99875 0.43 0.9949999999999999 0.43499999999999994 0.99875 0.43875000000000003 0.9949999999999999 0.46624999999999994 0.99375 0.45875000000000005 0.9887499999999999 0.4625 0.985 0.46749999999999997 0.9862500000000001 0.46875 0.97625 0.4725 0.9775 0.4725 0.9824999999999999 0.48 0.98375 0.48125 0.99375 0.48624999999999996 0.99 0.49000000000000005 0.99375 0.49375 0.99125 0.49625 0.9962500000000001 0.5 0.98375 0.505 0.9875 0.51 0.985 0.5125 0.9887499999999999 0.5175 0.985 0.52 0.99375 0.5237499999999999 0.9887499999999999 0.53125 0.99 0.5325 0.985 0.5425 0.985 0.55125 0.99375 0.55 0.99 0.55375 0.9875 0.5625 0.99125 0.575 0.99 0.59375 0.99875 0.6125 0.99875 0.62 0.9949999999999999 0.6287499999999999 0.99875 0.675 0.99875 0.6775 0.9949999999999999 0.705 0.99875 0.7125 0.99375 0.72 0.99875 0.7275 0.99375 0.7325 0.9962500000000001 0.7325 0.9862500000000001 0.74 0.9824999999999999 0.72875 0.9625 0.72875 0.94625 0.7325 0.9412499999999999 0.76375 0.92125 0.8025 0.8875 0.8275 0.8474999999999999 0.9275 0.76 0.9425000000000001 0.7424999999999999 0.9487500000000001 0.7212500000000001 0.975 0.6837500000000001 0.99875 0.5775 0.99875 0.3675 0.93125 0.39 0.8825 0.3975 0.8387499999999999 0.3975 0.7737499999999999 0.40625 0.71875 0.40625 0.6224999999999999 0.41875 0.5275000000000001 0.45125000000000004 0.47874999999999995 0.47625 0.475 0.42750000000000005 0.47000000000000003 0.41125 0.46749999999999997 0.375 0.46375 0.36875 0.46624999999999994 0.365 0.45999999999999996 0.35750000000000004 0.45125000000000004 0.32999999999999996 0.44625000000000004 0.32625000000000004 0.44375 0.31375000000000003 0.43875000000000003 0.31124999999999997 0.43624999999999997 0.29874999999999996 0.43 0.2925 0.42874999999999996 0.28250000000000003 0.39125 0.225 0.38375 0.20750000000000002 0.35875 0.17875000000000002 0.35375 0.17875000000000002 0.35125 0.17250000000000001 0.34375 0.16999999999999998 0.34375 0.15875 0.3125 0.13 0.3125 0.125 0.29375 0.09875 0.28125 0.09125 0.27999999999999997 0.08249999999999999 0.26375000000000004 0.05375 0.25 0.04375 0.25 0.017499999999999998 0.24375 0 0.22749999999999998 0 0.22000000000000003 0.025 0.22000000000000003 0.045 0.22374999999999998 0.04875 0.22000000000000003 0.05625 0.22374999999999998 0.06375 0.22000000000000003 0.08249999999999999 0.22000000000000003 0.13999999999999999 0.22374999999999998 0.14250000000000002 0.22000000000000003 0.15375 0.22374999999999998 0.1575 0.22000000000000003 0.1625 0.22374999999999998 0.17250000000000001 0.22125 0.1775 0.225 0.18 0.225 0.22000000000000003 0.22000000000000003 0.22000000000000003 0.22000000000000003 0.2325 0.225 0.23374999999999999 0.225 0.2425 0.22125 0.24375 0.22374999999999998 0.25375000000000003 0.21875 0.27875 0.22374999999999998 0.28250000000000003 0.22374999999999998 0.29 0.21749999999999997 0.3025 0.21125 0.3025 0.21000000000000002 0.27749999999999997 0.21375000000000002 0.275 0.21000000000000002 0.26875 0.21749999999999997 0.26 0.21000000000000002 0.25625 0.21125 0.20125 0.20875 0.17124999999999999 0.205 0.16875 0.20875 0.15 0.205 0.14625 0.20750000000000002 0.1375 0.20375000000000001 0.1275 0.20750000000000002 0.12625 0.20249999999999999 0.1 0.21125 0.09 0.20875 0.03125 0.2125 0.02375 0.20875 0 0.205 0