1 0.6603625 0.32333124999999996 0.6158375 0.32333124999999996 0.6158375 0.37034375 0.6603625 0.37034375 0.6603625 0.32333124999999996
1 0.59079375 0.48123125 0.52183125 0.48123125 0.52183125 0.55296875 0.59079375 0.55296875 0.59079375 0.48123125
1 0.84634375 0.51675625 0.77963125 0.51675625 0.77963125 0.59164375 0.84634375 0.59164375 0.84634375 0.51675625
1 0.730075 0.31674375 0.6127 0.31674375 0.6127 0.38883125 0.730075 0.38883125 0.730075 0.31674375
1 0.83861875 0.14521250000000002 0.80688125 0.14521250000000002 0.80688125 0.1743625 0.83861875 0.1743625 0.83861875 0.14521250000000002
1 0.8544 0.19723125 0.771575 0.19723125 0.771575 0.26589375 0.8544 0.26589375 0.8544 0.19723125
1 0.14579375 0.77611875 0.10810625 0.77611875 0.10810625 0.8088312500000001 0.14579375 0.8088312500000001 0.14579375 0.77611875
1 0.35406875000000004 0.1995875 0.19720625 0.1995875 0.19720625 0.29528750000000004 0.35406875000000004 0.29528750000000004 0.35406875000000004 0.1995875
1 0.98990625 0.34147500000000003 0.95441875 0.34147500000000003 0.95441875 0.3846 0.98990625 0.3846 0.98990625 0.34147500000000003
1 0.2256125 0.777725 0.1271625 0.777725 0.1271625 0.832625 0.2256125 0.832625 0.2256125 0.777725
1 0.65788125 0.55594375 0.62239375 0.55594375 0.62239375 0.59640625 0.65788125 0.59640625 0.65788125 0.55594375
1 0.44671874999999994 0.45755 0.34918125 0.45755 0.34918125 0.5239 0.44671874999999994 0.5239 0.44671874999999994 0.45755
1 0.79639375 0.23651875000000003 0.76708125 0.23651875000000003 0.76708125 0.26298125 0.79639375 0.26298125 0.79639375 0.23651875000000003
1 0.07385625 0.54039375 0.04114375 0.54039375 0.04114375 0.56605625 0.07385625 0.56605625 0.07385625 0.54039375
1 0.25723124999999997 0.1182375 0.22884375 0.1182375 0.22884375 0.1630125 0.25723124999999997 0.1630125 0.25723124999999997 0.1182375
1 0.17863125 0.514725 0.15291875 0.514725 0.15291875 0.533125 0.17863125 0.533125 0.17863125 0.514725
1 0.76419375 0.11084374999999999 0.73190625 0.11084374999999999 0.73190625 0.14990625 0.76419375 0.14990625 0.76419375 0.11084374999999999
1 0.9814937499999999 0.34394375 0.96185625 0.34394375 0.96185625 0.36503125000000003 0.9814937499999999 0.36503125000000003 0.9814937499999999 0.34394375
1 0.73395 0.775075 0.6986749999999999 0.775075 0.6986749999999999 0.798175 0.73395 0.798175 0.73395 0.775075
1 0.35725625 0.619425 0.32096874999999997 0.619425 0.32096874999999997 0.6501 0.35725625 0.6501 0.35725625 0.619425
1 0.8310437500000001 0.52734375 0.8144562499999999 0.52734375 0.8144562499999999 0.54688125 0.8310437500000001 0.54688125 0.8310437500000001 0.52734375
1 0.8460875 0.20000625 0.8287125 0.20000625 0.8287125 0.21771875000000002 0.8460875 0.21771875000000002 0.8460875 0.20000625
1 0.894425 0.1748 0.878025 0.1748 0.878025 0.1897 0.894425 0.1897 0.894425 0.1748
1 0.0392625 0.754625 0.014262500000000001 0.754625 0.014262500000000001 0.772725 0.0392625 0.772725 0.0392625 0.754625
1 0.77625625 0.44959375 0.74914375 0.44959375 0.74914375 0.47570625 0.77625625 0.47570625 0.77625625 0.44959375
1 0.798575 0.56458125 0.78345 0.56458125 0.78345 0.58091875 0.798575 0.58091875 0.798575 0.56458125
1 0.16628125 0.31638125 0.11839375 0.31638125 0.11839375 0.34866874999999997 0.16628125 0.34866874999999997 0.16628125 0.31638125
1 0.92093125 0.52200625 0.90426875 0.52200625 0.90426875 0.5395187499999999 0.92093125 0.5395187499999999 0.92093125 0.52200625
1 0.7403625 0.32594375000000003 0.7078875 0.32594375000000003 0.7078875 0.35033125 0.7403625 0.35033125 0.7403625 0.32594375000000003
1 0.33271875 0.16123125 0.30595625000000004 0.16123125 0.30595625000000004 0.18374375 0.33271875 0.18374375 0.33271875 0.16123125
1 0.68889375 0.27654375 0.67243125 0.27654375 0.67243125 0.29083125 0.68889375 0.29083125 0.68889375 0.27654375
1 0.7150875 0.60065625 0.6979875 0.60065625 0.6979875 0.61711875 0.7150875 0.61711875 0.7150875 0.60065625
1 0.2552625 0.2405875 0.2291125 0.2405875 0.2291125 0.2623375 0.2552625 0.2623375 0.2552625 0.2405875
1 0.6593125 0.06258125 0.6111875 0.06258125 0.6111875 0.10221875 0.6593125 0.10221875 0.6593125 0.06258125
1 0.0408375 0.18844375 0.0136125 0.18844375 0.0136125 0.20510625 0.0408375 0.20510625 0.0408375 0.18844375
1 0.75901875 0.56120625 0.74000625 0.56120625 0.74000625 0.57844375 0.75901875 0.57844375 0.75901875 0.56120625
1 0.5723874999999999 0.45276875 0.5555375 0.45276875 0.5555375 0.46813125 0.5723874999999999 0.46813125 0.5723874999999999 0.45276875
1 0.3988375 0.9024125 0.3589875 0.9024125 0.3589875 0.9315625000000001 0.3988375 0.9315625000000001 0.3988375 0.9024125
1 0.6209687500000001 0.27508750000000004 0.60560625 0.27508750000000004 0.60560625 0.2888875 0.6209687500000001 0.2888875 0.6209687500000001 0.27508750000000004
1 0.4360375 0.23483125 0.4189375 0.23483125 0.4189375 0.24856875 0.4360375 0.24856875 0.4360375 0.23483125
1 0.194625 0.31275624999999996 0.1728 0.31275624999999996 0.1728 0.32934375 0.194625 0.32934375 0.194625 0.31275624999999996
1 0.39184375 0.4501875 0.37525624999999996 0.4501875 0.37525624999999996 0.4672875 0.39184375 0.4672875 0.39184375 0.4501875
1 1 0.47958749999999994 0.9943500000000001 0.47958749999999994 0.9943500000000001 0.4945375 1 0.4945375 1 0.47958749999999994
1 0.5142562500000001 0.50224375 0.49941874999999997 0.50224375 0.49941874999999997 0.51630625 0.5142562500000001 0.51630625 0.5142562500000001 0.50224375
1 0.042225 0.12506250000000002 0.01775 0.12506250000000002 0.01775 0.1388625 0.042225 0.1388625 0.042225 0.12506250000000002
1 0.8207000000000001 0.5152375 0.8072250000000001 0.5152375 0.8072250000000001 0.5296875 0.8207000000000001 0.5296875 0.8207000000000001 0.5152375
1 0.41540625000000003 0.896975 0.28966875000000003 0.896975 0.28966875000000003 0.978025 0.41540625000000003 0.978025 0.41540625000000003 0.896975
1 0.1252 0.78848125 0.11074999999999999 0.78848125 0.11074999999999999 0.80526875 0.1252 0.80526875 0.1252 0.78848125
1 0.71089375 0.14025 0.69633125 0.14025 0.69633125 0.152975 0.71089375 0.152975 0.71089375 0.14025
1 0.07740625 0.69398125 0.06016875000000001 0.69398125 0.06016875000000001 0.70836875 0.07740625 0.70836875 0.07740625 0.69398125
1 0.325525 0.719125 0.31167500000000004 0.719125 0.31167500000000004 0.73205 0.325525 0.73205 0.325525 0.719125
1 0.4687125 0.0559875 0.4463375 0.0559875 0.4463375 0.07401250000000001 0.4687125 0.07401250000000001 0.4687125 0.0559875
1 0.19413125 0.472325 0.17621875 0.472325 0.17621875 0.49105 0.19413125 0.49105 0.19413125 0.472325
1 0.3738 0.20066875 0.35812499999999997 0.20066875 0.35812499999999997 0.21290625 0.3738 0.21290625 0.3738 0.20066875
1 0.733875 0.18638749999999998 0.7212 0.18638749999999998 0.7212 0.1993625 0.733875 0.1993625 0.733875 0.18638749999999998
1 0.568425 0.01599375 0.5468 0.01599375 0.5468 0.03350625 0.568425 0.03350625 0.568425 0.01599375
1 0.5888 0.92413125 0.568425 0.92413125 0.568425 0.94501875 0.5888 0.94501875 0.5888 0.92413125
1 0.52201875 0.16826875 0.50240625 0.16826875 0.50240625 0.18598125000000001 0.52201875 0.18598125000000001 0.52201875 0.16826875
1 0.69335 0.72663125 0.67775 0.72663125 0.67775 0.74211875 0.69335 0.74211875 0.69335 0.72663125
1 0.8033250000000001 0.0140625 0.78555 0.0140625 0.78555 0.0294875 0.8033250000000001 0.0294875 0.8033250000000001 0.0140625
1 0.83554375 0.1459 0.82363125 0.1459 0.82363125 0.157325 0.83554375 0.157325 0.83554375 0.1459
1 0.8921374999999999 0.501825 0.8803124999999999 0.501825 0.8803124999999999 0.516725 0.8921374999999999 0.516725 0.8921374999999999 0.501825
1 0.5390875 0.8582000000000001 0.5234125 0.8582000000000001 0.5234125 0.874225 0.5390875 0.874225 0.5390875 0.8582000000000001
1 0.9105624999999999 0.03729375 0.8980375 0.03729375 0.8980375 0.04925625 0.9105624999999999 0.04925625 0.9105624999999999 0.03729375
1 0.3495375 0.5963375 0.3350375 0.5963375 0.3350375 0.6097125 0.3495375 0.6097125 0.3495375 0.5963375
1 0.2602625 0.87664375 0.24608750000000001 0.87664375 0.24608750000000001 0.89483125 0.2602625 0.89483125 0.2602625 0.87664375
1 0.7232624999999999 0.11953125 0.7093625 0.11953125 0.7093625 0.13144375 0.7232624999999999 0.13144375 0.7232624999999999 0.11953125
1 0.29490625000000004 0.95828125 0.27491875 0.95828125 0.27491875 0.97726875 0.29490625000000004 0.97726875 0.29490625000000004 0.95828125
1 0.7811125 0.7902750000000001 0.7638125 0.7902750000000001 0.7638125 0.8103 0.7811125 0.8103 0.7811125 0.7902750000000001
1 0.30414375 0.0331625 0.28278125 0.0331625 0.28278125 0.05008749999999999 0.30414375 0.05008749999999999 0.30414375 0.0331625
1 0.851775 0.7245375000000001 0.8396250000000001 0.7245375000000001 0.8396250000000001 0.7403125 0.851775 0.7403125 0.851775 0.7245375000000001
1 0.9694 0.37310625000000003 0.958325 0.37310625000000003 0.958325 0.38421875 0.9694 0.38421875 0.9694 0.37310625000000003
1 0.40625 0.4089125 0.391125 0.4089125 0.391125 0.4221375 0.40625 0.4221375 0.40625 0.4089125
1 0.40645625 0.8772187499999999 0.39091875 0.8772187499999999 0.39091875 0.89133125 0.40645625 0.89133125 0.40645625 0.8772187499999999
1 0.8189624999999999 0.85471875 0.8050625 0.85471875 0.8050625 0.87380625 0.8189624999999999 0.87380625 0.8189624999999999 0.85471875
1 0.45772500000000005 0.10890625000000001 0.4417 0.10890625000000001 0.4417 0.12059375000000001 0.45772500000000005 0.12059375000000001 0.45772500000000005 0.10890625000000001
1 0.77165625 0.9775375000000001 0.75764375 0.9775375000000001 0.75764375 0.9951125 0.77165625 0.9951125 0.77165625 0.9775375000000001
1 0.10865625000000001 0.49368125 0.06711875 0.49368125 0.06711875 0.52584375 0.10865625000000001 0.52584375 0.10865625000000001 0.49368125
1 0.57268125 0.5773625 0.55524375 0.5773625 0.55524375 0.5915874999999999 0.57268125 0.5915874999999999 0.57268125 0.5773625
1 0.89170625 0.6396499999999999 0.8827187500000001 0.6396499999999999 0.8827187500000001 0.649425 0.89170625 0.649425 0.89170625 0.6396499999999999
1 0.13524375 0.981175 0.12355624999999999 0.981175 0.12355624999999999 0.9954000000000001 0.13524375 0.9954000000000001 0.13524375 0.981175
3 0 0 0 0.85125 0.00625 0.85125 0.008749999999999999 0.86 0.013750000000000002 0.86 0.01 0.8637499999999999 0.015 0.86875 0.015 0.88125 0.017499999999999998 0.8875 0.02375 0.89 0.025 0.8975 0.03 0.89875 0.03125 0.9112500000000001 0.0375 0.9125 0.04 0.91875 0.0475 0.9225 0.04625 0.9275 0.05500000000000001 0.93125 0.052500000000000005 0.9349999999999999 0.0625 0.9375 0.06375 0.9512499999999999 0.06999999999999999 0.9525 0.07125000000000001 0.95875 0.0775 0.9625 0.075 0.9662499999999999 0.07875 0.99125 0.08375 0.99875 0.6375 0.99875 0.65 0.99375 0.6575 0.99875 0.755 0.99875 0.75875 0.97625 0.76625 0.98125 0.765 0.9862500000000001 0.77125 0.99875 0.85 0.99875 0.8612500000000001 0.98375 0.8724999999999999 0.9824999999999999 0.865 0.9800000000000001 0.86875 0.95625 0.865 0.9225 0.8612500000000001 0.91875 0.8425 0.91875 0.845 0.9125 0.8574999999999999 0.915 0.8574999999999999 0.9112500000000001 0.85125 0.9087500000000001 0.85125 0.89125 0.845 0.88375 0.8462500000000001 0.87375 0.8425 0.8625 0.835 0.8550000000000001 0.835 0.845 0.82 0.8324999999999999 0.8125 0.81375 0.8175000000000001 0.8099999999999999 0.8099999999999999 0.80375 0.8099999999999999 0.7975 0.79375 0.79 0.7887500000000001 0.77625 0.78125 0.7787499999999999 0.7887500000000001 0.78 0.79 0.7837500000000001 0.7825 0.7849999999999999 0.7787499999999999 0.79 0.7787499999999999 0.80625 0.77 0.8025 0.77625 0.79375 0.76 0.78125 0.75625 0.7525000000000001 0.76375 0.74875 0.76375 0.735 0.7575000000000001 0.73125 0.755 0.7125 0.7787499999999999 0.7112499999999999 0.78125 0.72375 0.7849999999999999 0.725 0.79 0.70375 0.79875 0.7 0.795 0.6975 0.8012499999999999 0.6912499999999999 0.8099999999999999 0.69375 0.81375 0.69625 0.8125 0.7 0.8237500000000001 0.70375 0.8275 0.7112499999999999 0.82875 0.72 0.82 0.73875 0.82875 0.7474999999999999 0.825 0.75125 0.835 0.75625 0.8550000000000001 0.75625 0.8637499999999999 0.75125 0.85625 0.7474999999999999 0.8675 0.74 0.8775000000000001 0.7424999999999999 0.8875 0.73875 0.89 0.7325 0.8975 0.73125 0.9012499999999999 0.7262500000000001 0.925 0.72375 0.9425000000000001 0.70875 0.945 0.69375 0.96 0.6849999999999999 0.96125 0.675 0.9662499999999999 0.67625 0.97875 0.665 0.9887499999999999 0.665 0.9925 0.6525000000000001 0.99875 0.65 0.99875 0.49625 0.99375 0.49625 0.99 0.48875 0.99125 0.47874999999999995 0.99875 0.47625 0.99875 0.24500000000000002 0.9949999999999999 0.24375 0.99875 0.2425 0.99875 0.19875 0.99375 0.2 0.99125 0.19624999999999998 0.99 0.16625 0.98375 0.1575 0.9824999999999999 0.14250000000000002 0.97625 0.13874999999999998 0.9724999999999999 0.11875 0.925 0.008749999999999999 0.9125 0 0.9037499999999999 0.00375 0.8975 0 0.8150000000000001 0 0.79 0.00375 0.7875 0.005 0.8 0.008749999999999999 0.805 0.01625 0.80375 0.028749999999999998 0.79 0.03625 0.7787499999999999 0.025 0.7787499999999999 0.008749999999999999 0.7849999999999999 0.005 0.7537499999999999 0.00375 0.7462500000000001 0.0125 0.7525000000000001 0.0475 0.74875 0.06 0.7537499999999999 0.06375 0.75 0.07625 0.7575000000000001 0.0775 0.75875 0.08375 0.75 0.08625000000000001 0.7462500000000001 0.08375 0.74125 0.061250000000000006 0.74125 0.01 0.73625 0.00625 0.73 0.008749999999999999 0.72375 0.0025 0.7162499999999999 0.00625 0.7025 0 0.40750000000000003 0 0.39375 0.013750000000000002 0.3875 0.01125 0.3725 0.015 0.325 0.01625 0.3025 0.025 0.30375 0.028749999999999998 0.29 0.042499999999999996 0.28875 0.0325 0.24500000000000002 0.034999999999999996 0.20125 0.03 0.14875 0 0.0475 0 0.04375 0.005 0.026250000000000002 0 0.0196875 0 0 0