1 0.32274375 0.2735125 0.29223125 0.2735125 0.29223125 0.3050125 0.32274375 0.3050125 0.32274375 0.2735125
1 0.18541875000000002 0.42578750000000004 0.15930625 0.42578750000000004 0.15930625 0.44921249999999996 0.18541875000000002 0.44921249999999996 0.18541875000000002 0.42578750000000004
1 0.556475 0.26698125 0.537275 0.26698125 0.537275 0.28574375 0.556475 0.28574375 0.556475 0.26698125
1 0.48858750000000006 0.54825 0.4718625 0.54825 0.4718625 0.5748 0.48858750000000006 0.5748 0.48858750000000006 0.54825
1 0.3469875 0.12395624999999999 0.3209875 0.12395624999999999 0.3209875 0.16949375 0.3469875 0.16949375 0.3469875 0.12395624999999999
1 0.5692375000000001 0.46383125 0.5489375 0.46383125 0.5489375 0.48586875 0.5692375000000001 0.48586875 0.5692375000000001 0.46383125
1 0.505675 0.6155999999999999 0.47234999999999994 0.6155999999999999 0.47234999999999994 0.651 0.505675 0.651 0.505675 0.6155999999999999
1 0.48915625 0.32749375000000003 0.45176875 0.32749375000000003 0.45176875 0.35805625 0.48915625 0.35805625 0.48915625 0.32749375000000003
1 0.17273125 0.2642375 0.14319375 0.2642375 0.14319375 0.2928875 0.17273125 0.2928875 0.17273125 0.2642375
1 0.5624374999999999 0.694825 0.5166625 0.694825 0.5166625 0.7280249999999999 0.5624374999999999 0.7280249999999999 0.5624374999999999 0.694825
1 0.27870625000000004 0.567975 0.26669375 0.567975 0.26669375 0.584375 0.27870625000000004 0.584375 0.27870625000000004 0.567975
1 0.68529375 0.55415625 0.66138125 0.55415625 0.66138125 0.5737687499999999 0.68529375 0.5737687499999999 0.68529375 0.55415625
1 0.22075 0.369325 0.196 0.369325 0.196 0.397275 0.22075 0.397275 0.22075 0.369325
1 0.4581625 0.34873750000000003 0.43881249999999994 0.34873750000000003 0.43881249999999994 0.3675625 0.4581625 0.3675625 0.4581625 0.34873750000000003
1 0.20804999999999998 0.19613125 0.1794 0.19613125 0.1794 0.21841875000000002 0.20804999999999998 0.21841875000000002 0.20804999999999998 0.19613125
1 0.7831 0.567375 0.765725 0.567375 0.765725 0.58205 0.7831 0.58205 0.7831 0.567375
1 0.5617625 0.20081875 0.5466375 0.20081875 0.5466375 0.21520625 0.5617625 0.21520625 0.5617625 0.20081875
1 0.8053812499999999 0.25532499999999997 0.78739375 0.25532499999999997 0.78739375 0.27397499999999997 0.8053812499999999 0.27397499999999997 0.8053812499999999 0.25532499999999997
1 0.56586875 0.112725 0.5396062500000001 0.112725 0.5396062500000001 0.141425 0.56586875 0.141425 0.56586875 0.112725
1 0.4773625 0.71275 0.45428750000000007 0.71275 0.45428750000000007 0.73745 0.4773625 0.73745 0.4773625 0.71275
1 0.18760625 0.15395625 0.16321875 0.15395625 0.16321875 0.17636875000000002 0.18760625 0.17636875000000002 0.18760625 0.15395625
1 0.3424 0.6732750000000001 0.329475 0.6732750000000001 0.329475 0.687075 0.3424 0.687075 0.3424 0.6732750000000001
1 0.5277624999999999 0.64680625 0.4800625 0.64680625 0.4800625 0.69694375 0.5277624999999999 0.69694375 0.5277624999999999 0.64680625
1 0.20698124999999998 0.26308125000000004 0.18656875 0.26308125000000004 0.18656875 0.28429375 0.20698124999999998 0.28429375 0.20698124999999998 0.26308125000000004
1 0.12408125 0.4163375 0.10979375 0.4163375 0.10979375 0.42838750000000003 0.12408125 0.42838750000000003 0.12408125 0.4163375
1 0.19134374999999998 0.23945625 0.17120625 0.23945625 0.17120625 0.25664375 0.19134374999999998 0.25664375 0.19134374999999998 0.23945625
1 0.12461249999999999 0.21021874999999998 0.0974375 0.21021874999999998 0.0974375 0.24510625 0.12461249999999999 0.24510625 0.12461249999999999 0.21021874999999998
1 0.2980875 0.17581875 0.28541249999999996 0.17581875 0.28541249999999996 0.18820625 0.2980875 0.18820625 0.2980875 0.17581875
1 0.47726875 0.1791125 0.46705625 0.1791125 0.46705625 0.19296249999999998 0.47726875 0.19296249999999998 0.47726875 0.1791125
1 0.5018625 0.6570750000000001 0.4834875 0.6570750000000001 0.4834875 0.677875 0.5018625 0.677875 0.5018625 0.6570750000000001
1 0.729575 0.60130625 0.7177 0.60130625 0.7177 0.61159375 0.729575 0.61159375 0.729575 0.60130625
1 0.50005625 0.5921937500000001 0.48969375 0.5921937500000001 0.48969375 0.61288125 0.50005625 0.61288125 0.50005625 0.5921937500000001
1 0.6687624999999999 0.025937500000000002 0.6535124999999999 0.025937500000000002 0.6535124999999999 0.0410125 0.6687624999999999 0.0410125 0.6687624999999999 0.025937500000000002
1 0.76951875 0.03810625 0.7558812500000001 0.03810625 0.7558812500000001 0.05394375 0.76951875 0.05394375 0.76951875 0.03810625
1 0.2475875 0.29116875000000003 0.2333625 0.29116875000000003 0.2333625 0.30795625000000004 0.2475875 0.30795625000000004 0.2475875 0.29116875000000003
1 0.6612125 0.27211875 0.6522625 0.27211875 0.6522625 0.28110625 0.6612125 0.28110625 0.6612125 0.27211875
1 0.0800125 0.278625 0.049737500000000004 0.278625 0.049737500000000004 0.3161 0.0800125 0.3161 0.0800125 0.278625
1 0.7401875 0.24787499999999998 0.7295375 0.24787499999999998 0.7295375 0.25895 0.7401875 0.25895 0.7401875 0.24787499999999998
1 0.5176062499999999 0.12668125 0.49996875 0.12668125 0.49996875 0.14529375 0.5176062499999999 0.14529375 0.5176062499999999 0.12668125
1 0.59793125 0.02491875 0.58664375 0.02491875 0.58664375 0.03893125 0.59793125 0.03893125 0.59793125 0.02491875
1 0.8680749999999999 0.1385375 0.8321249999999999 0.1385375 0.8321249999999999 0.19008750000000002 0.8680749999999999 0.19008750000000002 0.8680749999999999 0.1385375
1 0.058675 0.1384 0.00075 0.1384 0.00075 0.2012 0.058675 0.2012 0.058675 0.1384
1 0.2854 0.007075 0.27515 0.007075 0.27515 0.0201 0.2854 0.0201 0.2854 0.007075
1 0.20579375 0.04680625 0.17898125 0.04680625 0.17898125 0.06586875 0.20579375 0.06586875 0.20579375 0.04680625
1 0.40997500000000003 0.7548250000000001 0.396175 0.7548250000000001 0.396175 0.77155 0.40997500000000003 0.77155 0.40997500000000003 0.7548250000000001
1 0.23358125 0.25748125 0.18536875 0.25748125 0.18536875 0.29184375 0.23358125 0.29184375 0.23358125 0.25748125
1 0.7014 0.6130375 0.6902 0.6130375 0.6902 0.6223124999999999 0.7014 0.6223124999999999 0.7014 0.6130375
1 0.35923125 0.67425 0.34974375 0.67425 0.34974375 0.68415 0.35923125 0.68415 0.35923125 0.67425
1 0.6012625 0.00014375 0.5647625 0.00014375 0.5647625 0.02333125 0.6012625 0.02333125 0.6012625 0.00014375
1 0.06434999999999999 0.35633125 0.022575 0.35633125 0.022575 0.39316874999999996 0.06434999999999999 0.39316874999999996 0.06434999999999999 0.35633125
1 0.5297125 0.77201875 0.4829875 0.77201875 0.4829875 0.83345625 0.5297125 0.83345625 0.5297125 0.77201875
1 0.4200125 0.5420375 0.4120125 0.5420375 0.4120125 0.5517125 0.4200125 0.5517125 0.4200125 0.5420375
1 0.20707499999999998 0.415025 0.195025 0.415025 0.195025 0.4258 0.20707499999999998 0.4258 0.20707499999999998 0.415025
1 0.342375 0.7293062499999999 0.27335 0.7293062499999999 0.27335 0.7911937499999999 0.342375 0.7911937499999999 0.342375 0.7293062499999999
1 0.2493875 0.4615625 0.2054375 0.4615625 0.2054375 0.4920625 0.2493875 0.4920625 0.2493875 0.4615625
1 0.48578124999999994 0.45806874999999997 0.46586875 0.45806874999999997 0.46586875 0.47308125 0.48578124999999994 0.47308125 0.48578124999999994 0.45806874999999997
1 0.52766875 0.3394625 0.5065062499999999 0.3394625 0.5065062499999999 0.3631625 0.52766875 0.3631625 0.52766875 0.3394625
1 0 0.26636875 0.012725 0.26636875 0.012725 0.24730625 0 0.24730625 0 0.26636875
1 0.7923312499999999 0.46950624999999996 0.7799437499999999 0.46950624999999996 0.7799437499999999 0.47824375 0.7923312499999999 0.47824375 0.7923312499999999 0.46950624999999996
1 0.42779999999999996 0.70009375 0.418875 0.70009375 0.418875 0.70908125 0.42779999999999996 0.70908125 0.42779999999999996 0.70009375
1 0.5803499999999999 0.20571875 0.551475 0.20571875 0.551475 0.26205625 0.5803499999999999 0.26205625 0.5803499999999999 0.20571875
1 0.51173125 0.2445875 0.50291875 0.2445875 0.50291875 0.25248750000000003 0.51173125 0.25248750000000003 0.51173125 0.2445875
1 0.04449375 0.31494374999999997 0.00418125 0.31494374999999997 0.00418125 0.35205625 0.04449375 0.35205625 0.04449375 0.31494374999999997
1 0.17728125 0.09713125 0.13644375 0.09713125 0.13644375 0.13881875 0.17728125 0.13881875 0.17728125 0.09713125
1 0.5815750000000001 0.7405062499999999 0.497525 0.7405062499999999 0.497525 0.8444437499999999 0.5815750000000001 0.8444437499999999 0.5815750000000001 0.7405062499999999
1 0.30538125 0.682325 0.29179374999999996 0.682325 0.29179374999999996 0.69365 0.30538125 0.69365 0.30538125 0.682325
1 0.21178750000000002 0.6827124999999999 0.19666250000000002 0.6827124999999999 0.19666250000000002 0.6961875 0.21178750000000002 0.6961875 0.21178750000000002 0.6827124999999999
1 0.42514375 0.78840625 0.35855625 0.78840625 0.35855625 0.83366875 0.42514375 0.83366875 0.42514375 0.78840625
1 0.32466249999999997 0.4715625 0.28471250000000003 0.4715625 0.28471250000000003 0.4966875 0.32466249999999997 0.4966875 0.32466249999999997 0.4715625
1 0.320175 0.38011249999999996 0.29652500000000004 0.38011249999999996 0.29652500000000004 0.4016375 0.320175 0.4016375 0.320175 0.38011249999999996
1 0.37328125 0.21466875000000002 0.36354375 0.21466875000000002 0.36354375 0.22503125000000002 0.37328125 0.22503125000000002 0.37328125 0.21466875000000002
1 0.41983750000000003 0.38795 0.38973749999999996 0.38795 0.38973749999999996 0.415275 0.41983750000000003 0.415275 0.41983750000000003 0.38795
1 0.10934999999999999 0.423975 0.023350000000000003 0.423975 0.023350000000000003 0.47787499999999994 0.10934999999999999 0.47787499999999994 0.10934999999999999 0.423975
1 0.35089375 0.21622499999999997 0.33318125 0.21622499999999997 0.33318125 0.2325 0.35089375 0.2325 0.35089375 0.21622499999999997
1 0.54168125 0.54263125 0.52666875 0.54263125 0.52666875 0.58821875 0.54168125 0.58821875 0.54168125 0.54263125
3 0.19375 0 0.18875 0.0025 0.17875000000000002 0.021249999999999998 0.16375 0.0325 0.15375 0.052500000000000005 0.13874999999999998 0.0475 0.12875 0.05125 0.12375 0.0475 0.1025 0.04625 0.10124999999999999 0.041249999999999995 0.09 0.0375 0.08875 0.0325 0.0725 0.03 0.0675 0.02375 0.04625 0.01625 0.04375 0.008749999999999999 0.03625 0.005 0.025 0.00625 0.01875 0.0125 0.0225 0.021249999999999998 0.01625 0.02375 0.015 0.045 0.01 0.0475 0.0075 0.061250000000000006 0 0.06375 0 0.42000000000000004 0.017499999999999998 0.42874999999999996 0.04375 0.45125000000000004 0.095 0.47625 0.185 0.49124999999999996 0.21125 0.49124999999999996 0.2425 0.485 0.24500000000000002 0.49375 0.2325 0.505 0.22749999999999998 0.505 0.23125 0.50875 0.22875 0.51375 0.2125 0.52125 0.21749999999999997 0.525 0.21375000000000002 0.53 0.20875 0.5275000000000001 0.205 0.5337500000000001 0.1925 0.5325 0.18625 0.53625 0.18875 0.54 0.1825 0.545 0.18 0.54125 0.18375 0.53625 0.1775 0.53625 0.1775 0.54125 0.17250000000000001 0.54375 0.175 0.54875 0.16999999999999998 0.55375 0.16625 0.5525 0.16499999999999998 0.545 0.16125 0.54625 0.15875 0.55 0.1675 0.5549999999999999 0.16499999999999998 0.5575 0.14625 0.5599999999999999 0.1375 0.5675 0.12875 0.5625 0.11000000000000001 0.5675 0.125 0.57125 0.10874999999999999 0.575 0.09 0.5875 0.0675 0.5962500000000001 0.04625 0.595 0.04625 0.6025 0.041249999999999995 0.60625 0 0.61625 0 0.635 0.06375 0.61625 0.1975 0.56125 0.20249999999999999 0.5675 0.18375 0.59375 0.17875000000000002 0.6375 0.18 0.66125 0.195 0.72375 0.205 0.7424999999999999 0.22625 0.76375 0.26749999999999996 0.795 0.28125 0.7975 0.3025 0.8099999999999999 0.3775 0.8237500000000001 0.40125 0.83375 0.5 0.845 0.54875 0.86 0.56375 0.8474999999999999 0.5700000000000001 0.8324999999999999 0.585 0.78625 0.59375 0.7424999999999999 0.6075 0.7162499999999999 0.70125 0.6825 0.7424999999999999 0.66125 0.8012499999999999 0.6224999999999999 0.86 0.57375 0.93875 0.53125 0.8975 0.5237499999999999 0.8887499999999999 0.50875 0.88375 0.51 0.875 0.505 0.8724999999999999 0.49375 0.85125 0.47375 0.85 0.46624999999999994 0.8262499999999999 0.44375 0.82 0.4425 0.8175000000000001 0.4325 0.80625 0.42874999999999996 0.80375 0.4225 0.7925 0.42000000000000004 0.78625 0.40750000000000003 0.7675 0.39875 0.7625 0.39125 0.75125 0.38875000000000004 0.7474999999999999 0.38375 0.7175 0.38125 0.7162499999999999 0.37625000000000003 0.7125 0.38125 0.6912499999999999 0.38 0.6950000000000001 0.35750000000000004 0.70125 0.35125 0.77125 0.30874999999999997 0.8087500000000001 0.27875 0.825 0.255 0.8412499999999999 0.22374999999999998 0.8462500000000001 0.19624999999999998 0.85 0.18875 0.86625 0.17625 0.87375 0.155 0.8862500000000001 0.08375 0.89 0.005 0.885 0 0.51125 0 0.50125 0.008749999999999999 0.49000000000000005 0.027500000000000004 0.48250000000000004 0.03 0.47000000000000003 0.04375 0.47000000000000003 0.058750000000000004 0.46749999999999997 0.065 0.4625 0.06625 0.45 0.06 0.4525 0.04 0.46624999999999994 0.021249999999999998 0.4725 0.00625 0.47125000000000006 0 0.46494375000000004 0 0.19375 0