1 0.77158125 0.4152625 0.75251875 0.4152625 0.75251875 0.43548749999999997 0.77158125 0.43548749999999997 0.77158125 0.4152625
1 0.858125 0.3601375 0.8459749999999999 0.3601375 0.8459749999999999 0.3722875 0.858125 0.3722875 0.858125 0.3601375
1 0.7454375 0.40035 0.7340625000000001 0.40035 0.7340625000000001 0.410675 0.7454375 0.410675 0.7454375 0.40035
1 0.371625 0.47245625 0.3603 0.47245625 0.3603 0.48604375 0.371625 0.48604375 0.371625 0.47245625
1 0.5013062500000001 0.6326937499999999 0.48891875 0.6326937499999999 0.48891875 0.6446562499999999 0.5013062500000001 0.6446562499999999 0.5013062500000001 0.6326937499999999
1 0.8870437499999999 0.3605 0.87663125 0.3605 0.87663125 0.371925 0.8870437499999999 0.371925 0.8870437499999999 0.3605
1 0.7193875000000001 0.6778375 0.7044374999999999 0.6778375 0.7044374999999999 0.6913125 0.7193875000000001 0.6913125 0.7193875000000001 0.6778375
1 0.8690562500000001 0.73683125 0.85849375 0.73683125 0.85849375 0.74656875 0.8690562500000001 0.74656875 0.8690562500000001 0.73683125
1 0.6205125 0.53924375 0.6060625 0.53924375 0.6060625 0.55158125 0.6205125 0.55158125 0.6205125 0.53924375
1 0.5388437500000001 0.24476874999999998 0.5295062500000001 0.24476874999999998 0.5295062500000001 0.25450625 0.5388437500000001 0.25450625 0.5388437500000001 0.24476874999999998
1 0.881025 0.46228749999999996 0.868975 0.46228749999999996 0.868975 0.47571250000000004 0.881025 0.47571250000000004 0.881025 0.46228749999999996
1 0.32010625 0.646475 0.30929375000000003 0.646475 0.30929375000000003 0.6592 0.32010625 0.6592 0.32010625 0.646475
1 0.42563125 0.7654124999999999 0.41129375 0.7654124999999999 0.41129375 0.7775624999999999 0.42563125 0.7775624999999999 0.42563125 0.7654124999999999
1 0.9165875 0.28456875 0.9047124999999999 0.28456875 0.9047124999999999 0.29405625 0.9165875 0.29405625 0.9165875 0.28456875
1 0.5135875000000001 0.1823 0.5010625 0.1823 0.5010625 0.1944 0.5135875000000001 0.1944 0.5135875000000001 0.1823
1 0.69810625 0.55470625 0.6837187499999999 0.55470625 0.6837187499999999 0.56931875 0.69810625 0.56931875 0.69810625 0.55470625
1 0.56303125 0.36801875 0.55316875 0.36801875 0.55316875 0.37758125 0.56303125 0.37758125 0.56303125 0.36801875
1 0.586525 0.39690625 0.57655 0.39690625 0.57655 0.40631874999999995 0.586525 0.40631874999999995 0.586525 0.39690625
1 0.568525 0.5879749999999999 0.556475 0.5879749999999999 0.556475 0.5995250000000001 0.568525 0.5995250000000001 0.568525 0.5879749999999999
1 0.969975 0.34076875 0.9587249999999999 0.34076875 0.9587249999999999 0.35063125 0.969975 0.35063125 0.969975 0.34076875
1 0.7371749999999999 0.5001125 0.72475 0.5001125 0.72475 0.5116125 0.7371749999999999 0.5116125 0.7371749999999999 0.5001125
1 0.2974375 0.6383687499999999 0.2841125 0.6383687499999999 0.2841125 0.6526562499999999 0.2974375 0.6526562499999999 0.2974375 0.6383687499999999
1 0.4857625 0.39318749999999997 0.47616250000000004 0.39318749999999997 0.47616250000000004 0.4017375 0.4857625 0.4017375 0.4857625 0.39318749999999997
1 0.53846875 0.4635375 0.52890625 0.4635375 0.52890625 0.4729875 0.53846875 0.4729875 0.53846875 0.4635375
1 0.9160812500000001 0.7192875 0.9052187500000001 0.7192875 0.9052187500000001 0.7299375 0.9160812500000001 0.7299375 0.9160812500000001 0.7192875
1 0.6889000000000001 0.232025 0.6773 0.232025 0.6773 0.24235 0.6889000000000001 0.24235 0.6889000000000001 0.232025
1 0.57670625 0.90146875 0.56684375 0.90146875 0.56684375 0.91103125 0.57670625 0.91103125 0.57670625 0.90146875
1 0.7548874999999999 0.15631875 0.7451125000000001 0.15631875 0.7451125000000001 0.16595625 0.7548874999999999 0.16595625 0.7548874999999999 0.15631875
1 0.7531625 0.266775 0.7419625 0.266775 0.7419625 0.2757 0.7531625 0.2757 0.7531625 0.266775
1 0.5419937499999999 0.09926874999999999 0.53125625 0.09926874999999999 0.53125625 0.10898125 0.5419937499999999 0.10898125 0.5419937499999999 0.09926874999999999
1 0.37471875 0.40411875 0.36600625 0.40411875 0.36600625 0.41375624999999994 0.37471875 0.41375624999999994 0.37471875 0.40411875
1 0.5229625 0.91488125 0.5121875 0.91488125 0.5121875 0.92496875 0.5229625 0.92496875 0.5229625 0.91488125
1 0.746425 0.77315 0.73795 0.77315 0.73795 0.784475 0.746425 0.784475 0.746425 0.77315
1 0.7043125 0.59560625 0.6892375000000001 0.59560625 0.6892375000000001 0.6104437500000001 0.7043125 0.6104437500000001 0.7043125 0.59560625
1 0.5938749999999999 0.63335 0.584825 0.63335 0.584825 0.643025 0.5938749999999999 0.643025 0.5938749999999999 0.63335
1 0.5110375 0.30878125 0.49971249999999995 0.30878125 0.49971249999999995 0.31914375 0.5110375 0.31914375 0.5110375 0.30878125
1 0.300925 0.41049375 0.28795000000000004 0.41049375 0.28795000000000004 0.42250624999999997 0.300925 0.42250624999999997 0.300925 0.41049375
1 0.8639875 0.1412 0.8518375 0.1412 0.8518375 0.153725 0.8639875 0.153725 0.8639875 0.1412
1 0.8246687500000001 0.47076250000000003 0.8091312500000001 0.47076250000000003 0.8091312500000001 0.49018750000000005 0.8246687500000001 0.49018750000000005 0.8246687500000001 0.47076250000000003
1 0.45550625 0.8199875000000001 0.44586875 0.8199875000000001 0.44586875 0.8284625 0.45550625 0.8284625 0.45550625 0.8199875000000001
1 0.432025 0.64989375 0.4215 0.64989375 0.4215 0.65870625 0.432025 0.65870625 0.432025 0.64989375
1 0.72608125 0.84489375 0.71726875 0.84489375 0.71726875 0.8553062499999999 0.72608125 0.8553062499999999 0.72608125 0.84489375
1 0.7380625000000001 0.8493812500000001 0.7297125 0.8493812500000001 0.7297125 0.85861875 0.7380625000000001 0.85861875 0.7380625000000001 0.8493812500000001
1 0.4629875 0.839575 0.4549875 0.839575 0.4549875 0.847925 0.4629875 0.847925 0.4629875 0.839575
1 0.7168249999999999 0.56874375 0.7050500000000001 0.56874375 0.7050500000000001 0.57773125 0.7168249999999999 0.57773125 0.7168249999999999 0.56874375
1 0.581775 0.147925 0.5656749999999999 0.147925 0.5656749999999999 0.162875 0.581775 0.162875 0.581775 0.147925
1 0.24128750000000002 0.44124375000000005 0.2218375 0.44124375000000005 0.2218375 0.45720625000000004 0.24128750000000002 0.45720625000000004 0.24128750000000002 0.44124375000000005
1 0.71489375 0.91109375 0.70503125 0.91109375 0.70503125 0.9219062499999999 0.71489375 0.9219062499999999 0.71489375 0.91109375
1 0.28758125 0.61843125 0.27784375 0.61843125 0.27784375 0.62864375 0.28758125 0.62864375 0.28758125 0.61843125
1 0.86938125 0.7718625 0.86206875 0.7718625 0.86206875 0.7818375 0.86938125 0.7818375 0.86938125 0.7718625
1 0.56588125 0.7569250000000001 0.55716875 0.7569250000000001 0.55716875 0.766525 0.56588125 0.766525 0.56588125 0.7569250000000001
1 0.60545625 0.2285 0.59571875 0.2285 0.59571875 0.24 0.60545625 0.24 0.60545625 0.2285
1 0.4569 0.10916875 0.444475 0.10916875 0.444475 0.12470624999999999 0.4569 0.12470624999999999 0.4569 0.10916875
1 0.86089375 0.2696125 0.8510312499999999 0.2696125 0.8510312499999999 0.2777625 0.86089375 0.2777625 0.86089375 0.2696125
1 0.28226874999999996 0.51581875 0.26998125 0.51581875 0.26998125 0.5261812499999999 0.28226874999999996 0.5261812499999999 0.28226874999999996 0.51581875
1 0.7038562500000001 0.77135 0.69556875 0.77135 0.69556875 0.7804 0.7038562500000001 0.7804 0.7038562500000001 0.77135
1 0.41199375 0.9372125 0.40100625 0.9372125 0.40100625 0.9485374999999999 0.41199375 0.9485374999999999 0.41199375 0.9372125
1 0.79143125 0.6141375 0.7759437499999999 0.6141375 0.7759437499999999 0.6290375 0.79143125 0.6290375 0.79143125 0.6141375
1 0.44123124999999996 0.9284625 0.42694375000000007 0.9284625 0.42694375000000007 0.9426375 0.44123124999999996 0.9426375 0.44123124999999996 0.9284625
1 0.9310562499999999 0.76665 0.92149375 0.76665 0.92149375 0.7773 0.9310562499999999 0.7773 0.9310562499999999 0.76665
1 0.346175 0.91413125 0.330575 0.91413125 0.330575 0.9276687499999999 0.346175 0.9276687499999999 0.346175 0.91413125
1 0.5897375 0.5099875 0.5811625 0.5099875 0.5811625 0.5183375 0.5897375 0.5183375 0.5897375 0.5099875
1 0.82288125 0.3591625 0.81481875 0.3591625 0.81481875 0.3742375 0.82288125 0.3742375 0.82288125 0.3591625
1 0.19811875 0.472225 0.18615625 0.472225 0.18615625 0.48382500000000006 0.19811875 0.48382500000000006 0.19811875 0.472225
1 0.59239375 0.92438125 0.58435625 0.92438125 0.58435625 0.9340187500000001 0.59239375 0.9340187500000001 0.59239375 0.92438125
1 0.22513125 0.5774250000000001 0.21579375 0.5774250000000001 0.21579375 0.589575 0.22513125 0.589575 0.22513125 0.5774250000000001
1 0.6727624999999999 0.905625 0.6543875 0.905625 0.6543875 0.9215249999999999 0.6727624999999999 0.9215249999999999 0.6727624999999999 0.905625
1 0.8158312499999999 0.9119999999999999 0.80526875 0.9119999999999999 0.80526875 0.921975 0.8158312499999999 0.921975 0.8158312499999999 0.9119999999999999
1 0.52985625 0.58713125 0.51506875 0.58713125 0.51506875 0.59841875 0.52985625 0.59841875 0.52985625 0.58713125
1 0.77049375 0.5334749999999999 0.75195625 0.5334749999999999 0.75195625 0.545625 0.77049375 0.545625 0.77049375 0.5334749999999999
1 0.7610625 0.5066937499999999 0.7457625 0.5066937499999999 0.7457625 0.5187062499999999 0.7610625 0.5187062499999999 0.7610625 0.5066937499999999
1 0.86125625 0.8946249999999999 0.8379687499999999 0.8946249999999999 0.8379687499999999 0.913 0.86125625 0.913 0.86125625 0.8946249999999999
1 0.8242625 0.9485125 0.8114874999999999 0.9485125 0.8114874999999999 0.9606625 0.8242625 0.9606625 0.8242625 0.9485125
1 0.2406625 0.583825 0.22443749999999998 0.583825 0.22443749999999998 0.60075 0.2406625 0.60075 0.2406625 0.583825
1 0.5802875000000001 0.09100625 0.5671625 0.09100625 0.5671625 0.10174375 0.5802875000000001 0.10174375 0.5802875000000001 0.09100625
1 0.4764375 0.075575 0.46351250000000005 0.075575 0.46351250000000005 0.090075 0.4764375 0.090075 0.4764375 0.075575
1 0.47913125 0.46152499999999996 0.46814375 0.46152499999999996 0.46814375 0.475 0.47913125 0.475 0.47913125 0.46152499999999996
1 0.36583125 0.9388249999999999 0.35634375 0.9388249999999999 0.35634375 0.9488749999999999 0.36583125 0.9488749999999999 0.36583125 0.9388249999999999
1 0.88986875 0.8689562499999999 0.87965625 0.8689562499999999 0.87965625 0.8800687500000001 0.88986875 0.8800687500000001 0.88986875 0.8689562499999999
1 0.35764375 0.9287812499999999 0.34743124999999997 0.9287812499999999 0.34743124999999997 0.93841875 0.35764375 0.93841875 0.35764375 0.9287812499999999
1 0.44711875 0.06456875 0.43813124999999997 0.06456875 0.43813124999999997 0.07398125 0.44711875 0.07398125 0.44711875 0.06456875
1 0.89346875 0.51441875 0.8829062499999999 0.51441875 0.8829062499999999 0.52660625 0.89346875 0.52660625 0.89346875 0.51441875
1 0.60061875 0.8492625 0.58688125 0.8492625 0.58688125 0.8616875 0.60061875 0.8616875 0.60061875 0.8492625
1 0.369225 0.8744999999999999 0.355375 0.8744999999999999 0.355375 0.8872249999999999 0.369225 0.8872249999999999 0.369225 0.8744999999999999
1 0.3081875 0.37225625 0.2928875 0.37225625 0.2928875 0.38654375 0.3081875 0.38654375 0.3081875 0.37225625
1 0.67924375 0.56198125 0.66450625 0.56198125 0.66450625 0.57571875 0.67924375 0.57571875 0.67924375 0.56198125
1 0.28366875 0.63043125 0.27443125 0.63043125 0.27443125 0.6410437499999999 0.28366875 0.6410437499999999 0.28366875 0.63043125
1 0.8339375 0.582225 0.8115625 0.582225 0.8115625 0.597475 0.8339375 0.597475 0.8339375 0.582225
1 0.12344999999999999 0.5228312500000001 0.1125 0.5228312500000001 0.1125 0.53479375 0.12344999999999999 0.53479375 0.12344999999999999 0.5228312500000001
1 0.6937 0.9019937499999999 0.6607999999999999 0.9019937499999999 0.6607999999999999 0.9261312500000001 0.6937 0.9261312500000001 0.6937 0.9019937499999999
1 0.9734375 0.73233125 0.9621124999999999 0.73233125 0.9621124999999999 0.73934375 0.9734375 0.73934375 0.9734375 0.73233125
1 0.22391875 0.5045124999999999 0.20405625 0.5045124999999999 0.20405625 0.5179375 0.22391875 0.5179375 0.22391875 0.5045124999999999
1 0.12154374999999999 0.2914625 0.11113124999999999 0.2914625 0.11113124999999999 0.3027875 0.12154374999999999 0.3027875 0.12154374999999999 0.2914625
1 0.7788625 0.9726312500000001 0.7484875 0.9726312500000001 0.7484875 0.99904375 0.7788625 0.99904375 0.7788625 0.9726312500000001
1 0.56223125 0.21119374999999999 0.54031875 0.21119374999999999 0.54031875 0.23313125 0.56223125 0.23313125 0.56223125 0.21119374999999999
1 0.4778875 0.34664375000000003 0.45473749999999996 0.34664375000000003 0.45473749999999996 0.35745625 0.4778875 0.35745625 0.4778875 0.34664375000000003
1 0.5668875 0.8517187500000001 0.5405375 0.8517187500000001 0.5405375 0.87778125 0.5668875 0.87778125 0.5668875 0.8517187500000001
1 0.25854374999999996 0.9557249999999999 0.25073124999999996 0.9557249999999999 0.25073124999999996 0.961275 0.25854374999999996 0.961275 0.25854374999999996 0.9557249999999999
1 0.312475 0.15636875 0.304225 0.15636875 0.304225 0.16735625 0.312475 0.16735625 0.312475 0.15636875
1 0.71789375 0.5059 0.6287812500000001 0.5059 0.6287812500000001 0.546825 0.71789375 0.546825 0.71789375 0.5059
1 0.99999375 0.66956875 0.99803125 0.66956875 0.99803125 0.67808125 0.99999375 0.67808125 0.99999375 0.66956875
1 0.56320625 0.66404375 0.49149374999999995 0.66404375 0.49149374999999995 0.70020625 0.56320625 0.70020625 0.56320625 0.66404375
3 0.43624999999999997 0.08375 0.445 0.1025 0.43875000000000003 0.11499999999999999 0.44375 0.11875 0.445 0.12625 0.44375 0.1775 0.44749999999999995 0.22374999999999998 0.45125000000000004 0.22749999999999998 0.45999999999999996 0.27375 0.46375 0.275 0.47125000000000006 0.2975 0.475 0.29874999999999996 0.47750000000000004 0.31875 0.485 0.3225 0.495 0.3375 0.49625 0.34875 0.39 0.35 0.3525 0.355 0.32 0.36625 0.23125 0.4175 0.14875 0.47874999999999995 0.08625000000000001 0.5075000000000001 0.0725 0.52125 0.145 0.54375 0.25 0.62375 0.29874999999999996 0.65625 0.36124999999999996 0.67875 0.45375 0.6925 0.4225 0.7175 0.39 0.76375 0.385 0.7825 0.38 0.7825 0.38 0.7925 0.37374999999999997 0.7975 0.36875 0.8099999999999999 0.37 0.82125 0.36375 0.82125 0.36 0.8412499999999999 0.3625 0.845 0.35625 0.8525 0.355 0.86875 0.34249999999999997 0.905 0.31625000000000003 0.93875 0.31124999999999997 0.95375 0.34249999999999997 0.95625 0.37625000000000003 0.9525 0.50125 0.9525 0.6 0.9412499999999999 0.635 0.92875 0.6837500000000001 0.9225 0.70375 0.9400000000000001 0.7537499999999999 0.99875 0.8074999999999999 0.99875 0.82875 0.9625 0.91875 0.8574999999999999 0.9337500000000001 0.82 0.9375 0.7975 0.9400000000000001 0.7474999999999999 0.9337500000000001 0.705 0.91375 0.6537499999999999 0.89625 0.6275000000000001 0.8724999999999999 0.60625 0.87375 0.6 0.9087500000000001 0.5974999999999999 0.9425000000000001 0.60375 0.9475 0.6012500000000001 0.9550000000000001 0.605 0.97 0.6025 0.99875 0.60625 0.99875 0.5912499999999999 0.99375 0.58875 0.9087500000000001 0.58375 0.9012499999999999 0.5862499999999999 0.89375 0.58125 0.8800000000000001 0.58375 0.87375 0.57875 0.85625 0.5775 0.8525 0.57375 0.86875 0.5575 0.89375 0.545 0.9324999999999999 0.51375 0.9637499999999999 0.4575 0.9887499999999999 0.40374999999999994 0.9925 0.38375 0.99125 0.3125 0.9862500000000001 0.29375 0.975 0.26625 0.93875 0.20750000000000002 0.9199999999999999 0.16875 0.8712500000000001 0.09875 0.85875 0.045 0.8487500000000001 0.03 0.8375 0.028749999999999998 0.8300000000000001 0.0325 0.8 0.08 0.73875 0.14250000000000002 0.7224999999999999 0.1525 0.70375 0.14125000000000001 0.65 0.12375 0.5337500000000001 0.07625 0.45 0.03 0.425 0.02375 0.42374999999999996 0.0225 0.41875 0.025 0.4225 0.04875 0.43624999999999997 0.075 0.43624999999999997 0.08375