1 0.3355 0.18194375000000002 0.3115 0.18194375000000002 0.3115 0.21535625 0.3355 0.21535625 0.3355 0.18194375000000002
1 0.48579375 0.37303125000000004 0.47025625 0.37303125000000004 0.47025625 0.38526875 0.48579375 0.38526875 0.48579375 0.37303125000000004
1 0.2944 0.33278125 0.281275 0.33278125 0.281275 0.34251875 0.2944 0.34251875 0.2944 0.33278125
1 0.5326875 0.42594374999999995 0.5014875 0.42594374999999995 0.5014875 0.45150625 0.5326875 0.45150625 0.5326875 0.42594374999999995
1 0.30440625 0.29726875 0.29276875 0.29726875 0.29276875 0.30965625 0.30440625 0.30965625 0.30440625 0.29726875
1 0.16308125 0.164225 0.14674375 0.164225 0.14674375 0.18295 0.16308125 0.18295 0.16308125 0.164225
1 0.35216875000000003 0.3491625 0.34020625 0.3491625 0.34020625 0.36178750000000004 0.35216875000000003 0.36178750000000004 0.35216875000000003 0.3491625
1 0.02271875 0.1771125 0.00718125 0.1771125 0.00718125 0.1898375 0.02271875 0.1898375 0.02271875 0.1771125
1 0.540425 0.41799375000000005 0.525 0.41799375000000005 0.525 0.43210625 0.540425 0.43210625 0.540425 0.41799375000000005
1 0.23544375 0.2365625 0.22428125 0.2365625 0.22428125 0.24928750000000002 0.23544375 0.24928750000000002 0.23544375 0.2365625
1 0.10033125000000001 0.14923124999999998 0.08436875 0.14923124999999998 0.08436875 0.16766875 0.10033125000000001 0.16766875 0.10033125000000001 0.14923124999999998
1 0.2779625 0.4858375 0.2601125 0.4858375 0.2601125 0.5000125 0.2779625 0.5000125 0.2779625 0.4858375
1 0.2454 0.33690000000000003 0.232625 0.33690000000000003 0.232625 0.34962499999999996 0.2454 0.34962499999999996 0.2454 0.33690000000000003
1 0.6218375 0.3868 0.6105875000000001 0.3868 0.6105875000000001 0.39885000000000004 0.6218375 0.39885000000000004 0.6218375 0.3868
1 0.044318750000000004 0.7833249999999999 0.03203125 0.7833249999999999 0.03203125 0.7967500000000001 0.044318750000000004 0.7967500000000001 0.044318750000000004 0.7833249999999999
1 0.4188625 0.41215 0.40633749999999996 0.41215 0.40633749999999996 0.428675 0.4188625 0.428675 0.4188625 0.41215
1 0.1966375 0.3185 0.1859375 0.3185 0.1859375 0.32847499999999996 0.1966375 0.32847499999999996 0.1966375 0.3185
1 0.2522625 0.23908125 0.2396875 0.23908125 0.2396875 0.24969375 0.2522625 0.24969375 0.2522625 0.23908125
1 0.58944375 0.38011249999999996 0.57950625 0.38011249999999996 0.57950625 0.3908875 0.58944375 0.3908875 0.58944375 0.38011249999999996
1 0.014806250000000002 0.24920625 0.00106875 0.24920625 0.00106875 0.26349374999999997 0.014806250000000002 0.26349374999999997 0.014806250000000002 0.24920625
1 0.71865 0.40710625 0.70225 0.40710625 0.70225 0.41809375 0.71865 0.41809375 0.71865 0.40710625
1 0.0889375 0.25623125 0.07768749999999999 0.25623125 0.07768749999999999 0.26721875 0.0889375 0.26721875 0.0889375 0.25623125
1 0.20558125 0.14608125 0.16746875 0.14608125 0.16746875 0.17179375 0.20558125 0.17179375 0.20558125 0.14608125
1 0.14360625 0.29553124999999997 0.12226875 0.29553124999999997 0.12226875 0.31531875 0.14360625 0.31531875 0.14360625 0.29553124999999997
1 0.19668125 0.1477125 0.18539375 0.1477125 0.18539375 0.1579625 0.19668125 0.1579625 0.19668125 0.1477125
1 0.42490625 0.33551875 0.40664375 0.33551875 0.40664375 0.35198125 0.42490625 0.35198125 0.42490625 0.33551875
1 0.1410125 0.1483375 0.1302375 0.1483375 0.1302375 0.1590375 0.1410125 0.1590375 0.1410125 0.1483375
1 0.06291875 0.38931875 0.04175625 0.38931875 0.04175625 0.41975625 0.06291875 0.41975625 0.06291875 0.38931875
1 0.3728875 0.2518875 0.3575875 0.2518875 0.3575875 0.26568749999999997 0.3728875 0.26568749999999997 0.3728875 0.2518875
1 0.394875 0.17263124999999999 0.38392499999999996 0.17263124999999999 0.38392499999999996 0.18161875 0.394875 0.18161875 0.394875 0.17263124999999999
1 0.09664375 0.32575625 0.07388125 0.32575625 0.07388125 0.34171874999999996 0.09664375 0.34171874999999996 0.09664375 0.32575625
1 0.2340875 0.14925625 0.2244125 0.14925625 0.2244125 0.15981875 0.2340875 0.15981875 0.2340875 0.14925625
1 0.4107 0.36876875 0.398875 0.36876875 0.398875 0.37975625 0.4107 0.37975625 0.4107 0.36876875
1 0.27779375 0.40721875 0.26028125 0.40721875 0.26028125 0.42823124999999995 0.27779375 0.42823124999999995 0.27779375 0.40721875
1 0.15896875 0.457075 0.14840625000000002 0.457075 0.14840625000000002 0.467725 0.15896875 0.467725 0.15896875 0.457075
1 0.23232499999999998 0.4155375 0.22054999999999997 0.4155375 0.22054999999999997 0.42673750000000005 0.23232499999999998 0.42673750000000005 0.23232499999999998 0.4155375
1 0.5753812500000001 0.33135 0.5652437499999999 0.33135 0.5652437499999999 0.33904999999999996 0.5753812500000001 0.33904999999999996 0.5753812500000001 0.33135
1 0.09718750000000001 0.369975 0.0814125 0.369975 0.0814125 0.3854 0.09718750000000001 0.3854 0.09718750000000001 0.369975
1 0.361775 0.46666875 0.35209999999999997 0.46666875 0.35209999999999997 0.47668125000000006 0.361775 0.47668125000000006 0.361775 0.46666875
1 0.32689375 0.44400000000000006 0.31520625 0.44400000000000006 0.31520625 0.45542499999999997 0.32689375 0.45542499999999997 0.32689375 0.44400000000000006
1 0.16623125 0.23390624999999998 0.15506875 0.23390624999999998 0.15506875 0.24241875 0.16623125 0.24241875 0.16623125 0.23390624999999998
1 0.4827125 0.30025 0.47333749999999997 0.30025 0.47333749999999997 0.309125 0.4827125 0.309125 0.4827125 0.30025
1 0.04710625 0.44281249999999994 0.03394375 0.44281249999999994 0.03394375 0.45661250000000003 0.04710625 0.45661250000000003 0.04710625 0.44281249999999994
1 0.0217375 0.00570625 0.0096875 0.00570625 0.0096875 0.01534375 0.0217375 0.01534375 0.0217375 0.00570625
1 0.0727125 0.00098125 0.0597375 0.00098125 0.0597375 0.01214375 0.0727125 0.01214375 0.0727125 0.00098125
1 0.200325 0.501125 0.188825 0.501125 0.188825 0.511575 0.200325 0.511575 0.200325 0.501125
1 0.13585 0.364725 0.11879999999999999 0.364725 0.11879999999999999 0.38039999999999996 0.13585 0.38039999999999996 0.13585 0.364725
1 0.30735625 0.50321875 0.29274374999999997 0.50321875 0.29274374999999997 0.51728125 0.30735625 0.51728125 0.30735625 0.50321875
1 0.3784875 0.5015625 0.3651625 0.5015625 0.3651625 0.5160125 0.3784875 0.5160125 0.3784875 0.5015625
1 0.07295 0.3574125 0.058275 0.3574125 0.058275 0.3715875 0.07295 0.3715875 0.07295 0.3574125
1 0.1266875 0.5924375000000001 0.11463749999999999 0.5924375000000001 0.11463749999999999 0.6028875 0.1266875 0.6028875 0.1266875 0.5924375000000001
1 0.253425 0.5738749999999999 0.241925 0.5738749999999999 0.241925 0.584325 0.253425 0.584325 0.253425 0.5738749999999999
1 0.03041875 0.3437625 0.01143125 0.3437625 0.01143125 0.3618125 0.03041875 0.3618125 0.03041875 0.3437625
1 0.2920625 0.420775 0.27826249999999997 0.420775 0.27826249999999997 0.4342 0.2920625 0.4342 0.2920625 0.420775
1 0.159025 0.39353125 0.14250000000000002 0.39353125 0.14250000000000002 0.41359375 0.159025 0.41359375 0.159025 0.39353125
1 0.11600625 0.35265 0.10116875 0.35265 0.10116875 0.371475 0.11600625 0.371475 0.11600625 0.35265
1 0.013968749999999999 0.806425 0.00033125 0.806425 0.00033125 0.8215 0.013968749999999999 0.8215 0.013968749999999999 0.806425
1 0.055625 0.10804375 0.043 0.10804375 0.043 0.11950625 0.055625 0.11950625 0.055625 0.10804375
1 0.44160625 0.568375 0.42704375 0.568375 0.42704375 0.5810500000000001 0.44160625 0.5810500000000001 0.44160625 0.568375
1 0.1675 0.535725 0.154025 0.535725 0.154025 0.54825 0.1675 0.54825 0.1675 0.535725
1 0.26164375 0.4426 0.24373125 0.4426 0.24373125 0.46072499999999994 0.26164375 0.46072499999999994 0.26164375 0.4426
1 0.08365 0.53956875 0.073325 0.53956875 0.073325 0.54930625 0.08365 0.54930625 0.08365 0.53956875
1 0.3063125 0.59998125 0.2937875 0.59998125 0.2937875 0.60899375 0.3063125 0.60899375 0.3063125 0.59998125
1 0.33156875 0.41841249999999997 0.32223125 0.41841249999999997 0.32223125 0.4277875 0.33156875 0.4277875 0.33156875 0.41841249999999997
1 0.182375 0.38790625 0.142575 0.38790625 0.142575 0.42116875 0.182375 0.42116875 0.182375 0.38790625
1 0.66140625 0.4601375 0.6501187500000001 0.4601375 0.6501187500000001 0.4690625 0.66140625 0.4690625 0.66140625 0.4601375
1 0.4258125 0.48651875 0.41598750000000007 0.48651875 0.41598750000000007 0.49638125000000005 0.4258125 0.49638125000000005 0.4258125 0.48651875
1 0.29974375000000003 0.57888125 0.28620625 0.57888125 0.28620625 0.58909375 0.29974375000000003 0.58909375 0.29974375000000003 0.57888125
1 0.47417499999999996 0.54445 0.45795 0.54445 0.45795 0.56005 0.47417499999999996 0.56005 0.47417499999999996 0.54445
1 0.57658125 0.49989999999999996 0.5562437499999999 0.49989999999999996 0.5562437499999999 0.517675 0.57658125 0.517675 0.57658125 0.49989999999999996
1 0.133275 0.5523687500000001 0.12257499999999999 0.5523687500000001 0.12257499999999999 0.5628562500000001 0.133275 0.5628562500000001 0.133275 0.5523687500000001
1 0.24584999999999999 0.530625 0.229 0.530625 0.229 0.546525 0.24584999999999999 0.546525 0.24584999999999999 0.530625
1 0.52258125 0.3841625 0.5145187499999999 0.3841625 0.5145187499999999 0.3917125 0.52258125 0.3917125 0.52258125 0.3841625
1 0.5641 0.54265 0.5482 0.54265 0.5482 0.554025 0.5641 0.554025 0.5641 0.54265
1 0.1996875 0.36549375 0.1889875 0.36549375 0.1889875 0.37768125 0.1996875 0.37768125 0.1996875 0.36549375
1 0.03119375 0.559225 0.02110625 0.559225 0.02110625 0.5696749999999999 0.03119375 0.5696749999999999 0.03119375 0.559225
1 0.27911874999999997 0.60854375 0.26483124999999996 0.60854375 0.26483124999999996 0.61803125 0.27911874999999997 0.61803125 0.27911874999999997 0.60854375
1 0.3162125 0.37244375 0.2863375 0.37244375 0.2863375 0.38390625 0.3162125 0.38390625 0.3162125 0.37244375
1 0.510875 0.49099375 0.501825 0.49099375 0.501825 0.49973124999999996 0.510875 0.49973124999999996 0.510875 0.49099375
1 0.44427500000000003 0.5289625 0.4356 0.5289625 0.4356 0.5374375 0.44427500000000003 0.5374375 0.44427500000000003 0.5289625
1 0.17628125 0.3822125 0.16454375000000002 0.3822125 0.16454375000000002 0.39513750000000003 0.17628125 0.39513750000000003 0.17628125 0.3822125
1 0.49631875000000003 0.57578125 0.48463124999999996 0.57578125 0.48463124999999996 0.58534375 0.49631875000000003 0.58534375 0.49631875000000003 0.57578125
1 0.359925 0.59783125 0.350025 0.59783125 0.350025 0.60529375 0.359925 0.60529375 0.359925 0.59783125
1 0.4965625 0.4025625 0.4770625 0.4025625 0.4770625 0.4123875 0.4965625 0.4123875 0.4965625 0.4025625
1 0.00760625 0.5606875 0.00014375 0.5606875 0.00014375 0.5731124999999999 0.00760625 0.5731124999999999 0.00760625 0.5606875
1 0.6847125000000001 0.5122625000000001 0.6609875 0.5122625000000001 0.6609875 0.5248375000000001 0.6847125000000001 0.5248375000000001 0.6847125000000001 0.5122625000000001
1 0.06951874999999999 0.60961875 0.05468125 0.60961875 0.05468125 0.61793125 0.06951874999999999 0.61793125 0.06951874999999999 0.60961875
1 0.04989375 0.5459875000000001 0.021081250000000003 0.5459875000000001 0.021081250000000003 0.5712125 0.04989375 0.5712125 0.04989375 0.5459875000000001
1 0.44975 0.47616250000000004 0.403275 0.47616250000000004 0.403275 0.5062625 0.44975 0.5062625 0.44975 0.47616250000000004
1 0.0872 0 0.0872 0.010025000000000001 0.1031 0.010025000000000001 0.1031 0 0.0872 0
1 0.01585625 0.97295625 0.00129375 0.97295625 0.00129375 0.9987187499999999 0.01585625 0.9987187499999999 0.01585625 0.97295625
1 0.1615875 0.15536875 0.08828749999999999 0.15536875 0.08828749999999999 0.21035624999999997 0.1615875 0.21035624999999997 0.1615875 0.15536875
1 0.6090187499999999 0.5061625000000001 0.55308125 0.5061625000000001 0.55308125 0.5582874999999999 0.6090187499999999 0.5582874999999999 0.6090187499999999 0.5061625000000001
1 0.016575 1 0.016575 0.9875999999999999 0.0012749999999999999 0.9875999999999999 0.0012749999999999999 1 0.016575 1
1 0.97543125 0.33445625 0.96304375 0.33445625 0.96304375 0.34474375 0.97543125 0.34474375 0.97543125 0.33445625
3 0 0.59375 0.00625 0.59875 0.04875 0.61625 0.09 0.6275000000000001 0.14875 0.6325000000000001 0.38375 0.62375 0.46375 0.605 0.56375 0.5662499999999999 0.63375 0.53125 0.7025 0.51125 0.7887500000000001 0.505 0.79375 0.51 0.79875 0.53625 0.80625 0.51875 0.805 0.5037499999999999 0.79625 0.49749999999999994 0.8 0.48125 0.7887500000000001 0.47375 0.78625 0.45 0.775 0.43125 0.74875 0.41125 0.72 0.3975 0.67125 0.365 0.52125 0.24375 0.40125 0.16375 0.3025 0.11750000000000001 0.22000000000000003 0.09125 0.11750000000000001 0.08499999999999999 0.07125000000000001 0.0775 0.057499999999999996 0.065 0.05500000000000001 0.0475 0.061250000000000006 0.045 0.058750000000000004 0.03625 0.06375 0.0325 0.06 0.028749999999999998 0.05500000000000001 0.03125 0.052500000000000005 0.026250000000000002 0.05125 0.026250000000000002 0.05125 0.03625 0.04375 0.041249999999999995 0.04625 0.05625 0.03875 0.058750000000000004 0.0375 0.05500000000000001 0.042499999999999996 0.05125 0.03875 0.04 0.03375 0.04 0.03375 0.06 0.028749999999999998 0.058750000000000004 0.025 0.0625 0.02 0.05625 0.01625 0.0675 0.0025 0.0725 0.0075 0.08 0 0.08499999999999999 0 0.59375