1 0.12754375 0.30238125 0.08778125 0.30238125 0.08778125 0.32994375 0.12754375 0.32994375 0.12754375 0.30238125
1 0.110575 0.20134375000000002 0.0857 0.20134375000000002 0.0857 0.22343125000000003 0.110575 0.22343125000000003 0.110575 0.20134375000000002
1 0.6543187500000001 0.459675 0.64090625 0.459675 0.64090625 0.478925 0.6543187500000001 0.478925 0.6543187500000001 0.459675
1 0.8387125 0.5246875 0.8302375 0.5246875 0.8302375 0.5329375 0.8387125 0.5329375 0.8387125 0.5246875
1 0.7610125 0.55030625 0.7526625 0.55030625 0.7526625 0.55809375 0.7610125 0.55809375 0.7610125 0.55030625
1 0.45578124999999997 0.71461875 0.44704375 0.71461875 0.44704375 0.72385625 0.45578124999999997 0.72385625 0.45578124999999997 0.71461875
1 0.34370625 0.759325 0.33499375 0.759325 0.33499375 0.769 0.34370625 0.769 0.34370625 0.759325
1 0.1514375 0.3077 0.1415375 0.3077 0.1415375 0.31975 0.1514375 0.31975 0.1514375 0.3077
1 0.4536875 0.10375000000000001 0.4423125 0.10375000000000001 0.4423125 0.11525 0.4536875 0.11525 0.4536875 0.10375000000000001
1 0.32280625 0.13863125 0.31294374999999997 0.13863125 0.31294374999999997 0.14871875 0.32280625 0.14871875 0.32280625 0.13863125
1 0.43175625 0.1434625 0.42274375 0.1434625 0.42274375 0.1548875 0.43175625 0.1548875 0.43175625 0.1434625
1 0.7020562499999999 0.53335 0.69149375 0.53335 0.69149375 0.5438 0.7020562499999999 0.5438 0.7020562499999999 0.53335
1 0.6380375 0.0184875 0.6246625 0.0184875 0.6246625 0.0324375 0.6380375 0.0324375 0.6380375 0.0184875
1 0.175675 0.74236875 0.16515 0.74236875 0.16515 0.75178125 0.175675 0.75178125 0.175675 0.74236875
1 0.51595625 0.7821374999999999 0.50846875 0.7821374999999999 0.50846875 0.7901374999999999 0.51595625 0.7901374999999999 0.51595625 0.7821374999999999
1 0.27611875 0.094325 0.26295625 0.094325 0.26295625 0.10855 0.27611875 0.10855 0.27611875 0.094325
1 0.294325 0.8871499999999999 0.282825 0.8871499999999999 0.282825 0.8989750000000001 0.294325 0.8989750000000001 0.294325 0.8871499999999999
1 0.06524375 0.85891875 0.05645625 0.85891875 0.05645625 0.8676562499999999 0.06524375 0.8676562499999999 0.06524375 0.85891875
1 0.59776875 0.6937 0.58875625 0.6937 0.58875625 0.7018 0.59776875 0.7018 0.59776875 0.6937
1 0.58129375 0.027068750000000003 0.56813125 0.027068750000000003 0.56813125 0.03788125 0.58129375 0.03788125 0.58129375 0.027068750000000003
1 0.850625 0.61548125 0.8427250000000001 0.61548125 0.8427250000000001 0.62279375 0.850625 0.62279375 0.850625 0.61548125
1 0.27442500000000003 0.7593375 0.267575 0.7593375 0.267575 0.7680125 0.27442500000000003 0.7680125 0.27442500000000003 0.7593375
1 0.24348125 0.0261375 0.23601875 0.0261375 0.23601875 0.0338375 0.24348125 0.0338375 0.24348125 0.0261375
1 0.60860625 0.09499375 0.6013437500000001 0.09499375 0.6013437500000001 0.10360625000000001 0.60860625 0.10360625000000001 0.60860625 0.09499375
1 0.25339375 0.05136875 0.23488125 0.05136875 0.23488125 0.06880625 0.25339375 0.06880625 0.25339375 0.05136875
1 0.20142500000000002 0.21483750000000001 0.183575 0.21483750000000001 0.183575 0.2319375 0.20142500000000002 0.2319375 0.20142500000000002 0.21483750000000001
1 0.21550625 0.0389625 0.19439375 0.0389625 0.19439375 0.0620625 0.21550625 0.0620625 0.21550625 0.0389625
1 0.44349999999999995 0.46995 0.430525 0.46995 0.430525 0.483175 0.44349999999999995 0.483175 0.44349999999999995 0.46995
1 0.0491 0.7464999999999999 0.028525000000000002 0.7464999999999999 0.028525000000000002 0.765225 0.0491 0.765225 0.0491 0.7464999999999999
1 0.47750000000000004 0 0.47750000000000004 0.0097 0.490275 0.0097 0.490275 0 0.47750000000000004 0
1 0.5099875 0.39954999999999996 0.49293750000000003 0.39954999999999996 0.49293750000000003 0.41685 0.5099875 0.41685 0.5099875 0.39954999999999996
1 0.3131875 0.8080937499999999 0.3054625 0.8080937499999999 0.3054625 0.8169062500000001 0.3131875 0.8169062500000001 0.3131875 0.8080937499999999
1 0.33938125 0.27690625 0.31931875 0.27690625 0.31931875 0.29681875 0.33938125 0.29681875 0.33938125 0.27690625
1 0.23246250000000002 0.6360625 0.22041249999999998 0.6360625 0.22041249999999998 0.6490875 0.23246250000000002 0.6490875 0.23246250000000002 0.6360625
1 0.24318749999999997 0.21611875 0.22238750000000002 0.21611875 0.22238750000000002 0.23310625 0.24318749999999997 0.23310625 0.24318749999999997 0.21611875
1 0.387725 0.95285625 0.379375 0.95285625 0.379375 0.96219375 0.387725 0.96219375 0.387725 0.95285625
1 0.08375625 0.48119375 0.07724375 0.48119375 0.07724375 0.48705625 0.08375625 0.48705625 0.08375625 0.48119375
1 0.1842 0.8910562499999999 0.1654 0.8910562499999999 0.1654 0.91364375 0.1842 0.91364375 0.1842 0.8910562499999999
1 0.46240625 0.63984375 0.45166874999999995 0.63984375 0.45166874999999995 0.65020625 0.46240625 0.65020625 0.46240625 0.63984375
1 0.926825 0.6238875 0.914 0.6238875 0.914 0.6339375 0.926825 0.6339375 0.926825 0.6238875
1 0.1663125 0.8166 0.15008749999999998 0.8166 0.15008749999999998 0.838675 0.1663125 0.838675 0.1663125 0.8166
1 0.14356249999999998 0.8337749999999999 0.11913750000000001 0.8337749999999999 0.11913750000000001 0.8547 0.14356249999999998 0.8547 0.14356249999999998 0.8337749999999999
1 0.3955125 0.5246000000000001 0.3749875 0.5246000000000001 0.3749875 0.53985 0.3955125 0.53985 0.3955125 0.5246000000000001
1 0.86781875 0.6509437499999999 0.84018125 0.6509437499999999 0.84018125 0.66838125 0.86781875 0.66838125 0.86781875 0.6509437499999999
1 0.04223125 0.02673125 0.03631875 0.02673125 0.03631875 0.03269375 0.04223125 0.03269375 0.04223125 0.02673125
1 0.54763125 0.3731875 0.5314687499999999 0.3731875 0.5314687499999999 0.3904875 0.54763125 0.3904875 0.54763125 0.3731875
1 0.15776874999999999 0.00225625 0.14813125 0.00225625 0.14813125 0.01449375 0.15776874999999999 0.01449375 0.15776874999999999 0.00225625
1 0.56125625 0.3678625 0.53444375 0.3678625 0.53444375 0.3958125 0.56125625 0.3958125 0.56125625 0.3678625
1 0.18594375000000002 0.53984375 0.17490624999999999 0.53984375 0.17490624999999999 0.5480562499999999 0.18594375000000002 0.5480562499999999 0.18594375000000002 0.53984375
1 0.517675 0.3912375 0.4462 0.3912375 0.4462 0.44128749999999994 0.517675 0.44128749999999994 0.517675 0.3912375
1 0.1756625 0.142175 0.1666125 0.142175 0.1666125 0.15105 0.1756625 0.15105 0.1756625 0.142175
1 0.36603125 0.18532500000000002 0.35661875 0.18532500000000002 0.35661875 0.196025 0.36603125 0.196025 0.36603125 0.18532500000000002
1 0.20305625 0.52121875 0.18561875 0.52121875 0.18561875 0.5373812499999999 0.20305625 0.5373812499999999 0.20305625 0.52121875
1 0.6705 0.00870625 0.5990249999999999 0.00870625 0.5990249999999999 0.09231875 0.6705 0.09231875 0.6705 0.00870625
1 0.23125625 0.1289 0.22064374999999997 0.1289 0.22064374999999997 0.138675 0.23125625 0.138675 0.23125625 0.1289
1 0.09685625 0.521425 0.07769374999999999 0.521425 0.07769374999999999 0.53815 0.09685625 0.53815 0.09685625 0.521425
1 0.2169375 0.9561375 0.2022625 0.9561375 0.2022625 0.9686625 0.2169375 0.9686625 0.2169375 0.9561375
1 0.7687125 0.36988125 0.7498375 0.36988125 0.7498375 0.37621875 0.7687125 0.37621875 0.7687125 0.36988125
1 0.151275 0.68774375 0.142925 0.68774375 0.142925 0.69605625 0.151275 0.69605625 0.151275 0.68774375
1 0.13693125 0.5138625 0.06521875 0.5138625 0.06521875 0.5427875 0.13693125 0.5427875 0.13693125 0.5138625
1 0.94940625 0.5813937499999999 0.9343937499999999 0.5813937499999999 0.9343937499999999 0.60123125 0.94940625 0.60123125 0.94940625 0.5813937499999999
1 0.36665000000000003 0.291675 0.33744999999999997 0.291675 0.33744999999999997 0.3216 0.36665000000000003 0.3216 0.36665000000000003 0.291675
1 0.7061437500000001 0.56706875 0.69130625 0.56706875 0.69130625 0.57940625 0.7061437500000001 0.57940625 0.7061437500000001 0.56706875
1 0.02640625 0.865375 0.01876875 0.865375 0.01876875 0.8728999999999999 0.02640625 0.8728999999999999 0.02640625 0.865375
3 0.25625 0 0.16499999999999998 0.0025 0.16125 0.01125 0.14125000000000001 0.028749999999999998 0.12625 0.04875 0.1 0.0925 0.06999999999999999 0.15375 0.05 0.21749999999999997 0.04875 0.25625 0.05625 0.31625000000000003 0.0625 0.34125 0.0775 0.36875 0.07625 0.3725 0.1 0.42750000000000005 0.12250000000000001 0.45875000000000005 0.15375 0.48875 0.19125 0.5075000000000001 0.205 0.505 0.20750000000000002 0.5125 0.19624999999999998 0.51625 0.1925 0.51125 0.185 0.51 0.095 0.52 0.09 0.5175 0.0875 0.5225 0.08125 0.5175 0 0.5237499999999999 0 0.54125 0.00375 0.54375 0.01125 0.54 0.01625 0.54375 0.028749999999999998 0.54 0.0675 0.5425 0.07125000000000001 0.5387500000000001 0.12250000000000001 0.53625 0.13125 0.54 0.14625 0.5387500000000001 0.15 0.5349999999999999 0.1925 0.5375 0.23125 0.5325 0.2475 0.5325 0.25125000000000003 0.53625 0.24375 0.545 0.06 0.6525000000000001 0.0125 0.68875 0 0.7075 0 0.81875 0.03875 0.9125 0.05500000000000001 0.93625 0.06875 0.9487500000000001 0.07875 0.9525 0.10375000000000001 0.9512499999999999 0.14125000000000001 0.9425000000000001 0.17375000000000002 0.9262499999999999 0.21625 0.89375 0.23625 0.89 0.25 0.89875 0.30874999999999997 0.96 0.3675 0.99875 0.56375 0.99875 0.575 0.93875 0.5725 0.91375 0.58125 0.89375 0.585 0.8574999999999999 0.5825 0.81875 0.5599999999999999 0.7474999999999999 0.5599999999999999 0.72875 0.57625 0.7224999999999999 0.6525000000000001 0.7224999999999999 0.705 0.7175 0.75125 0.7075 0.79375 0.6912499999999999 0.9 0.64 0.9337500000000001 0.63 0.9425000000000001 0.62 0.9475 0.605 0.9425000000000001 0.595 0.93125 0.59375 0.91875 0.585 0.88125 0.54125 0.83125 0.4925 0.76875 0.44625000000000004 0.6875 0.4125 0.6125 0.39125 0.5825 0.3875 0.56875 0.37625000000000003 0.57625 0.365 0.59375 0.35375 0.61375 0.3325 0.645 0.26375000000000004 0.67375 0.1325 0.67875 0.03125 0.6875 0.01 0.68625 0 0.44375 0 0.43499999999999994 0.00625 0.39 0.021249999999999998 0.35375 0.058750000000000004 0.33375 0.0675 0.325 0.06375 0.28875 0.02375 0.27999999999999997 0.021249999999999998 0.27375 0.015 0.27375 0.008749999999999999 0.2625 0 0.25625 0