1 0.58705 0.54333125 0.525825 0.54333125 0.525825 0.60214375 0.58705 0.60214375 0.58705 0.54333125
1 0.7239 0.49941874999999997 0.6698000000000001 0.49941874999999997 0.6698000000000001 0.54543125 0.7239 0.54543125 0.7239 0.49941874999999997
1 0.39614375 0.38944375 0.37348125 0.38944375 0.37348125 0.40750624999999996 0.39614375 0.40750624999999996 0.39614375 0.38944375
1 0.13956249999999998 0.15220625000000002 0.1267875 0.15220625000000002 0.1267875 0.16469375 0.13956249999999998 0.16469375 0.13956249999999998 0.15220625000000002
1 0.05165625 0.34135 0.03159375 0.34135 0.03159375 0.357875 0.05165625 0.357875 0.05165625 0.34135
1 0.15558125 0.54446875 0.14129375 0.54446875 0.14129375 0.55318125 0.15558125 0.55318125 0.15558125 0.54446875
1 0.36593749999999997 0.68595 0.35331250000000003 0.68595 0.35331250000000003 0.698825 0.36593749999999997 0.698825 0.36593749999999997 0.68595
1 0.72864375 0.93160625 0.7166812499999999 0.93160625 0.7166812499999999 0.9424187500000001 0.72864375 0.9424187500000001 0.72864375 0.93160625
1 0.23110624999999999 0.3061875 0.21909375 0.3061875 0.21909375 0.32466249999999997 0.23110624999999999 0.32466249999999997 0.23110624999999999 0.3061875
1 0.25923124999999997 0.06215625 0.24516875 0.06215625 0.24516875 0.08176875 0.25923124999999997 0.08176875 0.25923124999999997 0.06215625
1 0.52085625 0.85531875 0.51136875 0.85531875 0.51136875 0.86440625 0.52085625 0.86440625 0.52085625 0.85531875
1 0.1950375 0.493775 0.1870375 0.493775 0.1870375 0.502325 0.1950375 0.502325 0.1950375 0.493775
1 0.54986875 0.90140625 0.54193125 0.90140625 0.54193125 0.91011875 0.54986875 0.91011875 0.54986875 0.90140625
1 0.40605624999999995 0.49715625 0.39961875 0.49715625 0.39961875 0.50381875 0.40605624999999995 0.50381875 0.40605624999999995 0.49715625
1 0.4742 0.34481875 0.462325 0.34481875 0.462325 0.35390625 0.4742 0.35390625 0.4742 0.34481875
1 0.42586874999999996 0.7676875 0.41153125 0.7676875 0.41153125 0.7791875 0.42586874999999996 0.7791875 0.42586874999999996 0.7676875
1 0.35428125 0.49272499999999997 0.34834375 0.49272499999999997 0.34834375 0.499475 0.35428125 0.499475 0.35428125 0.49272499999999997
1 0.3294 0.28805000000000003 0.31415000000000004 0.28805000000000003 0.31415000000000004 0.30227499999999996 0.3294 0.30227499999999996 0.3294 0.28805000000000003
1 0.48600000000000004 0.7308375 0.469075 0.7308375 0.469075 0.7447375 0.48600000000000004 0.7447375 0.48600000000000004 0.7308375
1 0.0171 0.6317375000000001 0.003725 0.6317375000000001 0.003725 0.6426875 0.0171 0.6426875 0.0171 0.6317375000000001
1 0.0733 0.76266875 0.049575 0.76266875 0.049575 0.77933125 0.0733 0.77933125 0.0733 0.76266875
1 0.3486375 0.4094375 0.3281125 0.4094375 0.3281125 0.4250375 0.3486375 0.4250375 0.3486375 0.4094375
1 0.31878125 0.86941875 0.30134375 0.86941875 0.30134375 0.89328125 0.31878125 0.89328125 0.31878125 0.86941875
1 0.6166625 0.7387875 0.5972125 0.7387875 0.5972125 0.7582875 0.6166625 0.7582875 0.6166625 0.7387875
1 0.15975625 0.67916875 0.14076875 0.67916875 0.14076875 0.6968062500000001 0.15975625 0.6968062500000001 0.15975625 0.67916875
1 0.26439375 0.3816875 0.24000625000000003 0.3816875 0.24000625000000003 0.4059125 0.26439375 0.4059125 0.26439375 0.3816875
1 0.59311875 0.664025 0.57388125 0.664025 0.57388125 0.6846 0.59311875 0.6846 0.59311875 0.664025
1 0.81943125 0.5401687500000001 0.78409375 0.5401687500000001 0.78409375 0.56140625 0.81943125 0.56140625 0.81943125 0.5401687500000001
1 0.37273125 0.97390625 0.35529375 0.97390625 0.35529375 0.99289375 0.37273125 0.99289375 0.37273125 0.97390625
1 0.1778 0.8405374999999999 0.15714999999999998 0.8405374999999999 0.15714999999999998 0.8645375 0.1778 0.8645375 0.1778 0.8405374999999999
1 0.2749875 0.9006437500000001 0.2640875 0.9006437500000001 0.2640875 0.91380625 0.2749875 0.91380625 0.2749875 0.9006437500000001
1 0.36674375000000003 0.23030625 0.31245625 0.23030625 0.31245625 0.27311874999999997 0.36674375000000003 0.27311874999999997 0.36674375000000003 0.23030625
1 0.31681875000000004 0.76276875 0.30280625 0.76276875 0.30280625 0.78020625 0.31681875000000004 0.78020625 0.31681875000000004 0.76276875
1 0.59814375 0.88083125 0.58155625 0.88083125 0.58155625 0.8984687499999999 0.59814375 0.8984687499999999 0.59814375 0.88083125
1 0.1116 0.33195625 0.10325 0.33195625 0.10325 0.33941875 0.1116 0.33941875 0.1116 0.33195625
1 0.787525 0.9607687500000001 0.773025 0.9607687500000001 0.773025 0.9767312499999999 0.787525 0.9767312499999999 0.787525 0.9607687500000001
1 0.40168125000000005 0.6714875 0.38299375 0.6714875 0.38299375 0.6888625 0.40168125000000005 0.6888625 0.40168125000000005 0.6714875
1 0.0521625 0.50890625 0.044637500000000004 0.50890625 0.044637500000000004 0.51551875 0.0521625 0.51551875 0.0521625 0.50890625
1 0.44646875 0.6283937500000001 0.43000625000000003 0.6283937500000001 0.43000625000000003 0.64603125 0.44646875 0.64603125 0.44646875 0.6283937500000001
1 0.218275 0.7932125 0.20237500000000003 0.7932125 0.20237500000000003 0.8103125 0.218275 0.8103125 0.218275 0.7932125
1 0.5277375 0.37959375 0.5113375 0.37959375 0.5113375 0.39775625 0.5277375 0.39775625 0.5277375 0.37959375
1 0.3657625 0.45625 0.35543749999999996 0.45625 0.35543749999999996 0.46807499999999996 0.3657625 0.46807499999999996 0.3657625 0.45625
1 0.28173750000000003 0.816175 0.2583125 0.816175 0.2583125 0.843975 0.28173750000000003 0.843975 0.28173750000000003 0.816175
1 0.9796374999999999 0.39099375 0.9578625000000001 0.39099375 0.9578625000000001 0.41223124999999994 0.9796374999999999 0.41223124999999994 0.9796374999999999 0.39099375
1 0.77519375 0.3523375 0.72188125 0.3523375 0.72188125 0.3830125 0.77519375 0.3830125 0.77519375 0.3523375
1 0.7379249999999999 0.71133125 0.716175 0.71133125 0.716175 0.73201875 0.7379249999999999 0.73201875 0.7379249999999999 0.71133125
1 0.16425 0.19631875000000001 0.155575 0.19631875000000001 0.155575 0.20333125000000002 0.16425 0.20333125000000002 0.16425 0.19631875000000001
1 0.2642125 0.49159375 0.2548375 0.49159375 0.2548375 0.5006062499999999 0.2642125 0.5006062499999999 0.2642125 0.49159375
1 0.5010625 0.58250625 0.4774625 0.58250625 0.4774625 0.60596875 0.5010625 0.60596875 0.5010625 0.58250625
1 0.7189125 0.580225 0.6922125 0.580225 0.6922125 0.603375 0.7189125 0.603375 0.7189125 0.580225
1 0.54045625 0.85918125 0.52399375 0.85918125 0.52399375 0.8810437500000001 0.54045625 0.8810437500000001 0.54045625 0.85918125
1 0.8550375000000001 0.6478375 0.8207375000000001 0.6478375 0.8207375000000001 0.6783375 0.8550375000000001 0.6783375 0.8550375000000001 0.6478375
1 0.019487499999999998 0.1056875 0.0111125 0.1056875 0.0111125 0.1145375 0.019487499999999998 0.1145375 0.019487499999999998 0.1056875
1 0.500075 0.68965 0.4838 0.68965 0.4838 0.702925 0.500075 0.702925 0.500075 0.68965
1 0.0314375 0.13069375 0.006687500000000001 0.13069375 0.006687500000000001 0.15203125 0.0314375 0.15203125 0.0314375 0.13069375
1 0.87121875 0.38606875 0.84460625 0.38606875 0.84460625 0.40690625 0.87121875 0.40690625 0.87121875 0.38606875
3 0.0475 0 0.042499999999999996 0.015 0.03625 0.00625 0.02375 0.008749999999999999 0.015 0.017499999999999998 0 0.02375 0 0.17124999999999999 0.005 0.16999999999999998 0.008749999999999999 0.175 0.01125 0.17124999999999999 0.015 0.17250000000000001 0.015 0.1825 0 0.18875 0 0.5775 0.00375 0.58 0.005 0.5912499999999999 0.0075 0.57875 0.0125 0.5825 0.015 0.58 0.013750000000000002 0.5675 0.00625 0.55625 0.0075 0.54 0.013750000000000002 0.5387500000000001 0.0125 0.5325 0.017499999999999998 0.5237499999999999 0.021249999999999998 0.55125 0.03 0.55375 0.034999999999999996 0.5599999999999999 0.0325 0.56875 0.025 0.5650000000000001 0.02 0.5700000000000001 0.02 0.585 0.028749999999999998 0.5912499999999999 0.0225 0.595 0.027500000000000004 0.6012500000000001 0.025 0.61125 0.028749999999999998 0.61 0.03125 0.61375 0.03125 0.6375 0.0475 0.6425 0.04625 0.65625 0.05375 0.655 0.05625 0.6425 0.061250000000000006 0.64625 0.05375 0.63875 0.057499999999999996 0.63125 0.061250000000000006 0.63125 0.0625 0.64 0.06875 0.6425 0.058750000000000004 0.6525000000000001 0.058750000000000004 0.67125 0.05500000000000001 0.67 0.052500000000000005 0.6587500000000001 0.045 0.665 0.04375 0.66875 0.05 0.67625 0.04625 0.7025 0.061250000000000006 0.7 0.06 0.67125 0.06875 0.67125 0.06875 0.64375 0.0775 0.63875 0.0775 0.6275000000000001 0.08499999999999999 0.6224999999999999 0.0875 0.61125 0.09125 0.6174999999999999 0.0925 0.5962500000000001 0.10375000000000001 0.5875 0.10874999999999999 0.5925 0.10375000000000001 0.6425 0.125 0.68125 0.12375 0.6875 0.11750000000000001 0.68875 0.11499999999999999 0.6825 0.1075 0.67875 0.10874999999999999 0.67125 0.09875 0.66875 0.09875 0.66125 0.095 0.67 0.08499999999999999 0.66625 0.08 0.6725 0.075 0.69625 0.07625 0.70875 0.058750000000000004 0.74375 0.061250000000000006 0.7625 0.05125 0.7675 0.052500000000000005 0.775 0.0625 0.7787499999999999 0.045 0.7825 0.042499999999999996 0.80625 0.0375 0.8175000000000001 0.0325 0.8175000000000001 0.028749999999999998 0.84375 0.03125 0.8487500000000001 0.026250000000000002 0.86 0.03 0.86875 0.02375 0.88375 0.03375 0.9037499999999999 0.065 0.945 0.09875 0.9775 0.13625 0.99875 0.155 0.99875 0.1575 0.9949999999999999 0.18125 0.9925 0.20125 0.9962500000000001 0.22999999999999998 0.99375 0.24375 0.99875 0.24874999999999997 0.99875 0.25125000000000003 0.99375 0.27875 0.9962500000000001 0.27999999999999997 0.985 0.28500000000000003 0.9824999999999999 0.2975 0.99875 0.30375 0.99875 0.30625 0.99375 0.3125 0.99875 0.53 0.99875 0.5325 0.99375 0.54375 0.9949999999999999 0.54625 0.99875 0.5675 0.99875 0.5725 0.99375 0.5912499999999999 0.9949999999999999 0.59375 0.99875 0.72375 0.99875 0.7262500000000001 0.9949999999999999 0.7537499999999999 0.9875 0.8612500000000001 0.9824999999999999 0.8925000000000001 0.9737500000000001 0.8949999999999999 0.9675 0.8875 0.9425000000000001 0.8462500000000001 0.8887499999999999 0.8412499999999999 0.87625 0.8300000000000001 0.86625 0.8099999999999999 0.8237500000000001 0.795 0.8012499999999999 0.7787499999999999 0.76125 0.76875 0.72375 0.8300000000000001 0.6912499999999999 0.86625 0.6575 0.94375 0.62375 0.9512499999999999 0.615 0.9550000000000001 0.6025 0.97625 0.58 0.9887499999999999 0.495 0.99875 0.45499999999999996 0.99875 0.34625 0.9075 0.34500000000000003 0.8787499999999999 0.34125 0.825 0.33125 0.8 0.3225 0.7212500000000001 0.31 0.68625 0.29874999999999996 0.58875 0.25625 0.51375 0.23625 0.45875000000000005 0.21375000000000002 0.35750000000000004 0.215 0.35625 0.21125 0.38375 0.21000000000000002 0.3875 0.20125 0.39249999999999996 0.20750000000000002 0.39875 0.2 0.40625 0.17625 0.40374999999999994 0.1575 0.41125 0.15375 0.41125 0.14750000000000002 0.40750000000000003 0.14625 0.41 0.13374999999999998 0.4125 0.12625 0.42000000000000004 0.12250000000000001 0.41875 0.11750000000000001 0.4225 0.11374999999999999 0.41875 0.1075 0.42125 0.08125 0.41624999999999995 0.06375 0.41125 0.06 0.41125 0.0475 0.41500000000000004 0.04375 0.4125 0.021249999999999998 0.39249999999999996 0.0025 0.3875 0.008749999999999999 0.37625000000000003 0 0.3725 0.01 0.3675 0.00625 0.35625 0.01625 0.34500000000000003 0.01625 0.33999999999999997 0 0.3275 0 0.325 0.005 0.3225 0 0.3125 0 0.31 0.005 0.30625 0 0.3025 0.00375 0.2975 0 0.29500000000000004 0.005 0.28250000000000003 0.0025 0.27875 0.0075 0.26749999999999996 0.00375 0.22999999999999998 0.005 0.22875 0 0.225 0.00375 0.22000000000000003 0 0.21625 0.0125 0.2125 0.0075 0.20875 0.01125 0.20375000000000001 0.008749999999999999 0.20249999999999999 0.015 0.195 0.017499999999999998 0.1925 0.028749999999999998 0.20249999999999999 0.07625 0.20750000000000002 0.075 0.20375000000000001 0.06375 0.20875 0.061250000000000006 0.2125 0.0725 0.21625 0.06999999999999999 0.21749999999999997 0.07625 0.22625 0.08 0.22875 0.08875 0.2325 0.12250000000000001 0.2225 0.13999999999999999 0.21625 0.13 0.21375000000000002 0.1075 0.20750000000000002 0.10625 0.20249999999999999 0.11000000000000001 0.20125 0.12625 0.18875 0.1375 0.185 0.12375 0.16875 0.12625 0.1625 0.12250000000000001 0.1625 0.11750000000000001 0.17375000000000002 0.11000000000000001 0.16375 0.11000000000000001 0.16125 0.11374999999999999 0.15875 0.10874999999999999 0.15375 0.11000000000000001 0.15 0.10625 0.15875 0.095 0.15 0.0925 0.14625 0.0975 0.13874999999999998 0.0975 0.12875 0.09 0.12250000000000001 0.06875 0.12625 0.057499999999999996 0.13999999999999999 0.06 0.14125000000000001 0.05625 0.135 0.04875 0.1375 0.042499999999999996 0.13125 0.03625 0.13874999999999998 0.03 0.13874999999999998 0.02 0.1275 0.008749999999999999 0.11750000000000001 0.00625 0.11875 0 0.11625 0.00375 0.11000000000000001 0 0.1125 0.005 0.1075 0.0075 0.1025 0.005 0.10375000000000001 0 0.1 0.00375 0.095 0 0.09125 0.0075 0.08 0.0025 0.0775 0.00625 0.0625 0.0075 0.05625 0 0.052500000000000005 0.005 0.04875 0 0.0475 0