1 0.5287375 0.3958375 0.4708375 0.3958375 0.4708375 0.4520625 0.5287375 0.4520625 0.5287375 0.3958375
1 0.6643875 0.5345625 0.6354124999999999 0.5345625 0.6354124999999999 0.5718875 0.6643875 0.5718875 0.6643875 0.5345625
1 0.35566875 0.77563125 0.31230625 0.77563125 0.31230625 0.8200687500000001 0.35566875 0.8200687500000001 0.35566875 0.77563125
1 0.5694 0.4740125 0.534125 0.4740125 0.534125 0.5132875 0.5694 0.5132875 0.5694 0.4740125
1 0.7993875 0.2269625 0.7728875000000001 0.2269625 0.7728875000000001 0.24788749999999998 0.7993875 0.24788749999999998 0.7993875 0.2269625
1 0.76510625 0.45599375000000003 0.73196875 0.45599375000000003 0.73196875 0.47858124999999996 0.76510625 0.47858124999999996 0.76510625 0.45599375000000003
1 0.9604374999999999 0.61590625 0.9350625000000001 0.61590625 0.9350625000000001 0.63409375 0.9604374999999999 0.63409375 0.9604374999999999 0.61590625
1 0.49883749999999993 0.2267875 0.4708875 0.2267875 0.4708875 0.24318749999999997 0.49883749999999993 0.24318749999999997 0.49883749999999993 0.2267875
1 0.404725 0.55778125 0.3814 0.55778125 0.3814 0.57894375 0.404725 0.57894375 0.404725 0.55778125
1 0.872025 0.215925 0.85355 0.215925 0.85355 0.22890000000000002 0.872025 0.22890000000000002 0.872025 0.215925
1 0.2979375 0.6142375 0.2743375 0.6142375 0.2743375 0.6299125 0.2979375 0.6299125 0.2979375 0.6142375
1 0.375725 0.2290125 0.3606 0.2290125 0.3606 0.2429125 0.375725 0.2429125 0.375725 0.2290125
1 0.36979375000000003 0.56196875 0.34895624999999997 0.56196875 0.34895624999999997 0.58450625 0.36979375000000003 0.58450625 0.36979375000000003 0.56196875
1 0.89625 0.15985 0.882075 0.15985 0.882075 0.172425 0.89625 0.172425 0.89625 0.15985
1 0.42532500000000006 0.5853312500000001 0.40475000000000005 0.5853312500000001 0.40475000000000005 0.60509375 0.42532500000000006 0.60509375 0.42532500000000006 0.5853312500000001
1 0.706025 0.5286562499999999 0.6348 0.5286562499999999 0.6348 0.5943937499999999 0.706025 0.5943937499999999 0.706025 0.5286562499999999
1 0.9711562499999999 0.40789375000000005 0.95364375 0.40789375000000005 0.95364375 0.42023124999999995 0.9711562499999999 0.42023124999999995 0.9711562499999999 0.40789375000000005
1 0.72246875 0.11956875 0.7023312500000001 0.11956875 0.7023312500000001 0.13458125 0.72246875 0.13458125 0.72246875 0.11956875
1 0.35308125 0.36191249999999997 0.33589375 0.36191249999999997 0.33589375 0.37636250000000004 0.35308125 0.37636250000000004 0.35308125 0.36191249999999997
1 0.9327937500000001 0.3690375 0.91778125 0.3690375 0.91778125 0.37998750000000003 0.9327937500000001 0.37998750000000003 0.9327937500000001 0.3690375
1 0.3871875 0.8680937500000001 0.3691625 0.8680937500000001 0.3691625 0.88288125 0.3871875 0.88288125 0.3871875 0.8680937500000001
1 0.7155 0.79353125 0.691725 0.79353125 0.691725 0.8148687499999999 0.7155 0.8148687499999999 0.7155 0.79353125
1 0.658125 0.22329374999999999 0.643625 0.22329374999999999 0.643625 0.23520625 0.658125 0.23520625 0.658125 0.22329374999999999
1 0.65284375 0.6118812499999999 0.63425625 0.6118812499999999 0.63425625 0.62834375 0.65284375 0.62834375 0.65284375 0.6118812499999999
1 0.27203750000000004 0.357775 0.2553125 0.357775 0.2553125 0.37172499999999997 0.27203750000000004 0.37172499999999997 0.27203750000000004 0.357775
1 0.594625 0.50566875 0.5791999999999999 0.50566875 0.5791999999999999 0.51973125 0.594625 0.51973125 0.594625 0.50566875
1 0.63300625 0.1547125 0.61406875 0.1547125 0.61406875 0.1704875 0.63300625 0.1704875 0.63300625 0.1547125
1 0.1843625 0.47059375000000003 0.16523749999999998 0.47059375000000003 0.16523749999999998 0.48935625 0.1843625 0.48935625 0.1843625 0.47059375000000003
1 0.8773937500000001 0.28889375 0.86185625 0.28889375 0.86185625 0.30290625000000004 0.8773937500000001 0.30290625000000004 0.8773937500000001 0.28889375
1 0.99999375 0.9433999999999999 0.95885625 0.9433999999999999 0.95885625 0.9833500000000001 0.99999375 0.9833500000000001 0.99999375 0.9433999999999999
1 0.2413875 0.66934375 0.20831249999999998 0.66934375 0.20831249999999998 0.6861312500000001 0.2413875 0.6861312500000001 0.2413875 0.66934375
1 0.071575 0.39311250000000003 0.0522 0.39311250000000003 0.0522 0.40913750000000004 0.071575 0.40913750000000004 0.071575 0.39311250000000003
1 0.4616625 0.3660875 0.44556250000000003 0.3660875 0.44556250000000003 0.3809875 0.4616625 0.3809875 0.4616625 0.3660875
1 0.19169375 0.36380625 0.17573125 0.36380625 0.17573125 0.37739375000000003 0.19169375 0.37739375000000003 0.19169375 0.36380625
1 0.377975 0.45689375 0.3559 0.45689375 0.3559 0.47523125000000005 0.377975 0.47523125000000005 0.377975 0.45689375
1 0.41533749999999997 0.38064375 0.4000875 0.38064375 0.4000875 0.39475625000000003 0.41533749999999997 0.39475625000000003 0.41533749999999997 0.38064375
1 0.4605625 0.75761875 0.4403125 0.75761875 0.4403125 0.7746062499999999 0.4605625 0.7746062499999999 0.4605625 0.75761875
1 0.625525 0.8326687500000001 0.60495 0.8326687500000001 0.60495 0.85093125 0.625525 0.85093125 0.625525 0.8326687500000001
1 0.06970625 0.307775 0.05071875 0.307775 0.05071875 0.321625 0.06970625 0.321625 0.06970625 0.307775
1 0.5222687500000001 0.52153125 0.50508125 0.52153125 0.50508125 0.53511875 0.5222687500000001 0.53511875 0.5222687500000001 0.52153125
1 0.66815625 0.78458125 0.65116875 0.78458125 0.65116875 0.80429375 0.66815625 0.80429375 0.66815625 0.78458125
1 0.5073125 0.2767875 0.4921875 0.2767875 0.4921875 0.2896125 0.5073125 0.2896125 0.5073125 0.2767875
1 0.8662875 0.60436875 0.8426875 0.60436875 0.8426875 0.61633125 0.8662875 0.61633125 0.8662875 0.60436875
1 0.9919 0.40401875 0.9758749999999999 0.40401875 0.9758749999999999 0.41775624999999994 0.9919 0.41775624999999994 0.9919 0.40401875
1 0.9774687500000001 0.0788375 0.96100625 0.0788375 0.96100625 0.0941375 0.9774687500000001 0.0941375 0.9774687500000001 0.0788375
1 0.23411875000000001 0.62745625 0.21778124999999998 0.62745625 0.21778124999999998 0.64109375 0.23411875000000001 0.64109375 0.23411875000000001 0.62745625
1 0.9079875 0.09592500000000001 0.8898624999999999 0.09592500000000001 0.8898624999999999 0.109775 0.9079875 0.109775 0.9079875 0.09592500000000001
1 0.5551999999999999 0.7395625 0.539525 0.7395625 0.539525 0.7526375 0.5551999999999999 0.7526375 0.5551999999999999 0.7395625
1 0.45010000000000006 0.20055625 0.4337 0.20055625 0.4337 0.21424375 0.45010000000000006 0.21424375 0.45010000000000006 0.20055625
1 0.50204375 0.064125 0.48720625 0.064125 0.48720625 0.077975 0.50204375 0.077975 0.50204375 0.064125
1 0.6456625 0.03401875 0.6307125 0.03401875 0.6307125 0.04630625 0.6456625 0.04630625 0.6456625 0.03401875
1 0.74756875 0.48563124999999996 0.73388125 0.48563124999999996 0.73388125 0.49726875000000004 0.74756875 0.49726875000000004 0.74756875 0.48563124999999996
1 0.375725 0.6223875 0.3606 0.6223875 0.3606 0.6344375 0.375725 0.6344375 0.375725 0.6223875
1 0.7922125 0.762475 0.7741875 0.762475 0.7741875 0.779525 0.7922125 0.779525 0.7922125 0.762475
1 0.681075 0.05938125 0.666575 0.05938125 0.666575 0.07111875 0.681075 0.07111875 0.681075 0.05938125
1 0.8889250000000001 0.14015625 0.87475 0.14015625 0.87475 0.15206875 0.8889250000000001 0.15206875 0.8889250000000001 0.14015625
1 0.29305 0.70920625 0.264075 0.70920625 0.264075 0.73316875 0.29305 0.73316875 0.29305 0.70920625
1 0.83625 0.63553125 0.822925 0.63553125 0.822925 0.6466937500000001 0.83625 0.6466937500000001 0.83625 0.63553125
1 0.41738749999999997 0.6433875 0.4039125 0.6433875 0.4039125 0.6554375 0.41738749999999997 0.6554375 0.41738749999999997 0.6433875
1 0.78888125 0.39815 0.77654375 0.39815 0.77654375 0.40752499999999997 0.78888125 0.40752499999999997 0.78888125 0.39815
1 0.76181875 0.24820000000000003 0.7469812499999999 0.24820000000000003 0.7469812499999999 0.259625 0.76181875 0.259625 0.76181875 0.24820000000000003
1 0.76403125 0.048418749999999997 0.7496437499999999 0.048418749999999997 0.7496437499999999 0.057606250000000005 0.76403125 0.057606250000000005 0.76403125 0.048418749999999997
1 0.6758124999999999 0.8700875 0.6552374999999999 0.8700875 0.6552374999999999 0.9111625 0.6758124999999999 0.9111625 0.6758124999999999 0.8700875
1 0.4784 0.86981875 0.4591 0.86981875 0.4591 0.88700625 0.4784 0.88700625 0.4784 0.86981875
1 0.20445625 0.78759375 0.18544375 0.78759375 0.18544375 0.8012812500000001 0.20445625 0.8012812500000001 0.20445625 0.78759375
1 0.9967124999999999 0.49597499999999994 0.9798625 0.49597499999999994 0.9798625 0.5089 0.9967124999999999 0.5089 0.9967124999999999 0.49597499999999994
1 0.62409375 0.9585437499999999 0.60638125 0.9585437499999999 0.60638125 0.97213125 0.62409375 0.97213125 0.62409375 0.9585437499999999
1 0.52981875 0.1457625 0.5160812499999999 0.1457625 0.5160812499999999 0.1569625 0.52981875 0.1569625 0.52981875 0.1457625
1 0.2233875 0.8731937500000001 0.20313750000000003 0.8731937500000001 0.20313750000000003 0.89340625 0.2233875 0.89340625 0.2233875 0.8731937500000001
1 0.9451625 0.1681125 0.9317875000000001 0.1681125 0.9317875000000001 0.1814875 0.9451625 0.1814875 0.9451625 0.1681125
1 0.49701874999999995 0.83433125 0.48003125 0.83433125 0.48003125 0.84634375 0.49701874999999995 0.84634375 0.49701874999999995 0.83433125
1 0.8966687500000001 0.37458749999999996 0.88165625 0.37458749999999996 0.88165625 0.3866375 0.8966687500000001 0.3866375 0.8966687500000001 0.37458749999999996
1 0.83215625 0.97034375 0.8123687500000001 0.97034375 0.8123687500000001 0.98668125 0.83215625 0.98668125 0.83215625 0.97034375
1 0.86135625 0.9177250000000001 0.8437187500000001 0.9177250000000001 0.8437187500000001 0.93285 0.86135625 0.93285 0.86135625 0.9177250000000001
1 0.33574375 0.9229125 0.31855625 0.9229125 0.31855625 0.9354875 0.33574375 0.9354875 0.33574375 0.9229125
1 0.014881249999999999 0.36354375 0.00009375 0.36354375 0.00009375 0.37718124999999997 0.014881249999999999 0.37718124999999997 0.014881249999999999 0.36354375
1 0.57820625 0.426175 0.55851875 0.426175 0.55851875 0.44394999999999996 0.57820625 0.44394999999999996 0.57820625 0.426175
1 0.30051875 0.44863125000000004 0.28688125000000003 0.44863125000000004 0.28688125000000003 0.46054375 0.30051875 0.46054375 0.30051875 0.44863125000000004
1 0.9615125000000001 0.25123125 0.9486375 0.25123125 0.9486375 0.26291875 0.9615125000000001 0.26291875 0.9615125000000001 0.25123125
1 0.9615875 0.36725625 0.9485625000000001 0.36725625 0.9485625000000001 0.37786875000000003 0.9615875 0.37786875000000003 0.9615875 0.36725625
1 0.9797625 0.61470625 0.8825375 0.61470625 0.8825375 0.66264375 0.9797625 0.66264375 0.9797625 0.61470625
1 0.735475 0.45578124999999997 0.720575 0.45578124999999997 0.720575 0.46659375000000003 0.735475 0.46659375000000003 0.735475 0.45578124999999997
1 0.6585875 0.6567624999999999 0.6451125 0.6567624999999999 0.6451125 0.6674625 0.6585875 0.6674625 0.6585875 0.6567624999999999
1 0.5348875 0.37659375 0.5178375 0.37659375 0.5178375 0.39195625 0.5348875 0.39195625 0.5348875 0.37659375
1 0.9680249999999999 0.9682000000000001 0.940175 0.9682000000000001 0.940175 0.9995749999999999 0.9680249999999999 0.9995749999999999 0.9680249999999999 0.9682000000000001
1 0.8994 0.8765562499999999 0.8730499999999999 0.8765562499999999 0.8730499999999999 0.8968937499999999 0.8994 0.8968937499999999 0.8994 0.8765562499999999
3 0.43875000000000003 0 0.40374999999999994 0.04875 0.39249999999999996 0.07375000000000001 0.39 0.16125 0.3975 0.18125 0.39125 0.185 0.38125 0.2125 0.305 0.21375000000000002 0.28625 0.21000000000000002 0.26875 0.2125 0.2375 0.22625 0.22000000000000003 0.22000000000000003 0.21749999999999997 0.23374999999999999 0.195 0.23374999999999999 0.1625 0.225 0.095 0.23374999999999999 0.05375 0.25125000000000003 0.008749999999999999 0.29874999999999996 0 0.31625000000000003 0 0.50625 0.01125 0.5125 0.03875 0.5075000000000001 0.08125 0.5237499999999999 0.11499999999999999 0.5625 0.13874999999999998 0.60875 0.1275 0.6575 0.13125 0.725 0.1275 0.80375 0.1375 0.9087500000000001 0.12375 0.9650000000000001 0.125 0.98125 0.135 0.99875 0.99875 0.99875 0.99875 0.028749999999999998 0.9712500000000001 0.013750000000000002 0.9525 0.0125 0.91625 0.0225 0.86875 0.0025 0.8487500000000001 0 0.805 0.008749999999999999 0.8025 0.013750000000000002 0.7775000000000001 0.015 0.74375 0.013750000000000002 0.70875 0 0.43875000000000003 0