1 0.7839437499999999 0.71100625 0.74593125 0.71100625 0.74593125 0.76659375 0.7839437499999999 0.76659375 0.7839437499999999 0.71100625
1 0.26604375 0.6336625 0.24078125 0.6336625 0.24078125 0.6554125 0.26604375 0.6554125 0.26604375 0.6336625
1 0.9675375 0.676275 0.9475125 0.676275 0.9475125 0.6938500000000001 0.9675375 0.6938500000000001 0.9675375 0.676275
1 0.61305625 0.44400625 0.59689375 0.44400625 0.59689375 0.45834374999999994 0.61305625 0.45834374999999994 0.61305625 0.44400625
1 0.2995625 0.3032375 0.2819875 0.3032375 0.2819875 0.3202875 0.2995625 0.3202875 0.2995625 0.3032375
1 0 0.38515625 0.018675 0.38515625 0.018675 0.36239374999999996 0 0.36239374999999996 0 0.38515625
1 0.7080875 0.43714375 0.6923125 0.43714375 0.6923125 0.45153125000000005 0.7080875 0.45153125000000005 0.7080875 0.43714375
1 0.38086875 0.21344375000000002 0.36133125 0.21344375000000002 0.36133125 0.23308125 0.38086875 0.23308125 0.38086875 0.21344375000000002
1 0.768875 0.498475 0.7525999999999999 0.498475 0.7525999999999999 0.512275 0.768875 0.512275 0.768875 0.498475
1 0.1173 0.22124375000000002 0.08875 0.22124375000000002 0.08875 0.24580625 0.1173 0.24580625 0.1173 0.22124375000000002
1 0.14959375 0.793475 0.13313124999999998 0.793475 0.13313124999999998 0.809075 0.14959375 0.809075 0.14959375 0.793475
1 0.56088125 0.9336187499999999 0.54264375 0.9336187499999999 0.54264375 0.9521312500000001 0.56088125 0.9521312500000001 0.56088125 0.9336187499999999
1 0.7813625 0.57485 0.7684375 0.57485 0.7684375 0.586275 0.7813625 0.586275 0.7813625 0.57485
1 0.34910625 0.467225 0.33691875 0.467225 0.33691875 0.48005000000000003 0.34910625 0.48005000000000003 0.34910625 0.467225
1 0.5207937499999999 0.5523 0.50850625 0.5523 0.50850625 0.5639000000000001 0.5207937499999999 0.5639000000000001 0.5207937499999999 0.5523
1 0.33045 0.058756249999999996 0.30772499999999997 0.058756249999999996 0.30772499999999997 0.07979375 0.33045 0.07979375 0.33045 0.058756249999999996
1 0.053712499999999996 0.5102625 0.0405875 0.5102625 0.0405875 0.5229375 0.053712499999999996 0.5229375 0.053712499999999996 0.5102625
1 0.16576249999999998 0.9474875 0.1506375 0.9474875 0.1506375 0.9607125 0.16576249999999998 0.9607125 0.16576249999999998 0.9474875
1 0.33451875000000003 0.60795625 0.31733125 0.60795625 0.31733125 0.62251875 0.33451875000000003 0.62251875 0.33451875000000003 0.60795625
1 0.1225125 0.624225 0.1078375 0.624225 0.1078375 0.6355500000000001 0.1225125 0.6355500000000001 0.1225125 0.624225
1 0.47575 0.88263125 0.463225 0.88263125 0.463225 0.89374375 0.47575 0.89374375 0.47575 0.88263125
1 0.6218625 0.61888125 0.6115375000000001 0.61888125 0.6115375000000001 0.62916875 0.6218625 0.62916875 0.6218625 0.61888125
1 0.44953750000000003 0.6778375 0.4386375 0.6778375 0.4386375 0.6883625 0.44953750000000003 0.6883625 0.44953750000000003 0.6778375
1 0.09565 0.35223125 0.08355 0.35223125 0.08355 0.36309375 0.09565 0.36309375 0.09565 0.35223125
1 0.53465 0.5514187500000001 0.506375 0.5514187500000001 0.506375 0.58140625 0.53465 0.58140625 0.53465 0.5514187500000001
1 0.12350625 0.384625 0.10916875 0.384625 0.10916875 0.39515 0.12350625 0.39515 0.12350625 0.384625
1 0.23160625 0.8737187499999999 0.21931875 0.8737187499999999 0.21931875 0.8880062499999999 0.23160625 0.8880062499999999 0.23160625 0.8737187499999999
1 0.6568562499999999 0.8119375 0.64489375 0.8119375 0.64489375 0.8228375 0.6568562499999999 0.8228375 0.6568562499999999 0.8119375
1 0.5093125 0.9498374999999999 0.49653749999999997 0.9498374999999999 0.49653749999999997 0.9622624999999999 0.5093125 0.9622624999999999 0.5093125 0.9498374999999999
1 0.5544687500000001 0.6852875 0.5431812500000001 0.6852875 0.5431812500000001 0.6965375 0.5544687500000001 0.6965375 0.5544687500000001 0.6852875
1 0.032075 0.29935 0.01965 0.29935 0.01965 0.3115 0.032075 0.3115 0.032075 0.29935
1 0.27375 0.93689375 0.26237499999999997 0.93689375 0.26237499999999997 0.9488562500000001 0.27375 0.9488562500000001 0.27375 0.93689375
1 0.237975 0.27473125 0.205625 0.27473125 0.205625 0.30289375 0.237975 0.30289375 0.237975 0.27473125
1 0.0103875 0.47865 0.00013749999999999998 0.47865 0.00013749999999999998 0.49107500000000004 0.0103875 0.49107500000000004 0.0103875 0.47865
1 0.8259624999999999 0.42564375 0.8156375 0.42564375 0.8156375 0.43520624999999996 0.8259624999999999 0.43520624999999996 0.8259624999999999 0.42564375
1 0.175125 0.755225 0.16447499999999998 0.755225 0.16447499999999998 0.765275 0.175125 0.765275 0.175125 0.755225
1 0.9402437499999999 0.4384 0.92988125 0.4384 0.92988125 0.44930000000000003 0.9402437499999999 0.44930000000000003 0.9402437499999999 0.4384
1 0.8335312500000001 0.73885 0.81686875 0.73885 0.81686875 0.75335 0.8335312500000001 0.75335 0.8335312500000001 0.73885
1 0.9570062500000001 0.8544499999999999 0.86624375 0.8544499999999999 0.86624375 0.90825 0.9570062500000001 0.90825 0.9570062500000001 0.8544499999999999
1 0.9061999999999999 0.47583125 0.8965249999999999 0.47583125 0.8965249999999999 0.48364375 0.9061999999999999 0.48364375 0.9061999999999999 0.47583125
1 0.323325 0.9349500000000001 0.313875 0.9349500000000001 0.313875 0.9459 0.323325 0.9459 0.323325 0.9349500000000001
1 0.5504125 0.778475 0.5365125 0.778475 0.5365125 0.7918499999999999 0.5504125 0.7918499999999999 0.5504125 0.778475
1 0.19196875 0.52785 0.17718125 0.52785 0.17718125 0.54345 0.19196875 0.54345 0.19196875 0.52785
1 0.88948125 0.48904375 0.8790687500000001 0.48904375 0.8790687500000001 0.49778124999999995 0.88948125 0.49778124999999995 0.88948125 0.48904375
1 0.24753750000000002 0.8720437499999999 0.2163375 0.8720437499999999 0.2163375 0.90238125 0.24753750000000002 0.90238125 0.24753750000000002 0.8720437499999999
1 0.516025 0.8308 0.504475 0.8308 0.504475 0.8401 0.516025 0.8401 0.516025 0.8308
1 0.65664375 0.85085625 0.64608125 0.85085625 0.64608125 0.8600937500000001 0.65664375 0.8600937500000001 0.65664375 0.85085625
1 0.39403125 0.3873625 0.37501875 0.3873625 0.37501875 0.4012125 0.39403125 0.4012125 0.39403125 0.3873625
1 0.11528125 0.50926875 0.09991875 0.50926875 0.09991875 0.52295625 0.11528125 0.52295625 0.11528125 0.50926875
1 0.26359374999999996 0.4226375 0.22810625 0.4226375 0.22810625 0.4552875 0.26359374999999996 0.4552875 0.26359374999999996 0.4226375
1 0.471425 0.7440625 0.45875000000000005 0.7440625 0.45875000000000005 0.7530125 0.471425 0.7530125 0.471425 0.7440625
1 0.869525 0.8990125000000001 0.855075 0.8990125000000001 0.855075 0.9086124999999999 0.869525 0.9086124999999999 0.869525 0.8990125000000001
1 0.46349999999999997 0.43797499999999995 0.450575 0.43797499999999995 0.450575 0.44485 0.46349999999999997 0.44485 0.46349999999999997 0.43797499999999995
1 0.1919875 0.22076250000000003 0.1593375 0.22076250000000003 0.1593375 0.24871249999999998 0.1919875 0.24871249999999998 0.1919875 0.22076250000000003
1 0.2205375 0.71875625 0.21208749999999998 0.71875625 0.21208749999999998 0.72656875 0.2205375 0.72656875 0.2205375 0.71875625
1 0.6380874999999999 0.56516875 0.6246125 0.56516875 0.6246125 0.57740625 0.6380874999999999 0.57740625 0.6380874999999999 0.56516875
1 0.43293125000000005 0.761275 0.38444375000000003 0.761275 0.38444375000000003 0.790475 0.43293125000000005 0.790475 0.43293125000000005 0.761275
1 0.9532624999999999 0.586325 0.9080625 0.586325 0.9080625 0.609975 0.9532624999999999 0.609975 0.9532624999999999 0.586325
1 0.20460625000000002 0.72280625 0.19431875 0.72280625 0.19431875 0.73519375 0.20460625000000002 0.73519375 0.20460625000000002 0.72280625
1 0.32256874999999996 0.60175 0.21698125 0.60175 0.21698125 0.6756 0.32256874999999996 0.6756 0.32256874999999996 0.60175
1 0.6867375 1 0.6867375 0.99036875 0.6658125 0.99036875 0.6658125 1 0.6867375 1
1 0.30735625 0.7802687500000001 0.29761875 0.7802687500000001 0.29761875 0.79395625 0.30735625 0.79395625 0.30735625 0.7802687500000001
1 0.11859375000000001 0.9179125000000001 0.08600624999999999 0.9179125000000001 0.08600624999999999 0.9482875 0.11859375000000001 0.9482875 0.11859375000000001 0.9179125000000001
1 1 0.55783125 0.96379375 0.55783125 0.96379375 0.58474375 1 0.58474375 1 0.55783125
1 0.35838125 0.1733625 0.35059375 0.1733625 0.35059375 0.1816125 0.35838125 0.1816125 0.35838125 0.1733625
3 0 0.865 0.02 0.8675 0.021249999999999998 0.8712500000000001 0.01625 0.8724999999999999 0.02375 0.8724999999999999 0.0225 0.8675 0.034999999999999996 0.8675 0.052500000000000005 0.8787499999999999 0.05500000000000001 0.875 0.06375 0.875 0.06875 0.8800000000000001 0.06875 0.8675 0.06375 0.8699999999999999 0.061250000000000006 0.8637499999999999 0.06375 0.85875 0.06875 0.86 0.06625 0.8574999999999999 0.07125000000000001 0.85625 0.0725 0.85 0.07625 0.85875 0.08249999999999999 0.8612500000000001 0.07875 0.87375 0.09125 0.8862500000000001 0.095 0.87375 0.10500000000000001 0.88375 0.0975 0.89375 0.11875 0.9025000000000001 0.11499999999999999 0.91375 0.10625 0.9075 0.1025 0.9112500000000001 0.1025 0.9199999999999999 0.0925 0.9199999999999999 0.09125 0.91625 0.08625000000000001 0.91875 0.08625000000000001 0.9349999999999999 0.09625 0.94625 0.09375 0.9512499999999999 0.1025 0.9525 0.1075 0.9662499999999999 0.12 0.97 0.12625 0.99 0.13 0.99375 0.135 0.99125 0.14125000000000001 0.99875 0.47125000000000006 0.99875 0.47375 0.9949999999999999 0.48624999999999996 0.99875 0.50625 0.99875 0.50875 0.9949999999999999 0.525 0.99875 0.54 0.99375 0.6075 0.9949999999999999 0.61 0.98375 0.6275000000000001 0.9824999999999999 0.6224999999999999 0.9775 0.615 0.98125 0.61 0.97875 0.62 0.9737500000000001 0.61 0.96875 0.60875 0.96 0.61875 0.96 0.6212500000000001 0.9625 0.6174999999999999 0.96875 0.62375 0.9637499999999999 0.6224999999999999 0.95625 0.61125 0.9574999999999999 0.6075 0.9525 0.6075 0.9364423078125 0.595 0.9412499999999999 0.5912499999999999 0.9225 0.57375 0.9225 0.57125 0.9337500000000001 0.5675 0.92875 0.5650000000000001 0.9337500000000001 0.5675 0.9337500000000001 0.57375 0.93875 0.5675 0.94375 0.56375 0.9412499999999999 0.5675 0.9475 0.56125 0.95375 0.5625 0.95875 0.55625 0.9637499999999999 0.54875 0.9625 0.545 0.95375 0.5375 0.9525 0.5375 0.9400000000000001 0.5425 0.9337500000000001 0.5525 0.9337500000000001 0.5599999999999999 0.9175000000000001 0.55625 0.9199999999999999 0.5525 0.915 0.5475 0.91875 0.5475 0.9112500000000001 0.55625 0.9099999999999999 0.5599999999999999 0.91375 0.5650000000000001 0.90625 0.57125 0.9112500000000001 0.61625 0.9125 0.72 0.92875 0.7825 0.9324999999999999 0.8175000000000001 0.93125 0.825 0.9275 0.835 0.93 0.8412499999999999 0.925 0.85125 0.92875 0.89625 0.91875 0.9037499999999999 0.9125 0.915 0.9112500000000001 0.91875 0.90625 0.9237500000000001 0.9087500000000001 0.9400000000000001 0.9012499999999999 0.9775 0.8800000000000001 0.99875 0.8574999999999999 0.99875 0.82 0.9949999999999999 0.8175000000000001 0.99875 0.8099999999999999 0.99875 0.44375 0.99375 0.43499999999999994 0.9712500000000001 0.42625 0.9662499999999999 0.4325 0.95875 0.4225 0.89125 0.40499999999999997 0.67625 0.375 0.59375 0.375 0.44749999999999995 0.39249999999999996 0.43 0.3725 0.42374999999999996 0.34875 0.4175 0.34125 0.41375 0.3125 0.39875 0.27875 0.4 0.27125 0.39 0.26 0.3875 0.23500000000000001 0.37374999999999997 0.22000000000000003 0.375 0.21625 0.3675 0.2125 0.375 0.20750000000000002 0.3675 0.19875 0.36875 0.19125 0.3625 0.185 0.35125 0.1575 0.34125 0.0675 0.335 0.04875 0.31875 0.025 0.3175 0.025 0.29 0.05 0.26375000000000004 0.0975 0.22749999999999998 0.1375 0.12625 0.205 0.10625 0.22625 0.10625 0.23875000000000002 0.09875 0.24625 0.0925 0.24625 0.09375 0.2375 0.08249999999999999 0.2425 0 0.315 0 0.3825 0.00375 0.38375 0 0.3875 0 0.74875 0.005 0.7537499999999999 0 0.76375 0 0.865