1 0.7623562500000001 0.47767499999999996 0.71931875 0.47767499999999996 0.71931875 0.536575 0.7623562500000001 0.536575 0.7623562500000001 0.47767499999999996
1 0.57408125 0.43555625 0.54994375 0.43555625 0.54994375 0.45946875 0.57408125 0.45946875 0.57408125 0.43555625
1 0.5340374999999999 0.9575437499999999 0.5167375 0.9575437499999999 0.5167375 0.9760562500000001 0.5340374999999999 0.9760562500000001 0.5340374999999999 0.9575437499999999
1 0.30995 0.9777687500000001 0.284775 0.9777687500000001 0.284775 0.99880625 0.30995 0.99880625 0.30995 0.9777687500000001
1 0.48339999999999994 0.71251875 0.45655 0.71251875 0.45655 0.73670625 0.48339999999999994 0.73670625 0.48339999999999994 0.71251875
1 0.925925 0.40418750000000003 0.9022 0.40418750000000003 0.9022 0.44541250000000004 0.925925 0.44541250000000004 0.925925 0.40418750000000003
1 0.664825 0.3664125 0.63205 0.3664125 0.63205 0.3850625 0.664825 0.3850625 0.664825 0.3664125
1 0.6361687500000001 0.451525 0.62555625 0.451525 0.62555625 0.46204999999999996 0.6361687500000001 0.46204999999999996 0.6361687500000001 0.451525
1 0.83251875 0.3863125 0.8217812500000001 0.3863125 0.8217812500000001 0.3988375 0.83251875 0.3988375 0.83251875 0.3863125
1 0.91781875 0.4051875 0.9034812499999999 0.4051875 0.9034812499999999 0.42146249999999996 0.91781875 0.42146249999999996 0.91781875 0.4051875
1 0.71721875 0.3792 0.70660625 0.3792 0.70660625 0.38887499999999997 0.71721875 0.38887499999999997 0.71721875 0.3792
1 0.652025 0.6079 0.639975 0.6079 0.639975 0.618675 0.652025 0.618675 0.652025 0.6079
1 0.28343124999999997 0.46520625000000004 0.27026875 0.46520625000000004 0.27026875 0.47619375 0.28343124999999997 0.47619375 0.28343124999999997 0.46520625000000004
1 0.73410625 0.41213125 0.72389375 0.41213125 0.72389375 0.42184375 0.73410625 0.42184375 0.73410625 0.41213125
1 0.7356 0.6628499999999999 0.7253499999999999 0.6628499999999999 0.7253499999999999 0.6731 0.7356 0.6731 0.7356 0.6628499999999999
1 0.64131875 0.36843750000000003 0.63310625 0.36843750000000003 0.63310625 0.3766875 0.64131875 0.3766875 0.64131875 0.36843750000000003
1 0.47621874999999997 0.4578375 0.46665625000000005 0.4578375 0.46665625000000005 0.46648750000000005 0.47621874999999997 0.46648750000000005 0.47621874999999997 0.4578375
1 0.2772625 0.40032500000000004 0.26813750000000003 0.40032500000000004 0.26813750000000003 0.41022499999999995 0.2772625 0.41022499999999995 0.2772625 0.40032500000000004
1 0.657775 0.745775 0.57465 0.745775 0.57465 0.785475 0.657775 0.785475 0.657775 0.745775
1 0.82873125 0.36805625000000003 0.82069375 0.36805625000000003 0.82069375 0.37609375 0.82873125 0.37609375 0.82873125 0.36805625000000003
1 0.5201 0.33721875 0.508225 0.33721875 0.508225 0.34540625 0.5201 0.34540625 0.5201 0.33721875
1 0.3292 0.45780000000000004 0.32120000000000004 0.45780000000000004 0.32120000000000004 0.46555 0.3292 0.46555 0.3292 0.45780000000000004
1 0.9653375000000001 0.39747499999999997 0.9018625 0.39747499999999997 0.9018625 0.45017500000000005 0.9653375000000001 0.45017500000000005 0.9653375000000001 0.39747499999999997
1 0.6067625 0.38290625 0.5983125 0.38290625 0.5983125 0.39054375 0.6067625 0.39054375 0.6067625 0.38290625
1 0.5292687500000001 0.402575 0.51955625 0.402575 0.51955625 0.41187500000000005 0.5292687500000001 0.41187500000000005 0.5292687500000001 0.402575
1 0.75409375 0.41579375 0.7449312499999999 0.41579375 0.7449312499999999 0.42550625000000003 0.75409375 0.42550625000000003 0.75409375 0.41579375
1 0.071575 0.49551875 0.046825 0.49551875 0.046825 0.52400625 0.071575 0.52400625 0.071575 0.49551875
1 0.07608125 0.47161875000000003 0.04146875 0.47161875000000003 0.04146875 0.6397062499999999 0.07608125 0.6397062499999999 0.07608125 0.47161875000000003
1 0.29528750000000004 0.08121249999999999 0.2867375 0.08121249999999999 0.2867375 0.0901625 0.29528750000000004 0.0901625 0.29528750000000004 0.08121249999999999
1 0.4006625 0.65214375 0.3849875 0.65214375 0.3849875 0.66620625 0.4006625 0.66620625 0.4006625 0.65214375
1 0.42125 1 0.42125 0.995125 0.411275 0.995125 0.411275 1 0.42125 1
1 0.487475 0.85135625 0.47835 0.85135625 0.47835 0.85859375 0.487475 0.85859375 0.487475 0.85135625
1 0.20319375 0.96260625 0.19085625 0.96260625 0.19085625 0.97489375 0.20319375 0.97489375 0.20319375 0.96260625
1 0.152125 0.7138 0.14475 0.7138 0.14475 0.722725 0.152125 0.722725 0.152125 0.7138
1 0.07203125 0.43038125000000005 0.06579375 0.43038125000000005 0.06579375 0.43631875000000003 0.07203125 0.43631875000000003 0.07203125 0.43038125000000005
1 0.17969375 0.13548125 0.16968125 0.13548125 0.16968125 0.14576875 0.17969375 0.14576875 0.17969375 0.13548125
1 0.07919375 0.3662375 0.07193125 0.3662375 0.07193125 0.37398750000000003 0.07919375 0.37398750000000003 0.07919375 0.3662375
1 0.43644999999999995 0.9741312499999999 0.4117 0.9741312499999999 0.4117 0.9946187500000001 0.43644999999999995 0.9946187500000001 0.43644999999999995 0.9741312499999999
1 0.20430625 0.6023125 0.19314375 0.6023125 0.19314375 0.6135125 0.20430625 0.6135125 0.20430625 0.6023125
3 0.03125 0 0.028749999999999998 0.005 0.017499999999999998 0.0025 0.0125 0.01 0.008749999999999999 0.005 0.005 0.017499999999999998 0 0.02 0 0.20249999999999999 0.015 0.20375000000000001 0.0125 0.21000000000000002 0 0.20625 0 0.375 0.00625 0.37625000000000003 0 0.385 0.005 0.39125 0 0.39625 0.005 0.4225 0 0.43375 0 0.545 0.0075 0.54875 0.005 0.5525 0 0.55125 0 0.5625 0.005 0.56375 0 0.575 0.00375 0.57875 0 0.5912499999999999 0.00375 0.59375 0.00375 0.615 0.0125 0.61875 0.0075 0.63 0.013750000000000002 0.6325000000000001 0.01625 0.63875 0.025 0.64125 0.025 0.645 0.032297296875 0.6441891890625 0.03125 0.64 0.03625 0.63625 0.0375 0.6287499999999999 0.0375 0.57125 0.042499999999999996 0.55625 0.04 0.53 0.04625 0.5037499999999999 0.04375 0.49749999999999994 0.05 0.48624999999999996 0.0475 0.47625 0.052500000000000005 0.47000000000000003 0.04875 0.4625 0.052500000000000005 0.45625 0.05 0.44749999999999995 0.05375 0.38375 0.05500000000000001 0.37625000000000003 0.06 0.37374999999999997 0.061250000000000006 0.32 0.0625 0.31375000000000003 0.0675 0.3125 0.0675 0.30874999999999997 0.0625 0.30874999999999997 0.0625 0.3025 0.0675 0.30125 0.0625 0.29 0.0675 0.2875 0.06875 0.27999999999999997 0.06875 0.25125000000000003 0.0775 0.2475 0.07625 0.21125 0.08499999999999999 0.20249999999999999 0.08 0.19624999999999998 0.08499999999999999 0.185 0.08 0.18 0.08625000000000001 0.16999999999999998 0.0875 0.15625 0.11000000000000001 0.1575 0.10874999999999999 0.16875 0.095 0.17375000000000002 0.1 0.18125 0.09375 0.185 0.09625 0.18875 0.0925 0.1975 0.0925 0.22374999999999998 0.08875 0.22749999999999998 0.0925 0.2475 0.08625000000000001 0.25 0.08625000000000001 0.29375 0.08125 0.31 0.08375 0.32 0.08 0.325 0.08249999999999999 0.33375 0.07625 0.3725 0.0775 0.52125 0.06875 0.5900000000000001 0.06875 0.63375 0.07125000000000001 0.64625 0.08625000000000001 0.6475 0.0925 0.6525000000000001 0.09 0.65625 0.08375 0.6525000000000001 0.07625 0.6537499999999999 0.07375000000000001 0.6587500000000001 0.0775 0.6537499999999999 0.08499999999999999 0.655 0.0875 0.6625 0.09125 0.6625 0.09375 0.655 0.1025 0.6575 0.1025 0.67 0.11125 0.6775 0.10625 0.67875 0.10500000000000001 0.6900000000000001 0.11125 0.68625 0.11499999999999999 0.6925 0.10500000000000001 0.69375 0.1 0.7 0.0975 0.7224999999999999 0.09125 0.7275 0.08375 0.7275 0.0875 0.735 0.09125 0.73 0.0925 0.735 0.09875 0.73375 0.10124999999999999 0.7375 0.07875 0.7625 0.08375 0.765 0.08375 0.77125 0.07375000000000001 0.775 0.07375000000000001 0.7825 0.08375 0.78125 0.08499999999999999 0.78625 0.08 0.79375 0.07625 0.7887500000000001 0.07125000000000001 0.79125 0.07875 0.8025 0.0725 0.80625 0.07625 0.8175000000000001 0.06999999999999999 0.825 0.06999999999999999 0.89375 0.06375 0.89375 0.06625 0.9 0.061250000000000006 0.915 0.0625 0.96875 0.058750000000000004 0.9824999999999999 0.06375 0.99125 0.07625 0.99875 0.27999999999999997 0.99875 0.28125 0.99125 0.29125 0.9824999999999999 0.3025 0.98375 0.31124999999999997 0.99375 0.31124999999999997 0.99875 0.73375 0.99875 0.74125 0.9949999999999999 0.7424999999999999 0.985 0.735 0.9737500000000001 0.73625 0.97 0.74125 0.9712500000000001 0.74 0.9675 0.73125 0.9675 0.7212500000000001 0.9574999999999999 0.7224999999999999 0.95375 0.70375 0.9425000000000001 0.70375 0.9337500000000001 0.6900000000000001 0.9199999999999999 0.69375 0.915 0.68875 0.9175000000000001 0.67875 0.9125 0.67375 0.9012499999999999 0.6637500000000001 0.8949999999999999 0.66125 0.885 0.65625 0.88375 0.65625 0.87625 0.64375 0.865 0.64625 0.86 0.64125 0.8525 0.6325000000000001 0.8487500000000001 0.62625 0.8300000000000001 0.625 0.80625 0.63375 0.8 0.64625 0.8099999999999999 0.6625 0.80375 0.68875 0.78 0.7837500000000001 0.7162499999999999 0.82875 0.66875 0.8625 0.6212500000000001 0.8787499999999999 0.5825 0.885 0.545 0.8800000000000001 0.5175 0.8862500000000001 0.5125 0.8787499999999999 0.49000000000000005 0.8825 0.47874999999999995 0.9112500000000001 0.4525 0.925 0.45 0.9574999999999999 0.42625 0.94625 0.41500000000000004 0.91875 0.40125 0.9087500000000001 0.39125 0.8875 0.3625 0.86875 0.32375 0.8550000000000001 0.30874999999999997 0.805 0.28500000000000003 0.75125 0.26875 0.64375 0.26 0.61 0.2625 0.52 0.29375 0.46624999999999994 0.32625000000000004 0.43375 0.33999999999999997 0.41 0.34125 0.40374999999999994 0.33625 0.40125 0.32375 0.40125 0.27875 0.37625000000000003 0.19624999999999998 0.3775 0.15375 0.37124999999999997 0.13125 0.3725 0.12250000000000001 0.36875 0.11875 0.37 0.10625 0.3525 0.05125 0.34125 0.034999999999999996 0.3375 0.021249999999999998 0.3125 0 0.15625 0 0.15375 0.00625 0.14250000000000002 0.0025 0.1375 0.008749999999999999 0.13374999999999998 0.00625 0.13125 0.01125 0.12 0.015 0.11499999999999999 0.01 0.11875 0.005 0.11374999999999999 0.00375 0.11000000000000001 0.00375 0.1075 0.013750000000000002 0.095 0.013750000000000002 0.0925 0 0.085695 0 0.03125 0