1 0.4121125 0.42333125000000005 0.37083750000000004 0.42333125000000005 0.37083750000000004 0.45871874999999995 0.4121125 0.45871874999999995 0.4121125 0.42333125000000005
1 0.66176875 0.7198875 0.64380625 0.7198875 0.64380625 0.7436625 0.66176875 0.7436625 0.66176875 0.7198875
1 0.10916875 0.64653125 0.09433125 0.64653125 0.09433125 0.65816875 0.10916875 0.65816875 0.10916875 0.64653125
1 0.70934375 0.8257875 0.6949562499999999 0.8257875 0.6949562499999999 0.8421875 0.70934375 0.8421875 0.70934375 0.8257875
1 0.75735 0.47730625 0.7485 0.47730625 0.7485 0.48559374999999994 0.75735 0.48559374999999994 0.75735 0.47730625
1 0.38498125 0.05900625 0.36111875000000004 0.05900625 0.36111875000000004 0.08394375 0.38498125 0.08394375 0.38498125 0.05900625
1 0.3935625 0.43163125 0.3837875 0.43163125 0.3837875 0.44044375 0.3935625 0.44044375 0.3935625 0.43163125
1 0.47628750000000003 0.5670375 0.46853749999999994 0.5670375 0.46853749999999994 0.5745625000000001 0.47628750000000003 0.5745625000000001 0.47628750000000003 0.5670375
1 0.89434375 0.459375 0.88593125 0.459375 0.88593125 0.4669 0.89434375 0.4669 0.89434375 0.459375
1 0.363875 0.1793625 0.3539 0.1793625 0.3539 0.1890375 0.363875 0.1890375 0.363875 0.1793625
1 0.6556875 0.6805749999999999 0.6470374999999999 0.6805749999999999 0.6470374999999999 0.6885749999999999 0.6556875 0.6885749999999999 0.6556875 0.6805749999999999
1 0.6507625 0.87946875 0.5455375 0.87946875 0.5455375 0.90275625 0.6507625 0.90275625 0.6507625 0.87946875
1 0.583175 0.8872625 0.5662499999999999 0.8872625 0.5662499999999999 0.8988625000000001 0.583175 0.8988625000000001 0.583175 0.8872625
1 0.88149375 0.5027625 0.87240625 0.5027625 0.87240625 0.5109125 0.88149375 0.5109125 0.88149375 0.5027625
1 0.50340625 0.33239375 0.49511874999999994 0.33239375 0.49511874999999994 0.34045625 0.50340625 0.34045625 0.50340625 0.33239375
1 0.72775 0.5121249999999999 0.717575 0.5121249999999999 0.717575 0.521075 0.72775 0.521075 0.72775 0.5121249999999999
1 0.6932375000000001 0.76256875 0.6846875 0.76256875 0.6846875 0.77063125 0.6932375000000001 0.77063125 0.6932375000000001 0.76256875
1 0.861375 0.46384375 0.8525 0.46384375 0.8525 0.47023125 0.861375 0.47023125 0.861375 0.46384375
1 0.28854375 0.5535062500000001 0.28128125000000004 0.5535062500000001 0.28128125000000004 0.56171875 0.28854375 0.56171875 0.28854375 0.5535062500000001
1 0.20140625 0.7587625 0.19336875 0.7587625 0.19336875 0.7666375000000001 0.20140625 0.7666375000000001 0.20140625 0.7587625
1 0.32056874999999996 0.382125 0.31175625 0.382125 0.31175625 0.39180000000000004 0.32056874999999996 0.39180000000000004 0.32056874999999996 0.382125
1 0.780975 0.5764375 0.772725 0.5764375 0.772725 0.5846875 0.780975 0.5846875 0.780975 0.5764375
1 0.30664375 0.7026875 0.29590625 0.7026875 0.29590625 0.7133375 0.30664375 0.7133375 0.30664375 0.7026875
1 0.4554625 0.28857499999999997 0.4449375 0.28857499999999997 0.4449375 0.298825 0.4554625 0.298825 0.4554625 0.28857499999999997
1 0.37465000000000004 0.37755625 0.364125 0.37755625 0.364125 0.38756875 0.37465000000000004 0.38756875 0.37465000000000004 0.37755625
1 0.02995625 0.4925 0.00064375 0.4925 0.00064375 0.5114 0.02995625 0.5114 0.02995625 0.4925
1 0.32925625 0.2420375 0.32064375 0.2420375 0.32064375 0.2503875 0.32925625 0.2503875 0.32925625 0.2420375
1 0.51231875 0.63671875 0.50330625 0.63671875 0.50330625 0.64453125 0.51231875 0.64453125 0.51231875 0.63671875
1 0.3131625 0.8350500000000001 0.3045125 0.8350500000000001 0.3045125 0.84465 0.3131625 0.84465 0.3131625 0.8350500000000001
1 0.341225 0.34586875 0.334075 0.34586875 0.334075 0.35285625 0.341225 0.35285625 0.341225 0.34586875
1 0.36115624999999996 0.27100625 0.35416875000000003 0.27100625 0.35416875000000003 0.27831875 0.36115624999999996 0.27831875 0.36115624999999996 0.27100625
1 0.2062 0.8249124999999999 0.19785 0.8249124999999999 0.19785 0.8323124999999999 0.2062 0.8323124999999999 0.2062 0.8249124999999999
1 0.8680625 0.5492375 0.8545875 0.5492375 0.8545875 0.5601375 0.8680625 0.5601375 0.8680625 0.5492375
1 0.31215000000000004 0.42790625000000004 0.30505 0.42790625000000004 0.30505 0.43536875 0.31215000000000004 0.43536875 0.31215000000000004 0.42790625000000004
1 0.7317875 0.70399375 0.7242625 0.70399375 0.7242625 0.7110562500000001 0.7317875 0.7110562500000001 0.7317875 0.70399375
1 0.29656875 0.34780625 0.28985625000000004 0.34780625 0.28985625000000004 0.35481875 0.29656875 0.35481875 0.29656875 0.34780625
1 0.5099812499999999 0.6236875000000001 0.49881875000000003 0.6236875000000001 0.49881875000000003 0.6370625000000001 0.5099812499999999 0.6370625000000001 0.5099812499999999 0.6236875000000001
1 0.62653125 0.53184375 0.61956875 0.53184375 0.61956875 0.53945625 0.62653125 0.53945625 0.62653125 0.53184375
1 0.517875 0.2726875 0.51045 0.2726875 0.51045 0.2795625 0.517875 0.2795625 0.517875 0.2726875
1 0.6386375 0.50253125 0.6191875 0.50253125 0.6191875 0.51309375 0.6386375 0.51309375 0.6386375 0.50253125
1 0.43333750000000004 0.29130625 0.42653749999999996 0.29130625 0.42653749999999996 0.29854375 0.43333750000000004 0.29854375 0.43333750000000004 0.29130625
1 0.35616875000000003 0.6444062500000001 0.34500625 0.6444062500000001 0.34500625 0.65539375 0.35616875000000003 0.65539375 0.35616875000000003 0.6444062500000001
1 0.27756875000000003 0.36131250000000004 0.27028125 0.36131250000000004 0.27028125 0.3706125 0.27756875000000003 0.3706125 0.27756875000000003 0.36131250000000004
1 0.1658 0.8027625 0.157675 0.8027625 0.157675 0.8105125 0.1658 0.8105125 0.1658 0.8027625
1 0.31290625 0.26127500000000003 0.30624375000000004 0.26127500000000003 0.30624375000000004 0.269 0.31290625 0.269 0.31290625 0.26127500000000003
1 0.4434 0.61134375 0.434525 0.61134375 0.434525 0.61913125 0.4434 0.61913125 0.4434 0.61134375
1 0.7392875 0.57811875 0.7304375000000001 0.57811875 0.7304375000000001 0.58595625 0.7392875 0.58595625 0.7392875 0.57811875
3 0.34875 0.15375 0.31 0.22125 0.28125 0.3 0.25625 0.42000000000000004 0.2525 0.4575 0.25625 0.48875 0.26875 0.53 0.26125 0.53125 0.24 0.50875 0.21749999999999997 0.495 0.18125 0.48375 0.13 0.47625 0.08375 0.47375 0.04 0.47874999999999995 0.01625 0.48624999999999996 0.00375 0.49874999999999997 0.03125 0.51125 0.05625 0.5287499999999999 0.052500000000000005 0.575 0.057499999999999996 0.59875 0.08 0.6537499999999999 0.09875 0.67625 0.11625 0.68875 0.12 0.72 0.13 0.745 0.135 0.8237500000000001 0.14750000000000002 0.85625 0.16499999999999998 0.87375 0.1925 0.8862500000000001 0.2725 0.8975 0.3225 0.8975 0.36625 0.87375 0.40750000000000003 0.83125 0.41125 0.83125 0.40875000000000006 0.99375 0.41 0.99875 0.425 0.99875 0.42874999999999996 0.85875 0.4375 0.81375 0.44749999999999995 0.8099999999999999 0.45875000000000005 0.8375 0.46624999999999994 0.8412499999999999 0.45999999999999996 0.845 0.4625 0.8487500000000001 0.47375 0.85125 0.50875 0.88125 0.5475 0.8975 0.60875 0.8975 0.63875 0.89 0.67 0.8724999999999999 0.6950000000000001 0.85 0.71375 0.825 0.7424999999999999 0.77 0.75875 0.7212500000000001 0.8074999999999999 0.6487499999999999 0.82875 0.625 0.8637499999999999 0.5725 0.89875 0.5349999999999999 0.9275 0.49000000000000005 0.94625 0.47375 0.9525 0.45999999999999996 0.95375 0.44125 0.9262499999999999 0.43875000000000003 0.835 0.45625 0.80375 0.45999999999999996 0.77 0.45875000000000005 0.74375 0.46375 0.68875 0.48 0.6125 0.51125 0.5912499999999999 0.525 0.5825 0.525 0.57625 0.51625 0.57625 0.5 0.58375 0.43499999999999994 0.57375 0.38125 0.55625 0.32625000000000004 0.5237499999999999 0.255 0.485 0.1925 0.48624999999999996 0.18375 0.48 0.18125 0.46375 0.1575 0.43375 0.0925 0.41624999999999995 0.07375000000000001 0.39125 0.057499999999999996 0.385 0.057499999999999996 0.3675 0.07875 0.37625000000000003 0.08499999999999999 0.37374999999999997 0.10124999999999999 0.34875 0.15375