1 0.7993812499999999 0.77559375 0.73181875 0.77559375 0.73181875 0.8437812499999999 0.7993812499999999 0.8437812499999999 0.7993812499999999 0.77559375
1 0.66560625 0.4913125 0.62834375 0.4913125 0.62834375 0.5448125 0.66560625 0.5448125 0.66560625 0.4913125
1 0.2768875 0.54343125 0.24508749999999999 0.54343125 0.24508749999999999 0.57669375 0.2768875 0.57669375 0.2768875 0.54343125
1 0.54015 0.19804375000000002 0.5038 0.19804375000000002 0.5038 0.23433125000000002 0.54015 0.23433125000000002 0.54015 0.19804375000000002
1 0.16511875 0.28276249999999997 0.12175625000000001 0.28276249999999997 0.12175625000000001 0.3227125 0.16511875 0.3227125 0.16511875 0.28276249999999997
1 0.27203750000000004 0.62790625 0.2211375 0.62790625 0.2211375 0.69436875 0.27203750000000004 0.69436875 0.27203750000000004 0.62790625
1 0.95234375 0.4693625 0.9246062500000001 0.4693625 0.9246062500000001 0.4979125 0.95234375 0.4979125 0.95234375 0.4693625
1 0.5120375 0.55146875 0.4713625 0.55146875 0.4713625 0.58525625 0.5120375 0.58525625 0.5120375 0.55146875
1 0.76990625 0.6610625 0.73791875 0.6610625 0.73791875 0.6875625000000001 0.76990625 0.6875625000000001 0.76990625 0.6610625
1 0.8552250000000001 0.76425 0.8147 0.76425 0.8147 0.79435 0.8552250000000001 0.79435 0.8552250000000001 0.76425
1 0.52405 0.25631875000000004 0.50525 0.25631875000000004 0.50525 0.27395625 0.52405 0.27395625 0.52405 0.25631875000000004
1 0.44922500000000004 0.56405 0.421375 0.56405 0.421375 0.591225 0.44922500000000004 0.591225 0.44922500000000004 0.56405
1 0.7246937499999999 0.8560062500000001 0.7040062500000001 0.8560062500000001 0.7040062500000001 0.8842187499999999 0.7246937499999999 0.8842187499999999 0.7246937499999999 0.8560062500000001
1 0.4232625 0.5450375000000001 0.3946125 0.5450375000000001 0.3946125 0.5750875 0.4232625 0.5750875 0.4232625 0.5450375000000001
1 0.66760625 0.5643812500000001 0.64099375 0.5643812500000001 0.64099375 0.58894375 0.66760625 0.58894375 0.66760625 0.5643812500000001
1 0.15160625 0.380475 0.12256875 0.380475 0.12256875 0.40907499999999997 0.15160625 0.40907499999999997 0.15160625 0.380475
1 0.61018125 0.42335 0.58316875 0.42335 0.58316875 0.45115 0.61018125 0.45115 0.61018125 0.42335
1 0.8127125 0.583675 0.7800625 0.583675 0.7800625 0.609675 0.8127125 0.609675 0.8127125 0.583675
1 0.52815625 0.44519374999999994 0.50406875 0.44519374999999994 0.50406875 0.47180625000000004 0.52815625 0.47180625000000004 0.52815625 0.44519374999999994
1 0.8178750000000001 0.451525 0.79345 0.451525 0.79345 0.473775 0.8178750000000001 0.473775 0.8178750000000001 0.451525
1 0.35603125 0.54974375 0.32901875 0.54974375 0.32901875 0.57525625 0.35603125 0.57525625 0.35603125 0.54974375
1 0.17990625 0.7976875 0.15799375 0.7976875 0.15799375 0.8204874999999999 0.17990625 0.8204874999999999 0.17990625 0.7976875
1 0.042499999999999996 0.32133124999999996 0.001575 0.32133124999999996 0.001575 0.36469375 0.042499999999999996 0.36469375 0.042499999999999996 0.32133124999999996
1 0.7783249999999999 0.45169375 0.7539 0.45169375 0.7539 0.47458125000000007 0.7783249999999999 0.47458125000000007 0.7783249999999999 0.45169375
1 0.03870625 0.6636124999999999 0.006543749999999999 0.6636124999999999 0.006543749999999999 0.6899124999999999 0.03870625 0.6899124999999999 0.03870625 0.6636124999999999
1 0.31843125 0.43505625 0.29631875 0.43505625 0.29631875 0.45606875 0.31843125 0.45606875 0.31843125 0.43505625
1 0.8113125 0.5509375000000001 0.7882875 0.5509375000000001 0.7882875 0.5730875 0.8113125 0.5730875 0.8113125 0.5509375000000001
1 0.87301875 0.9024749999999999 0.85060625 0.9024749999999999 0.85060625 0.924675 0.87301875 0.924675 0.87301875 0.9024749999999999
1 0.28194375 0.14399375 0.24880624999999998 0.14399375 0.24880624999999998 0.17095625 0.28194375 0.17095625 0.28194375 0.14399375
1 0.60700625 0.52265 0.58244375 0.52265 0.58244375 0.544725 0.60700625 0.544725 0.60700625 0.52265
1 0.24935625 0.7485999999999999 0.22426875000000002 0.7485999999999999 0.22426875000000002 0.770925 0.24935625 0.770925 0.24935625 0.7485999999999999
1 0.5020374999999999 0.47003125 0.48038749999999997 0.47003125 0.48038749999999997 0.49189375 0.5020374999999999 0.49189375 0.5020374999999999 0.47003125
1 0.8905062499999999 0.6694312499999999 0.86926875 0.6694312499999999 0.86926875 0.68896875 0.8905062499999999 0.68896875 0.8905062499999999 0.6694312499999999
1 0.38165 0.45345625 0.35565 0.45345625 0.35565 0.47329375 0.38165 0.47329375 0.38165 0.45345625
1 0.45988749999999995 0.5013375 0.4331875 0.5013375 0.4331875 0.5250375 0.45988749999999995 0.5250375 0.45988749999999995 0.5013375
1 0.49674375 0.16417500000000002 0.47688125000000003 0.16417500000000002 0.47688125000000003 0.183 0.49674375 0.183 0.49674375 0.16417500000000002
1 0.10627500000000001 0.3422125 0.07525 0.3422125 0.07525 0.3721375 0.10627500000000001 0.3721375 0.10627500000000001 0.3422125
1 0.19701249999999998 0.45386875 0.17481249999999998 0.45386875 0.17481249999999998 0.47483125 0.19701249999999998 0.47483125 0.19701249999999998 0.45386875
1 0.68864375 0.84299375 0.67073125 0.84299375 0.67073125 0.8620812499999999 0.68864375 0.8620812499999999 0.68864375 0.84299375
1 0.6234124999999999 0.30561875 0.6031625 0.30561875 0.6031625 0.32133124999999996 0.6234124999999999 0.32133124999999996 0.6234124999999999 0.30561875
1 0.2957875 0.45265000000000005 0.2779375 0.45265000000000005 0.2779375 0.47214999999999996 0.2957875 0.47214999999999996 0.2957875 0.45265000000000005
1 0.16109374999999998 0.74540625 0.13968125 0.74540625 0.13968125 0.76339375 0.16109374999999998 0.76339375 0.16109374999999998 0.74540625
1 0.8436125000000001 0.3687625 0.8263125 0.3687625 0.8263125 0.3846625 0.8436125000000001 0.3846625 0.8436125000000001 0.3687625
1 0.41005624999999996 0.32093125 0.38046875 0.32093125 0.38046875 0.34899375 0.41005624999999996 0.34899375 0.41005624999999996 0.32093125
1 0.58941875 0.8351749999999999 0.57170625 0.8351749999999999 0.57170625 0.8533 0.58941875 0.8533 0.58941875 0.8351749999999999
1 0.22215 0.30714375 0.20265 0.30714375 0.20265 0.33153125 0.22215 0.33153125 0.22215 0.30714375
1 0.37839375 0.115025 0.35598125 0.115025 0.35598125 0.136675 0.37839375 0.136675 0.37839375 0.115025
1 0.57316875 0.8716125 0.55670625 0.8716125 0.55670625 0.8920625 0.57316875 0.8920625 0.57316875 0.8716125
1 0.264125 0.4061375 0.2432 0.4061375 0.2432 0.4254125 0.264125 0.4254125 0.264125 0.4061375
1 0.5571937499999999 0.59034375 0.53850625 0.59034375 0.53850625 0.60888125 0.5571937499999999 0.60888125 0.5571937499999999 0.59034375
1 0.9323499999999999 0.22978125 0.914325 0.22978125 0.914325 0.24701875 0.9323499999999999 0.24701875 0.9323499999999999 0.22978125
1 0.32239375 0.4338375 0.27478125000000003 0.4338375 0.27478125000000003 0.47436249999999996 0.32239375 0.47436249999999996 0.32239375 0.4338375
1 0.90518125 0.8780625000000001 0.88389375 0.8780625000000001 0.88389375 0.8973375000000001 0.90518125 0.8973375000000001 0.90518125 0.8780625000000001
1 0.54725 0.3792375 0.5279499999999999 0.3792375 0.5279499999999999 0.39761250000000004 0.54725 0.39761250000000004 0.54725 0.3792375
1 0.5660499999999999 0.72944375 0.5433250000000001 0.72944375 0.5433250000000001 0.74418125 0.5660499999999999 0.74418125 0.5660499999999999 0.72944375
1 0.152625 0.54393125 0.128625 0.54393125 0.128625 0.56349375 0.152625 0.56349375 0.152625 0.54393125
1 0.7259875 0.49791875 0.7066375 0.49791875 0.7066375 0.51770625 0.7259875 0.51770625 0.7259875 0.49791875
1 0.53716875 0.39878749999999996 0.51753125 0.39878749999999996 0.51753125 0.41663750000000005 0.53716875 0.41663750000000005 0.53716875 0.39878749999999996
1 0.64276875 0.035943750000000003 0.62285625 0.035943750000000003 0.62285625 0.05945625 0.64276875 0.05945625 0.64276875 0.035943750000000003
1 0.9839375 0.57768125 0.9633375 0.57768125 0.9633375 0.59809375 0.9839375 0.59809375 0.9839375 0.57768125
1 0.46481874999999995 0.628775 0.44583125 0.628775 0.44583125 0.646625 0.46481874999999995 0.646625 0.46481874999999995 0.628775
1 0.8684875 0.53289375 0.8483124999999999 0.53289375 0.8483124999999999 0.5520562499999999 0.8684875 0.5520562499999999 0.8684875 0.53289375
1 0.43585 0.777875 0.411325 0.777875 0.411325 0.7944 0.43585 0.7944 0.43585 0.777875
1 0.8962625 0.36663125 0.8781625 0.36663125 0.8781625 0.38531875000000004 0.8962625 0.38531875000000004 0.8962625 0.36663125
1 0.4282875 0.5941 0.41156249999999994 0.5941 0.41156249999999994 0.61 0.4282875 0.61 0.4282875 0.5941
1 0.81026875 0.9048562499999999 0.79228125 0.9048562499999999 0.79228125 0.92131875 0.81026875 0.92131875 0.81026875 0.9048562499999999
1 0.41691874999999995 0.8395625000000001 0.40095625 0.8395625000000001 0.40095625 0.8586874999999999 0.41691874999999995 0.8586874999999999 0.41691874999999995 0.8395625000000001
1 0.6452875 0.25715625000000003 0.6271625000000001 0.25715625000000003 0.6271625000000001 0.27311874999999997 0.6452875 0.27311874999999997 0.6452875 0.25715625000000003
1 0.36444375 0.39321875 0.34550625 0.39321875 0.34550625 0.40805625 0.36444375 0.40805625 0.36444375 0.39321875
1 0.31303125 0.1725875 0.29584375 0.1725875 0.29584375 0.1889875 0.31303125 0.1889875 0.31303125 0.1725875
1 0.4339875 0.08949375000000001 0.4122125 0.08949375000000001 0.4122125 0.10668124999999999 0.4339875 0.10668124999999999 0.4339875 0.08949375000000001
1 0.39154374999999997 0.63835 0.37310625000000003 0.63835 0.37310625000000003 0.6536500000000001 0.39154374999999997 0.6536500000000001 0.39154374999999997 0.63835
1 0.04849375 0.489975 0.015356249999999998 0.489975 0.015356249999999998 0.51295 0.04849375 0.51295 0.04849375 0.489975
1 0.9745375 0.330175 0.9561375 0.330175 0.9561375 0.3456 0.9745375 0.3456 0.9745375 0.330175
1 0.92545 0.840325 0.908525 0.840325 0.908525 0.8550000000000001 0.92545 0.8550000000000001 0.92545 0.840325
1 0.9304937499999999 0.9223750000000001 0.9132562500000001 0.9223750000000001 0.9132562500000001 0.937975 0.9304937499999999 0.937975 0.9304937499999999 0.9223750000000001
1 0.43764375 0.02064375 0.40805625 0.02064375 0.40805625 0.04630625 0.43764375 0.04630625 0.43764375 0.02064375
1 0.60550625 0.25025 0.58589375 0.25025 0.58589375 0.267825 0.60550625 0.267825 0.60550625 0.25025
1 0.83003125 0.9629562500000001 0.8144937499999999 0.9629562500000001 0.8144937499999999 0.97844375 0.83003125 0.97844375 0.83003125 0.9629562500000001
1 0.9414624999999999 0.68110625 0.9247375 0.68110625 0.9247375 0.69681875 0.9414624999999999 0.69681875 0.9414624999999999 0.68110625
1 0.5918812499999999 0.9784312500000001 0.56339375 0.9784312500000001 0.56339375 0.99814375 0.5918812499999999 0.99814375 0.5918812499999999 0.9784312500000001
1 0.16595 0.587275 0.14705 0.587275 0.14705 0.604125 0.16595 0.604125 0.16595 0.587275
1 0.6359625 0.7299125 0.6189125 0.7299125 0.6189125 0.7515375 0.6359625 0.7515375 0.6359625 0.7299125
1 0.6711750000000001 0.00668125 0.62375 0.00668125 0.62375 0.06136875000000001 0.6711750000000001 0.06136875000000001 0.6711750000000001 0.00668125
1 0.8440687499999999 0.6518937499999999 0.81705625 0.6518937499999999 0.81705625 0.66645625 0.8440687499999999 0.66645625 0.8440687499999999 0.6518937499999999
1 0.530925 0.31873125 0.51205 0.31873125 0.51205 0.33506874999999997 0.530925 0.33506874999999997 0.530925 0.31873125
1 0.24360624999999997 0.19924375 0.22636875 0.19924375 0.22636875 0.21603124999999998 0.24360624999999997 0.21603124999999998 0.24360624999999997 0.19924375
1 0.74760625 0.9724625 0.73189375 0.9724625 0.73189375 0.9855375000000001 0.74760625 0.9855375000000001 0.74760625 0.9724625
1 0.0163875 0.54030625 0.0001125 0.54030625 0.0001125 0.5592937499999999 0.0163875 0.5592937499999999 0.0163875 0.54030625
1 0.73195625 0.19813125 0.71336875 0.19813125 0.71336875 0.21396874999999999 0.73195625 0.21396874999999999 0.73195625 0.19813125
1 0.3643875 0.75145 0.2933375 0.75145 0.2933375 0.79835 0.3643875 0.79835 0.3643875 0.75145
1 0.7481125 0.5629875 0.6688875000000001 0.5629875 0.6688875000000001 0.6079125000000001 0.7481125 0.6079125000000001 0.7481125 0.5629875
1 0.8044375 0.8647125000000001 0.7893125000000001 0.8647125000000001 0.7893125000000001 0.8774875 0.8044375 0.8774875 0.8044375 0.8647125000000001
3 0.12125 0 0.1025 0.04875 0.09625 0.08 0.09 0.2225 0.08499999999999999 0.23125 0.08499999999999999 0.25 0.08125 0.25 0.08 0.22749999999999998 0.05625 0.22625 0.0475 0.23374999999999999 0.04625 0.22749999999999998 0.0375 0.22374999999999998 0.0475 0.21375000000000002 0.06999999999999999 0.21875 0.0675 0.21125 0.0325 0.21125 0.03 0.20625 0.034999999999999996 0.205 0.03 0.20249999999999999 0.03 0.19624999999999998 0.02375 0.19624999999999998 0.017499999999999998 0.20249999999999999 0.017499999999999998 0.19624999999999998 0.008749999999999999 0.195 0 0.20375000000000001 0 0.8175000000000001 0.03875 0.83625 0.06375 0.84375 0.07375000000000001 0.84375 0.12625 0.86 0.14875 0.85875 0.22374999999999998 0.835 0.2875 0.80375 0.29625 0.79625 0.29874999999999996 0.7887500000000001 0.3075 0.7887500000000001 0.31124999999999997 0.81125 0.30625 0.8099999999999999 0.3025 0.81375 0.29625 0.85375 0.29 0.85875 0.29 0.8699999999999999 0.28250000000000003 0.8800000000000001 0.27625 0.9075 0.27 0.91375 0.26749999999999996 0.93125 0.25875 0.9425000000000001 0.24500000000000002 0.98125 0.24375 0.99125 0.25875 0.99875 0.26749999999999996 0.99875 0.27375 0.99 0.27749999999999997 0.9662499999999999 0.29125 0.9412499999999999 0.3275 0.8375 0.34875 0.79625 0.36124999999999996 0.805 0.37124999999999997 0.8237500000000001 0.365 0.8300000000000001 0.3675 0.85 0.37124999999999997 0.85375 0.375 0.89125 0.38375 0.91875 0.41 0.95875 0.4225 0.97 0.4225 0.975 0.44625000000000004 0.99875 0.8724999999999999 0.99875 0.89 0.99125 0.9337500000000001 0.96 0.99875 0.89125 0.99875 0.16999999999999998 0.9949999999999999 0.1675 0.99375 0.1575 0.98125 0.17124999999999999 0.9662499999999999 0.17124999999999999 0.9550000000000001 0.16625 0.9512499999999999 0.17250000000000001 0.945 0.17375000000000002 0.94375 0.18 0.9349999999999999 0.18125 0.9337500000000001 0.17250000000000001 0.93 0.17250000000000001 0.93 0.1775 0.9225 0.17875000000000002 0.91875 0.18625 0.91375 0.185 0.9175000000000001 0.18125 0.915 0.18 0.9125 0.18375 0.9075 0.18 0.9037499999999999 0.18625 0.89625 0.18625 0.89375 0.18125 0.8875 0.1875 0.8675 0.18625 0.8724999999999999 0.1775 0.8525 0.18 0.8462500000000001 0.185 0.825 0.185 0.82875 0.19125 0.8412499999999999 0.1875 0.84375 0.1925 0.8412499999999999 0.19624999999999998 0.82875 0.19375 0.8262499999999999 0.20125 0.82125 0.20125 0.82125 0.19624999999999998 0.81125 0.1925 0.795 0.1975 0.745 0.24874999999999997 0.74125 0.24500000000000002 0.73875 0.22625 0.74125 0.2 0.73 0.058750000000000004 0.72 0.0125 0.7125 0 0.40875000000000006 0 0.40374999999999994 0.005 0.40125 0 0.39488625 0 0.12125 0