1 0.35546875 0.49583750000000004 0.31333125 0.49583750000000004 0.31333125 0.5371125 0.35546875 0.5371125 0.35546875 0.49583750000000004
1 0.3081 0.40715 0.29052500000000003 0.40715 0.29052500000000003 0.42245 0.3081 0.42245 0.3081 0.40715
1 0.492325 0.43876875000000004 0.475925 0.43876875000000004 0.475925 0.45235624999999996 0.492325 0.45235624999999996 0.492325 0.43876875000000004
1 0.50721875 0.712125 0.47910624999999996 0.712125 0.47910624999999996 0.741 0.50721875 0.741 0.50721875 0.712125
1 0.8914312499999999 0.8980625 0.8741937500000001 0.8980625 0.8741937500000001 0.9173625 0.8914312499999999 0.9173625 0.8914312499999999 0.8980625
1 0.41508124999999996 0.14352499999999999 0.39936875 0.14352499999999999 0.39936875 0.15775 0.41508124999999996 0.15775 0.41508124999999996 0.14352499999999999
1 0.22457500000000002 0.88811875 0.18655 0.88811875 0.18655 0.91168125 0.22457500000000002 0.91168125 0.22457500000000002 0.88811875
1 0.28113125 0.87221875 0.18909375 0.87221875 0.18909375 0.9109812500000001 0.28113125 0.9109812500000001 0.28113125 0.87221875
1 0.6745187500000001 0.0235875 0.64480625 0.0235875 0.64480625 0.0510625 0.6745187500000001 0.0510625 0.6745187500000001 0.0235875
1 0.026806249999999997 0.38169375 0.010843750000000001 0.38169375 0.010843750000000001 0.39370625000000004 0.026806249999999997 0.39370625000000004 0.026806249999999997 0.38169375
1 0.5022875 0.41953125 0.48891249999999997 0.41953125 0.48891249999999997 0.43154375 0.5022875 0.43154375 0.5022875 0.41953125
1 0.49988124999999994 0.74644375 0.46789375 0.74644375 0.46789375 0.77700625 0.49988124999999994 0.77700625 0.49988124999999994 0.74644375
1 0.44186249999999994 0.583575 0.42533750000000003 0.583575 0.42533750000000003 0.5980749999999999 0.44186249999999994 0.5980749999999999 0.44186249999999994 0.583575
1 0.442975 0.6885687500000001 0.43055000000000004 0.6885687500000001 0.43055000000000004 0.69913125 0.442975 0.69913125 0.442975 0.6885687500000001
1 0.49823125 0.12 0.48321875 0.12 0.48321875 0.1339 0.49823125 0.1339 0.49823125 0.12
1 0.5905625 0.13022499999999998 0.5735125 0.13022499999999998 0.5735125 0.146625 0.5905625 0.146625 0.5905625 0.13022499999999998
1 0.40380625 0.716425 0.34716874999999997 0.716425 0.34716874999999997 0.746475 0.40380625 0.746475 0.40380625 0.716425
1 0.586325 0.23632499999999998 0.56895 0.23632499999999998 0.56895 0.253425 0.586325 0.253425 0.586325 0.23632499999999998
1 0.21140625000000002 0.2648125 0.19949375 0.2648125 0.19949375 0.27668750000000003 0.21140625000000002 0.27668750000000003 0.21140625000000002 0.2648125
1 0.5409437500000001 0.15506875 0.52448125 0.15506875 0.52448125 0.16670625 0.5409437500000001 0.16670625 0.5409437500000001 0.15506875
1 0.49342499999999995 0.37575625 0.47045000000000003 0.37575625 0.47045000000000003 0.39474375 0.49342499999999995 0.39474375 0.49342499999999995 0.37575625
1 0.35055625 0.8312875 0.33644375000000004 0.8312875 0.33644375000000004 0.8425375 0.35055625 0.8425375 0.35055625 0.8312875
1 0.23543124999999998 0.72099375 0.21989375 0.72099375 0.21989375 0.73505625 0.23543124999999998 0.73505625 0.23543124999999998 0.72099375
1 0.6001125 0.2940875 0.5873875 0.2940875 0.5873875 0.30551249999999996 0.6001125 0.30551249999999996 0.6001125 0.2940875
3 0 0 0 0.805 0.00625 0.81875 0.03125 0.845 0.1025 0.89 0.17875000000000002 0.9099999999999999 0.22875 0.9112500000000001 0.26625 0.9075 0.27875 0.9012499999999999 0.3075 0.89625 0.35125 0.87625 0.365 0.87375 0.40125 0.85125 0.41125 0.8487500000000001 0.41375 0.8400000000000001 0.43 0.83375 0.47125000000000006 0.79375 0.51375 0.725 0.5587500000000001 0.5974999999999999 0.5662499999999999 0.55625 0.5675 0.5075000000000001 0.57375 0.4625 0.58875 0.42750000000000005 0.5974999999999999 0.38875000000000004 0.6125 0.35750000000000004 0.6325000000000001 0.28125 0.65 0.24874999999999997 0.6525000000000001 0.2325 0.6799999999999999 0.15625 0.6950000000000001 0.09625 0.725 0.01875 0.72875 0 0.335 0 0.22749999999999998 0.08125 0.1675 0.13999999999999999 0.16125 0.1375 0.16 0.05 0.15375 0 0.14734375 0 0 0