1 0.60655625 0.2235125 0.55264375 0.2235125 0.55264375 0.2617875 0.60655625 0.2617875 0.60655625 0.2235125
1 0.39831875 0.50684375 0.37555625 0.50684375 0.37555625 0.53040625 0.39831875 0.53040625 0.39831875 0.50684375
1 0.15925625000000002 0.38353125 0.13516875 0.38353125 0.13516875 0.40259375000000003 0.15925625000000002 0.40259375000000003 0.15925625000000002 0.38353125
1 0.43656875 0.64014375 0.42085625000000004 0.64014375 0.42085625000000004 0.65673125 0.43656875 0.65673125 0.43656875 0.64014375
1 0.4298125 0.6507375 0.4163875 0.6507375 0.4163875 0.6646875 0.4298125 0.6646875 0.4298125 0.6507375
1 0.4973875 0.37036875 0.4840625 0.37036875 0.4840625 0.38695625 0.4973875 0.38695625 0.4973875 0.37036875
1 0.56845625 0.30643750000000003 0.5536187499999999 0.30643750000000003 0.5536187499999999 0.31906249999999997 0.56845625 0.31906249999999997 0.56845625 0.30643750000000003
1 0.30784375 0.30060625 0.28933125 0.30060625 0.28933125 0.31706875 0.30784375 0.31706875 0.30784375 0.30060625
1 0.224425 0.4104 0.2077 0.4104 0.2077 0.427975 0.224425 0.427975 0.224425 0.4104
1 0.42083125 0.3879 0.41021875 0.3879 0.41021875 0.401175 0.42083125 0.401175 0.42083125 0.3879
1 0.38599375 0.30862500000000004 0.35718125 0.30862500000000004 0.35718125 0.33492500000000003 0.38599375 0.33492500000000003 0.38599375 0.30862500000000004
1 0.1962375 0.38610625 0.1831625 0.38610625 0.1831625 0.39806875 0.1962375 0.39806875 0.1962375 0.38610625
1 0.1998 0.21180625000000003 0.18765 0.21180625000000003 0.18765 0.22544375 0.1998 0.22544375 0.1998 0.21180625000000003
1 0.7412062500000001 0.5749500000000001 0.73046875 0.5749500000000001 0.73046875 0.5852 0.7412062500000001 0.5852 0.7412062500000001 0.5749500000000001
1 0.6365062499999999 0.4227125 0.6252187499999999 0.4227125 0.6252187499999999 0.43861249999999996 0.6365062499999999 0.43861249999999996 0.6365062499999999 0.4227125
1 0.6783125 0.4939 0.6644625 0.4939 0.6644625 0.5090250000000001 0.6783125 0.5090250000000001 0.6783125 0.4939
1 0.64709375 0.5518125 0.6351312499999999 0.5518125 0.6351312499999999 0.5643875 0.64709375 0.5643875 0.64709375 0.5518125
1 0.22404375 0.371775 0.21175625 0.371775 0.21175625 0.3836 0.22404375 0.3836 0.22404375 0.371775
1 0.7427875 0.3805125 0.7298625000000001 0.3805125 0.7298625000000001 0.3909625 0.7427875 0.3909625 0.7427875 0.3805125
1 0.1307375 0.20455 0.1173125 0.20455 0.1173125 0.217075 0.1307375 0.217075 0.1307375 0.20455
1 0.7433500000000001 0.35896249999999996 0.730275 0.35896249999999996 0.730275 0.3719875 0.7433500000000001 0.3719875 0.7433500000000001 0.35896249999999996
1 0.5781625 0.35092500000000004 0.5653875 0.35092500000000004 0.5653875 0.3644 0.5781625 0.3644 0.5781625 0.35092500000000004
1 0.4236375 0.32385 0.4083875 0.32385 0.4083875 0.3407 0.4236375 0.3407 0.4236375 0.32385
1 0.24225 0.4865375 0.233325 0.4865375 0.233325 0.49636250000000004 0.24225 0.49636250000000004 0.24225 0.4865375
1 0.6670375 0.51123125 0.6581625 0.51123125 0.6581625 0.52196875 0.6670375 0.52196875 0.6670375 0.51123125
1 0.39163749999999997 0.35011875 0.3813125 0.35011875 0.3813125 0.36180625 0.39163749999999997 0.36180625 0.39163749999999997 0.35011875
1 0.72466875 0.381275 0.71380625 0.381275 0.71380625 0.39265 0.72466875 0.39265 0.72466875 0.381275
1 0.73335625 0.54219375 0.72171875 0.54219375 0.72171875 0.55448125 0.73335625 0.55448125 0.73335625 0.54219375
1 0.5658125 0.19990625 0.5572375 0.19990625 0.5572375 0.21464375000000002 0.5658125 0.21464375000000002 0.5658125 0.19990625
1 0.16275 0.280775 0.15389999999999998 0.280775 0.15389999999999998 0.291975 0.16275 0.291975 0.16275 0.280775
1 0.25015624999999997 0.5181312499999999 0.23641874999999998 0.5181312499999999 0.23641874999999998 0.53361875 0.25015624999999997 0.53361875 0.25015624999999997 0.5181312499999999
1 0.37020624999999996 0.53685 0.36026875 0.53685 0.36026875 0.54615 0.37020624999999996 0.54615 0.37020624999999996 0.53685
1 0.25304375 0.6824874999999999 0.24500625 0.6824874999999999 0.24500625 0.6915375 0.25304375 0.6915375 0.25304375 0.6824874999999999
1 0.26095 0.71961875 0.24442499999999998 0.71961875 0.24442499999999998 0.73545625 0.26095 0.73545625 0.26095 0.71961875
1 0.64090625 0.1945 0.62861875 0.1945 0.62861875 0.2098 0.64090625 0.2098 0.64090625 0.1945
1 0.66648125 0.56964375 0.65676875 0.56964375 0.65676875 0.57880625 0.66648125 0.57880625 0.66648125 0.56964375
1 0.34661875000000003 0.30931875 0.33698125 0.30931875 0.33698125 0.32105625 0.34661875000000003 0.32105625 0.34661875000000003 0.30931875
1 0.46031875 0.40742500000000004 0.44885624999999996 0.40742500000000004 0.44885624999999996 0.41875 0.46031875 0.41875 0.46031875 0.40742500000000004
1 0.2974375 0.16596249999999999 0.2860625 0.16596249999999999 0.2860625 0.1772875 0.2974375 0.1772875 0.2974375 0.16596249999999999
1 0.42051875 0.41756875000000004 0.41103125 0.41756875000000004 0.41103125 0.42765624999999996 0.42051875 0.42765624999999996 0.42051875 0.41756875000000004
1 0.46987500000000004 0.3597625 0.45982500000000004 0.3597625 0.45982500000000004 0.3707125 0.46987500000000004 0.3707125 0.46987500000000004 0.3597625
1 0.33970625 0.68815 0.33021875 0.68815 0.33021875 0.6976 0.33970625 0.6976 0.33970625 0.68815
1 0.22494375 0.7582375 0.21500625 0.7582375 0.21500625 0.7681375 0.22494375 0.7681375 0.22494375 0.7582375
1 0.25210625000000003 0.63808125 0.24349375 0.63808125 0.24349375 0.6499937499999999 0.25210625000000003 0.6499937499999999 0.25210625000000003 0.63808125
1 0.29828125 0.5569437500000001 0.28814375000000003 0.5569437500000001 0.28814375000000003 0.56708125 0.29828125 0.56708125 0.29828125 0.5569437500000001
1 0.3119 0.3701 0.30285 0.3701 0.30285 0.38087499999999996 0.3119 0.38087499999999996 0.3119 0.3701
1 0.45176875 0.4777 0.44325625 0.4777 0.44325625 0.48617499999999997 0.45176875 0.48617499999999997 0.45176875 0.4777
1 0.65406875 0.21276250000000002 0.64378125 0.21276250000000002 0.64378125 0.2225375 0.65406875 0.2225375 0.65406875 0.21276250000000002
1 0.116375 0.34524374999999996 0.10725 0.34524374999999996 0.10725 0.35398125 0.116375 0.35398125 0.116375 0.34524374999999996
1 0.7224875 0.58026875 0.7111125 0.58026875 0.7111125 0.59063125 0.7224875 0.59063125 0.7224875 0.58026875
1 0.7080375 0.49829999999999997 0.6923625 0.49829999999999997 0.6923625 0.5144 0.7080375 0.5144 0.7080375 0.49829999999999997
1 0.32395 0.19531875 0.31325 0.19531875 0.31325 0.20728125 0.32395 0.20728125 0.32395 0.19531875
1 0.3878625 0.6423 0.3782625 0.6423 0.3782625 0.652625 0.3878625 0.652625 0.3878625 0.6423
1 0.25704375 0.77005 0.24345625 0.77005 0.24345625 0.782675 0.25704375 0.782675 0.25704375 0.77005
1 0.7386125 0.28961875 0.7223375 0.28961875 0.7223375 0.30705625 0.7386125 0.30705625 0.7386125 0.28961875
1 0.7222062499999999 0.4120375 0.7113937499999999 0.4120375 0.7113937499999999 0.42536250000000003 0.7222062499999999 0.42536250000000003 0.7222062499999999 0.4120375
1 0.4059375 0.46034375 0.3972875 0.46034375 0.3972875 0.46935625 0.4059375 0.46935625 0.4059375 0.46034375
1 0.50895 0.25611875 0.5008250000000001 0.25611875 0.5008250000000001 0.26830625 0.50895 0.26830625 0.50895 0.25611875
1 0.8058375 0.593125 0.7781374999999999 0.593125 0.7781374999999999 0.610975 0.8058375 0.610975 0.8058375 0.593125
1 0.3960375 0.49050625 0.3876625 0.49050625 0.3876625 0.5002187499999999 0.3960375 0.5002187499999999 0.3960375 0.49050625
1 0.0766375 0.3315125 0.06863749999999999 0.3315125 0.06863749999999999 0.3403625 0.0766375 0.3403625 0.0766375 0.3315125
1 0.20760625 0.7168375 0.19889375 0.7168375 0.19889375 0.7265125 0.20760625 0.7265125 0.20760625 0.7168375
1 0.34600624999999996 0.36638125 0.33514374999999996 0.36638125 0.33514374999999996 0.37679375 0.34600624999999996 0.37679375 0.34600624999999996 0.36638125
1 0.23748125 0.86128125 0.22101874999999999 0.86128125 0.22101874999999999 0.8760187500000001 0.23748125 0.8760187500000001 0.23748125 0.86128125
1 0.17303125 0.30841875 0.15874375000000002 0.30841875 0.15874375000000002 0.32195625 0.17303125 0.32195625 0.17303125 0.30841875
1 0.73225625 0.51414375 0.72184375 0.51414375 0.72184375 0.52295625 0.73225625 0.52295625 0.73225625 0.51414375
1 0.592725 0.53475625 0.585975 0.53475625 0.585975 0.54239375 0.592725 0.54239375 0.592725 0.53475625
1 0.5892875 0.15083125 0.5806375 0.15083125 0.5806375 0.16069375 0.5892875 0.16069375 0.5892875 0.15083125
1 0.3271 0.75141875 0.319375 0.75141875 0.319375 0.76128125 0.3271 0.76128125 0.3271 0.75141875
1 0.24731874999999998 0.8038624999999999 0.23950624999999998 0.8038624999999999 0.23950624999999998 0.8143125 0.24731874999999998 0.8143125 0.24731874999999998 0.8038624999999999
1 0.515525 0.11630625000000001 0.495225 0.11630625000000001 0.495225 0.13394375 0.515525 0.13394375 0.515525 0.11630625000000001
1 0.56523125 0.41458125 0.5373187500000001 0.41458125 0.5373187500000001 0.43209375000000005 0.56523125 0.43209375000000005 0.56523125 0.41458125
1 0.4642875 0.47103124999999996 0.4570875 0.47103124999999996 0.4570875 0.47866875000000003 0.4642875 0.47866875000000003 0.4642875 0.47103124999999996
1 0.593725 0.47115 0.585975 0.47115 0.585975 0.47952500000000003 0.593725 0.47952500000000003 0.593725 0.47115
1 0.668675 0.1955375 0.660425 0.1955375 0.660425 0.2041125 0.668675 0.2041125 0.668675 0.1955375
1 0.41511250000000005 0.1619375 0.4017875 0.1619375 0.4017875 0.1869375 0.41511250000000005 0.1869375 0.41511250000000005 0.1619375
1 0.2404375 0.2929625 0.23076249999999998 0.2929625 0.23076249999999998 0.3027375 0.2404375 0.3027375 0.2404375 0.2929625
1 0.75790625 0.48004375 0.74891875 0.48004375 0.74891875 0.49065624999999996 0.75790625 0.49065624999999996 0.75790625 0.48004375
1 0.25431875000000004 0.8516875 0.24203125 0.8516875 0.24203125 0.8651125000000001 0.25431875000000004 0.8651125000000001 0.25431875000000004 0.8516875
1 0.25205625 0.34613125 0.24184375 0.34613125 0.24184375 0.36041875 0.25205625 0.36041875 0.25205625 0.34613125
1 0.38619375 0.65371875 0.37455625000000003 0.65371875 0.37455625000000003 0.6705062500000001 0.38619375 0.6705062500000001 0.38619375 0.65371875
1 0.0143625 0.4276625 0.0011375 0.4276625 0.0011375 0.4478375 0.0143625 0.4478375 0.0143625 0.4276625
1 0.67925 0.49455625000000003 0.657675 0.49455625000000003 0.657675 0.53181875 0.67925 0.53181875 0.67925 0.49455625000000003
1 0.1471 0.335425 0.13855 0.335425 0.13855 0.343775 0.1471 0.343775 0.1471 0.335425
1 0.15869375 0.56105 0.15210625 0.56105 0.15210625 0.573725 0.15869375 0.573725 0.15869375 0.56105
1 0.69615625 0.3962625 0.6807937500000001 0.3962625 0.6807937500000001 0.4260125 0.69615625 0.4260125 0.69615625 0.3962625
3 0.32958375 0 0.31625000000000003 0.00125 0.34375 0.14250000000000002 0.34625 0.17875000000000002 0.33999999999999997 0.17875000000000002 0.2925 0.14625 0.27999999999999997 0.14250000000000002 0.24 0.14250000000000002 0.20375000000000001 0.14750000000000002 0.15625 0.16375 0.125 0.16999999999999998 0.09125 0.1875 0.065 0.22000000000000003 0.04625 0.26 0.03375 0.30375 0.0225 0.39 0.00375 0.44125 0.00375 0.45375 0.01875 0.45875000000000005 0.1 0.45625 0.14625 0.445 0.1875 0.42374999999999996 0.19375 0.42625 0.195 0.43499999999999994 0.16 0.5275000000000001 0.15125 0.57625 0.15125 0.6 0.175 0.7212500000000001 0.18875 0.75875 0.205 0.8225 0.20875 0.86 0.22000000000000003 0.87375 0.23374999999999999 0.8787499999999999 0.25375000000000003 0.87625 0.28625 0.8262499999999999 0.37124999999999997 0.7325 0.43499999999999994 0.655 0.45999999999999996 0.61875 0.50125 0.54625 0.5075000000000001 0.5237499999999999 0.5125 0.52 0.5349999999999999 0.5275000000000001 0.6 0.5625 0.6475 0.5775 0.6925 0.58375 0.7825 0.60875 0.80375 0.61 0.8087500000000001 0.595 0.8025 0.5599999999999999 0.7849999999999999 0.51 0.7775000000000001 0.4725 0.77625 0.43875000000000003 0.75625 0.33375 0.74125 0.28375 0.7212500000000001 0.24625 0.6725 0.185 0.64125 0.15375 0.5475 0.10375000000000001 0.525 0.0975 0.48125 0.09875 0.43624999999999997 0.1125 0.40499999999999997 0.14250000000000002 0.38125 0.19 0.37625000000000003 0.19 0.37124999999999997 0.185 0.36375 0.1575 0.365 0.13374999999999998 0.36124999999999996 0.1275 0.36 0.09875 0.355 0.09875 0.35875 0.08875 0.3525 0.045 0.35 0.07875 0.34375 0.061250000000000006 0.34500000000000003 0.005 0.33999999999999997 0.008749999999999999 0.34249999999999997 0.013750000000000002 0.3375 0.013750000000000002 0.33625 0 0.32958375 0