1 0.6303687499999999 0.3983375 0.5733312500000001 0.3983375 0.5733312500000001 0.46373749999999997 0.6303687499999999 0.46373749999999997 0.6303687499999999 0.3983375
1 0.40123125000000004 0.497825 0.35414375 0.497825 0.35414375 0.52855 0.40123125000000004 0.52855 0.40123125000000004 0.497825
1 0.7467625 0.746525 0.7102625 0.746525 0.7102625 0.808175 0.7467625 0.808175 0.7467625 0.746525
1 0.32541875 0.47974375 0.27955625 0.47974375 0.27955625 0.51975625 0.32541875 0.51975625 0.32541875 0.47974375
1 0.06809375 0.4194375 0.03828125 0.4194375 0.03828125 0.4516625 0.06809375 0.4516625 0.06809375 0.4194375
1 0.42622499999999997 0.54603125 0.38530000000000003 0.54603125 0.38530000000000003 0.58384375 0.42622499999999997 0.58384375 0.42622499999999997 0.54603125
1 0.15730625 0.7455499999999999 0.09611875 0.7455499999999999 0.09611875 0.824775 0.15730625 0.824775 0.15730625 0.7455499999999999
1 0.5124187499999999 0.2832375 0.48953125000000003 0.2832375 0.48953125000000003 0.3095375 0.5124187499999999 0.3095375 0.5124187499999999 0.2832375
1 0.65238125 0.55088125 0.62204375 0.55088125 0.62204375 0.62881875 0.65238125 0.62881875 0.65238125 0.55088125
1 0.38745625 0.8201437500000001 0.35571875 0.8201437500000001 0.35571875 0.85368125 0.38745625 0.85368125 0.38745625 0.8201437500000001
1 0.97658125 0.30915625 0.95799375 0.30915625 0.95799375 0.33049375 0.97658125 0.33049375 0.97658125 0.30915625
1 0.15865625 0.93445625 0.12844375 0.93445625 0.12844375 0.96399375 0.15865625 0.96399375 0.15865625 0.93445625
1 0.97601875 0.718425 0.9448812500000001 0.718425 0.9448812500000001 0.7474000000000001 0.97601875 0.7474000000000001 0.97601875 0.718425
1 0.46929999999999994 0.16729375 0.38079999999999997 0.16729375 0.38079999999999997 0.26165625000000003 0.46929999999999994 0.26165625000000003 0.46929999999999994 0.16729375
1 0.12789999999999999 0.1487 0.05325 0.1487 0.05325 0.20554999999999998 0.12789999999999999 0.20554999999999998 0.12789999999999999 0.1487
1 0.08435000000000001 0.1555125 0.05835 0.1555125 0.05835 0.1931125 0.08435000000000001 0.1931125 0.08435000000000001 0.1555125
1 0.16666875 0.4693125 0.12385625 0.4693125 0.12385625 0.5160375 0.16666875 0.5160375 0.16666875 0.4693125
1 0.4155875 0.2109375 0.38811249999999997 0.2109375 0.38811249999999997 0.23778749999999998 0.4155875 0.23778749999999998 0.4155875 0.2109375
1 0.58276875 0.31473125 0.56370625 0.31473125 0.56370625 0.33859374999999997 0.58276875 0.33859374999999997 0.58276875 0.31473125
1 0.592425 0.5727625 0.5736 0.5727625 0.5736 0.6000875 0.592425 0.6000875 0.592425 0.5727625
1 0.43808749999999996 0.14890625 0.4207875 0.14890625 0.4207875 0.17214374999999998 0.43808749999999996 0.17214374999999998 0.43808749999999996 0.14890625
1 0.40028125000000003 0.34295624999999996 0.36631874999999997 0.34295624999999996 0.36631874999999997 0.37579375000000004 0.40028125000000003 0.37579375000000004 0.40028125000000003 0.34295624999999996
1 0.32958750000000003 0.09581875 0.3095625 0.09581875 0.3095625 0.11938125 0.32958750000000003 0.11938125 0.32958750000000003 0.09581875
1 0.74843125 0.15660625 0.71446875 0.15660625 0.71446875 0.19276875 0.74843125 0.19276875 0.74843125 0.15660625
1 0.30289375 0.566675 0.28205625 0.566675 0.28205625 0.5847 0.30289375 0.5847 0.30289375 0.566675
1 0.14016875 0.7405999999999999 0.10360625000000001 0.7405999999999999 0.10360625000000001 0.773075 0.14016875 0.773075 0.14016875 0.7405999999999999
1 0.927975 0.754925 0.909925 0.754925 0.909925 0.77145 0.927975 0.77145 0.927975 0.754925
1 0.37898125 0.625325 0.35686874999999996 0.625325 0.35686874999999996 0.6442 0.37898125 0.6442 0.37898125 0.625325
1 0.21212499999999998 0.01440625 0.19119999999999998 0.01440625 0.19119999999999998 0.03651875 0.21212499999999998 0.03651875 0.21212499999999998 0.01440625
1 0.12841249999999998 0.6560937499999999 0.1038875 0.6560937499999999 0.1038875 0.67885625 0.12841249999999998 0.67885625 0.12841249999999998 0.6560937499999999
1 0.64415 0.16220625 0.6205 0.16220625 0.6205 0.19741875 0.64415 0.19741875 0.64415 0.16220625
1 0.678125 0.6423 0.66075 0.6423 0.66075 0.66825 0.678125 0.66825 0.678125 0.6423
1 0.5806250000000001 0.039425 0.5639000000000001 0.039425 0.5639000000000001 0.05995 0.5806250000000001 0.05995 0.5806250000000001 0.039425
1 0.9951375 0.19651875000000002 0.9697125 0.19651875000000002 0.9697125 0.21558125 0.9951375 0.21558125 0.9951375 0.19651875000000002
1 0.85033125 0.09826875 0.83131875 0.09826875 0.83131875 0.12073125 0.85033125 0.12073125 0.85033125 0.09826875
1 0.70530625 0.07935 0.68629375 0.07935 0.68629375 0.10535000000000001 0.70530625 0.10535000000000001 0.70530625 0.07935
1 0.5281875 0.9043875 0.5098874999999999 0.9043875 0.5098874999999999 0.9237375 0.5281875 0.9237375 0.5281875 0.9043875
1 0.7209 0.239975 0.704875 0.239975 0.704875 0.25880000000000003 0.7209 0.25880000000000003 0.7209 0.239975
1 0.4042625 0.23594374999999998 0.38773749999999996 0.23594374999999998 0.38773749999999996 0.25600625 0.4042625 0.25600625 0.4042625 0.23594374999999998
1 0.75368125 0.8426625 0.7345937499999999 0.8426625 0.7345937499999999 0.8682874999999999 0.75368125 0.8682874999999999 0.75368125 0.8426625
1 0 0.5195125 0.04173125 0.5195125 0.04173125 0.4780375 0 0.4780375 0 0.5195125
1 0.7064 0.84624375 0.6891 0.84624375 0.6891 0.8666562499999999 0.7064 0.8666562499999999 0.7064 0.84624375
1 0.74759375 0.64749375 0.73093125 0.64749375 0.73093125 0.68063125 0.74759375 0.68063125 0.74759375 0.64749375
1 0.0868375 0.66200625 0.0653875 0.66200625 0.0653875 0.67784375 0.0868375 0.67784375 0.0868375 0.66200625
1 0.05384375 0.60460625 0.024531249999999998 0.60460625 0.024531249999999998 0.63856875 0.05384375 0.63856875 0.05384375 0.60460625
1 0.23101875 0.30391875 0.21990625000000003 0.30391875 0.21990625000000003 0.31765625000000003 0.23101875 0.31765625000000003 0.23101875 0.30391875
1 0.36025 0.4247875 0.34385 0.4247875 0.34385 0.43801249999999997 0.36025 0.43801249999999997 0.36025 0.4247875
1 0.3325125 0.151525 0.3056625 0.151525 0.3056625 0.17024999999999998 0.3325125 0.17024999999999998 0.3325125 0.151525
1 0.32235 0.363675 0.309475 0.363675 0.309475 0.37655 0.32235 0.37655 0.32235 0.363675
1 0.81780625 0.9342937499999999 0.80036875 0.9342937499999999 0.80036875 0.96120625 0.81780625 0.96120625 0.81780625 0.9342937499999999
1 0.37070625 1 0.37070625 0.9930749999999999 0.35586875 0.9930749999999999 0.35586875 1 0.37070625 1
1 0.09565 0.604 0.071825 0.604 0.071825 0.628425 0.09565 0.628425 0.09565 0.604
1 0.17124999999999999 0.18043125 0.1603 0.18043125 0.1603 0.19211875 0.17124999999999999 0.19211875 0.17124999999999999 0.18043125
3 0.5675 0.19 0.54125 0.2125 0.54 0.21625 0.545 0.22125 0.5337500000000001 0.23875000000000002 0.5287499999999999 0.23875000000000002 0.5287499999999999 0.2475 0.50875 0.26375000000000004 0.50125 0.27625 0.485 0.28250000000000003 0.48250000000000004 0.29375 0.46875 0.30625 0.45999999999999996 0.32125 0.4375 0.34249999999999997 0.42125 0.34875 0.41125 0.36875 0.38 0.4 0.37 0.40499999999999997 0.365 0.41375 0.34375 0.4225 0.34500000000000003 0.43125 0.335 0.44375 0.3225 0.44875 0.3025 0.46749999999999997 0.28250000000000003 0.47000000000000003 0.28250000000000003 0.48 0.2925 0.4875 0.3075 0.48375 0.31875 0.49000000000000005 0.31875 0.505 0.31 0.515 0.29874999999999996 0.51625 0.2875 0.5037499999999999 0.28250000000000003 0.49124999999999996 0.26749999999999996 0.48624999999999996 0.26 0.50125 0.24375 0.51125 0.24 0.5225 0.1925 0.55625 0.18125 0.55625 0.1775 0.5662499999999999 0.15125 0.58 0.12125 0.60875 0.11000000000000001 0.6125 0.09 0.63875 0.08 0.6425 0.0725 0.65125 0.06 0.65 0.057499999999999996 0.6575 0.028749999999999998 0.68125 0.00625 0.6849999999999999 0.01 0.68875 0 0.6950000000000001 0.0025 0.99875 0.25 0.99875 0.26875 0.9824999999999999 0.27375 0.9862500000000001 0.275 0.99875 0.69875 0.99875 0.70375 0.9925 0.70625 0.99875 0.7975 0.99875 0.79875 0.9925 0.79125 0.9862500000000001 0.79375 0.98125 0.78125 0.9475 0.7825 0.9425000000000001 0.7675 0.91875 0.7625 0.8775000000000001 0.7525000000000001 0.865 0.74 0.85875 0.73625 0.8612500000000001 0.7325 0.85375 0.73625 0.8400000000000001 0.7525000000000001 0.8412499999999999 0.74875 0.82875 0.73125 0.8225 0.735 0.8175000000000001 0.7275 0.81375 0.73 0.8099999999999999 0.7150000000000001 0.795 0.7075 0.76625 0.70625 0.75125 0.7212500000000001 0.7325 0.72 0.7224999999999999 0.70875 0.675 0.69875 0.6537499999999999 0.6975 0.61875 0.6912499999999999 0.5974999999999999 0.68875 0.5650000000000001 0.6837500000000001 0.56375 0.6900000000000001 0.5599999999999999 0.68625 0.5475 0.6725 0.54125 0.6725 0.5275000000000001 0.6775 0.5237499999999999 0.68125 0.53 0.6825 0.5237499999999999 0.6725 0.5125 0.67125 0.50125 0.6587500000000001 0.48250000000000004 0.6599999999999999 0.47000000000000003 0.6537499999999999 0.43875000000000003 0.655 0.38125 0.63375 0.24625 0.62625 0.22125 0.6287499999999999 0.215 0.6174999999999999 0.19 0.615 0.17250000000000001 0.60375 0.1525 0.5925 0.1525 0.5875 0.15375 0.5900000000000001 0.1575 0.5700000000000001 0.17875000000000002 0.5675 0.19
3 0.68125 0 0.67125 0.028749999999999998 0.67375 0.0325 0.66875 0.03625 0.6599999999999999 0.08375 0.6537499999999999 0.08499999999999999 0.6525000000000001 0.09625 0.66125 0.09875 0.6775 0.0925 0.68875 0.08 0.70125 0.08625000000000001 0.70125 0.09875 0.6950000000000001 0.1025 0.69625 0.11125 0.71875 0.11875 0.70625 0.12250000000000001 0.69875 0.12 0.6912499999999999 0.12625 0.6849999999999999 0.12250000000000001 0.6775 0.13874999999999998 0.6825 0.15 0.6950000000000001 0.15625 0.6975 0.16499999999999998 0.7112499999999999 0.16375 0.7162499999999999 0.1775 0.7175 0.16875 0.7112499999999999 0.1625 0.71375 0.16 0.72 0.1575 0.73125 0.16375 0.735 0.16 0.74 0.16375 0.74375 0.16875 0.73875 0.1825 0.7424999999999999 0.1875 0.7424999999999999 0.205 0.73125 0.205 0.73125 0.2 0.72375 0.19875 0.7162499999999999 0.18625 0.71 0.1925 0.7 0.19125 0.7 0.185 0.69875 0.185 0.6637500000000001 0.16 0.65125 0.15875 0.655 0.155 0.6525000000000001 0.1525 0.64625 0.15375 0.65 0.1575 0.645 0.16499999999999998 0.6487499999999999 0.21000000000000002 0.6587500000000001 0.23374999999999999 0.67 0.32125 0.67875 0.35 0.6975 0.5075000000000001 0.7075 0.5287499999999999 0.7150000000000001 0.59875 0.7224999999999999 0.6025 0.7275 0.64375 0.74 0.66125 0.73875 0.6925 0.7424999999999999 0.7375 0.7462500000000001 0.7462500000000001 0.74375 0.7525000000000001 0.7474999999999999 0.76 0.75125 0.74125 0.76125 0.8012499999999999 0.76625 0.8099999999999999 0.76375 0.81375 0.77 0.8225 0.77625 0.8625 0.78125 0.8712500000000001 0.775 0.8787499999999999 0.7849999999999999 0.88375 0.795 0.93125 0.8012499999999999 0.9412499999999999 0.80625 0.9375 0.81125 0.9425000000000001 0.80625 0.9525 0.81125 0.9662499999999999 0.805 0.9712500000000001 0.80625 0.9775 0.8099999999999999 0.9824999999999999 0.81375 0.975 0.8175000000000001 0.9887499999999999 0.825 0.9962500000000001 0.99875 0.99875 0.99875 0.76 0.9637499999999999 0.755 0.9425000000000001 0.74375 0.9199999999999999 0.7375 0.91625 0.72875 0.92875 0.7262500000000001 0.9400000000000001 0.73 0.9487500000000001 0.7224999999999999 0.9625 0.7212500000000001 0.9724999999999999 0.7262500000000001 0.9775 0.74375 0.99125 0.7462500000000001 0.9925 0.7525000000000001 0.99875 0.755 0.99875 0 0.7175 0 0.71025 0 0.68125 0
1 0 0 0 0.24125000000000002 0.01625 0.2375 0.021249999999999998 0.24 0.02 0.24375 0 0.2525 0 0.6587500000000001 0.025 0.63875 0.021249999999999998 0.6075 0.02375 0.6025 0.04875 0.605 0.05125 0.6075 0.04375 0.60875 0.04375 0.6125 0.07375000000000001 0.61125 0.06375 0.6075 0.07375000000000001 0.6 0.0875 0.59875 0.0875 0.59375 0.11374999999999999 0.58125 0.12 0.5700000000000001 0.14250000000000002 0.56375 0.14375 0.55625 0.16125 0.54 0.18 0.5349999999999999 0.18375 0.5275000000000001 0.19875 0.51875 0.205 0.52125 0.205 0.51125 0.20875 0.5075000000000001 0.21625 0.50125 0.22000000000000003 0.505 0.22625 0.4925 0.24 0.48624999999999996 0.2625 0.46749999999999997 0.26749999999999996 0.46875 0.32375 0.4175 0.32875 0.41875 0.32999999999999996 0.42625 0.32999999999999996 0.41624999999999995 0.33375 0.4125 0.33999999999999997 0.40875000000000006 0.35 0.41 0.35125 0.40750000000000003 0.34125 0.40750000000000003 0.33999999999999997 0.4 0.35750000000000004 0.39249999999999996 0.355 0.38875000000000004 0.36875 0.38125 0.37124999999999997 0.37374999999999997 0.38375 0.3725 0.37875000000000003 0.36875 0.39625 0.35375 0.40374999999999994 0.355 0.40499999999999997 0.35125 0.41624999999999995 0.34875 0.40875000000000006 0.34125 0.42750000000000005 0.32125 0.4375 0.3175 0.44000000000000006 0.30625 0.46749999999999997 0.28250000000000003 0.46375 0.27625 0.46749999999999997 0.27375 0.47000000000000003 0.27749999999999997 0.47750000000000004 0.26749999999999996 0.47750000000000004 0.26 0.49375 0.2475 0.4925 0.24375 0.5025000000000001 0.22999999999999998 0.5175 0.21875 0.54 0.1825 0.56375 0.15625 0.5662499999999999 0.14375 0.5549999999999999 0.1275 0.55625 0.10375000000000001 0.5662499999999999 0.1 0.595 0.1 0.6025 0.095 0.6075 0.07125000000000001 0.605 0.052500000000000005 0.5962500000000001 0.021249999999999998 0.58375 0 0.5774725 0 0 0
1 0.598125 0.6907625000000001 0.587425 0.6907625000000001 0.587425 0.7057125 0.598125 0.7057125 0.598125 0.6907625000000001
1 0.93353125 0.7001875 0.91804375 0.7001875 0.91804375 0.7148625 0.93353125 0.7148625 0.93353125 0.7001875