1 0.5001249999999999 0.4235125 0.4464 0.4235125 0.4464 0.4609375 0.5001249999999999 0.4609375 0.5001249999999999 0.4235125
1 0.49658749999999996 0.41055 0.3671875 0.41055 0.3671875 0.527925 0.49658749999999996 0.527925 0.49658749999999996 0.41055
1 0.3614 0.1415375 0.331475 0.1415375 0.331475 0.1709625 0.3614 0.1709625 0.3614 0.1415375
1 0.41124375 0.15816875 0.35048124999999997 0.15816875 0.35048124999999997 0.25905625 0.41124375 0.25905625 0.41124375 0.15816875
1 0.5262875 0.62414375 0.4912875 0.62414375 0.4912875 0.70593125 0.5262875 0.70593125 0.5262875 0.62414375
1 0.5914312500000001 0.29455624999999996 0.47204375 0.29455624999999996 0.47204375 0.42859375 0.5914312500000001 0.42859375 0.5914312500000001 0.29455624999999996
1 0.6629562499999999 0.5860937500000001 0.5469937500000001 0.5860937500000001 0.5469937500000001 0.67270625 0.6629562499999999 0.67270625 0.6629562499999999 0.5860937500000001
1 0.6397999999999999 0.49785625 0.62485 0.49785625 0.62485 0.5206937500000001 0.6397999999999999 0.5206937500000001 0.6397999999999999 0.49785625
1 0.31735625 0.5223125 0.28714375 0.5223125 0.28714375 0.5431125 0.31735625 0.5431125 0.31735625 0.5223125
1 0.49346249999999997 0.57449375 0.43721249999999995 0.57449375 0.43721249999999995 0.66280625 0.49346249999999997 0.66280625 0.49346249999999997 0.57449375
1 0.9495687500000001 0.06206874999999999 0.9186062500000001 0.06206874999999999 0.9186062500000001 0.10968125 0.9495687500000001 0.10968125 0.9495687500000001 0.06206874999999999
1 0.75495 0.406775 0.6610750000000001 0.406775 0.6610750000000001 0.487275 0.75495 0.487275 0.75495 0.406775
1 0.28866875 0.47951875 0.25770624999999997 0.47951875 0.25770624999999997 0.50143125 0.28866875 0.50143125 0.28866875 0.47951875
1 0.608725 0.06180624999999999 0.570975 0.06180624999999999 0.570975 0.08614374999999999 0.608725 0.08614374999999999 0.608725 0.06180624999999999
1 0.969425 0.3074375 0.839175 0.3074375 0.839175 0.4635625 0.969425 0.4635625 0.969425 0.3074375
1 0.9294 0.111375 0.9133749999999999 0.111375 0.9133749999999999 0.137525 0.9294 0.137525 0.9294 0.111375
1 0.393 0.5615812499999999 0.370675 0.5615812499999999 0.370675 0.70891875 0.393 0.70891875 0.393 0.5615812499999999
1 0.18414375 0.33615 0.14275625 0.33615 0.14275625 0.404575 0.18414375 0.404575 0.18414375 0.33615
1 0.353475 0.5395187499999999 0.3106 0.5395187499999999 0.3106 0.58938125 0.353475 0.58938125 0.353475 0.5395187499999999
1 0.51601875 0.67676875 0.43270625 0.67676875 0.43270625 0.71775625 0.51601875 0.71775625 0.51601875 0.67676875
1 0.65308125 0.4255 0.63206875 0.4255 0.63206875 0.44852499999999995 0.65308125 0.44852499999999995 0.65308125 0.4255
1 0.8135375 0.5026875000000001 0.6874374999999999 0.5026875000000001 0.6874374999999999 0.5754374999999999 0.8135375 0.5754374999999999 0.8135375 0.5026875000000001
1 0.6142937500000001 0.299525 0.5888312499999999 0.299525 0.5888312499999999 0.32255 0.6142937500000001 0.32255 0.6142937500000001 0.299525
1 0.5225375 0.23657499999999998 0.4989375 0.23657499999999998 0.4989375 0.3772 0.5225375 0.3772 0.5225375 0.23657499999999998
1 0.70155625 0.024475 0.67344375 0.024475 0.67344375 0.12237499999999998 0.70155625 0.12237499999999998 0.70155625 0.024475
1 0.38295 0.1784625 0.330425 0.1784625 0.330425 0.5119625 0.38295 0.5119625 0.38295 0.1784625
1 0.37629999999999997 0.6935 0.360525 0.6935 0.360525 0.7108 0.37629999999999997 0.7108 0.37629999999999997 0.6935
1 0.9910875000000001 0.30625 0.8985625 0.30625 0.8985625 0.391025 0.9910875000000001 0.391025 0.9910875000000001 0.30625
1 0.35883125 0.5391812500000001 0.28326875 0.5391812500000001 0.28326875 0.6395187499999999 0.35883125 0.6395187499999999 0.35883125 0.5391812500000001
1 0.58613125 0.5107375000000001 0.5652437499999999 0.5107375000000001 0.5652437499999999 0.5312625 0.58613125 0.5312625 0.58613125 0.5107375000000001
1 0.88805625 0.43379375 0.86681875 0.43379375 0.86681875 0.44853125 0.88805625 0.44853125 0.88805625 0.43379375
1 0.25828125 0.5137125 0.23731874999999997 0.5137125 0.23731874999999997 0.5263375 0.25828125 0.5263375 0.25828125 0.5137125
1 0.04778125 0.48101874999999994 0.0076187500000000005 0.48101874999999994 0.0076187500000000005 0.50238125 0.04778125 0.50238125 0.04778125 0.48101874999999994
1 0.84433125 0.39669374999999996 0.8324187500000001 0.39669374999999996 0.8324187500000001 0.40603125 0.84433125 0.40603125 0.84433125 0.39669374999999996
1 0.7166125 0.48794375 0.5529124999999999 0.48794375 0.5529124999999999 0.6106812500000001 0.7166125 0.6106812500000001 0.7166125 0.48794375
1 0.42646875 0.67485 0.39238125 0.67485 0.39238125 0.70405 0.42646875 0.70405 0.42646875 0.67485
1 0.8151624999999999 0.01779375 0.8020375 0.01779375 0.8020375 0.03333125 0.8151624999999999 0.03333125 0.8151624999999999 0.01779375
1 0.4082125 0.31565 0.3969625 0.31565 0.3969625 0.32742499999999997 0.4082125 0.32742499999999997 0.4082125 0.31565
1 0.17927500000000002 0.5425875 0.145425 0.5425875 0.145425 0.5589875 0.17927500000000002 0.5589875 0.17927500000000002 0.5425875
1 0.0817 0.7472562500000001 0.006500000000000001 0.7472562500000001 0.006500000000000001 0.81134375 0.0817 0.81134375 0.0817 0.7472562500000001
1 0.1256125 0.50296875 0.0848375 0.50296875 0.0848375 0.52730625 0.1256125 0.52730625 0.1256125 0.50296875
1 0.4594875 0.623375 0.4467625 0.623375 0.4467625 0.63445 0.4594875 0.63445 0.4594875 0.623375
1 0.36121875000000003 0.2637625 0.33410625 0.2637625 0.33410625 0.2997125 0.36121875000000003 0.2997125 0.36121875000000003 0.2637625
1 0.21655625 0.63209375 0.20654374999999997 0.63209375 0.20654374999999997 0.65110625 0.21655625 0.65110625 0.21655625 0.63209375
1 0.6122687499999999 0.579025 0.59475625 0.579025 0.59475625 0.5948 0.6122687499999999 0.5948 0.6122687499999999 0.579025
1 0.7695875 0.35891875 0.6747375 0.35891875 0.6747375 0.44723125 0.7695875 0.44723125 0.7695875 0.35891875
1 0.31199374999999996 0.0547875 0.29835625 0.0547875 0.29835625 0.0708125 0.31199374999999996 0.0708125 0.31199374999999996 0.0547875
1 0.6026812500000001 0.53659375 0.5906687500000001 0.53659375 0.5906687500000001 0.5503312499999999 0.6026812500000001 0.5503312499999999 0.6026812500000001 0.53659375
1 0.6104 0.54991875 0.5732 0.54991875 0.5732 0.57703125 0.6104 0.57703125 0.6104 0.54991875
1 0.8873374999999999 0.3495125 0.8724375 0.3495125 0.8724375 0.3599625 0.8873374999999999 0.3599625 0.8873374999999999 0.3495125
1 0.37029999999999996 0.3414875 0.25275 0.3414875 0.25275 0.41533749999999997 0.37029999999999996 0.41533749999999997 0.37029999999999996 0.3414875
1 0.6123062499999999 0.0370875 0.5771437500000001 0.0370875 0.5771437500000001 0.06393750000000001 0.6123062499999999 0.06393750000000001 0.6123062499999999 0.0370875
1 0.5464875 0.62355625 0.5365125 0.62355625 0.5365125 0.63229375 0.5464875 0.63229375 0.5464875 0.62355625
1 0.8967750000000001 0.11119375000000001 0.87765 0.11119375000000001 0.87765 0.13613124999999998 0.8967750000000001 0.13613124999999998 0.8967750000000001 0.11119375000000001
1 0.21323124999999998 0.643475 0.20449375 0.643475 0.20449375 0.65925 0.21323124999999998 0.65925 0.21323124999999998 0.643475
1 0.13849375 0.39690625 0.00970625 0.39690625 0.00970625 0.43706875 0.13849375 0.43706875 0.13849375 0.39690625
1 0.5976375 0.15955 0.5693625 0.15955 0.5693625 0.1881 0.5976375 0.1881 0.5976375 0.15955
3 0.22875 0 0.22749999999999998 0.042499999999999996 0.21125 0.13999999999999999 0.1925 0.16 0.17250000000000001 0.1925 0.16499999999999998 0.2125 0.15125 0.22999999999999998 0.0975 0.24625 0.04875 0.25 0.04375 0.2475 0.03375 0.25125000000000003 0.00625 0.24500000000000002 0 0.2475 0 0.51875 0.03 0.5387500000000001 0.057499999999999996 0.55 0.12625 0.5587500000000001 0.18125 0.56125 0.32875 0.54 0.3275 0.54875 0.31375000000000003 0.5700000000000001 0.27125 0.62 0.255 0.62625 0.22749999999999998 0.6537499999999999 0.22374999999999998 0.65 0.21749999999999997 0.6575 0.21125 0.6575 0.20750000000000002 0.6675 0.19875 0.665 0.18875 0.67375 0.18625 0.68125 0.17250000000000001 0.68875 0.16499999999999998 0.69875 0.15375 0.7 0.12625 0.7212500000000001 0.11125 0.7224999999999999 0.07875 0.7525000000000001 0.06999999999999999 0.7537499999999999 0.065 0.76125 0.06 0.75875 0.05625 0.76875 0.041249999999999995 0.77125 0.04 0.77625 0.03625 0.775 0.01 0.79 0 0.7975 0 0.8225 0.028749999999999998 0.8087500000000001 0.28875 0.64 0.29500000000000004 0.64125 0.29625 0.655 0.32125 0.6950000000000001 0.34500000000000003 0.7125 0.37625000000000003 0.72 0.43875000000000003 0.7212500000000001 0.49874999999999997 0.7112499999999999 0.54875 0.7112499999999999 0.66625 0.6900000000000001 0.6849999999999999 0.6799999999999999 0.69875 0.66625 0.7075 0.64375 0.71375 0.5925 0.7262500000000001 0.5725 0.85125 0.49000000000000005 0.99875 0.36124999999999996 0.99875 0.34249999999999997 0.99125 0.33875 0.9949999999999999 0.33375 0.9724999999999999 0.3225 0.9662499999999999 0.325 0.9625 0.31625000000000003 0.93875 0.3125 0.9324999999999999 0.3075 0.9199999999999999 0.3075 0.9112500000000001 0.29625 0.8925000000000001 0.29500000000000004 0.87625 0.28250000000000003 0.8412499999999999 0.2725 0.7875 0.27 0.87625 0.20375000000000001 0.9025000000000001 0.1775 0.9175000000000001 0.1525 0.9262499999999999 0.1125 0.945 0.09125 0.95625 0.021249999999999998 0.95625 0 0.5700000000000001 0 0.53 0.03125 0.48 0.08249999999999999 0.47625 0.08125 0.47625 0.075 0.48125 0.06 0.48125 0.03625 0.47375 0.02375 0.44749999999999995 0.005 0.4375 0.005 0.43499999999999994 0.021249999999999998 0.41500000000000004 0.00625 0.40750000000000003 0.0075 0.3975 0 0.39125 0 0.22875 0