1 0.5301437499999999 0.39603125 0.50938125 0.39603125 0.50938125 0.41681875 0.5301437499999999 0.41681875 0.5301437499999999 0.39603125
1 0.47890625 0.44531875000000004 0.46071875 0.44531875000000004 0.46071875 0.46328125 0.47890625 0.46328125 0.47890625 0.44531875000000004
1 0.49824999999999997 0.44368749999999996 0.48760000000000003 0.44368749999999996 0.48760000000000003 0.4557375 0.49824999999999997 0.4557375 0.49824999999999997 0.44368749999999996
1 0.5370250000000001 0.45764375 0.5254749999999999 0.45764375 0.5254749999999999 0.46863124999999994 0.5370250000000001 0.46863124999999994 0.5370250000000001 0.45764375
1 0.6819 0.5706375 0.6726 0.5706375 0.6726 0.5826875 0.6819 0.5826875 0.6819 0.5706375
1 0.52375625 0.6626937500000001 0.51334375 0.6626937500000001 0.51334375 0.67325625 0.52375625 0.67325625 0.52375625 0.6626937500000001
1 0.54015625 0.553925 0.52916875 0.553925 0.52916875 0.56425 0.54015625 0.56425 0.54015625 0.553925
1 0.5892375000000001 0.44075625 0.5797125000000001 0.44075625 0.5797125000000001 0.45084375000000004 0.5892375000000001 0.45084375000000004 0.5892375000000001 0.44075625
1 0.5450625 0.512675 0.5350125 0.512675 0.5350125 0.52345 0.5450625 0.52345 0.5450625 0.512675
1 0.5941062500000001 0.5005499999999999 0.58264375 0.5005499999999999 0.58264375 0.51215 0.5941062500000001 0.51215 0.5941062500000001 0.5005499999999999
1 0.6213375 0.71645 0.6120625000000001 0.71645 0.6120625000000001 0.7269 0.6213375 0.7269 0.6213375 0.71645
1 0.79274375 0.40685625 0.78245625 0.40685625 0.78245625 0.41784375 0.79274375 0.41784375 0.79274375 0.40685625
1 0.5908875 0.5507875 0.5780624999999999 0.5507875 0.5780624999999999 0.5683625 0.5908875 0.5683625 0.5908875 0.5507875
1 0.63934375 0.68800625 0.62823125 0.68800625 0.62823125 0.70164375 0.63934375 0.70164375 0.63934375 0.68800625
1 0.5718625 0.45641875 0.5629125 0.45641875 0.5629125 0.46740624999999997 0.5718625 0.46740624999999997 0.5718625 0.45641875
1 0.6492 0.3611375 0.638875 0.3611375 0.638875 0.3732375 0.6492 0.3732375 0.6492 0.3611375
1 0.5759937500000001 0.5172749999999999 0.56365625 0.5172749999999999 0.56365625 0.5325249999999999 0.5759937500000001 0.5325249999999999 0.5759937500000001 0.5172749999999999
1 0.33190624999999996 0.37180625 0.32189375 0.37180625 0.32189375 0.38209375 0.33190624999999996 0.38209375 0.33190624999999996 0.37180625
1 0.70303125 0.677925 0.69441875 0.677925 0.69441875 0.6873 0.70303125 0.6873 0.70303125 0.677925
1 0.5835250000000001 0.38059375 0.5737 0.38059375 0.5737 0.39578125000000003 0.5835250000000001 0.39578125000000003 0.5835250000000001 0.38059375
1 0.30779999999999996 0.47025625 0.2962 0.47025625 0.2962 0.48189374999999995 0.30779999999999996 0.48189374999999995 0.30779999999999996 0.47025625
1 0.29355000000000003 0.33235625 0.2831 0.33235625 0.2831 0.34244375 0.29355000000000003 0.34244375 0.29355000000000003 0.33235625
1 0.59570625 0.6234625 0.5869187499999999 0.6234625 0.5869187499999999 0.6333624999999999 0.59570625 0.6333624999999999 0.59570625 0.6234625
1 0.7785062500000001 0.32149375 0.7683687499999999 0.32149375 0.7683687499999999 0.33230624999999997 0.7785062500000001 0.33230624999999997 0.7785062500000001 0.32149375
1 0.4548375 0.34969375 0.44556250000000003 0.34969375 0.44556250000000003 0.35978125 0.4548375 0.35978125 0.4548375 0.34969375
1 0.4116625 0.35170625 0.4003375 0.35170625 0.4003375 0.36361875 0.4116625 0.36361875 0.4116625 0.35170625
1 0.547875 0.33311250000000003 0.5361 0.33311250000000003 0.5361 0.3431625 0.547875 0.3431625 0.547875 0.33311250000000003
1 0.52343125 0.71723125 0.51564375 0.71723125 0.51564375 0.72709375 0.52343125 0.72709375 0.52343125 0.71723125
1 0.8562687499999999 0.381625 0.84393125 0.381625 0.84393125 0.39425 0.8562687499999999 0.39425 0.8562687499999999 0.381625
1 0.6631625 0.7061875 0.6522625 0.7061875 0.6522625 0.7186125 0.6631625 0.7186125 0.6631625 0.7061875
1 0.6317062499999999 0.5549625 0.61634375 0.5549625 0.61634375 0.5700375 0.6317062499999999 0.5700375 0.6317062499999999 0.5549625
1 0.2753375 0.345375 0.2637375 0.345375 0.2637375 0.35724999999999996 0.2753375 0.35724999999999996 0.2753375 0.345375
1 0.688525 0.6451374999999999 0.67965 0.6451374999999999 0.67965 0.6546624999999999 0.688525 0.6546624999999999 0.688525 0.6451374999999999
1 0.3382375 0.51833125 0.3282625 0.51833125 0.3282625 0.52854375 0.3382375 0.52854375 0.3382375 0.51833125
1 0.45845 0.7814 0.4478 0.7814 0.4478 0.792825 0.45845 0.792825 0.45845 0.7814
1 0.3745375 0.369525 0.3647125 0.369525 0.3647125 0.3795 0.3745375 0.3795 0.3745375 0.369525
1 0.37788750000000004 0.3252125 0.3672375 0.3252125 0.3672375 0.3364125 0.37788750000000004 0.3364125 0.37788750000000004 0.3252125
1 0.66435 0.4123 0.653025 0.4123 0.653025 0.42852499999999993 0.66435 0.42852499999999993 0.66435 0.4123
1 0.83176875 0.37699375 0.8225312499999999 0.37699375 0.8225312499999999 0.39155625 0.83176875 0.39155625 0.83176875 0.37699375
1 0.815175 0.26004375 0.803975 0.26004375 0.803975 0.27120625 0.815175 0.27120625 0.815175 0.26004375
1 0.40404375000000003 0.40292500000000003 0.39185625 0.40292500000000003 0.39185625 0.4164 0.40404375000000003 0.4164 0.40404375000000003 0.40292500000000003
1 0.7794625 0.28312499999999996 0.7703375 0.28312499999999996 0.7703375 0.294025 0.7794625 0.294025 0.7794625 0.28312499999999996
1 0.497975 0.7564625 0.489325 0.7564625 0.489325 0.7669875 0.497975 0.7669875 0.497975 0.7564625
1 0.5510375 0.8128249999999999 0.5417375 0.8128249999999999 0.5417375 0.8239000000000001 0.5510375 0.8239000000000001 0.5510375 0.8128249999999999
1 0.85254375 0.27484375 0.84080625 0.27484375 0.84080625 0.28913125 0.85254375 0.28913125 0.85254375 0.27484375
1 0.5584749999999999 0.77363125 0.549925 0.77363125 0.549925 0.7839937499999999 0.5584749999999999 0.7839937499999999 0.5584749999999999 0.77363125
1 0.8141999999999999 0.43551875000000007 0.7981 0.43551875000000007 0.7981 0.45070625 0.8141999999999999 0.45070625 0.8141999999999999 0.43551875000000007
1 0.66878125 0.6381187500000001 0.65836875 0.6381187500000001 0.65836875 0.6558312500000001 0.66878125 0.6558312500000001 0.66878125 0.6381187500000001
1 0.8941125 0.328175 0.8851875 0.328175 0.8851875 0.33882500000000004 0.8941125 0.33882500000000004 0.8941125 0.328175
1 0.5472312500000001 0.7462875 0.5387187499999999 0.7462875 0.5387187499999999 0.7556625 0.5472312500000001 0.7556625 0.5472312500000001 0.7462875
1 0.39385 0.3803375 0.382025 0.3803375 0.382025 0.3906625 0.39385 0.3906625 0.39385 0.3803375
1 0.24201250000000002 0.41224999999999995 0.2321125 0.41224999999999995 0.2321125 0.4227 0.24201250000000002 0.4227 0.24201250000000002 0.41224999999999995
1 0.39235625 0.41886875 0.37376875 0.41886875 0.37376875 0.43855625 0.39235625 0.43855625 0.39235625 0.41886875
1 0.63946875 0.24314375 0.63005625 0.24314375 0.63005625 0.25343125 0.63946875 0.25343125 0.63946875 0.24314375
1 0.41603124999999996 0.5242312499999999 0.40379375 0.5242312499999999 0.40379375 0.53339375 0.41603124999999996 0.53339375 0.41603124999999996 0.5242312499999999
1 0.56191875 0.8294312500000001 0.5542812500000001 0.8294312500000001 0.5542812500000001 0.8395187500000001 0.56191875 0.8395187500000001 0.56191875 0.8294312500000001
1 0.87871875 0.39818125000000004 0.87030625 0.39818125000000004 0.87030625 0.40699375 0.87871875 0.40699375 0.87871875 0.39818125000000004
1 0.8379 0.23378749999999998 0.828125 0.23378749999999998 0.828125 0.24376250000000002 0.8379 0.24376250000000002 0.8379 0.23378749999999998
1 0.44339375 0.5704 0.43110625 0.5704 0.43110625 0.582925 0.44339375 0.582925 0.44339375 0.5704
1 0.49520625 0.56468125 0.48526875 0.56468125 0.48526875 0.57691875 0.49520625 0.57691875 0.49520625 0.56468125
1 0.63519375 0.2621375 0.6245812500000001 0.2621375 0.6245812500000001 0.2735125 0.63519375 0.2735125 0.63519375 0.2621375
1 0.61375625 0.3213625 0.60401875 0.3213625 0.60401875 0.3358625 0.61375625 0.3358625 0.61375625 0.3213625
1 0.55269375 0.8513125 0.5439812500000001 0.8513125 0.5439812500000001 0.8625624999999999 0.55269375 0.8625624999999999 0.55269375 0.8513125
1 0.52295625 0.7845875 0.51414375 0.7845875 0.51414375 0.7935375 0.52295625 0.7935375 0.52295625 0.7845875
1 0.36485 0.5514249999999999 0.354875 0.5514249999999999 0.354875 0.560875 0.36485 0.560875 0.36485 0.5514249999999999
1 0.6401625 0.55670625 0.6244875000000001 0.55670625 0.6244875000000001 0.57316875 0.6401625 0.57316875 0.6401625 0.55670625
1 0.7408625 0.63481875 0.7308125000000001 0.63481875 0.7308125000000001 0.65325625 0.7408625 0.65325625 0.7408625 0.63481875
1 0.31366875 0.45423125000000003 0.30450625 0.45423125000000003 0.30450625 0.46324375 0.31366875 0.46324375 0.31366875 0.45423125000000003
1 0.5563125 0.23885 0.5491625 0.23885 0.5491625 0.247975 0.5563125 0.247975 0.5563125 0.23885
1 0.647075 0.3072125 0.6371 0.3072125 0.6371 0.3197375 0.647075 0.3197375 0.647075 0.3072125
1 0.7588 0.36944374999999996 0.7490249999999999 0.36944374999999996 0.7490249999999999 0.37908125 0.7588 0.37908125 0.7588 0.36944374999999996
1 0.6082562499999999 0.26575625 0.59876875 0.26575625 0.59876875 0.27624375 0.6082562499999999 0.27624375 0.6082562499999999 0.26575625
1 0.8679062500000001 0.22978749999999998 0.85866875 0.22978749999999998 0.85866875 0.2396875 0.8679062500000001 0.2396875 0.8679062500000001 0.22978749999999998
1 0.47233749999999997 0.8945874999999999 0.4632125 0.8945874999999999 0.4632125 0.9071624999999999 0.47233749999999997 0.9071624999999999 0.47233749999999997 0.8945874999999999
1 0.71586875 0.20220625 0.70600625 0.20220625 0.70600625 0.21161875000000002 0.71586875 0.21161875000000002 0.71586875 0.20220625
1 0.571125 0.4966875 0.55485 0.4966875 0.55485 0.5140625 0.571125 0.5140625 0.571125 0.4966875
1 0.4385625 0.8741562500000001 0.43008749999999996 0.8741562500000001 0.43008749999999996 0.8846437500000001 0.4385625 0.8846437500000001 0.4385625 0.8741562500000001
1 0.43304375000000006 0.9022875000000001 0.42340625000000004 0.9022875000000001 0.42340625000000004 0.9141125000000001 0.43304375000000006 0.9141125000000001 0.43304375000000006 0.9022875000000001
1 0.21535 0.372425 0.20139999999999997 0.372425 0.20139999999999997 0.386375 0.21535 0.386375 0.21535 0.372425
1 0.6872812500000001 0.1632625 0.6759937500000001 0.1632625 0.6759937500000001 0.1765875 0.6872812500000001 0.1765875 0.6872812500000001 0.1632625
1 0.7067875 0.7064 0.6916625 0.7064 0.6916625 0.7222999999999999 0.7067875 0.7222999999999999 0.7067875 0.7064
1 0.38085625 0.4479875 0.36231874999999997 0.4479875 0.36231874999999997 0.46071249999999997 0.38085625 0.46071249999999997 0.38085625 0.4479875
1 0.1277125 0.43168125 0.1145875 0.43168125 0.1145875 0.44331875 0.1277125 0.44331875 0.1277125 0.43168125
1 0.7282625 0.36169375000000004 0.7131375 0.36169375000000004 0.7131375 0.38148125 0.7282625 0.38148125 0.7282625 0.36169375000000004
1 0.4617625 0.42534375 0.43961249999999996 0.42534375 0.43961249999999996 0.44720624999999997 0.4617625 0.44720624999999997 0.4617625 0.42534375
1 0.49611875000000005 0.65959375 0.48093125 0.65959375 0.48093125 0.6792812500000001 0.49611875000000005 0.6792812500000001 0.49611875000000005 0.65959375
1 0.58785625 0.83526875 0.57914375 0.83526875 0.57914375 0.8502812499999999 0.58785625 0.8502812499999999 0.58785625 0.83526875
1 0.6980875 0.26678125 0.6886375 0.26678125 0.6886375 0.27764375 0.6980875 0.27764375 0.6980875 0.26678125
1 0.5573312500000001 0.09878125 0.53934375 0.09878125 0.53934375 0.12559375 0.5573312500000001 0.12559375 0.5573312500000001 0.09878125
1 0.531625 0.89885625 0.520125 0.89885625 0.520125 0.91364375 0.531625 0.91364375 0.531625 0.89885625
1 0.24813125 0.42580625000000005 0.23014375 0.42580625000000005 0.23014375 0.44431875 0.24813125 0.44431875 0.24813125 0.42580625000000005
1 0.5276562499999999 0.58653125 0.50261875 0.58653125 0.50261875 0.62049375 0.5276562499999999 0.62049375 0.5276562499999999 0.58653125
1 0.7874125000000001 0.457075 0.7145374999999999 0.457075 0.7145374999999999 0.490675 0.7874125000000001 0.490675 0.7874125000000001 0.457075
1 0.46829375000000006 0.8711187499999999 0.46188124999999997 0.8711187499999999 0.46188124999999997 0.88083125 0.46829375000000006 0.88083125 0.46829375000000006 0.8711187499999999
1 0.6474562500000001 0.9264812499999999 0.63671875 0.9264812499999999 0.63671875 0.93776875 0.6474562500000001 0.93776875 0.6474562500000001 0.9264812499999999
1 0.6019125 0.42871249999999994 0.5943875000000001 0.42871249999999994 0.5943875000000001 0.43798750000000003 0.6019125 0.43798750000000003 0.6019125 0.42871249999999994
1 0.80181875 0.6447437500000001 0.65325625 0.6447437500000001 0.65325625 0.7615062499999999 0.80181875 0.7615062499999999 0.80181875 0.6447437500000001
1 0.8716437499999999 0.6713625000000001 0.8539312499999999 0.6713625000000001 0.8539312499999999 0.6928875 0.8716437499999999 0.6928875 0.8716437499999999 0.6713625000000001
3 0.5025000000000001 0.19375 0.5075000000000001 0.24 0.51625 0.26875 0.5475 0.30625 0.5525 0.315 0.55125 0.3225 0.5037499999999999 0.30625 0.475 0.30125 0.43 0.3 0.325 0.30625 0.2625 0.32125 0.17124999999999999 0.3625 0.12250000000000001 0.37875000000000003 0.07375000000000001 0.38375 0.06875 0.3775 0.0675 0.36124999999999996 0.06375 0.36124999999999996 0.06 0.3725 0.065 0.39875 0.08375 0.42750000000000005 0.135 0.45625 0.2125 0.51375 0.31 0.57375 0.35625 0.59375 0.4125 0.61 0.4925 0.6125 0.5037499999999999 0.61625 0.50875 0.6224999999999999 0.5075000000000001 0.635 0.49000000000000005 0.6587500000000001 0.44875 0.73375 0.42625 0.7925 0.4175 0.8775000000000001 0.395 0.9550000000000001 0.395 0.9675 0.41 0.96875 0.4225 0.9650000000000001 0.44625000000000004 0.94625 0.485 0.93 0.51875 0.9037499999999999 0.5650000000000001 0.87625 0.5900000000000001 0.85375 0.6375 0.82125 0.6587500000000001 0.8 0.7825 0.72375 0.8412499999999999 0.67125 0.86875 0.6287499999999999 0.8724999999999999 0.595 0.86625 0.57625 0.85375 0.55625 0.845 0.545 0.8262499999999999 0.5337500000000001 0.81875 0.5225 0.82 0.5125 0.8275 0.51375 0.8225 0.50875 0.8262499999999999 0.50125 0.8175000000000001 0.49625 0.81375 0.5 0.8074999999999999 0.4925 0.8225 0.48875 0.82875 0.48 0.8487500000000001 0.47125000000000006 0.8724999999999999 0.45375 0.9075 0.41375 0.9175000000000001 0.38875000000000004 0.9199999999999999 0.30125 0.9112500000000001 0.26625 0.8800000000000001 0.225 0.8574999999999999 0.2125 0.7275 0.17625 0.6925 0.15125 0.6425 0.1325 0.61125 0.125 0.5675 0.12625 0.55375 0.1075 0.54375 0.07625 0.5375 0.075 0.53625 0.075 0.52 0.095 0.51 0.12375 0.5025000000000001 0.16875 0.5025000000000001 0.19375