1 0.68201875 0.6233375 0.62583125 0.6233375 0.62583125 0.6788624999999999 0.68201875 0.6788624999999999 0.68201875 0.6233375
1 0.09645625 0.7161062499999999 0.06029375 0.7161062499999999 0.06029375 0.74581875 0.09645625 0.74581875 0.09645625 0.7161062499999999
1 0.52180625 0.7456 0.47819375 0.7456 0.47819375 0.788575 0.52180625 0.788575 0.52180625 0.7456
1 0.10253749999999999 0.5846625000000001 0.0679875 0.5846625000000001 0.0679875 0.6126125 0.10253749999999999 0.6126125 0.10253749999999999 0.5846625000000001
1 0.6981375 0.35111875000000003 0.6563625 0.35111875000000003 0.6563625 0.37153125 0.6981375 0.37153125 0.6981375 0.35111875000000003
1 0.158825 0.6986687500000001 0.12192499999999999 0.6986687500000001 0.12192499999999999 0.7271062500000001 0.158825 0.7271062500000001 0.158825 0.6986687500000001
1 0.202425 0.72409375 0.1633 0.72409375 0.1633 0.75540625 0.202425 0.75540625 0.202425 0.72409375
1 0.27533124999999997 0.93888125 0.25006875 0.93888125 0.25006875 0.96444375 0.27533124999999997 0.96444375 0.27533124999999997 0.93888125
1 0.38493750000000004 0.6387625 0.3362625 0.6387625 0.3362625 0.6932625 0.38493750000000004 0.6932625 0.38493750000000004 0.6387625
1 0.9835125 0.8232312500000001 0.9471624999999999 0.8232312500000001 0.9471624999999999 0.84279375 0.9835125 0.84279375 0.9835125 0.8232312500000001
1 0.2961375 0.5440625 0.2536625 0.5440625 0.2536625 0.5867875 0.2961375 0.5867875 0.2961375 0.5440625
1 0.8406125 0.8194062499999999 0.8078375 0.8194062499999999 0.8078375 0.83489375 0.8406125 0.83489375 0.8406125 0.8194062499999999
1 0.11069375 0.43875624999999996 0.01980625 0.43875624999999996 0.01980625 0.5177937499999999 0.11069375 0.5177937499999999 0.11069375 0.43875624999999996
1 0.056499999999999995 0.41729374999999996 0.0009 0.41729374999999996 0.0009 0.45428125 0.056499999999999995 0.45428125 0.056499999999999995 0.41729374999999996
1 0.2200125 0.49009375000000005 0.20161250000000003 0.49009375000000005 0.20161250000000003 0.50843125 0.2200125 0.50843125 0.2200125 0.49009375000000005
1 0.47489375 0.670925 0.45528124999999997 0.670925 0.45528124999999997 0.6942999999999999 0.47489375 0.6942999999999999 0.47489375 0.670925
1 0.8145187500000001 0.42284375 0.79680625 0.42284375 0.79680625 0.44238125000000006 0.8145187500000001 0.44238125000000006 0.8145187500000001 0.42284375
1 0.80305625 0.33631875 0.77214375 0.33631875 0.77214375 0.35753124999999997 0.80305625 0.35753124999999997 0.80305625 0.33631875
1 0.0708 0.9793687500000001 0.0354 0.9793687500000001 0.0354 0.9991562500000001 0.0708 0.9991562500000001 0.0708 0.9793687500000001
1 0.9356500000000001 0.60264375 0.9119999999999999 0.60264375 0.9119999999999999 0.6239312499999999 0.9356500000000001 0.6239312499999999 0.9356500000000001 0.60264375
1 0.47436875 0.23998750000000002 0.45335625 0.23998750000000002 0.45335625 0.2587875 0.47436875 0.2587875 0.47436875 0.23998750000000002
1 0.3277625 0.6768375 0.3089625 0.6768375 0.3089625 0.6952375 0.3277625 0.6952375 0.3277625 0.6768375
1 0.07061875 0.45266875000000006 0.04395625 0.45266875000000006 0.04395625 0.47555625 0.07061875 0.47555625 0.07061875 0.45266875000000006
1 0.6429625 0.67698125 0.6265625 0.67698125 0.6265625 0.69216875 0.6429625 0.69216875 0.6429625 0.67698125
1 0.84221875 0.53986875 0.8267312499999999 0.53986875 0.8267312499999999 0.55583125 0.84221875 0.55583125 0.84221875 0.53986875
1 0.29143125 0.38 0.27496875 0.38 0.27496875 0.39685000000000004 0.29143125 0.39685000000000004 0.29143125 0.38
1 0.79958125 0.85283125 0.78439375 0.85283125 0.78439375 0.86981875 0.79958125 0.86981875 0.79958125 0.85283125
1 0.189575 0.7980375000000001 0.172725 0.7980375000000001 0.172725 0.8132875 0.189575 0.8132875 0.189575 0.7980375000000001
1 0.50463125 0.33399375 0.48804375 0.33399375 0.48804375 0.35058125 0.50463125 0.35058125 0.50463125 0.33399375
1 0.55524375 0.8096187499999999 0.5326562499999999 0.8096187499999999 0.5326562499999999 0.83003125 0.55524375 0.83003125 0.55524375 0.8096187499999999
1 0.2114875 0.3503625 0.1827875 0.3503625 0.1827875 0.38108749999999997 0.2114875 0.38108749999999997 0.2114875 0.3503625
1 0.2184875 0.2694875 0.2004625 0.2694875 0.2004625 0.2900875 0.2184875 0.2900875 0.2184875 0.2694875
1 0.63365 0.85174375 0.61635 0.85174375 0.61635 0.8699312499999999 0.63365 0.8699312499999999 0.63365 0.85174375
1 0.70120625 0.55528125 0.6874687500000001 0.55528125 0.6874687500000001 0.56776875 0.70120625 0.56776875 0.70120625 0.55528125
1 0.0186375 0.91868125 0.0007875 0.91868125 0.0007875 0.9387437500000001 0.0186375 0.9387437500000001 0.0186375 0.91868125
1 0.41919375 0.69358125 0.39965625 0.69358125 0.39965625 0.71266875 0.41919375 0.71266875 0.41919375 0.69358125
1 0.11234999999999999 0.78373125 0.09225 0.78373125 0.09225 0.79926875 0.11234999999999999 0.79926875 0.11234999999999999 0.78373125
1 0.28491875 0.3130875 0.25610625 0.3130875 0.25610625 0.3348625 0.28491875 0.3348625 0.28491875 0.3130875
1 0.10875625 0.28823750000000004 0.09474375 0.28823750000000004 0.09474375 0.3060125 0.10875625 0.3060125 0.10875625 0.28823750000000004
1 0.1559375 0.49530624999999995 0.1355625 0.49530624999999995 0.1355625 0.51446875 0.1559375 0.51446875 0.1559375 0.49530624999999995
1 0.40985625 0.9436500000000001 0.39286875 0.9436500000000001 0.39286875 0.9596750000000001 0.40985625 0.9596750000000001 0.40985625 0.9436500000000001
1 0.88818125 0.5424875 0.86864375 0.5424875 0.86864375 0.5580875 0.88818125 0.5580875 0.88818125 0.5424875
1 0.5185375 0.8308500000000001 0.4990375 0.8308500000000001 0.4990375 0.846875 0.5185375 0.846875 0.5185375 0.8308500000000001
1 0.02501875 0.42895625 0.0008312500000000001 0.42895625 0.0008312500000000001 0.45044375 0.02501875 0.45044375 0.02501875 0.42895625
1 0.9595750000000001 0.60986875 0.9418 0.60986875 0.9418 0.62840625 0.9595750000000001 0.62840625 0.9595750000000001 0.60986875
1 0.0558125 0.4803 0.0348875 0.4803 0.0348875 0.49870000000000003 0.0558125 0.49870000000000003 0.0558125 0.4803
1 0.06118749999999999 1 0.06118749999999999 0.99099375 0.0402625 0.99099375 0.0402625 1 0.06118749999999999 1
1 0.04528125 0.62659375 0.03309375 0.62659375 0.03309375 0.63708125 0.04528125 0.63708125 0.04528125 0.62659375
1 0.097525 0.656825 0.08425 0.656825 0.08425 0.66935 0.097525 0.66935 0.097525 0.656825
1 0.29475625 0.11657500000000001 0.27751875 0.11657500000000001 0.27751875 0.1366 0.29475625 0.1366 0.29475625 0.11657500000000001
1 0.46330625000000003 0.14601875 0.44781875 0.14601875 0.44781875 0.16085624999999998 0.46330625000000003 0.16085624999999998 0.46330625000000003 0.14601875
1 0.99426875 0.70560625 0.97448125 0.70560625 0.97448125 0.71919375 0.99426875 0.71919375 0.99426875 0.70560625
1 0.31218124999999997 0.05335625000000001 0.29571875 0.05335625000000001 0.29571875 0.06969375 0.31218124999999997 0.06969375 0.31218124999999997 0.05335625000000001
1 0.057581249999999994 0.50190625 0.03959375 0.50190625 0.03959375 0.51761875 0.057581249999999994 0.51761875 0.057581249999999994 0.50190625
1 0.33351875 0.22904375 0.31100625000000004 0.22904375 0.31100625000000004 0.24728124999999998 0.33351875 0.24728124999999998 0.33351875 0.22904375
1 0.376825 0.7565875 0.3639 0.7565875 0.3639 0.7707625 0.376825 0.7707625 0.376825 0.7565875
1 0.34073125000000004 0.80561875 0.33016875 0.80561875 0.33016875 0.82035625 0.34073125000000004 0.82035625 0.34073125000000004 0.80561875
1 0.0115625 0.87053125 0.00013749999999999998 0.87053125 0.00013749999999999998 0.88531875 0.0115625 0.88531875 0.0115625 0.87053125
1 0.94426875 0.8488187500000001 0.9287812499999999 0.8488187500000001 0.9287812499999999 0.85918125 0.94426875 0.85918125 0.94426875 0.8488187500000001
1 0.62481875 0.6340125 0.61053125 0.6340125 0.61053125 0.6472375 0.62481875 0.6472375 0.62481875 0.6340125
1 0.1969125 0.19036875 0.1829625 0.19036875 0.1829625 0.20390625 0.1969125 0.20390625 0.1969125 0.19036875
1 0.8209 0.634175 0.8099500000000001 0.634175 0.8099500000000001 0.645125 0.8209 0.645125 0.8209 0.634175
1 0.38030624999999996 0.6005375 0.35894375 0.6005375 0.35894375 0.6221125 0.38030624999999996 0.6221125 0.38030624999999996 0.6005375
1 0.6320187500000001 0.49954375000000006 0.62090625 0.49954375000000006 0.62090625 0.50925625 0.6320187500000001 0.50925625 0.6320187500000001 0.49954375000000006
3 0.22374999999999998 0 0.2125 0.013750000000000002 0.20375000000000001 0.01625 0.19375 0.03375 0.16375 0.06625 0.15625 0.08125 0.15 0.11374999999999999 0.14875 0.1925 0.15375 0.19624999999999998 0.15625 0.225 0.1625 0.23500000000000001 0.16625 0.25625 0.16999999999999998 0.25875 0.17250000000000001 0.28625 0.17625 0.29125 0.17375000000000002 0.30375 0.14625 0.3075 0.12250000000000001 0.27625 0.08375 0.24500000000000002 0.042499999999999996 0.2325 0.005 0.2125 0 0.215 0 0.99875 0.99875 0.99875 0.99875 0.38 0.96 0.34249999999999997 0.9 0.3 0.89625 0.29375 0.8724999999999999 0.28375 0.8712500000000001 0.27875 0.83125 0.2525 0.8275 0.24625 0.80375 0.2375 0.7975 0.23125 0.76 0.2225 0.7525000000000001 0.21625 0.6912499999999999 0.19624999999999998 0.60375 0.19 0.5925 0.185 0.54625 0.18375 0.5287499999999999 0.17875000000000002 0.42374999999999996 0.07875 0.3725 0.015 0.35625 0 0.34994000000000003 0 0.22374999999999998 0