1 0.418375 0.690175 0.3714 0.690175 0.3714 0.7295499999999999 0.418375 0.7295499999999999 0.418375 0.690175
1 0.35038749999999996 0.67563125 0.3253875 0.67563125 0.3253875 0.6954687500000001 0.35038749999999996 0.6954687500000001 0.35038749999999996 0.67563125
1 0.34675 0.6446375 0.30705 0.6446375 0.30705 0.6698125 0.34675 0.6698125 0.34675 0.6446375
1 0.3162125 0.71790625 0.2736375 0.71790625 0.2736375 0.74694375 0.3162125 0.74694375 0.3162125 0.71790625
1 0.51133125 0.68024375 0.49549374999999996 0.68024375 0.49549374999999996 0.6957312499999999 0.51133125 0.6957312499999999 0.51133125 0.68024375
1 0.16379375000000002 0.7415812500000001 0.13358125 0.7415812500000001 0.13358125 0.76624375 0.16379375000000002 0.76624375 0.16379375000000002 0.7415812500000001
1 0.4309125 0.7476875 0.4108875 0.7476875 0.4108875 0.7669625 0.4309125 0.7669625 0.4309125 0.7476875
1 0.30470625 0.2043375 0.27489375 0.2043375 0.27489375 0.2353625 0.30470625 0.2353625 0.30470625 0.2043375
1 0.12170624999999999 0.66354375 0.09056875 0.66354375 0.09056875 0.69193125 0.12170624999999999 0.69193125 0.12170624999999999 0.66354375
1 0.1949125 0.67214375 0.1434625 0.67214375 0.1434625 0.71068125 0.1949125 0.71068125 0.1949125 0.67214375
1 0.11259999999999999 0.2426875 0.088075 0.2426875 0.088075 0.2587875 0.11259999999999999 0.2587875 0.11259999999999999 0.2426875
1 0.47315625 0.2480375 0.43699374999999996 0.2480375 0.43699374999999996 0.2724625 0.47315625 0.2724625 0.47315625 0.2480375
1 0.14195 0.47893749999999996 0.1127 0.47893749999999996 0.1127 0.5020125 0.14195 0.5020125 0.14195 0.47893749999999996
1 0.24674374999999998 0.14105 0.20173125 0.14105 0.20173125 0.1756 0.24674374999999998 0.1756 0.24674374999999998 0.14105
1 0.6943937499999999 0.17716875 0.66595625 0.17716875 0.66595625 0.19833125000000001 0.6943937499999999 0.19833125000000001 0.6943937499999999 0.17716875
1 0.53660625 0.35710625 0.51611875 0.35710625 0.51611875 0.37921875 0.53660625 0.37921875 0.53660625 0.35710625
1 0.65878125 0.5303875 0.63809375 0.5303875 0.63809375 0.5565375 0.65878125 0.5565375 0.65878125 0.5303875
1 0.63644375 0.5686375 0.61160625 0.5686375 0.61160625 0.5837125000000001 0.63644375 0.5837125000000001 0.63644375 0.5686375
1 0.61833125 0.2219 0.59261875 0.2219 0.59261875 0.2383 0.61833125 0.2383 0.61833125 0.2219
1 0.5619375 0.8562 0.5474375 0.8562 0.5474375 0.8703749999999999 0.5619375 0.8703749999999999 0.5619375 0.8562
1 0.4665125 0.478725 0.4538875 0.478725 0.4538875 0.48905000000000004 0.4665125 0.48905000000000004 0.4665125 0.478725
1 0.529625 0.628925 0.51335 0.628925 0.51335 0.644525 0.529625 0.644525 0.529625 0.628925
1 0.8317875000000001 0.7385125 0.8049375 0.7385125 0.8049375 0.7566125 0.8317875000000001 0.7566125 0.8317875000000001 0.7385125
1 0.55755625 0.87474375 0.53619375 0.87474375 0.53619375 0.8938062499999999 0.55755625 0.8938062499999999 0.55755625 0.87474375
1 0.9413937499999999 0.30435 0.91700625 0.30435 0.91700625 0.322125 0.9413937499999999 0.322125 0.9413937499999999 0.30435
1 0.03818125 0.263125 0.01564375 0.263125 0.01564375 0.278375 0.03818125 0.278375 0.03818125 0.263125
1 0.71285625 0.3303375 0.70121875 0.3303375 0.70121875 0.3415375 0.71285625 0.3415375 0.71285625 0.3303375
1 0.43727499999999997 0.46095625 0.42455 0.46095625 0.42455 0.47069375 0.43727499999999997 0.47069375 0.43727499999999997 0.46095625
1 0.5240875 0.3221625 0.5052125000000001 0.3221625 0.5052125000000001 0.3394625 0.5240875 0.3394625 0.5240875 0.3221625
1 0.353375 0.31708125 0.336075 0.31708125 0.336075 0.32794375 0.353375 0.32794375 0.353375 0.31708125
1 0.22064374999999997 0.101 0.17023125 0.101 0.17023125 0.14484999999999998 0.22064374999999997 0.14484999999999998 0.22064374999999997 0.101
1 0.5998375 0.68445 0.5691125 0.68445 0.5691125 0.713 0.5998375 0.713 0.5998375 0.68445
1 0.09494375000000001 0.6767624999999999 0.02725625 0.6767624999999999 0.02725625 0.7402375 0.09494375000000001 0.7402375 0.09494375000000001 0.6767624999999999
1 0.67301875 0.83549375 0.65705625 0.83549375 0.65705625 0.8510312499999999 0.67301875 0.8510312499999999 0.67301875 0.83549375
1 0.5378937500000001 0.24417499999999998 0.5168062499999999 0.24417499999999998 0.5168062499999999 0.270475 0.5378937500000001 0.270475 0.5378937500000001 0.24417499999999998
1 0.6398625 0.369175 0.6277125 0.369175 0.6277125 0.37934999999999997 0.6398625 0.37934999999999997 0.6398625 0.369175
1 0.0969125 0.52545625 0.0785125 0.52545625 0.0785125 0.54191875 0.0969125 0.54191875 0.0969125 0.52545625
1 0.30728125 0.6623375 0.26644375 0.6623375 0.26644375 0.6970375 0.30728125 0.6970375 0.30728125 0.6623375
1 0.60664375 0.7643125000000001 0.59745625 0.7643125000000001 0.59745625 0.7737625 0.60664375 0.7737625 0.60664375 0.7643125000000001
1 0.9188000000000001 0.780525 0.907375 0.780525 0.907375 0.790775 0.9188000000000001 0.790775 0.9188000000000001 0.780525
1 0.018687500000000003 0.49076875 0.0022875 0.49076875 0.0022875 0.50533125 0.018687500000000003 0.50533125 0.018687500000000003 0.49076875
1 0.68355625 0.8429062500000001 0.66214375 0.8429062500000001 0.66214375 0.86704375 0.68355625 0.86704375 0.68355625 0.8429062500000001
1 0.097875 0.6016250000000001 0.028349999999999997 0.6016250000000001 0.028349999999999997 0.6474 0.097875 0.6474 0.097875 0.6016250000000001
1 0.38406250000000003 0.67029375 0.32101250000000003 0.67029375 0.32101250000000003 0.69983125 0.38406250000000003 0.69983125 0.38406250000000003 0.67029375
1 0.8353875000000001 0.21724375 0.8120625 0.21724375 0.8120625 0.25078125 0.8353875000000001 0.25078125 0.8353875000000001 0.21724375
1 0.388775 0.29328750000000003 0.36805 0.29328750000000003 0.36805 0.3043625 0.388775 0.3043625 0.388775 0.29328750000000003
1 0.7813625 0.35819375 0.7684375 0.35819375 0.7684375 0.36738125 0.7813625 0.36738125 0.7813625 0.35819375
1 0.5380375 0.5225125 0.5273875 0.5225125 0.5273875 0.5311874999999999 0.5380375 0.5311874999999999 0.5380375 0.5225125
1 0.6972125 0.293775 0.6856125 0.293775 0.6856125 0.30485 0.6972125 0.30485 0.6972125 0.293775
1 0.055600000000000004 0.16685624999999998 0.039075 0.16685624999999998 0.039075 0.17859375 0.055600000000000004 0.17859375 0.055600000000000004 0.16685624999999998
1 0.49641250000000003 0.460375 0.4855125 0.460375 0.4855125 0.469325 0.49641250000000003 0.469325 0.49641250000000003 0.460375
1 0.9426687499999999 0.9485374999999999 0.9303812499999999 0.9485374999999999 0.9303812499999999 0.9606375 0.9426687499999999 0.9606375 0.9426687499999999 0.9485374999999999
1 0.63704375 0.1473375 0.61295625 0.1473375 0.61295625 0.1649125 0.63704375 0.1649125 0.63704375 0.1473375
1 0.4477875 0.34436875 0.4360125 0.34436875 0.4360125 0.35875625 0.4477875 0.35875625 0.4477875 0.34436875
1 0.48358125 0.6923125 0.47394375 0.6923125 0.47394375 0.7012375 0.48358125 0.7012375 0.48358125 0.6923125
1 0.72749375 0.37754374999999996 0.69243125 0.37754374999999996 0.69243125 0.40810625 0.72749375 0.40810625 0.72749375 0.37754374999999996
1 0.44823124999999997 0.64391875 0.43849375 0.64391875 0.43849375 0.65198125 0.44823124999999997 0.65198125 0.44823124999999997 0.64391875
1 0.8558 0.9332499999999999 0.8463499999999999 0.9332499999999999 0.8463499999999999 0.9437 0.8558 0.9437 0.8558 0.9332499999999999
1 0.24867499999999998 0.2554125 0.23570000000000002 0.2554125 0.23570000000000002 0.26803750000000004 0.24867499999999998 0.26803750000000004 0.24867499999999998 0.2554125
1 0.623675 0.45425625 0.6107 0.45425625 0.6107 0.46419375 0.623675 0.46419375 0.623675 0.45425625
1 0.071375 0.3315 0.054849999999999996 0.3315 0.054849999999999996 0.33940000000000003 0.071375 0.33940000000000003 0.071375 0.3315
1 0.266725 0.4163125 0.227175 0.4163125 0.227175 0.4357375 0.266725 0.4357375 0.266725 0.4163125
1 0.080425 0.7809 0.05885 0.7809 0.05885 0.8040499999999999 0.080425 0.8040499999999999 0.080425 0.7809
1 0.9117875 0.9721375 0.8987624999999999 0.9721375 0.8987624999999999 0.9878125000000001 0.9117875 0.9878125000000001 0.9117875 0.9721375
1 0.4396375 0.54734375 0.3836125 0.54734375 0.3836125 0.59523125 0.4396375 0.59523125 0.4396375 0.54734375
1 0.1332875 0.76285 0.0804625 0.76285 0.0804625 0.8309 0.1332875 0.8309 0.1332875 0.76285
1 0.32053125 0.7893749999999999 0.22684375 0.7893749999999999 0.22684375 0.87665 0.32053125 0.87665 0.32053125 0.7893749999999999
1 0.24893749999999998 0.51893125 0.23933749999999998 0.51893125 0.23933749999999998 0.52696875 0.24893749999999998 0.52696875 0.24893749999999998 0.51893125
1 0.48603125 0.3593375 0.47589375 0.3593375 0.47589375 0.3682125 0.48603125 0.3682125 0.48603125 0.3593375
1 0.36596875 0.7490187500000001 0.32690625 0.7490187500000001 0.32690625 0.7861312500000001 0.36596875 0.7861312500000001 0.36596875 0.7490187500000001
1 0.81420625 0.5159625 0.7180187499999999 0.5159625 0.7180187499999999 0.5768125000000001 0.81420625 0.5768125000000001 0.81420625 0.5159625
1 0.24070624999999998 0.53409375 0.20509375 0.53409375 0.20509375 0.58603125 0.24070624999999998 0.58603125 0.24070624999999998 0.53409375
1 0.73931875 0.830025 0.65033125 0.830025 0.65033125 0.9131500000000001 0.73931875 0.9131500000000001 0.73931875 0.830025
1 0.6384125 0.88734375 0.6272125 0.88734375 0.6272125 0.89683125 0.6384125 0.89683125 0.6384125 0.88734375
1 0.33675625 0.30059375 0.32241875000000003 0.30059375 0.32241875000000003 0.31170624999999996 0.33675625 0.31170624999999996 0.33675625 0.30059375
1 0.16846875 0.40253750000000005 0.11643125000000001 0.40253750000000005 0.11643125000000001 0.44071249999999995 0.16846875 0.44071249999999995 0.16846875 0.40253750000000005
1 0.4043 0.94703125 0.3169 0.94703125 0.3169 0.9943687499999999 0.4043 0.9943687499999999 0.4043 0.94703125
1 0.769825 0.78586875 0.73995 0.78586875 0.73995 0.8069062499999999 0.769825 0.8069062499999999 0.769825 0.78586875
1 0.39648125 0.5026937499999999 0.38819375 0.5026937499999999 0.38819375 0.51000625 0.39648125 0.51000625 0.39648125 0.5026937499999999
1 0.9951125 0.51351875 0.8369125000000001 0.51351875 0.8369125000000001 0.5968312499999999 0.9951125 0.5968312499999999 0.9951125 0.51351875
3 0.0475 0 0.008749999999999999 0.03125 0 0.03875 0 0.35625 0.0075 0.355 0.025 0.365 0.1 0.365 0.11000000000000001 0.3725 0.13 0.37625000000000003 0.14250000000000002 0.39249999999999996 0.12625 0.40750000000000003 0.1 0.40875000000000006 0.0675 0.42125 0.01625 0.4525 0 0.46749999999999997 0 0.745 0.0025 0.755 0.0225 0.78125 0.065 0.81875 0.16875 0.8637499999999999 0.2225 0.9125 0.30125 0.96875 0.3525 0.99875 0.48 0.99875 0.49000000000000005 0.9949999999999999 0.505 0.93875 0.52625 0.9037499999999999 0.53625 0.9087500000000001 0.55 0.9275 0.5862499999999999 0.94375 0.63125 0.95 0.7325 0.94375 0.8412499999999999 0.9724999999999999 0.8724999999999999 0.985 0.89125 0.99875 0.98125 0.99875 0.9737500000000001 0.97 0.96875 0.9662499999999999 0.9574999999999999 0.8800000000000001 0.9512499999999999 0.8637499999999999 0.9425000000000001 0.8 0.92875 0.75625 0.9275 0.73125 0.91625 0.7125 0.91375 0.6875 0.89625 0.63375 0.85625 0.57625 0.85875 0.5662499999999999 0.92875 0.5912499999999999 0.9724999999999999 0.5974999999999999 0.99875 0.5925 0.99875 0.24625 0.96125 0.2475 0.8887499999999999 0.23125 0.8574999999999999 0.2 0.8225 0.175 0.7675 0.15375 0.72 0.12625 0.68875 0.11625 0.67 0.08687500000000001 0.6725 0.0775 0.68625 0.075 0.68125 0.06625 0.68625 0.06 0.6849999999999999 0.03375 0.66875 0.021249999999999998 0.665 0 0.26875 0 0.26375000000000004 0.008749999999999999 0.23500000000000001 0.01875 0.1825 0.015 0.1625 0 0.09375 0 0.08125 0.0075 0.07125000000000001 0 0.0475 0