1 0.355125 0.42767499999999997 0.310975 0.42767499999999997 0.310975 0.4671 0.355125 0.4671 0.355125 0.42767499999999997
1 0.19470625 0.68809375 0.15264375 0.68809375 0.15264375 0.72645625 0.19470625 0.72645625 0.19470625 0.68809375
1 0.10211875 0.75890625 0.06718125 0.75890625 0.06718125 0.78309375 0.10211875 0.78309375 0.10211875 0.75890625
1 0.5844 0.42949374999999995 0.5494 0.42949374999999995 0.5494 0.44648125 0.5844 0.44648125 0.5844 0.42949374999999995
1 0.108575 0.9411375 0.08625000000000001 0.9411375 0.08625000000000001 0.9592625 0.108575 0.9592625 0.108575 0.9411375
1 0.31919375 0.59934375 0.30093125 0.59934375 0.30093125 0.61940625 0.31919375 0.61940625 0.31919375 0.59934375
1 0.48041875 0.13555 0.46635625 0.13555 0.46635625 0.148625 0.48041875 0.148625 0.48041875 0.13555
1 0.21241249999999998 0.50148125 0.1953125 0.50148125 0.1953125 0.51511875 0.21241249999999998 0.51511875 0.21241249999999998 0.50148125
1 0.11206875000000001 0.71784375 0.09253125 0.71784375 0.09253125 0.73528125 0.11206875000000001 0.73528125 0.11206875000000001 0.71784375
1 0.09521874999999999 0.679125 0.07678125 0.679125 0.07678125 0.6949 0.09521874999999999 0.6949 0.09521874999999999 0.679125
1 0.15484375 0.34699375 0.12933125 0.34699375 0.12933125 0.36248125 0.15484375 0.36248125 0.15484375 0.34699375
1 0.3553 0.1602625 0.335125 0.1602625 0.335125 0.1742125 0.3553 0.1742125 0.3553 0.1602625
1 0.07577500000000001 0.27470625000000004 0.0601 0.27470625000000004 0.0601 0.29024375 0.07577500000000001 0.29024375 0.07577500000000001 0.27470625000000004
1 0.43937499999999996 0.20524375 0.42245 0.20524375 0.42245 0.21930624999999998 0.43937499999999996 0.21930624999999998 0.43937499999999996 0.20524375
1 0.65833125 0.55241875 0.63366875 0.55241875 0.63366875 0.56965625 0.65833125 0.56965625 0.65833125 0.55241875
1 0.078025 0.42951249999999996 0.052700000000000004 0.42951249999999996 0.052700000000000004 0.4498875 0.078025 0.4498875 0.078025 0.42951249999999996
1 0.38068124999999997 0.5267937500000001 0.36589375 0.5267937500000001 0.36589375 0.5376562500000001 0.38068124999999997 0.5376562500000001 0.38068124999999997 0.5267937500000001
1 0.13722499999999999 0.2589375 0.12255 0.2589375 0.12255 0.2718125 0.13722499999999999 0.2718125 0.13722499999999999 0.2589375
1 0.71503125 0.58496875 0.70001875 0.58496875 0.70001875 0.59570625 0.71503125 0.59570625 0.71503125 0.58496875
1 0.15893125 0.42388750000000003 0.14234375 0.42388750000000003 0.14234375 0.4359875 0.15893125 0.4359875 0.15893125 0.42388750000000003
1 0.63346875 0.6069312499999999 0.61945625 0.6069312499999999 0.61945625 0.61766875 0.63346875 0.61766875 0.63346875 0.6069312499999999
1 0.5091375 0.56528125 0.49183750000000004 0.56528125 0.49183750000000004 0.57631875 0.5091375 0.57631875 0.5091375 0.56528125
1 0.749075 0.556375 0.72455 0.556375 0.72455 0.5696 0.749075 0.5696 0.749075 0.556375
1 0.23336874999999999 0.2728625 0.21925625 0.2728625 0.21925625 0.2891375 0.23336874999999999 0.2891375 0.23336874999999999 0.2728625
1 0.4234625 0.11333750000000001 0.41003749999999994 0.11333750000000001 0.41003749999999994 0.12666249999999998 0.4234625 0.12666249999999998 0.4234625 0.11333750000000001
1 0.3122 0.56851875 0.3001 0.56851875 0.3001 0.58090625 0.3122 0.58090625 0.3122 0.56851875
1 0.46256250000000004 0.18991249999999998 0.4500375 0.18991249999999998 0.4500375 0.20168750000000002 0.46256250000000004 0.20168750000000002 0.46256250000000004 0.18991249999999998
1 0.5801125 0.56191875 0.5673375 0.56191875 0.5673375 0.57090625 0.5801125 0.57090625 0.5801125 0.56191875
1 0.24850625 0.1963625 0.23416874999999998 0.1963625 0.23416874999999998 0.20841249999999997 0.24850625 0.20841249999999997 0.24850625 0.1963625
1 0.31094374999999996 0.25179375 0.29893125 0.25179375 0.29893125 0.26188125 0.31094374999999996 0.26188125 0.31094374999999996 0.25179375
1 0.09971875 0.46536875 0.08533125 0.46536875 0.08533125 0.47895625 0.09971875 0.47895625 0.09971875 0.46536875
1 0.47266250000000004 0.11651249999999999 0.45848750000000005 0.11651249999999999 0.45848750000000005 0.12811250000000002 0.47266250000000004 0.12811250000000002 0.47266250000000004 0.11651249999999999
1 0.26880625 0.6239625 0.25706875 0.6239625 0.25706875 0.6367875 0.26880625 0.6367875 0.26880625 0.6239625
1 0.52170625 0.42076250000000004 0.49976875 0.42076250000000004 0.49976875 0.43226250000000005 0.52170625 0.43226250000000005 0.52170625 0.42076250000000004
1 0.2655125 0.6044375 0.25498750000000003 0.6044375 0.25498750000000003 0.6162625 0.2655125 0.6162625 0.2655125 0.6044375
1 0.91179375 0.5916875 0.8977812500000001 0.5916875 0.8977812500000001 0.6046125 0.91179375 0.6046125 0.91179375 0.5916875
1 0.12766875 0.37498125 0.11195625000000001 0.37498125 0.11195625000000001 0.38721875 0.12766875 0.38721875 0.12766875 0.37498125
1 0.9867125 0.58879375 0.9351625 0.58879375 0.9351625 0.6387562499999999 0.9867125 0.6387562499999999 0.9867125 0.58879375
1 0.031956250000000005 0.23359375 0.01641875 0.23359375 0.01641875 0.25150625 0.031956250000000005 0.25150625 0.031956250000000005 0.23359375
1 0.1042 0.55235625 0.09025 0.55235625 0.09025 0.56484375 0.1042 0.56484375 0.1042 0.55235625
3 0 0.9037499999999999 0.0325 0.91625 0.08249999999999999 0.9425000000000001 0.08875 0.9425000000000001 0.09125 0.9475 0.09 0.9425000000000001 0.095 0.9375 0.10625 0.9425000000000001 0.11000000000000001 0.95875 0.1275 0.9712500000000001 0.14625 0.9675 0.155 0.9525 0.16999999999999998 0.95375 0.16999999999999998 0.95 0.1625 0.94625 0.16625 0.94375 0.16499999999999998 0.9225 0.16875 0.91875 0.17375000000000002 0.8925000000000001 0.18625 0.8724999999999999 0.19375 0.8412499999999999 0.19375 0.82875 0.1875 0.82125 0.1925 0.81875 0.1925 0.80625 0.18125 0.79 0.18 0.7737499999999999 0.18375 0.77125 0.24 0.77625 0.33375 0.7725 0.43875000000000003 0.75125 0.44625000000000004 0.745 0.61125 0.6900000000000001 0.6875 0.65125 0.7474999999999999 0.635 0.8724999999999999 0.625 0.9275 0.6275000000000001 0.9349999999999999 0.6224999999999999 0.9425000000000001 0.62625 0.9625 0.62625 0.9662499999999999 0.6224999999999999 0.9662499999999999 0.63375 0.97 0.63375 0.9775 0.6224999999999999 0.9775 0.6025 0.9737500000000001 0.60625 0.9737500000000001 0.6174999999999999 0.95875 0.615 0.9662499999999999 0.595 0.9349999999999999 0.5900000000000001 0.8612500000000001 0.55625 0.8400000000000001 0.5525 0.8237500000000001 0.54 0.8074999999999999 0.5375 0.8025 0.5325 0.7675 0.52 0.7625 0.52125 0.7474999999999999 0.50875 0.72875 0.5037499999999999 0.70875 0.49124999999999996 0.7 0.49124999999999996 0.6775 0.47625 0.6637500000000001 0.475 0.6487499999999999 0.465 0.48375 0.3975 0.39125 0.3375 0.40125 0.3325 0.44625000000000004 0.26749999999999996 0.4525 0.24375 0.47000000000000003 0.205 0.47625 0.16 0.50875 0.1125 0.50125 0.08249999999999999 0.49625 0.08375 0.4875 0.0775 0.44875 0.07375000000000001 0.4425 0.07375000000000001 0.4125 0.0775 0.24125000000000002 0.08 0.14125000000000001 0.095 0.09875 0.10500000000000001 0.05125 0.12250000000000001 0 0.17250000000000001 0 0.9037499999999999