1 0.40211874999999997 0.6424937500000001 0.35333125 0.6424937500000001 0.35333125 0.70553125 0.40211874999999997 0.70553125 0.40211874999999997 0.6424937500000001
1 0.2969625 0.6129875 0.2445375 0.6129875 0.2445375 0.6575124999999999 0.2969625 0.6575124999999999 0.2969625 0.6129875
1 0.9220937499999999 0.6880124999999999 0.8874812500000001 0.6880124999999999 0.8874812500000001 0.7387374999999999 0.9220937499999999 0.7387374999999999 0.9220937499999999 0.6880124999999999
1 0.71146875 0.565275 0.66645625 0.565275 0.66645625 0.6066 0.71146875 0.6066 0.71146875 0.565275
1 0.45194999999999996 0.79915 0.40742500000000004 0.79915 0.40742500000000004 0.8395250000000001 0.45194999999999996 0.8395250000000001 0.45194999999999996 0.79915
1 0.35836250000000003 0.7666999999999999 0.3266875 0.7666999999999999 0.3266875 0.80655 0.35836250000000003 0.80655 0.35836250000000003 0.7666999999999999
1 0.30444375 0.477625 0.26098125 0.477625 0.26098125 0.5282250000000001 0.30444375 0.5282250000000001 0.30444375 0.477625
1 0.6283125 0.59228125 0.5865375 0.59228125 0.5865375 0.6274437500000001 0.6283125 0.6274437500000001 0.6283125 0.59228125
1 0.38668749999999996 0.49741875 0.34476249999999997 0.49741875 0.34476249999999997 0.53675625 0.38668749999999996 0.53675625 0.38668749999999996 0.49741875
1 0.7896 0.80554375 0.7524 0.80554375 0.7524 0.84778125 0.7896 0.84778125 0.7896 0.80554375
1 0.5461375 0.371025 0.5036625 0.371025 0.5036625 0.41705 0.5461375 0.41705 0.5461375 0.371025
1 0.548775 0.45196875 0.491275 0.45196875 0.491275 0.48895625000000004 0.548775 0.48895625000000004 0.548775 0.45196875
1 0.8284 0.7048125 0.795625 0.7048125 0.795625 0.7385375 0.8284 0.7385375 0.8284 0.7048125
1 0.61265625 0.471175 0.59144375 0.471175 0.59144375 0.50685 0.61265625 0.50685 0.61265625 0.471175
1 0.5176999999999999 0.5698875 0.4779 0.5698875 0.4779 0.6019875 0.5176999999999999 0.6019875 0.5176999999999999 0.5698875
1 0.416425 0.92320625 0.389725 0.92320625 0.389725 0.9635187500000001 0.416425 0.9635187500000001 0.416425 0.92320625
1 0.48125 0.54661875 0.43672500000000003 0.54661875 0.43672500000000003 0.57643125 0.48125 0.57643125 0.48125 0.54661875
1 0.27829375 0.7692375 0.23148125 0.7692375 0.23148125 0.8157125000000001 0.27829375 0.8157125000000001 0.27829375 0.7692375
1 0.6937875 0.3890875 0.6480125 0.3890875 0.6480125 0.4297625 0.6937875 0.4297625 0.6937875 0.3890875
1 0.8336375 0.8466875 0.8001625000000001 0.8466875 0.8001625000000001 0.8798875 0.8336375 0.8798875 0.8336375 0.8466875
1 0.659375 0.5106124999999999 0.630675 0.5106124999999999 0.630675 0.5323625 0.659375 0.5323625 0.659375 0.5106124999999999
1 0.46316875 0.44509999999999994 0.43478125 0.44509999999999994 0.43478125 0.46602499999999997 0.46316875 0.46602499999999997 0.46316875 0.44509999999999994
1 0.5495 0.30649375 0.510075 0.30649375 0.510075 0.33853125 0.5495 0.33853125 0.5495 0.30649375
1 0.156525 0.5755312499999999 0.11862500000000001 0.5755312499999999 0.11862500000000001 0.6139187500000001 0.156525 0.6139187500000001 0.156525 0.5755312499999999
1 0.16728749999999998 0.42351875000000005 0.1374125 0.42351875000000005 0.1374125 0.47393124999999997 0.16728749999999998 0.47393124999999997 0.16728749999999998 0.42351875000000005
1 0.59414375 0.353225 0.55330625 0.353225 0.55330625 0.38944999999999996 0.59414375 0.38944999999999996 0.59414375 0.353225
1 0.4840375 0.27945000000000003 0.45101250000000004 0.27945000000000003 0.45101250000000004 0.31235 0.4840375 0.31235 0.4840375 0.27945000000000003
1 0.453925 0.79618125 0.377625 0.79618125 0.377625 0.8844937500000001 0.453925 0.8844937500000001 0.453925 0.79618125
1 0.7323937500000001 0.66755625 0.71488125 0.66755625 0.71488125 0.6849937500000001 0.7323937500000001 0.6849937500000001 0.7323937500000001 0.66755625
1 0.9192625 0.43661874999999994 0.8844375 0.43661874999999994 0.8844375 0.47110624999999995 0.9192625 0.47110624999999995 0.9192625 0.43661874999999994
1 0.7400625 0.81320625 0.7169625 0.81320625 0.7169625 0.83229375 0.7400625 0.83229375 0.7400625 0.81320625
1 0.2365875 0.2449875 0.21483750000000001 0.2449875 0.21483750000000001 0.2760125 0.2365875 0.2760125 0.2365875 0.2449875
1 0.19324375 0.26894375 0.16490625 0.26894375 0.16490625 0.30038125 0.19324375 0.30038125 0.19324375 0.26894375
1 0.99601875 0.44875625 0.96493125 0.44875625 0.96493125 0.47751875000000005 0.99601875 0.47751875000000005 0.99601875 0.44875625
1 0.94735625 0.297025 0.91201875 0.297025 0.91201875 0.32992499999999997 0.94735625 0.32992499999999997 0.94735625 0.297025
1 0.867125 0.41178125000000004 0.8398999999999999 0.41178125000000004 0.8398999999999999 0.43246874999999996 0.867125 0.43246874999999996 0.867125 0.41178125000000004
1 0.6726375 0.66944375 0.5754125 0.66944375 0.5754125 0.71043125 0.6726375 0.71043125 0.6726375 0.66944375
1 0.33508125 0.258175 0.29284374999999996 0.258175 0.29284374999999996 0.3009 0.33508125 0.3009 0.33508125 0.258175
1 0.44685625 0.67959375 0.42961875000000005 0.67959375 0.42961875000000005 0.6963812500000001 0.44685625 0.6963812500000001 0.44685625 0.67959375
1 0.15010625 0.355075 0.12869375 0.355075 0.12869375 0.37879999999999997 0.15010625 0.37879999999999997 0.15010625 0.355075
1 0.54481875 0.9559312500000001 0.52648125 0.9559312500000001 0.52648125 0.98351875 0.54481875 0.98351875 0.54481875 0.9559312500000001
1 0.9577562500000001 0.54965625 0.93481875 0.54965625 0.93481875 0.57631875 0.9577562500000001 0.57631875 0.9577562500000001 0.54965625
1 0.3876 0.23449375 0.34140000000000004 0.23449375 0.34140000000000004 0.28308125 0.3876 0.28308125 0.3876 0.23449375
1 0.6220687500000001 0.54000625 0.6005812500000001 0.54000625 0.6005812500000001 0.55764375 0.6220687500000001 0.55764375 0.6220687500000001 0.54000625
1 0.8609500000000001 0.49914375 0.840225 0.49914375 0.840225 0.52038125 0.8609500000000001 0.52038125 0.8609500000000001 0.49914375
1 0.30027499999999996 0.40570000000000006 0.27247499999999997 0.40570000000000006 0.27247499999999997 0.43365 0.30027499999999996 0.43365 0.30027499999999996 0.40570000000000006
1 0.9597 0.63405625 0.941675 0.63405625 0.941675 0.66086875 0.9597 0.66086875 0.9597 0.63405625
1 0.99999375 0.5325124999999999 0.97813125 0.5325124999999999 0.97813125 0.5583125 0.99999375 0.5583125 0.99999375 0.5325124999999999
1 0.307 0.57730625 0.281875 0.57730625 0.281875 0.59554375 0.307 0.59554375 0.307 0.57730625
1 0.5832124999999999 0.29078750000000003 0.5622874999999999 0.29078750000000003 0.5622874999999999 0.3063875 0.5832124999999999 0.3063875 0.5832124999999999 0.29078750000000003
1 0.6074437500000001 0.9466749999999999 0.58788125 0.9466749999999999 0.58788125 0.984 0.6074437500000001 0.984 0.6074437500000001 0.9466749999999999
1 0.6348874999999999 0.922525 0.6180375 0.922525 0.6180375 0.9378249999999999 0.6348874999999999 0.9378249999999999 0.6348874999999999 0.922525
1 0.45798125 0.3113125 0.34671875 0.3113125 0.34671875 0.4001125 0.45798125 0.4001125 0.45798125 0.3113125
1 0.9807375 0.28140624999999997 0.9626125 0.28140624999999997 0.9626125 0.30209375 0.9807375 0.30209375 0.9807375 0.28140624999999997
1 0.7140187499999999 0.62664375 0.69418125 0.62664375 0.69418125 0.64483125 0.7140187499999999 0.64483125 0.7140187499999999 0.62664375
1 0.29827499999999996 0.29615625 0.25884999999999997 0.29615625 0.25884999999999997 0.33176875 0.29827499999999996 0.33176875 0.29827499999999996 0.29615625
1 0.72821875 0.87708125 0.71415625 0.87708125 0.71415625 0.8914687499999999 0.72821875 0.8914687499999999 0.72821875 0.87708125
1 0.5722125 0.56719375 0.5430125 0.56719375 0.5430125 0.6398312500000001 0.5722125 0.6398312500000001 0.5722125 0.56719375
1 0.90293125 0.31594375 0.8841687500000001 0.31594375 0.8841687500000001 0.33445625 0.90293125 0.33445625 0.90293125 0.31594375
1 0.97698125 0.7164625 0.9595437499999999 0.7164625 0.9595437499999999 0.7386125 0.97698125 0.7386125 0.97698125 0.7164625
1 0.9111625 0.6144624999999999 0.8954875 0.6144624999999999 0.8954875 0.6335875 0.9111625 0.6335875 0.9111625 0.6144624999999999
1 0.51115625 0.97159375 0.49371875000000004 0.97159375 0.49371875000000004 0.99130625 0.51115625 0.99130625 0.51115625 0.97159375
1 0.24685 0.5155875 0.12764999999999999 0.5155875 0.12764999999999999 0.5996374999999999 0.24685 0.5996374999999999 0.24685 0.5155875
1 0.6733374999999999 0.5439812500000001 0.6391625000000001 0.5439812500000001 0.6391625000000001 0.57711875 0.6733374999999999 0.57711875 0.6733374999999999 0.5439812500000001
1 0.671475 0.32864375 0.5541 0.32864375 0.5541 0.39400625 0.671475 0.39400625 0.671475 0.32864375
1 0.9925375000000001 0.32253125 0.9752375000000001 0.32253125 0.9752375000000001 0.33714374999999996 0.9925375000000001 0.33714374999999996 0.9925375000000001 0.32253125
1 0.52711875 0.89848125 0.5080312499999999 0.89848125 0.5080312499999999 0.92574375 0.52711875 0.92574375 0.52711875 0.89848125
1 0.59398125 0.91485 0.5808187499999999 0.91485 0.5808187499999999 0.9279249999999999 0.59398125 0.9279249999999999 0.59398125 0.91485
1 0.3023125 0.7017249999999999 0.26361249999999997 0.7017249999999999 0.26361249999999997 0.72405 0.3023125 0.72405 0.3023125 0.7017249999999999
1 0.9115249999999999 0.39213125 0.895125 0.39213125 0.895125 0.40766875 0.9115249999999999 0.40766875 0.9115249999999999 0.39213125
1 0.80601875 0.9094125 0.79163125 0.9094125 0.79163125 0.9235875 0.80601875 0.9235875 0.80601875 0.9094125
1 0.85938125 0.5835874999999999 0.80469375 0.5835874999999999 0.80469375 0.6488375 0.85938125 0.6488375 0.85938125 0.5835874999999999
1 0.1644875 0.60289375 0.1123625 0.60289375 0.1123625 0.64320625 0.1644875 0.64320625 0.1644875 0.60289375
1 0.72484375 0.9242000000000001 0.70093125 0.9242000000000001 0.70093125 0.95275 0.72484375 0.95275 0.72484375 0.9242000000000001
1 0.341725 0.9631187499999999 0.29500000000000004 0.9631187499999999 0.29500000000000004 0.99390625 0.341725 0.99390625 0.341725 0.9631187499999999
1 0.25916875 0.8613937500000001 0.24668125000000002 0.8613937500000001 0.24668125000000002 0.87493125 0.25916875 0.87493125 0.25916875 0.8613937500000001
1 0.55785 0.92313125 0.54665 0.92313125 0.54665 0.9342937499999999 0.55785 0.9342937499999999 0.55785 0.92313125
1 0.85316875 0.974975 0.84115625 0.974975 0.84115625 0.989875 0.85316875 0.989875 0.85316875 0.974975
1 0.48238125 0.24035625 0.45561875 0.24035625 0.45561875 0.26014375 0.48238125 0.26014375 0.48238125 0.24035625
1 0.574075 0.3954625 0.5607 0.3954625 0.5607 0.4087375 0.574075 0.4087375 0.574075 0.3954625
1 0.617875 0.8796375 0.582325 0.8796375 0.582325 0.8938124999999999 0.617875 0.8938124999999999 0.617875 0.8796375
1 0.5832875 0.5416624999999999 0.5690625 0.5416624999999999 0.5690625 0.5579375 0.5832875 0.5579375 0.5832875 0.5416624999999999
1 0.26126875 0.7393375 0.24898125000000002 0.7393375 0.24898125000000002 0.7518625 0.26126875 0.7518625 0.26126875 0.7393375
1 0.6032375 0.8496750000000001 0.5930625 0.8496750000000001 0.5930625 0.861275 0.6032375 0.861275 0.6032375 0.8496750000000001
1 0.99655 0.69734375 0.9595 0.69734375 0.9595 0.75675625 0.99655 0.75675625 0.99655 0.69734375
1 0.5255687499999999 0.59058125 0.42608125 0.59058125 0.42608125 0.70336875 0.5255687499999999 0.70336875 0.5255687499999999 0.59058125
1 0.48778125 0.50725625 0.46289375 0.50725625 0.46289375 0.53081875 0.48778125 0.53081875 0.48778125 0.50725625
1 0.39960625 0.384375 0.37919375 0.384375 0.37919375 0.4081 0.39960625 0.4081 0.39960625 0.384375
1 0.8860125 0.4398625 0.8727874999999999 0.4398625 0.8727874999999999 0.45516249999999997 0.8860125 0.45516249999999997 0.8860125 0.4398625
1 0.5035875 0.4659375 0.4949375 0.4659375 0.4949375 0.47448750000000006 0.5035875 0.47448750000000006 0.5035875 0.4659375
1 0.8331250000000001 0.6815625 0.8202 0.6815625 0.8202 0.6934375 0.8331250000000001 0.6934375 0.8331250000000001 0.6815625
1 0.6147125 0.92555625 0.6020875 0.92555625 0.6020875 0.93966875 0.6147125 0.93966875 0.6147125 0.92555625
1 0.52533125 0.3142375 0.51471875 0.3142375 0.51471875 0.3224875 0.52533125 0.3224875 0.52533125 0.3142375
1 0.8822625000000001 0.8205625 0.8696875000000001 0.8205625 0.8696875000000001 0.8356875 0.8822625000000001 0.8356875 0.8822625000000001 0.8205625
1 0.29711875 0.75925 0.28980625 0.75925 0.28980625 0.7681 0.29711875 0.7681 0.29711875 0.75925
1 1 0.40285000000000004 0.99655 0.40285000000000004 0.99655 0.41355000000000003 1 0.41355000000000003 1 0.40285000000000004
1 0.6587125 0.55135 0.6459875 0.55135 0.6459875 0.56585 0.6587125 0.56585 0.6587125 0.55135
1 0.25856875 0.361475 0.24338125000000002 0.361475 0.24338125000000002 0.37485 0.25856875 0.37485 0.25856875 0.361475
1 0.46861875 0.48402500000000004 0.45715625 0.48402500000000004 0.45715625 0.49400000000000005 0.46861875 0.49400000000000005 0.46861875 0.48402500000000004
3 0.13374999999999998 0.31 0.1275 0.40374999999999994 0.11000000000000001 0.5425 0.11000000000000001 0.5662499999999999 0.11875 0.6025 0.11374999999999999 0.6224999999999999 0.1375 0.68625 0.175 0.75125 0.17625 0.76 0.19375 0.7837500000000001 0.20249999999999999 0.8262499999999999 0.22749999999999998 0.8724999999999999 0.25625 0.915 0.2525 0.9337500000000001 0.23875000000000002 0.9525 0.225 0.9637499999999999 0.22000000000000003 0.97625 0.2125 0.9800000000000001 0.215 0.9737500000000001 0.21000000000000002 0.9737500000000001 0.20249999999999999 0.9800000000000001 0.2 0.99125 0.19125 0.99 0.19875 0.98125 0.1875 0.9862500000000001 0.19125 0.99375 0.2225 0.99875 0.7424999999999999 0.99875 0.75 0.9925 0.75625 0.99875 0.9012499999999999 0.99875 0.9037499999999999 0.9949999999999999 0.9099999999999999 0.99875 0.99875 0.99875 0.99875 0.19624999999999998 0.985 0.20375000000000001 0.9199999999999999 0.26125 0.875 0.315 0.865 0.33999999999999997 0.8237500000000001 0.41500000000000004 0.80625 0.485 0.8087500000000001 0.5025000000000001 0.8025 0.51125 0.7887500000000001 0.49124999999999996 0.76875 0.44625000000000004 0.7162499999999999 0.37625000000000003 0.66875 0.32999999999999996 0.6224999999999999 0.29874999999999996 0.54875 0.26375000000000004 0.49749999999999994 0.2475 0.4725 0.24625 0.4225 0.2325 0.32875 0.225 0.2625 0.21125 0.21875 0.19375 0.1375 0.145 0.135 0.145 0.12125 0.15625 0.11125 0.1775 0.125 0.22875 0.13374999999999998 0.31