1 0.6111875 0.47143125 0.5630625 0.47143125 0.5630625 0.5087937499999999 0.6111875 0.5087937499999999 0.6111875 0.47143125
1 0.933325 0.51468125 0.9153 0.51468125 0.9153 0.53609375 0.933325 0.53609375 0.933325 0.51468125
1 0.4762375 0.5518375 0.4632125 0.5518375 0.4632125 0.5633874999999999 0.4762375 0.5633874999999999 0.4762375 0.5518375
1 0.9240812500000001 0.5428124999999999 0.90209375 0.5428124999999999 0.90209375 0.5577625 0.9240812500000001 0.5577625 0.9240812500000001 0.5428124999999999
1 0.7892750000000001 0.43255 0.7742 0.43255 0.7742 0.443925 0.7892750000000001 0.443925 0.7892750000000001 0.43255
1 0.5096625 0.3914625 0.4942375 0.3914625 0.4942375 0.40443749999999995 0.5096625 0.40443749999999995 0.5096625 0.3914625
1 0.9698249999999999 0.51904375 0.89835 0.51904375 0.89835 0.5727562500000001 0.9698249999999999 0.5727562500000001 0.9698249999999999 0.51904375
1 0.29990625 0.5834125 0.27969374999999996 0.5834125 0.27969374999999996 0.5952875 0.29990625 0.5952875 0.29990625 0.5834125
1 0.12262500000000001 0.73836875 0.11052500000000001 0.73836875 0.11052500000000001 0.7489312499999999 0.12262500000000001 0.7489312499999999 0.12262500000000001 0.73836875
1 0.6848062500000001 0.38869375 0.67164375 0.38869375 0.67164375 0.39793124999999996 0.6848062500000001 0.39793124999999996 0.6848062500000001 0.38869375
1 0.6742375 0.4167375 0.6490125 0.4167375 0.6490125 0.4314125 0.6742375 0.4314125 0.6742375 0.4167375
1 0.8040687500000001 0.41866250000000005 0.79260625 0.41866250000000005 0.79260625 0.42703749999999996 0.8040687500000001 0.42703749999999996 0.8040687500000001 0.41866250000000005
1 0.6652625 0.41598750000000007 0.6540625 0.41598750000000007 0.6540625 0.42483750000000003 0.6652625 0.42483750000000003 0.6652625 0.41598750000000007
1 0.8083562499999999 0.418375 0.76391875 0.418375 0.76391875 0.46247499999999997 0.8083562499999999 0.46247499999999997 0.8083562499999999 0.418375
1 0.518975 0.6411625 0.510325 0.6411625 0.510325 0.6518125 0.518975 0.6518125 0.518975 0.6411625
1 0.6448 0.3692375 0.631575 0.3692375 0.631575 0.37636250000000004 0.6448 0.37636250000000004 0.6448 0.3692375
1 0.5505875 0.4121625 0.5343625000000001 0.4121625 0.5343625000000001 0.42083750000000003 0.5505875 0.42083750000000003 0.5505875 0.4121625
1 0.02421875 0.6834875 0.00948125 0.6834875 0.00948125 0.7042125 0.02421875 0.7042125 0.02421875 0.6834875
1 0.9006125 0.5573187500000001 0.8923625 0.5573187500000001 0.8923625 0.56573125 0.9006125 0.56573125 0.9006125 0.5573187500000001
1 0.63625 0.36308125 0.625475 0.36308125 0.625475 0.36934374999999997 0.63625 0.36934374999999997 0.63625 0.36308125
1 0.26683124999999996 0.48583125000000005 0.25759375 0.48583125000000005 0.25759375 0.49951875 0.26683124999999996 0.49951875 0.26683124999999996 0.48583125000000005
1 0.59465625 0.36303125 0.58404375 0.36303125 0.58404375 0.36939375 0.59465625 0.36939375 0.59465625 0.36303125
1 0.40379375 0.47250625 0.39600625 0.47250625 0.39600625 0.47914375 0.40379375 0.47914375 0.40379375 0.47250625
3 0.525 0 0.47375 0.01125 0.39 0.0225 0.37 0.03 0.35375 0.04375 0.33125 0.08 0.275 0.15375 0.26375000000000004 0.1625 0.25875 0.1625 0.22125 0.12 0.19 0.1025 0.10625 0.08125 0.04625 0.04375 0.02375 0.06 0 0.0925 0 0.5775 0.00625 0.58 0.005 0.5900000000000001 0 0.5925 0 0.8175000000000001 0.08625000000000001 0.8175000000000001 0.1275 0.8262499999999999 0.18875 0.85625 0.25125000000000003 0.9037499999999999 0.2925 0.91875 0.3075 0.88125 0.325 0.79125 0.34500000000000003 0.73375 0.34375 0.70875 0.35 0.70375 0.365 0.70375 0.375 0.71 0.37875000000000003 0.73625 0.385 0.74875 0.39249999999999996 0.7525000000000001 0.43624999999999997 0.75 0.4875 0.73875 0.53625 0.7162499999999999 0.61625 0.64625 0.665 0.62 0.82875 0.5775 0.9075 0.57875 0.9574999999999999 0.58375 0.99125 0.575 0.9412499999999999 0.515 0.9087500000000001 0.445 0.9037499999999999 0.44125 0.89625 0.4125 0.88125 0.41125 0.8925000000000001 0.40625 0.8925000000000001 0.40125 0.88375 0.39625 0.87625 0.40125 0.87375 0.39625 0.8800000000000001 0.39375 0.8800000000000001 0.3875 0.875 0.385 0.87375 0.395 0.86875 0.395 0.87375 0.40374999999999994 0.86875 0.40625 0.85625 0.38125 0.8525 0.38 0.8637499999999999 0.3725 0.86 0.37 0.85125 0.37625000000000003 0.8462500000000001 0.375 0.8412499999999999 0.3675 0.845 0.355 0.83375 0.36 0.8275 0.355 0.8262499999999999 0.34500000000000003 0.7775000000000001 0.325 0.7474999999999999 0.3175 0.66625 0.3175 0.6224999999999999 0.3225 0.61 0.3225 0.605 0.31875 0.62625 0.30375 0.6425 0.28500000000000003 0.6725 0.23125 0.6849999999999999 0.21625 0.7375 0.11499999999999999 0.7575000000000001 0.05500000000000001 0.7575000000000001 0 0.7512162499999999 0 0.525 0