1 0.033350000000000005 0.41199375 0.0066 0.41199375 0.0066 0.44670624999999997 0.033350000000000005 0.44670624999999997 0.033350000000000005 0.41199375
1 0.01905625 0.290725 0.00431875 0.290725 0.00431875 0.304 0.01905625 0.304 0.01905625 0.290725
1 0.07469375 0.48687500000000006 0.05898125 0.48687500000000006 0.05898125 0.49945000000000006 0.07469375 0.49945000000000006 0.07469375 0.48687500000000006
1 0.11128750000000001 0.71979375 0.0973375 0.71979375 0.0973375 0.73723125 0.11128750000000001 0.73723125 0.11128750000000001 0.71979375
1 0.19496875 0.6698625 0.17880625 0.6698625 0.17880625 0.6865875 0.19496875 0.6865875 0.19496875 0.6698625
1 0.01708125 0.47006249999999994 0.00189375 0.47006249999999994 0.00189375 0.4850125 0.01708125 0.4850125 0.01708125 0.47006249999999994
1 0.09535625 0.63059375 0.07919375 0.63059375 0.07919375 0.6467562499999999 0.09535625 0.6467562499999999 0.09535625 0.63059375
1 0.11357500000000001 0.6933812500000001 0.099075 0.6933812500000001 0.099075 0.70799375 0.11357500000000001 0.70799375 0.11357500000000001 0.6933812500000001
1 0.22734375 0.64308125 0.21260625000000002 0.64308125 0.21260625000000002 0.65769375 0.22734375 0.65769375 0.22734375 0.64308125
1 0.0795125 0.81379375 0.06258749999999999 0.81379375 0.06258749999999999 0.8317062500000001 0.0795125 0.8317062500000001 0.0795125 0.81379375
1 0.06478125 0.5077499999999999 0.04959375 0.5077499999999999 0.04959375 0.520575 0.06478125 0.520575 0.06478125 0.5077499999999999
1 0.054400000000000004 0.70885 0.038 0.70885 0.038 0.72475 0.054400000000000004 0.72475 0.054400000000000004 0.70885
1 0.099175 0.34711875000000003 0.083925 0.34711875000000003 0.083925 0.36283125 0.099175 0.36283125 0.099175 0.34711875000000003
1 0.07216249999999999 0.1757625 0.0543125 0.1757625 0.0543125 0.1945875 0.07216249999999999 0.1945875 0.07216249999999999 0.1757625
1 0.81880625 0.73048125 0.80424375 0.73048125 0.80424375 0.74509375 0.81880625 0.74509375 0.81880625 0.73048125
1 0.25466875 0.68068125 0.24093124999999999 0.68068125 0.24093124999999999 0.69529375 0.25466875 0.69529375 0.25466875 0.68068125
1 0.31199374999999996 0.7434125 0.29835625 0.7434125 0.29835625 0.7585375 0.31199374999999996 0.7585375 0.31199374999999996 0.7434125
1 0.36515 0.66376875 0.348225 0.66376875 0.348225 0.68095625 0.36515 0.68095625 0.36515 0.66376875
1 0.1405375 0.57445 0.12558750000000002 0.57445 0.12558750000000002 0.5886250000000001 0.1405375 0.5886250000000001 0.1405375 0.57445
1 0.32319375 0.6981499999999999 0.30765625 0.6981499999999999 0.30765625 0.715925 0.32319375 0.715925 0.32319375 0.6981499999999999
1 0.1925875 0.5565875 0.1731375 0.5565875 0.1731375 0.5752375 0.1925875 0.5752375 0.1925875 0.5565875
1 0.295975 0.6378125 0.2758 0.6378125 0.2758 0.6571125 0.295975 0.6571125 0.295975 0.6378125
1 0.14858125 0.16511875 0.13339375 0.16511875 0.13339375 0.17985625 0.14858125 0.17985625 0.14858125 0.16511875
1 0.189025 0.3363125 0.1762 0.3363125 0.1762 0.3492375 0.189025 0.3492375 0.189025 0.3363125
1 0.4056875 0.65803125 0.3872875 0.65803125 0.3872875 0.67399375 0.4056875 0.67399375 0.4056875 0.65803125
1 0.5863875000000001 0.80513125 0.5698624999999999 0.80513125 0.5698624999999999 0.8208437500000001 0.5863875000000001 0.8208437500000001 0.5863875000000001 0.80513125
1 0.11043750000000001 0.442 0.0889125 0.442 0.0889125 0.46375 0.11043750000000001 0.46375 0.11043750000000001 0.442
1 0.1729625 0.48393125000000003 0.15736250000000002 0.48393125000000003 0.15736250000000002 0.49946875 0.1729625 0.49946875 0.1729625 0.48393125000000003
1 0.07408125 0.77110625 0.054093749999999996 0.77110625 0.054093749999999996 0.78944375 0.07408125 0.78944375 0.07408125 0.77110625
1 0.52025625 0.62678125 0.50709375 0.62678125 0.50709375 0.64079375 0.52025625 0.64079375 0.52025625 0.62678125
1 0.58421875 0.5841624999999999 0.57105625 0.5841624999999999 0.57105625 0.5974875 0.58421875 0.5974875 0.58421875 0.5841624999999999
1 0.6947 0.6583812499999999 0.6812750000000001 0.6583812499999999 0.6812750000000001 0.67071875 0.6947 0.67071875 0.6947 0.6583812499999999
1 0.37250625 0.10610625 0.35844375 0.10610625 0.35844375 0.11984375 0.37250625 0.11984375 0.37250625 0.10610625
1 0.71061875 0.6234124999999999 0.69075625 0.6234124999999999 0.69075625 0.6402625 0.71061875 0.6402625 0.71061875 0.6234124999999999
1 0.29488125 0.46275000000000005 0.27689375 0.46275000000000005 0.27689375 0.4767 0.29488125 0.4767 0.29488125 0.46275000000000005
1 0.43862500000000004 0.8421749999999999 0.42367499999999997 0.8421749999999999 0.42367499999999997 0.856075 0.43862500000000004 0.856075 0.43862500000000004 0.8421749999999999
1 0.2655375 0.30003125 0.2539875 0.30003125 0.2539875 0.31226875 0.2655375 0.31226875 0.2655375 0.30003125
1 0.34013125 0.65131875 0.32441875 0.65131875 0.32441875 0.66703125 0.34013125 0.66703125 0.34013125 0.65131875
1 0.17795624999999998 0.7652125 0.16431875 0.7652125 0.16431875 0.7797125 0.17795624999999998 0.7797125 0.17795624999999998 0.7652125
1 0.76561875 0.8482062499999999 0.74708125 0.8482062499999999 0.74708125 0.86664375 0.76561875 0.86664375 0.76561875 0.8482062499999999
1 0.531075 0.5242312499999999 0.51775 0.5242312499999999 0.51775 0.53534375 0.531075 0.53534375 0.531075 0.5242312499999999
1 0.24086249999999998 0.81555625 0.2244625 0.81555625 0.2244625 0.83091875 0.24086249999999998 0.83091875 0.24086249999999998 0.81555625
1 0.13245 0.4519875 0.11192500000000001 0.4519875 0.11192500000000001 0.4703875 0.13245 0.4703875 0.13245 0.4519875
1 0.6610375000000001 0.80318125 0.6456125 0.80318125 0.6456125 0.81889375 0.6610375000000001 0.81889375 0.6610375000000001 0.80318125
1 0.20270625 0.78138125 0.18791875 0.78138125 0.18791875 0.7957687499999999 0.20270625 0.7957687499999999 0.20270625 0.78138125
1 0.28248125 0.125275 0.26879375 0.125275 0.26879375 0.1379 0.28248125 0.1379 0.28248125 0.125275
1 0.3238375 0.17453749999999998 0.3114125 0.17453749999999998 0.3114125 0.1880125 0.3238375 0.1880125 0.3238375 0.17453749999999998
1 0.20985 0.86260625 0.192 0.86260625 0.192 0.8776187500000001 0.20985 0.8776187500000001 0.20985 0.86260625
1 0.4468375 0.063025 0.4315875 0.063025 0.4315875 0.076875 0.4468375 0.076875 0.4468375 0.063025
1 0.7110375 0.7852812499999999 0.7000875 0.7852812499999999 0.7000875 0.79674375 0.7110375 0.79674375 0.7110375 0.7852812499999999
1 0.28388125 0.53798125 0.26689375000000004 0.53798125 0.26689375000000004 0.55381875 0.28388125 0.55381875 0.28388125 0.53798125
1 0.2723 0.8718937499999999 0.25212500000000004 0.8718937499999999 0.25212500000000004 0.88690625 0.2723 0.88690625 0.2723 0.8718937499999999
1 0.3263375 0.2640125 0.3094125 0.2640125 0.3094125 0.2794375 0.3263375 0.2794375 0.3263375 0.2640125
1 0.243575 0.25824375 0.23224999999999998 0.25824375 0.23224999999999998 0.26910625 0.243575 0.26910625 0.243575 0.25824375
1 0.8881 0.6690437499999999 0.8765499999999999 0.6690437499999999 0.8765499999999999 0.68153125 0.8881 0.68153125 0.8881 0.6690437499999999
1 0.0357375 0.24369375 0.0104125 0.24369375 0.0104125 0.25923124999999997 0.0357375 0.25923124999999997 0.0357375 0.24369375
1 0.14154375 0.8873125 0.12653125 0.8873125 0.12653125 0.9027375 0.14154375 0.9027375 0.14154375 0.8873125
1 0.36428125 0.61860625 0.34324374999999996 0.61860625 0.34324374999999996 0.63431875 0.36428125 0.63431875 0.36428125 0.61860625
1 0.29145625000000003 0.224175 0.27786875 0.224175 0.27786875 0.23555 0.29145625000000003 0.23555 0.29145625000000003 0.224175
1 0.18158749999999999 0.1038 0.16948749999999999 0.1038 0.16948749999999999 0.1202 0.18158749999999999 0.1202 0.18158749999999999 0.1038
1 0.05625 0.7245812500000001 0.039150000000000004 0.7245812500000001 0.039150000000000004 0.7422187499999999 0.05625 0.7422187499999999 0.05625 0.7245812500000001
1 0.65829375 0.5355000000000001 0.6415062500000001 0.5355000000000001 0.6415062500000001 0.55045 0.65829375 0.55045 0.65829375 0.5355000000000001
1 0.078725 0.91654375 0.06605 0.91654375 0.06605 0.9320812500000001 0.078725 0.9320812500000001 0.078725 0.91654375
1 0.5137937499999999 0.5218875 0.5018312500000001 0.5218875 0.5018312500000001 0.5347625 0.5137937499999999 0.5347625 0.5137937499999999 0.5218875
1 0.34455 0.27737500000000004 0.33075 0.27737500000000004 0.33075 0.29 0.34455 0.29 0.34455 0.27737500000000004
1 0.42927499999999996 0.7564875 0.41790000000000005 0.7564875 0.41790000000000005 0.7689125 0.42927499999999996 0.7689125 0.42927499999999996 0.7564875
1 0.11954374999999999 0.20787499999999998 0.09763125 0.20787499999999998 0.09763125 0.23304999999999998 0.11954374999999999 0.23304999999999998 0.11954374999999999 0.20787499999999998
1 0.3516625 0.8479749999999999 0.34121250000000003 0.8479749999999999 0.34121250000000003 0.8590500000000001 0.3516625 0.8590500000000001 0.3516625 0.8479749999999999
1 0.47759999999999997 0.42967500000000003 0.46477500000000005 0.42967500000000003 0.46477500000000005 0.44044999999999995 0.47759999999999997 0.44044999999999995 0.47759999999999997 0.42967500000000003
1 0.7312875 0.8766875000000001 0.7159875 0.8766875000000001 0.7159875 0.8899125 0.7312875 0.8899125 0.7312875 0.8766875000000001
1 0.7739375 0.58499375 0.7631625 0.58499375 0.7631625 0.59470625 0.7739375 0.59470625 0.7739375 0.58499375
1 0.40408125000000006 0.8616250000000001 0.39279375 0.8616250000000001 0.39279375 0.873725 0.40408125000000006 0.873725 0.40408125000000006 0.8616250000000001
1 0.300075 0.19655 0.28685 0.19655 0.28685 0.20750000000000002 0.300075 0.20750000000000002 0.300075 0.19655
1 0.5804 0.8893000000000001 0.5650999999999999 0.8893000000000001 0.5650999999999999 0.9017250000000001 0.5804 0.9017250000000001 0.5804 0.8893000000000001
1 0.5215875 0.83649375 0.5038125 0.83649375 0.5038125 0.8539312499999999 0.5215875 0.8539312499999999 0.5215875 0.83649375
1 0.5365624999999999 0.73965625 0.5171375 0.73965625 0.5171375 0.7593687499999999 0.5365624999999999 0.7593687499999999 0.5365624999999999 0.73965625
1 0.2784625 0.0030625 0.2630375 0.0030625 0.2630375 0.0193375 0.2784625 0.0193375 0.2784625 0.0030625
1 0.50651875 0.709575 0.49298125 0.709575 0.49298125 0.72305 0.50651875 0.72305 0.50651875 0.709575
1 0.56745625 0.71476875 0.55266875 0.71476875 0.55266875 0.72955625 0.56745625 0.72955625 0.56745625 0.71476875
1 0.6140749999999999 0.47456250000000005 0.5988249999999999 0.47456250000000005 0.5988249999999999 0.48783750000000003 0.6140749999999999 0.48783750000000003 0.6140749999999999 0.47456250000000005
1 0.2298625 0.52659375 0.20713750000000003 0.52659375 0.20713750000000003 0.5466562500000001 0.2298625 0.5466562500000001 0.2298625 0.52659375
1 0.26451875 0.068925 0.24915625000000002 0.068925 0.24915625000000002 0.0883 0.26451875 0.0883 0.26451875 0.068925
1 0.27566875 0.31805625000000004 0.26438125 0.31805625000000004 0.26438125 0.32891875000000004 0.27566875 0.32891875000000004 0.27566875 0.31805625000000004
1 0.8746124999999999 0.79864375 0.8509625 0.79864375 0.8509625 0.81953125 0.8746124999999999 0.81953125 0.8746124999999999 0.79864375
1 0.4708875 0.60775 0.4583125 0.60775 0.4583125 0.618825 0.4708875 0.618825 0.4708875 0.60775
1 0.5527624999999999 0.7045874999999999 0.5370874999999999 0.7045874999999999 0.5370874999999999 0.7221625 0.5527624999999999 0.7221625 0.5527624999999999 0.7045874999999999
1 0.01486875 0.5343 0.00053125 0.5343 0.00053125 0.547725 0.01486875 0.547725 0.01486875 0.5343
1 0.21945 0.1662125 0.206075 0.1662125 0.206075 0.17803750000000002 0.21945 0.17803750000000002 0.21945 0.1662125
1 0.53148125 0.8835062499999999 0.51929375 0.8835062499999999 0.51929375 0.8957937499999999 0.53148125 0.8957937499999999 0.53148125 0.8835062499999999
1 0.1970375 0.61101875 0.1743125 0.61101875 0.1743125 0.62920625 0.1970375 0.62920625 0.1970375 0.61101875
1 0.8744687499999999 0.61748125 0.8628312499999999 0.61748125 0.8628312499999999 0.62666875 0.8744687499999999 0.62666875 0.8744687499999999 0.61748125
1 0.0310125 0.8514437499999999 0.0184875 0.8514437499999999 0.0184875 0.86243125 0.0310125 0.86243125 0.0310125 0.8514437499999999
1 0.56090625 0.9224249999999999 0.54554375 0.9224249999999999 0.54554375 0.9340249999999999 0.56090625 0.9340249999999999 0.56090625 0.9224249999999999
1 0.42989375 0.68929375 0.41190625000000003 0.68929375 0.41190625000000003 0.70915625 0.42989375 0.70915625 0.42989375 0.68929375
1 0.40036875 0.9064062500000001 0.38673125 0.9064062500000001 0.38673125 0.9187937500000001 0.40036875 0.9187937500000001 0.40036875 0.9064062500000001
1 0.45131875 0.68961875 0.42855625 0.68961875 0.42855625 0.71663125 0.45131875 0.71663125 0.45131875 0.68961875
1 0.057881249999999995 0.2901875 0.04239375 0.2901875 0.04239375 0.3133375 0.057881249999999995 0.3133375 0.057881249999999995 0.2901875
1 0.59116875 0.66343125 0.56118125 0.66343125 0.56118125 0.67544375 0.59116875 0.67544375 0.59116875 0.66343125
1 0.20439375 0.44939999999999997 0.17085625 0.44939999999999997 0.17085625 0.484675 0.20439375 0.484675 0.20439375 0.44939999999999997
1 0.9910687499999999 0.81441875 0.97085625 0.81441875 0.97085625 0.8252312500000001 0.9910687499999999 0.8252312500000001 0.9910687499999999 0.81441875
1 0.24561875 0.55296875 0.21580625000000003 0.55296875 0.21580625000000003 0.58278125 0.24561875 0.58278125 0.24561875 0.55296875
1 0.44028124999999996 0.44685625 0.42349375 0.44685625 0.42349375 0.46819375 0.44028124999999996 0.46819375 0.44028124999999996 0.44685625
1 0.41491249999999996 0.582225 0.37658749999999996 0.582225 0.37658749999999996 0.607225 0.41491249999999996 0.607225 0.41491249999999996 0.582225
1 0.2109625 0.165775 0.1781875 0.165775 0.1781875 0.18919999999999998 0.2109625 0.18919999999999998 0.2109625 0.165775
1 0.38979375 0.2520875 0.36020625 0.2520875 0.36020625 0.2884375 0.38979375 0.2884375 0.38979375 0.2520875
1 0.5457124999999999 0.41105 0.4122875 0.41105 0.4122875 0.480075 0.5457124999999999 0.480075 0.5457124999999999 0.41105
3 0.09 0 0 0.06 0 0.99875 0.2925 0.99875 0.29 0.985 0.26125 0.95875 0.24500000000000002 0.9349999999999999 0.23500000000000001 0.9087500000000001 0.23875000000000002 0.9012499999999999 0.34125 0.9412499999999999 0.3975 0.9512499999999999 0.49874999999999997 0.9525 0.6925 0.93625 0.7575000000000001 0.9175000000000001 0.78625 0.9025000000000001 0.825 0.89 0.9425000000000001 0.8324999999999999 0.99875 0.8150000000000001 0.99875 0.6675 0.81875 0.52625 0.6875 0.44125 0.6025 0.4025 0.49749999999999994 0.37124999999999997 0.355 0.3625 0.34249999999999997 0.355 0.335 0.34500000000000003 0.335 0.33125 0.37625000000000003 0.27999999999999997 0.38625 0.255 0.4 0.23875000000000002 0.43624999999999997 0.17875000000000002 0.46749999999999997 0.11499999999999999 0.48624999999999996 0.065 0.4925 0.028749999999999998 0.49124999999999996 0 0.48498 0 0.09 0