1 0.58871875 0.56333125 0.54083125 0.56333125 0.54083125 0.60214375 0.58871875 0.60214375 0.58871875 0.56333125
1 0.27549375 0.63833125 0.23333125 0.63833125 0.23333125 0.6855187500000001 0.27549375 0.6855187500000001 0.27549375 0.63833125
1 0.5120750000000001 0.47083125 0.47082499999999994 0.47083125 0.47082499999999994 0.50541875 0.5120750000000001 0.50541875 0.5120750000000001 0.47083125
1 0.44210000000000005 0.61333125 0.40832499999999994 0.61333125 0.40832499999999994 0.64716875 0.44210000000000005 0.64716875 0.44210000000000005 0.61333125
1 0.82696875 0.60833125 0.8008312500000001 0.60833125 0.8008312500000001 0.63549375 0.82696875 0.63549375 0.82696875 0.60833125
1 0.66701875 0.67833125 0.6308312500000001 0.67833125 0.6308312500000001 0.7088687499999999 0.66701875 0.7088687499999999 0.66701875 0.67833125
1 0.47709375 0.8483375000000001 0.43333125 0.8483375000000001 0.43333125 0.8923125000000001 0.47709375 0.8923125000000001 0.47709375 0.8483375000000001
1 0.5770625 0.2258375 0.5458375 0.2258375 0.5458375 0.26361249999999997 0.5770625 0.26361249999999997 0.5770625 0.2258375
1 0.63536875 0.71083125 0.58583125 0.71083125 0.58583125 0.75889375 0.63536875 0.75889375 0.63536875 0.71083125
1 0.5104124999999999 0.553325 0.4758375 0.553325 0.4758375 0.5888 0.5104124999999999 0.5888 0.5104124999999999 0.553325
1 0.6503625000000001 0.8308312499999999 0.6108374999999999 0.8308312499999999 0.6108374999999999 0.86729375 0.6503625000000001 0.86729375 0.6503625000000001 0.8308312499999999
1 0.9552625000000001 0.5883375 0.9083375 0.5883375 0.9083375 0.6321625 0.9552625000000001 0.6321625 0.9552625000000001 0.5883375
1 0.7020125 0.59833125 0.6533375 0.59833125 0.6533375 0.64549375 0.7020125 0.64549375 0.7020125 0.59833125
1 0.7919875000000001 0.7483375 0.7258375 0.7483375 0.7258375 0.8072625 0.7919875000000001 0.8072625 0.7919875000000001 0.7483375
1 0.6287125 0.42333125000000005 0.5808375 0.42333125000000005 0.5808375 0.45871874999999995 0.6287125 0.45871874999999995 0.6287125 0.42333125000000005
1 0.36546249999999997 0.7333375 0.3283375 0.7333375 0.3283375 0.7689125 0.36546249999999997 0.7689125 0.36546249999999997 0.7333375
1 0.73699375 0.5658375 0.70083125 0.5658375 0.70083125 0.6038125 0.73699375 0.6038125 0.73699375 0.5658375
1 0.4321125 0.41333125 0.3983375 0.41333125 0.3983375 0.45371875 0.4321125 0.45371875 0.4321125 0.41333125
1 0.42044375 0.3208375 0.39083125 0.3208375 0.39083125 0.3486625 0.42044375 0.3486625 0.42044375 0.3208375
1 0.68201875 0.4583375 0.6558312500000001 0.4583375 0.6558312500000001 0.5070875 0.68201875 0.5070875 0.68201875 0.4583375
1 0.9919125 0.65833125 0.9583375000000001 0.65833125 0.9583375000000001 0.69219375 0.9919125 0.69219375 0.9919125 0.65833125
1 0.99999375 0.58333125 0.97333125 0.58333125 0.97333125 0.62881875 0.99999375 0.62881875 0.99999375 0.58333125
1 0.46709375 0.9483312500000001 0.41583125 0.9483312500000001 0.41583125 0.99999375 0.46709375 0.99999375 0.46709375 0.9483312500000001
3 0 0.99875 0.86625 0.99875 0.8675 0.9737500000000001 0.8550000000000001 0.9525 0.8087500000000001 0.9175000000000001 0.7925 0.9125 0.78125 0.89875 0.7875 0.89375 0.82125 0.89125 0.9087500000000001 0.845 0.95 0.8425 0.985 0.825 0.9824999999999999 0.81125 0.9712500000000001 0.805 0.9662499999999999 0.79625 0.9724999999999999 0.7837500000000001 0.99875 0.7525000000000001 0.99875 0.55625 0.9637499999999999 0.5125 0.89375 0.46749999999999997 0.8724999999999999 0.4625 0.79625 0.4575 0.75125 0.44749999999999995 0.6900000000000001 0.3725 0.6675 0.3375 0.64 0.31124999999999997 0.59875 0.24500000000000002 0.5900000000000001 0.225 0.585 0.2 0.57375 0.17875000000000002 0.54375 0.15125 0.46749999999999997 0.10124999999999999 0.4375 0.06875 0.40875000000000006 0.021249999999999998 0.39875 0.0125 0.39125 0.01125 0.37875000000000003 0.03125 0.375 0.045 0.3725 0.16 0.35 0.26625 0.34249999999999997 0.39249999999999996 0.3275 0.4875 0.3275 0.51 0.3375 0.545 0.34875 0.575 0.3675 0.60875 0.3675 0.6224999999999999 0.34500000000000003 0.63375 0.29874999999999996 0.625 0.24125000000000002 0.63 0.21375000000000002 0.63875 0.13374999999999998 0.6775 0.06999999999999999 0.6912499999999999 0.052500000000000005 0.7 0.025 0.70625 0 0.72 0 0.99875