1 0.21594375000000002 0.66785625 0.20033125 0.66785625 0.20033125 0.68959375 0.21594375000000002 0.68959375 0.21594375000000002 0.66785625
1 0.36865625 0.7678625 0.34409375 0.7678625 0.34409375 0.8053874999999999 0.36865625 0.8053874999999999 0.36865625 0.7678625
1 0.45195625 0.7766124999999999 0.42909375 0.7766124999999999 0.42909375 0.8072374999999999 0.45195625 0.8072374999999999 0.45195625 0.7766124999999999
1 0.6065125 0.71035625 0.5815875 0.71035625 0.5815875 0.72479375 0.6065125 0.72479375 0.6065125 0.71035625
1 0.69258125 0.6966125 0.68159375 0.6966125 0.68159375 0.7331375 0.69258125 0.7331375 0.69258125 0.6966125
1 0.796275 0.7034312500000001 0.78575 0.7034312500000001 0.78575 0.71259375 0.796275 0.71259375 0.796275 0.7034312500000001
1 0.4930125 0.7676125 0.4815875 0.7676125 0.4815875 0.7802374999999999 0.4930125 0.7802374999999999 0.4930125 0.7676125
1 0.5790124999999999 0.7242437500000001 0.5674625 0.7242437500000001 0.5674625 0.7347312500000001 0.5790124999999999 0.7347312500000001 0.5790124999999999 0.7242437500000001
1 0.67433125 0.7071562499999999 0.66259375 0.7071562499999999 0.66259375 0.7176437499999999 0.67433125 0.7176437499999999 0.67433125 0.7071562499999999
1 0.8123312500000001 0.6565000000000001 0.8019187499999999 0.6565000000000001 0.8019187499999999 0.665775 0.8123312500000001 0.665775 0.8123312500000001 0.6565000000000001
1 0.339175 0.5869375 0.329275 0.5869375 0.329275 0.5976375 0.339175 0.5976375 0.339175 0.5869375
1 0.4831875 0.7128125 0.4714125 0.7128125 0.4714125 0.7246875 0.4831875 0.7246875 0.4831875 0.7128125
1 0.6543375 0.7878375 0.6415625 0.7878375 0.6415625 0.7990875 0.6543375 0.7990875 0.6543375 0.7878375
1 0.7351 0.8202187500000001 0.719975 0.8202187500000001 0.719975 0.83213125 0.7351 0.83213125 0.7351 0.8202187500000001
1 0.59459375 0.7149875 0.58313125 0.7149875 0.58313125 0.7254375 0.59459375 0.7254375 0.59459375 0.7149875
1 0.8825625 0.58246875 0.8723124999999999 0.58246875 0.8723124999999999 0.59233125 0.8825625 0.59233125 0.8825625 0.58246875
1 0.65866875 0.7104812500000001 0.64503125 0.7104812500000001 0.64503125 0.72019375 0.65866875 0.72019375 0.65866875 0.7104812500000001
1 0.2902875 0.61776875 0.2790375 0.61776875 0.2790375 0.62833125 0.2902875 0.62833125 0.2902875 0.61776875
1 0.563875 0.641675 0.552325 0.641675 0.552325 0.650325 0.563875 0.650325 0.563875 0.641675
1 0.67428125 0.5472625 0.65676875 0.5472625 0.65676875 0.5582125 0.67428125 0.5582125 0.67428125 0.5472625
1 0.8687125 0.7460625000000001 0.8558875 0.7460625000000001 0.8558875 0.7578375 0.8687125 0.7578375 0.8687125 0.7460625000000001
1 0.8062687499999999 0.7736500000000001 0.79430625 0.7736500000000001 0.79430625 0.7839750000000001 0.8062687499999999 0.7839750000000001 0.8062687499999999 0.7736500000000001
1 0.285675 0.78354375 0.2739 0.78354375 0.2739 0.79555625 0.285675 0.79555625 0.285675 0.78354375
1 0.4640375 0.82805 0.4519875 0.82805 0.4519875 0.839925 0.4640375 0.839925 0.4640375 0.82805
1 0.7692812499999999 0.67591875 0.75709375 0.67591875 0.75709375 0.68540625 0.7692812499999999 0.68540625 0.7692812499999999 0.67591875
1 0.210075 0.67189375 0.199825 0.67189375 0.199825 0.68163125 0.210075 0.68163125 0.210075 0.67189375
1 0.29475625 0.64835625 0.28434375 0.64835625 0.28434375 0.65829375 0.29475625 0.65829375 0.29475625 0.64835625
1 0.83455625 0.6661625 0.82461875 0.6661625 0.82461875 0.6736875 0.83455625 0.6736875 0.83455625 0.6661625
1 0.43123125 0.587 0.42081875 0.587 0.42081875 0.5966 0.43123125 0.5966 0.43123125 0.587
1 0.8304625 0.7093 0.8199375 0.7093 0.8199375 0.718425 0.8304625 0.718425 0.8304625 0.7093
1 0.843625 0.70860625 0.8341 0.70860625 0.8341 0.72109375 0.843625 0.72109375 0.843625 0.70860625
1 0.88130625 0.54891875 0.86576875 0.54891875 0.86576875 0.5594812499999999 0.88130625 0.5594812499999999 0.88130625 0.54891875
1 0.18644375 0.7887125 0.16853125 0.7887125 0.16853125 0.8060124999999999 0.18644375 0.8060124999999999 0.18644375 0.7887125
1 0.680975 0.6461875 0.6696 0.6461875 0.6696 0.6555625 0.680975 0.6555625 0.680975 0.6461875
1 0.46080625 0.57513125 0.44544375 0.57513125 0.44544375 0.58991875 0.46080625 0.58991875 0.46080625 0.57513125
1 0.71941875 0.66614375 0.7083062499999999 0.66614375 0.7083062499999999 0.67663125 0.71941875 0.67663125 0.71941875 0.66614375
1 0.632975 0.680825 0.6219 0.680825 0.6219 0.690275 0.632975 0.690275 0.632975 0.680825
1 0.649475 0.6287625 0.63665 0.6287625 0.63665 0.6388125 0.649475 0.6388125 0.649475 0.6287625
1 0.7086 0.62505 0.69765 0.62505 0.69765 0.6357 0.7086 0.6357 0.7086 0.62505
1 0.41236249999999997 0.690575 0.3996375 0.690575 0.3996375 0.702 0.41236249999999997 0.702 0.41236249999999997 0.690575
1 0.51958125 0.6918124999999999 0.50971875 0.6918124999999999 0.50971875 0.7007625 0.51958125 0.7007625 0.51958125 0.6918124999999999
1 0.8164374999999999 0.63514375 0.8046625000000001 0.63514375 0.8046625000000001 0.64318125 0.8164374999999999 0.64318125 0.8164374999999999 0.63514375
1 0.9151125 0.6937 0.9052125 0.6937 0.9052125 0.70375 0.9151125 0.70375 0.9151125 0.6937
1 0.9429062500000001 0.5089312500000001 0.92916875 0.5089312500000001 0.92916875 0.51841875 0.9429062500000001 0.51841875 0.9429062500000001 0.5089312500000001
1 0.7573937500000001 0.89478125 0.7426062499999999 0.89478125 0.7426062499999999 0.9069687500000001 0.7573937500000001 0.9069687500000001 0.7573937500000001 0.89478125
1 0.1144625 0.7902750000000001 0.0985625 0.7902750000000001 0.0985625 0.8073750000000001 0.1144625 0.8073750000000001 0.1144625 0.7902750000000001
1 0.55383125 0.79203125 0.54186875 0.79203125 0.54186875 0.8036687499999999 0.55383125 0.8036687499999999 0.55383125 0.79203125
1 0.4831875 0.54668125 0.46896250000000006 0.54668125 0.46896250000000006 0.56074375 0.4831875 0.56074375 0.4831875 0.54668125
1 0.7838437500000001 0.8774374999999999 0.77183125 0.8774374999999999 0.77183125 0.8872125000000001 0.7838437500000001 0.8872125000000001 0.7838437500000001 0.8774374999999999
1 0.6573875 0.48680625 0.6404625 0.48680625 0.6404625 0.49854374999999995 0.6573875 0.49854374999999995 0.6573875 0.48680625
1 0.9695562499999999 0.54713125 0.95914375 0.54713125 0.95914375 0.5554187500000001 0.9695562499999999 0.5554187500000001 0.9695562499999999 0.54713125
1 0.73923125 0.44699999999999995 0.72171875 0.44699999999999995 0.72171875 0.45535 0.73923125 0.45535 0.73923125 0.44699999999999995
1 0.7740437499999999 0.7704 0.76403125 0.7704 0.76403125 0.780375 0.7740437499999999 0.780375 0.7740437499999999 0.7704
1 0.5847687500000001 0.78745 0.56758125 0.78745 0.56758125 0.8023999999999999 0.5847687500000001 0.8023999999999999 0.5847687500000001 0.78745
1 0.7309249999999999 0.75736875 0.7182999999999999 0.75736875 0.7182999999999999 0.7660812499999999 0.7309249999999999 0.7660812499999999 0.7309249999999999 0.75736875
1 0.8191499999999999 0.824325 0.8039 0.824325 0.8039 0.835825 0.8191499999999999 0.835825 0.8191499999999999 0.824325
1 0.8468500000000001 0.5820624999999999 0.837725 0.5820624999999999 0.837725 0.5898125000000001 0.8468500000000001 0.5898125000000001 0.8468500000000001 0.5820624999999999
1 0.50621875 0.32001875 0.49475625 0.32001875 0.49475625 0.32988125 0.50621875 0.32988125 0.50621875 0.32001875
1 0.7926 0.7288 0.779675 0.7288 0.779675 0.738975 0.7926 0.738975 0.7926 0.7288
1 0.32091875000000003 0.8276562500000001 0.30653125000000003 0.8276562500000001 0.30653125000000003 0.8393437499999999 0.32091875000000003 0.8393437499999999 0.32091875000000003 0.8276562500000001
1 0.26866249999999997 0.5331312500000001 0.2479375 0.5331312500000001 0.2479375 0.5508437500000001 0.26866249999999997 0.5508437500000001 0.26866249999999997 0.5331312500000001
1 0.3415625 0.8360312499999999 0.3288375 0.8360312499999999 0.3288375 0.84464375 0.3415625 0.84464375 0.3415625 0.8360312499999999
1 0.23207499999999998 0.78230625 0.2069 0.78230625 0.2069 0.80364375 0.23207499999999998 0.80364375 0.23207499999999998 0.78230625
1 0.5857125 0.62181875 0.5773625 0.62181875 0.5773625 0.63013125 0.5857125 0.63013125 0.5857125 0.62181875
1 0.55400625 0.77924375 0.54364375 0.77924375 0.54364375 0.78910625 0.55400625 0.78910625 0.55400625 0.77924375
1 0.6602750000000001 0.8016062500000001 0.646375 0.8016062500000001 0.646375 0.81264375 0.6602750000000001 0.81264375 0.6602750000000001 0.8016062500000001
1 0.259775 0.38788125 0.24705 0.38788125 0.24705 0.39874375 0.259775 0.39874375 0.259775 0.38788125
1 0.43021875 0.8327125000000001 0.42035625000000004 0.8327125000000001 0.42035625000000004 0.8420875000000001 0.43021875 0.8420875000000001 0.43021875 0.8327125000000001
1 0.73921875 0.37155625 0.72465625 0.37155625 0.72465625 0.38089375 0.73921875 0.38089375 0.73921875 0.37155625
1 0.79676875 0.88920625 0.78428125 0.88920625 0.78428125 0.9027937500000001 0.79676875 0.9027937500000001 0.79676875 0.88920625
1 0.9682187499999999 0.63863125 0.9565812499999999 0.63863125 0.9565812499999999 0.65434375 0.9682187499999999 0.65434375 0.9682187499999999 0.63863125
1 0.8169437500000001 0.8479812499999999 0.8012312500000001 0.8479812499999999 0.8012312500000001 0.86394375 0.8169437500000001 0.86394375 0.8169437500000001 0.8479812499999999
1 0.7713062500000001 0.900775 0.75896875 0.900775 0.75896875 0.911725 0.7713062500000001 0.911725 0.7713062500000001 0.900775
1 0.1217625 0.47932499999999995 0.10346249999999999 0.47932499999999995 0.10346249999999999 0.491375 0.1217625 0.491375 0.1217625 0.47932499999999995
1 0.9227437500000001 0.60290625 0.91025625 0.60290625 0.91025625 0.61389375 0.9227437500000001 0.61389375 0.9227437500000001 0.60290625
1 0.83326875 0.8316125 0.80735625 0.8316125 0.80735625 0.8558875 0.83326875 0.8558875 0.83326875 0.8316125
1 0.40651875000000004 0.45669375 0.38743125 0.45669375 0.38743125 0.47153124999999996 0.40651875000000004 0.47153124999999996 0.40651875000000004 0.45669375
1 0.52166875 0.42391875 0.51153125 0.42391875 0.51153125 0.43253125 0.52166875 0.43253125 0.52166875 0.42391875
1 0.65286875 0.46191250000000006 0.6362062500000001 0.46191250000000006 0.6362062500000001 0.4711875 0.65286875 0.4711875 0.65286875 0.46191250000000006
1 0.14025 0.6858125 0.12195 0.6858125 0.12195 0.7028625 0.14025 0.7028625 0.14025 0.6858125
1 0.20808749999999998 0.8031499999999999 0.1849875 0.8031499999999999 0.1849875 0.8189249999999999 0.20808749999999998 0.8189249999999999 0.20808749999999998 0.8031499999999999
1 0.14889375 0.48497500000000004 0.13405625000000002 0.48497500000000004 0.13405625000000002 0.49355000000000004 0.14889375 0.49355000000000004 0.14889375 0.48497500000000004
1 0.47554375000000004 0.8500624999999999 0.46098125 0.8500624999999999 0.46098125 0.8598874999999999 0.47554375000000004 0.8598874999999999 0.47554375000000004 0.8500624999999999
1 0.09414375 0.739825 0.06748125 0.739825 0.06748125 0.767 0.09414375 0.767 0.09414375 0.739825
1 0.6191687499999999 0.7777000000000001 0.5839562500000001 0.7777000000000001 0.5839562500000001 0.79945 0.6191687499999999 0.79945 0.6191687499999999 0.7777000000000001
1 0.31164375 0.6536375 0.28405625 0.6536375 0.28405625 0.6783875 0.31164375 0.6783875 0.31164375 0.6536375
1 0.7783375 0.4770625 0.7509625 0.4770625 0.7509625 0.5004875 0.7783375 0.5004875 0.7783375 0.4770625
1 0.79184375 0.6089562500000001 0.76383125 0.6089562500000001 0.76383125 0.6254187499999999 0.79184375 0.6254187499999999 0.79184375 0.6089562500000001
1 0.7369687500000001 0.8228375 0.6985812499999999 0.8228375 0.6985812499999999 0.8578374999999999 0.7369687500000001 0.8578374999999999 0.7369687500000001 0.8228375
1 0.9234562499999999 0.36766875 0.91444375 0.36766875 0.91444375 0.37598125 0.9234562499999999 0.37598125 0.9234562499999999 0.36766875
1 0.74494375 0.9291937499999999 0.73260625 0.9291937499999999 0.73260625 0.9428812499999999 0.74494375 0.9428812499999999 0.74494375 0.9291937499999999
1 0.81771875 0.4462 0.79263125 0.4462 0.79263125 0.46492500000000003 0.81771875 0.46492500000000003 0.81771875 0.4462
1 0.9066562499999999 0.3948625 0.89804375 0.3948625 0.89804375 0.40298749999999994 0.9066562499999999 0.40298749999999994 0.9066562499999999 0.3948625
3 0 0.42874999999999996 0.0375 0.45875000000000005 0.11499999999999999 0.49124999999999996 0.1775 0.49749999999999994 0.23374999999999999 0.4925 0.22875 0.49625 0.23374999999999999 0.5025000000000001 0.21625 0.50875 0.21125 0.52125 0.22875 0.5125 0.23500000000000001 0.52 0.24 0.52 0.24375 0.51125 0.24874999999999997 0.51625 0.23875000000000002 0.5275000000000001 0.2325 0.5237499999999999 0.23374999999999999 0.5287499999999999 0.22999999999999998 0.53125 0.2225 0.525 0.22000000000000003 0.53 0.205 0.53 0.20375000000000001 0.525 0.2 0.525 0.2 0.53125 0.22374999999999998 0.5375 0.225 0.54375 0.21625 0.54875 0.18625 0.5862499999999999 0.14875 0.6425 0.125 0.68625 0.12375 0.6950000000000001 0.11625 0.70125 0.1075 0.72375 0.0975 0.73125 0.09625 0.73875 0.08375 0.74 0.08 0.74875 0.075 0.7462500000000001 0.025 0.80375 0.04625 0.81125 0.12625 0.8074999999999999 0.1775 0.81125 0.26749999999999996 0.83375 0.34125 0.8462500000000001 0.43125 0.8574999999999999 0.47874999999999995 0.8574999999999999 0.5037499999999999 0.85375 0.54 0.83625 0.55 0.835 0.5875 0.8025 0.60375 0.795 0.6275000000000001 0.825 0.645 0.8400000000000001 0.6487499999999999 0.8487500000000001 0.6537499999999999 0.85375 0.6575 0.85 0.66125 0.85625 0.66875 0.85875 0.67375 0.8724999999999999 0.7275 0.9237500000000001 0.735 0.9275 0.74 0.9237500000000001 0.755 0.9324999999999999 0.77 0.9275 0.78625 0.91375 0.79375 0.8925000000000001 0.8012499999999999 0.885 0.805 0.87375 0.8175000000000001 0.8625 0.8262499999999999 0.8425 0.8574999999999999 0.8099999999999999 0.9425000000000001 0.69375 0.95875 0.6625 0.97625 0.60375 0.98125 0.5599999999999999 0.9800000000000001 0.5287499999999999 0.9675 0.49375 0.95 0.47750000000000004 0.9237500000000001 0.46375 0.8550000000000001 0.45125000000000004 0.8525 0.445 0.89375 0.42125 0.91875 0.4125 0.94375 0.39625 0.95875 0.37374999999999997 0.99125 0.33625 0.99875 0.3325 0.99875 0.30625 0.97625 0.28500000000000003 0.89125 0.23374999999999999 0.86 0.205 0.845 0.1875 0.83375 0.1525 0.825 0.14375 0.81125 0.14625 0.79875 0.14250000000000002 0.79875 0.15625 0.79375 0.15875 0.78625 0.1525 0.7925 0.16375 0.78125 0.16499999999999998 0.7825 0.17124999999999999 0.77 0.16875 0.7675 0.1775 0.73625 0.19375 0.7325 0.1925 0.72 0.20249999999999999 0.7162499999999999 0.2 0.70875 0.20625 0.7 0.20750000000000002 0.6900000000000001 0.22000000000000003 0.6725 0.22999999999999998 0.6599999999999999 0.23500000000000001 0.63375 0.23500000000000001 0.61125 0.23125 0.5725 0.21749999999999997 0.46375 0.1575 0.43 0.14250000000000002 0.40499999999999997 0.1375 0.39875 0.1375 0.39249999999999996 0.14125000000000001 0.3975 0.1625 0.39375 0.1825 0.3875 0.18375 0.38125 0.19375 0.38625 0.2 0.38375 0.205 0.40374999999999994 0.21749999999999997 0.40750000000000003 0.2125 0.41125 0.22374999999999998 0.41875 0.22749999999999998 0.41500000000000004 0.23500000000000001 0.4175 0.24874999999999997 0.41125 0.24625 0.40750000000000003 0.25 0.40374999999999994 0.24625 0.40125 0.24874999999999997 0.40499999999999997 0.2525 0.3675 0.255 0.355 0.26375000000000004 0.34875 0.26125 0.3075 0.27999999999999997 0.3025 0.275 0.29375 0.27749999999999997 0.29500000000000004 0.28375 0.27125 0.29 0.22875 0.3125 0.15625 0.33875 0.05125 0.35375 0 0.3675 0 0.42874999999999996