1 0.55539375 0.568325 0.47333125000000004 0.568325 0.47333125000000004 0.61715 0.55539375 0.61715 0.55539375 0.568325
1 0.59704375 0.4583375 0.54083125 0.4583375 0.54083125 0.5070875 0.59704375 0.5070875 0.59704375 0.4583375
1 0.8686187500000001 0.31083125 0.80583125 0.31083125 0.80583125 0.37034375 0.8686187500000001 0.37034375 0.8686187500000001 0.31083125
1 0.5574312499999999 0.705 0.51731875 0.705 0.51731875 0.7458 0.5574312499999999 0.7458 0.5574312499999999 0.705
1 0.73665 0.57710625 0.71745 0.57710625 0.71745 0.59281875 0.73665 0.59281875 0.73665 0.57710625
1 0.29075625 0.84553125 0.27174375 0.84553125 0.27174375 0.8634437500000001 0.29075625 0.8634437500000001 0.29075625 0.84553125
1 0.9405875 0.41413124999999995 0.9236625 0.41413124999999995 0.9236625 0.42814375 0.9405875 0.42814375 0.9405875 0.41413124999999995
1 0.57665 0.39973749999999997 0.56105 0.39973749999999997 0.56105 0.41423750000000004 0.57665 0.41423750000000004 0.57665 0.39973749999999997
1 0.37400625 0.28129375 0.35401875 0.28129375 0.35401875 0.29585625000000004 0.37400625 0.29585625000000004 0.37400625 0.28129375
1 0.91523125 0.52436875 0.89824375 0.52436875 0.89824375 0.54008125 0.91523125 0.54008125 0.91523125 0.52436875
1 0.3363375 0.16821250000000001 0.3121125 0.16821250000000001 0.3121125 0.1870125 0.3363375 0.1870125 0.3363375 0.16821250000000001
1 0.46098125 0.5229812500000001 0.44526875 0.5229812500000001 0.44526875 0.54049375 0.46098125 0.54049375 0.46098125 0.5229812500000001
1 0.70036875 0.504475 0.68635625 0.504475 0.68635625 0.517 0.70036875 0.517 0.70036875 0.504475
1 0.40161875 0.773275 0.37280625 0.773275 0.37280625 0.81365 0.40161875 0.81365 0.40161875 0.773275
1 0.3847625 0.23275 0.3671875 0.23275 0.3671875 0.245525 0.3847625 0.245525 0.3847625 0.23275
1 0.1352625 0.465275 0.11816249999999999 0.465275 0.11816249999999999 0.480525 0.1352625 0.480525 0.1352625 0.465275
1 0.9865875000000001 0.53034375 0.9733625 0.53034375 0.9733625 0.54095625 0.9865875000000001 0.54095625 0.9865875000000001 0.53034375
1 0.08151875 0.17104375 0.06778125 0.17104375 0.06778125 0.18468125 0.08151875 0.18468125 0.08151875 0.17104375
1 0.5991500000000001 0.3144875 0.583475 0.3144875 0.583475 0.3276125 0.5991500000000001 0.3276125 0.5991500000000001 0.3144875
1 0.08071874999999999 0.34960625 0.06320624999999999 0.34960625 0.06320624999999999 0.36329375 0.08071874999999999 0.36329375 0.08071874999999999 0.34960625
1 0.99465625 0.42838125 0.97701875 0.42838125 0.97701875 0.44661875 0.99465625 0.44661875 0.99465625 0.42838125
1 0.4996625 0.181175 0.4803125 0.181175 0.4803125 0.19895000000000002 0.4996625 0.19895000000000002 0.4996625 0.181175
1 0.36583125 0.3026625 0.34999375 0.3026625 0.34999375 0.3145375 0.36583125 0.3145375 0.36583125 0.3026625
1 0.9652875 0.49823125 0.9546374999999999 0.49823125 0.9546374999999999 0.51056875 0.9652875 0.51056875 0.9652875 0.49823125
1 0.4987125 0.8649812499999999 0.4690625 0.8649812499999999 0.4690625 0.89479375 0.4987125 0.89479375 0.4987125 0.8649812499999999
1 0.71540625 0.6270249999999999 0.67716875 0.6270249999999999 0.67716875 0.656175 0.71540625 0.656175 0.71540625 0.6270249999999999
1 0.9304500000000001 0.3586375 0.912325 0.3586375 0.912325 0.3757375 0.9304500000000001 0.3757375 0.9304500000000001 0.3586375
1 0.15249375 0.1459125 0.13633125 0.1459125 0.13633125 0.1597625 0.15249375 0.1597625 0.15249375 0.1459125
1 0.28335 0.677875 0.267925 0.677875 0.267925 0.6902999999999999 0.28335 0.6902999999999999 0.28335 0.677875
1 0.57145 0.47163125 0.552575 0.47163125 0.552575 0.48881874999999997 0.57145 0.48881874999999997 0.57145 0.47163125
1 0.71435625 0.50124375 0.66259375 0.50124375 0.66259375 0.55443125 0.71435625 0.55443125 0.71435625 0.50124375
1 0.42329999999999995 0.45411875 0.41265 0.45411875 0.41265 0.46580625 0.42329999999999995 0.46580625 0.42329999999999995 0.45411875
1 0.774525 0.5798 0.7615999999999999 0.5798 0.7615999999999999 0.588175 0.774525 0.588175 0.774525 0.5798
1 0.10101875 0.40108125 0.08403125 0.40108125 0.08403125 0.41924374999999997 0.10101875 0.41924374999999997 0.10101875 0.40108125
1 0.2764625 0.19705 0.2626125 0.19705 0.2626125 0.20847500000000002 0.2764625 0.20847500000000002 0.2764625 0.19705
1 0.667475 0.08980625 0.6548 0.08980625 0.6548 0.10354375 0.667475 0.10354375 0.667475 0.08980625
1 0.43621875 0.3538625 0.42705624999999997 0.3538625 0.42705624999999997 0.3624375 0.43621875 0.3624375 0.43621875 0.3538625
1 0.6935 0.6342875 0.6776 0.6342875 0.6776 0.6498875 0.6935 0.6498875 0.6935 0.6342875
1 0.35926874999999997 0.49675 0.34678125 0.49675 0.34678125 0.51985 0.35926874999999997 0.51985 0.35926874999999997 0.49675
1 0.19054374999999998 0.19644375 0.17835625 0.19644375 0.17835625 0.20883124999999997 0.19054374999999998 0.20883124999999997 0.19054374999999998 0.19644375
1 1 0.5992625 0.9920249999999999 0.5992625 0.9920249999999999 0.6106874999999999 1 0.6106874999999999 1 0.5992625
1 0.23496250000000002 0.0948625 0.2215875 0.0948625 0.2215875 0.10728750000000001 0.23496250000000002 0.10728750000000001 0.23496250000000002 0.0948625
1 0.46131875000000006 0.35095 0.45175625 0.35095 0.45175625 0.360475 0.46131875000000006 0.360475 0.46131875000000006 0.35095
1 0.3885125 0.167575 0.36491250000000003 0.167575 0.36491250000000003 0.18180000000000002 0.3885125 0.18180000000000002 0.3885125 0.167575
1 0.8883749999999999 0.5898 0.8753 0.5898 0.8753 0.6025750000000001 0.8883749999999999 0.6025750000000001 0.8883749999999999 0.5898
1 0.42895000000000005 0.88351875 0.41137499999999994 0.88351875 0.41137499999999994 0.89870625 0.42895000000000005 0.89870625 0.42895000000000005 0.88351875
1 0.71599375 0.6267625 0.70198125 0.6267625 0.70198125 0.6388625 0.71599375 0.6388625 0.71599375 0.6267625
1 0.76914375 0.708725 0.75723125 0.708725 0.75723125 0.719975 0.76914375 0.719975 0.76914375 0.708725
1 0.467375 0.8076812500000001 0.457925 0.8076812500000001 0.457925 0.8182937499999999 0.467375 0.8182937499999999 0.467375 0.8076812500000001
1 0.15371875 0.7874749999999999 0.10775625 0.7874749999999999 0.10775625 0.8199500000000001 0.15371875 0.8199500000000001 0.15371875 0.7874749999999999
1 0.271475 0.8820937499999999 0.24512499999999998 0.8820937499999999 0.24512499999999998 0.90305625 0.271475 0.90305625 0.271475 0.8820937499999999
1 0.717575 0.6659875000000001 0.6711 0.6659875000000001 0.6711 0.7090124999999999 0.717575 0.7090124999999999 0.717575 0.6659875000000001
1 0.71653125 0.7503062500000001 0.68776875 0.7503062500000001 0.68776875 0.78289375 0.71653125 0.78289375 0.71653125 0.7503062500000001
1 0.5013625 0.792 0.4869125 0.792 0.4869125 0.809575 0.5013625 0.809575 0.5013625 0.792
1 0.59653125 0.7766437500000001 0.50991875 0.7766437500000001 0.50991875 0.84445625 0.59653125 0.84445625 0.59653125 0.7766437500000001
1 0.1495625 0.035975 0.1363375 0.035975 0.1363375 0.0463 0.1495625 0.0463 0.1495625 0.035975
1 0.68028125 0.21244999999999997 0.66444375 0.21244999999999997 0.66444375 0.22847499999999998 0.68028125 0.22847499999999998 0.68028125 0.21244999999999997
1 0.228925 0.8577375 0.198075 0.8577375 0.198075 0.8815125 0.228925 0.8815125 0.228925 0.8577375
1 0.574175 0.56674375 0.563525 0.56674375 0.563525 0.5777812499999999 0.574175 0.5777812499999999 0.574175 0.56674375
1 0.8980874999999999 0.25049375 0.8841374999999999 0.25049375 0.8841374999999999 0.25780625 0.8980874999999999 0.25780625 0.8980874999999999 0.25049375
1 0.35114375 0.89710625 0.32610625 0.89710625 0.32610625 0.91246875 0.35114375 0.91246875 0.35114375 0.89710625
1 0.65196875 0.46289375 0.64393125 0.46289375 0.64393125 0.47070625 0.65196875 0.47070625 0.65196875 0.46289375
1 0.83489375 0.605575 0.80963125 0.605575 0.80963125 0.6219750000000001 0.83489375 0.6219750000000001 0.83489375 0.605575
1 0.6468875 0.38177500000000003 0.6372875 0.38177500000000003 0.6372875 0.41315 0.6468875 0.41315 0.6468875 0.38177500000000003
1 0.47476250000000003 0.8929375 0.4446625 0.8929375 0.4446625 0.9117625 0.47476250000000003 0.9117625 0.47476250000000003 0.8929375
1 0.40412499999999996 0.9010374999999999 0.383475 0.9010374999999999 0.383475 0.9173125000000001 0.40412499999999996 0.9173125000000001 0.40412499999999996 0.9010374999999999
1 0.6506375 0.4832875 0.5964375000000001 0.4832875 0.5964375000000001 0.5381875 0.6506375 0.5381875 0.6506375 0.4832875
1 0.67715625 0.7330375 0.61484375 0.7330375 0.61484375 0.7777125 0.67715625 0.7777125 0.67715625 0.7330375
1 0.4715375 0.45245625 0.41663750000000005 0.45245625 0.41663750000000005 0.48944375000000007 0.4715375 0.48944375000000007 0.4715375 0.45245625
1 0.8094187500000001 0.42608125 0.7062062499999999 0.42608125 0.7062062499999999 0.5309437499999999 0.8094187500000001 0.5309437499999999 0.8094187500000001 0.42608125
1 0.7118875 0.76180625 0.6748375 0.76180625 0.6748375 0.80264375 0.7118875 0.80264375 0.7118875 0.76180625
1 0.34426875 0.6089187500000001 0.28170625 0.6089187500000001 0.28170625 0.72018125 0.34426875 0.72018125 0.34426875 0.6089187500000001
3 0.23374999999999999 0 0.21625 0.005 0.0875 0.0025 0.08 0.0125 0.0725 0.013750000000000002 0.0775 0.01625 0.06375 0.028749999999999998 0.041249999999999995 0.041249999999999995 0.03625 0.05125 0.02375 0.052500000000000005 0.02 0.06 0.03 0.06375 0.0225 0.0725 0.013750000000000002 0.075 0.013750000000000002 0.08875 0 0.09875 0.005 0.1025 0 0.10625 0.005 0.11000000000000001 0 0.1125 0.005 0.11875 0 0.12125 0.00375 0.12625 0 0.1275 0 0.15625 0.00625 0.1575 0 0.15875 0 0.16375 0.00375 0.16499999999999998 0 0.1675 0 0.18625 0.008749999999999999 0.18875 0 0.19125 0.005 0.19624999999999998 0.0025 0.20125 0.0075 0.20375000000000001 0 0.20625 0 0.21000000000000002 0.005 0.2125 0.0025 0.21625 0.015 0.22000000000000003 0.0075 0.22374999999999998 0.008749999999999999 0.23500000000000001 0 0.2375 0.0025 0.2475 0.013750000000000002 0.25125000000000003 0 0.25375000000000003 0.01 0.25875 0.0075 0.26375000000000004 0.01125 0.26625 0 0.27125 0.0075 0.27125 0.01 0.28125 0.013750000000000002 0.28250000000000003 0 0.28500000000000003 0.008749999999999999 0.29 0.01 0.2975 0.00625 0.30125 0 0.3 0 0.30375 0.008749999999999999 0.305 0.0075 0.35 0.021249999999999998 0.35125 0.02375 0.34125 0.01875 0.3375 0.028749999999999998 0.335 0.0325 0.35375 0.03125 0.3775 0.025 0.38625 0.017499999999999998 0.385 0.01 0.39249999999999996 0.0225 0.4 0.015 0.4025 0.013750000000000002 0.41125 0.0225 0.4125 0.02375 0.41624999999999995 0.01625 0.41875 0.013750000000000002 0.42750000000000005 0.021249999999999998 0.42750000000000005 0.02375 0.4325 0.01 0.43875000000000003 0 0.4375 0 0.45125000000000004 0.0125 0.44625000000000004 0.01625 0.45999999999999996 0.021249999999999998 0.4625 0.005 0.465 0.0025 0.47375 0.0075 0.475 0.02 0.46875 0.02 0.47375 0.025 0.47625 0.025 0.47000000000000003 0.028749999999999998 0.46875 0.03125 0.4875 0.0475 0.49749999999999994 0.03375 0.50125 0 0.49874999999999997 0 0.50625 0.01 0.5075000000000001 0.028749999999999998 0.50125 0.03125 0.505 0.04625 0.5037499999999999 0.05500000000000001 0.5125 0.042499999999999996 0.5900000000000001 0.03125 0.6287499999999999 0.03875 0.6900000000000001 0.05375 0.73125 0.08125 0.775 0.1 0.7975 0.13 0.8225 0.155 0.835 0.20375000000000001 0.8712500000000001 0.28250000000000003 0.9075 0.3375 0.91625 0.395 0.91875 0.46624999999999994 0.9099999999999999 0.54125 0.88125 0.5575 0.86875 0.57125 0.865 0.64125 0.82875 0.67625 0.80375 0.68875 0.7887500000000001 0.705 0.7825 0.7 0.7787499999999999 0.71375 0.7675 0.7212500000000001 0.7675 0.72375 0.76125 0.72 0.75875 0.74375 0.75125 0.7325 0.7474999999999999 0.73625 0.7424999999999999 0.7462500000000001 0.73875 0.755 0.74125 0.77125 0.735 0.77125 0.73125 0.75875 0.73375 0.75875 0.7275 0.79125 0.7224999999999999 0.7887500000000001 0.7125 0.79875 0.705 0.8012499999999999 0.70875 0.805 0.70375 0.81375 0.70875 0.83125 0.705 0.8175000000000001 0.70125 0.82875 0.6799999999999999 0.83375 0.6825 0.8375 0.67625 0.8474999999999999 0.6799999999999999 0.8425 0.6912499999999999 0.845 0.6950000000000001 0.8699999999999999 0.68875 0.85375 0.6875 0.8487500000000001 0.6825 0.85375 0.675 0.865 0.6775 0.865 0.6675 0.8612500000000001 0.66875 0.86 0.665 0.885 0.6587500000000001 0.89625 0.66125 0.89 0.6587500000000001 0.89 0.65 0.9 0.64125 0.9112500000000001 0.64625 0.915 0.63875 0.9199999999999999 0.63875 0.9125 0.63625 0.91625 0.63 0.93 0.63125 0.9337500000000001 0.63 0.93 0.62625 0.9349999999999999 0.625 0.93625 0.64625 0.9412499999999999 0.65 0.9475 0.645 0.9650000000000001 0.6425 0.9724999999999999 0.6325000000000001 0.9862500000000001 0.63375 0.99875 0.6275000000000001 0.9962500000000001 0.62375 0.9737500000000001 0.6275000000000001 0.9675 0.62375 0.93625 0.6224999999999999 0.94375 0.615 0.9662499999999999 0.615 0.97 0.61875 0.98125 0.61625 0.99 0.6212500000000001 0.99875 0.6125 0.99875 0.59375 0.9925 0.58875 0.99875 0.57875 0.99875 0.24125000000000002 0.89625 0.2375 0.8724999999999999 0.2325 0.76375 0.2325 0.6975 0.24 0.6599999999999999 0.23625 0.6599999999999999 0.22000000000000003 0.66625 0.21625 0.665 0.2125 0.6775 0.20875 0.6925 0.1925 0.6950000000000001 0.18125 0.7 0.17625 0.70625 0.1775 0.7125 0.16125 0.71 0.15 0.7150000000000001 0.14750000000000002 0.72 0.15625 0.72375 0.15375 0.7275 0.14625 0.7262500000000001 0.13374999999999998 0.74 0.13 0.74 0.11875 0.7462500000000001 0.11499999999999999 0.7474999999999999 0.10874999999999999 0.75125 0.11499999999999999 0.7575000000000001 0.0875 0.77125 0.08375 0.7725 0.06375 0.7837500000000001 0.052500000000000005 0.7825 0.0475 0.7875 0.03875 0.78625 0.005 0.78 0.005 0.7825 0.01125 0.775 0.015 0.7725 0.008749999999999999 0.7775000000000001 0.005 0.76875 0 0.75125 0 0.7474999999999999 0.00375 0.6975 0 0.6775 0.00375 0.66125 0.00375 0.65625 0 0.40374999999999994 0 0.38875000000000004 0.0075 0.3825 0 0.24500000000000002 0 0.23374999999999999 0