1 0.37379375000000004 0.6433375 0.32583125 0.6433375 0.32583125 0.7005375 0.37379375000000004 0.7005375 0.37379375000000004 0.6433375
1 0.5889562500000001 0.380375 0.55459375 0.380375 0.55459375 0.42089999999999994 0.5889562500000001 0.42089999999999994 0.5889562500000001 0.380375
1 0.6817124999999999 0.45068125 0.6542375 0.45068125 0.6542375 0.48339375 0.6817124999999999 0.48339375 0.6817124999999999 0.45068125
1 0.42336875 0.4486125 0.40133125 0.4486125 0.40133125 0.4688625 0.42336875 0.4688625 0.42336875 0.4486125
1 0.3108875 0.5055 0.2877375 0.5055 0.2877375 0.524775 0.3108875 0.524775 0.3108875 0.5055
1 0.9867625 0.50323125 0.9595375 0.50323125 0.9595375 0.52314375 0.9867625 0.52314375 0.9867625 0.50323125
1 0.78605625 0.3643875 0.76471875 0.3643875 0.76471875 0.3846375 0.78605625 0.3846375 0.78605625 0.3643875
1 0.8250125 0.1434375 0.8009625 0.1434375 0.8009625 0.1614875 0.8250125 0.1614875 0.8250125 0.1434375
1 0.5328875 0.31286875 0.5051875 0.31286875 0.5051875 0.34485625 0.5328875 0.34485625 0.5328875 0.31286875
1 0.44515625 0.4715625 0.42544375 0.4715625 0.42544375 0.49083750000000004 0.44515625 0.49083750000000004 0.44515625 0.4715625
1 0.3036 0.6022062499999999 0.272575 0.6022062499999999 0.272575 0.62729375 0.3036 0.62729375 0.3036 0.6022062499999999
1 0.6870625 0.14083125000000002 0.6752374999999999 0.14083125000000002 0.6752374999999999 0.15311875 0.6870625 0.15311875 0.6870625 0.14083125000000002
1 0.38635625 0.45901875 0.36656875 0.45901875 0.36656875 0.48043125 0.38635625 0.48043125 0.38635625 0.45901875
1 0.73481875 0.67869375 0.71440625 0.67869375 0.71440625 0.69728125 0.73481875 0.69728125 0.73481875 0.67869375
1 0.4772875 0.63105625 0.46118750000000003 0.63105625 0.46118750000000003 0.64824375 0.4772875 0.64824375 0.4772875 0.63105625
1 0.6429750000000001 0.71631875 0.623625 0.71631875 0.623625 0.73485625 0.6429750000000001 0.73485625 0.6429750000000001 0.71631875
1 0.20319375 0.36659375 0.18840625 0.36659375 0.18840625 0.38780625 0.20319375 0.38780625 0.20319375 0.36659375
1 0.4903625 0.7515 0.4735125 0.7515 0.4735125 0.769975 0.4903625 0.769975 0.4903625 0.7515
1 0.2860125 0.60625625 0.2711125 0.60625625 0.2711125 0.62324375 0.2860125 0.62324375 0.2860125 0.60625625
1 0.396625 0.74965 0.378775 0.74965 0.378775 0.76695 0.396625 0.76695 0.396625 0.74965
1 0.0998125 0.27965 0.0839125 0.27965 0.0839125 0.2975 0.0998125 0.2975 0.0998125 0.27965
1 0.39860625 0.358025 0.37874375 0.358025 0.37874375 0.377325 0.39860625 0.377325 0.39860625 0.358025
1 0.22299375000000002 0.75829375 0.20548125 0.75829375 0.20548125 0.77783125 0.22299375000000002 0.77783125 0.22299375000000002 0.75829375
1 0.38065625000000003 0.26506875 0.36494375 0.26506875 0.36494375 0.27935625000000003 0.38065625000000003 0.27935625000000003 0.38065625000000003 0.26506875
1 0.24616875 0.51358125 0.23210625000000001 0.51358125 0.23210625000000001 0.5284187499999999 0.24616875 0.5284187499999999 0.24616875 0.51358125
1 0.6663375 0.07163749999999999 0.6510374999999999 0.07163749999999999 0.6510374999999999 0.0879125 0.6663375 0.0879125 0.6663375 0.07163749999999999
1 0.636325 0.86041875 0.61855 0.86041875 0.61855 0.87785625 0.636325 0.87785625 0.636325 0.86041875
1 0.5431125 0.41991875 0.5291625 0.41991875 0.5291625 0.43360624999999997 0.5431125 0.43360624999999997 0.5431125 0.41991875
1 0.10896874999999999 0.1882125 0.09280625 0.1882125 0.09280625 0.2046125 0.10896874999999999 0.2046125 0.10896874999999999 0.1882125
1 0.09611875 0.23807499999999998 0.08248124999999999 0.23807499999999998 0.08248124999999999 0.2546 0.09611875 0.2546 0.09611875 0.23807499999999998
1 0.336725 0.8140625 0.3205 0.8140625 0.3205 0.8294874999999999 0.336725 0.8294874999999999 0.336725 0.8140625
1 0.81325625 0.6604687499999999 0.79806875 0.6604687499999999 0.79806875 0.67448125 0.81325625 0.67448125 0.81325625 0.6604687499999999
1 0.2516 0.55575 0.2169 0.55575 0.2169 0.5751000000000001 0.2516 0.5751000000000001 0.2516 0.55575
1 0.50958125 0.7125 0.49724375 0.7125 0.49724375 0.725975 0.50958125 0.725975 0.50958125 0.7125
1 0.4859625 0.27616874999999996 0.47253749999999994 0.27616874999999996 0.47253749999999994 0.29073125 0.4859625 0.29073125 0.4859625 0.27616874999999996
1 0.20604375 0.66965625 0.19165625 0.66965625 0.19165625 0.68484375 0.20604375 0.68484375 0.20604375 0.66965625
1 0.41128125000000004 0.13613124999999998 0.39926875 0.13613124999999998 0.39926875 0.15074375 0.41128125000000004 0.15074375 0.41128125000000004 0.13613124999999998
1 0.572925 0.6224000000000001 0.5599000000000001 0.6224000000000001 0.5599000000000001 0.635425 0.572925 0.635425 0.572925 0.6224000000000001
1 0.4395875 0.2871 0.42661249999999995 0.2871 0.42661249999999995 0.301775 0.4395875 0.301775 0.4395875 0.2871
1 0.22200000000000003 0.25630625 0.208675 0.25630625 0.208675 0.27104374999999997 0.22200000000000003 0.27104374999999997 0.22200000000000003 0.25630625
1 0.39106874999999997 0.51043125 0.37943125 0.51043125 0.37943125 0.52276875 0.39106874999999997 0.52276875 0.39106874999999997 0.51043125
1 0.88964375 0.503075 0.86915625 0.503075 0.86915625 0.5164500000000001 0.88964375 0.5164500000000001 0.88964375 0.503075
1 0.76808125 0.3959375 0.75634375 0.3959375 0.75634375 0.4077625 0.76808125 0.4077625 0.76808125 0.3959375
1 0.8898875 0.792675 0.8737875 0.792675 0.8737875 0.8059499999999999 0.8898875 0.8059499999999999 0.8898875 0.792675
1 0.43495 0.5249875 0.424425 0.5249875 0.424425 0.5365375 0.43495 0.5365375 0.43495 0.5249875
1 0.1968875 0.5162125 0.1842125 0.5162125 0.1842125 0.5296875 0.1968875 0.5296875 0.1968875 0.5162125
1 0.9558312499999999 0.28054999999999997 0.93966875 0.28054999999999997 0.93966875 0.293675 0.9558312499999999 0.293675 0.9558312499999999 0.28054999999999997
1 0.9980375 0.8250624999999999 0.9726625 0.8250624999999999 0.9726625 0.8702624999999999 0.9980375 0.8702624999999999 0.9980375 0.8250624999999999
1 0.90365625 0.19546875 0.8893187499999999 0.19546875 0.8893187499999999 0.21225624999999998 0.90365625 0.21225624999999998 0.90365625 0.19546875
1 0.86223125 0.8386687500000001 0.8457687500000001 0.8386687500000001 0.8457687500000001 0.85273125 0.86223125 0.85273125 0.86223125 0.8386687500000001
1 0.6131375 0.41749375000000005 0.5997625 0.41749375000000005 0.5997625 0.43113124999999997 0.6131375 0.43113124999999997 0.6131375 0.41749375000000005
1 0.53611875 0.18928125 0.52443125 0.18928125 0.52443125 0.20281875 0.53611875 0.20281875 0.53611875 0.18928125
1 0.66899375 0.51784375 0.65425625 0.51784375 0.65425625 0.53195625 0.66899375 0.53195625 0.66899375 0.51784375
1 0.04724375 0.24189375000000002 0.03295625 0.24189375000000002 0.03295625 0.25738125 0.04724375 0.25738125 0.04724375 0.24189375000000002
1 0.3575625 0.900175 0.3440875 0.900175 0.3440875 0.912325 0.3575625 0.912325 0.3575625 0.900175
1 0.53021875 0.14055 0.50885625 0.14055 0.50885625 0.156825 0.53021875 0.156825 0.53021875 0.14055
1 0.86261875 0.64159375 0.81510625 0.64159375 0.81510625 0.69335625 0.86261875 0.69335625 0.86261875 0.64159375
1 0.6920625 0.7667937499999999 0.6800125 0.7667937499999999 0.6800125 0.80155625 0.6920625 0.80155625 0.6920625 0.7667937499999999
1 0.6997 0.49818125 0.6841 0.49818125 0.6841 0.51256875 0.6997 0.51256875 0.6997 0.49818125
1 0.48600625 0.11238125000000002 0.47199375000000005 0.11238125000000002 0.47199375000000005 0.12871875 0.48600625 0.12871875 0.48600625 0.11238125000000002
1 0.81268125 0.3037125 0.8025437500000001 0.3037125 0.8025437500000001 0.31396250000000003 0.81268125 0.31396250000000003 0.81268125 0.3037125
1 0.14326250000000001 0.2523 0.12993749999999998 0.2523 0.12993749999999998 0.26675 0.14326250000000001 0.26675 0.14326250000000001 0.2523
1 0.3418 0.4736625 0.18262499999999998 0.4736625 0.18262499999999998 0.5741875000000001 0.3418 0.5741875000000001 0.3418 0.4736625
1 0.899775 0.12956875 0.881475 0.12956875 0.881475 0.14363125000000002 0.899775 0.14363125000000002 0.899775 0.12956875
1 0.98805625 0.322675 0.9718937499999999 0.322675 0.9718937499999999 0.337975 0.98805625 0.337975 0.98805625 0.322675
1 0.0698875 0.37748125 0.059637499999999996 0.37748125 0.059637499999999996 0.38864375 0.0698875 0.38864375 0.0698875 0.37748125
1 0.9947125 0.9320625 0.9808625 0.9320625 0.9808625 0.9448874999999999 0.9947125 0.9448874999999999 0.9947125 0.9320625
1 0.6895875 0.6375375 0.6736875 0.6375375 0.6736875 0.6954625 0.6895875 0.6954625 0.6895875 0.6375375
1 0.1297125 0.91055 0.1155375 0.91055 0.1155375 0.9283250000000001 0.1297125 0.9283250000000001 0.1297125 0.91055
1 0.9182062500000001 0.28303124999999996 0.90601875 0.28303124999999996 0.90601875 0.29656875 0.9182062500000001 0.29656875 0.9182062500000001 0.28303124999999996
1 0.5963125 0.34274375 0.5794625 0.34274375 0.5794625 0.36135625 0.5963125 0.36135625 0.5963125 0.34274375
1 0.9551125 0.52173125 0.9159875 0.52173125 0.9159875 0.55054375 0.9551125 0.55054375 0.9551125 0.52173125
1 0.85745625 0.53009375 0.8466437499999999 0.53009375 0.8466437499999999 0.54510625 0.85745625 0.54510625 0.85745625 0.53009375
1 0.9916874999999999 0.042131249999999995 0.9760875 0.042131249999999995 0.9760875 0.05686875 0.9916874999999999 0.05686875 0.9916874999999999 0.042131249999999995
1 0.31301875 0.5924125 0.25045625 0.5924125 0.25045625 0.6820125 0.31301875 0.6820125 0.31301875 0.5924125
1 0.7510375 0.04415625 0.7382125 0.04415625 0.7382125 0.057843750000000006 0.7510375 0.057843750000000006 0.7510375 0.04415625
1 0.8321875000000001 0.9735250000000001 0.8172375000000001 0.9735250000000001 0.8172375000000001 0.9962 0.8321875000000001 0.9962 0.8321875000000001 0.9735250000000001
1 0.42816875000000004 0.8939187499999999 0.41410625 0.8939187499999999 0.41410625 0.90588125 0.42816875000000004 0.90588125 0.42816875000000004 0.8939187499999999
1 0.94153125 0.87024375 0.91491875 0.87024375 0.91491875 0.89635625 0.94153125 0.89635625 0.94153125 0.87024375
1 0.37183125 0.94445625 0.28686875 0.94445625 0.28686875 0.99999375 0.37183125 0.99999375 0.37183125 0.94445625
1 0.48891875 0.1358375 0.42220625 0.1358375 0.42220625 0.20278749999999998 0.48891875 0.20278749999999998 0.48891875 0.1358375
1 0.48386874999999996 0.8883812499999999 0.43653125 0.8883812499999999 0.43653125 0.9250937499999999 0.48386874999999996 0.9250937499999999 0.48386874999999996 0.8883812499999999
1 0.7574 0.364125 0.7464999999999999 0.364125 0.7464999999999999 0.37465000000000004 0.7574 0.37465000000000004 0.7574 0.364125
1 0.9259499999999999 0.7593125 0.904125 0.7593125 0.904125 0.7777875 0.9259499999999999 0.7777875 0.9259499999999999 0.7593125
3 0.4525 0 0.45125000000000004 0.00375 0.43875000000000003 0.00625 0.43875000000000003 0.06875 0.445 0.07125000000000001 0.44375 0.08 0.43875000000000003 0.07875 0.43875000000000003 0.08249999999999999 0.445 0.0875 0.445 0.1 0.44875 0.1025 0.44625000000000004 0.1125 0.45499999999999996 0.11750000000000001 0.45499999999999996 0.12250000000000001 0.44875 0.12625 0.4525 0.13 0.45 0.13874999999999998 0.44375 0.13125 0.43875000000000003 0.135 0.43499999999999994 0.16125 0.425 0.135 0.39625 0.11875 0.37124999999999997 0.11499999999999999 0.35375 0.10625 0.32 0.10625 0.25125000000000003 0.11625 0.24125000000000002 0.11000000000000001 0.23125 0.11125 0.21749999999999997 0.10500000000000001 0.185 0.10375000000000001 0.1525 0.11000000000000001 0.11125 0.1275 0.095 0.14125000000000001 0.08625000000000001 0.155 0.0775 0.15875 0.075 0.16625 0.034999999999999996 0.2125 0.0325 0.22374999999999998 0.01125 0.25875 0.0025 0.30874999999999997 0.0025 0.34249999999999997 0.01875 0.41125 0.0325 0.42750000000000005 0.04625 0.43 0.0925 0.46375 0.11750000000000001 0.505 0.12375 0.50875 0.1325 0.5387500000000001 0.11374999999999999 0.7275 0.11125 0.79 0.10500000000000001 0.8237500000000001 0.10375000000000001 0.8699999999999999 0.1 0.8887499999999999 0.08625000000000001 0.9075 0.08249999999999999 0.925 0.08249999999999999 0.93625 0.0975 0.98375 0.10874999999999999 0.99875 0.1525 0.99875 0.1575 0.9949999999999999 0.16625 0.99875 0.31875 0.99875 0.32999999999999996 0.99125 0.33375 0.99375 0.37625000000000003 0.95375 0.38 0.9550000000000001 0.39249999999999996 0.94625 0.42000000000000004 0.93625 0.45875000000000005 0.9075 0.47625 0.88125 0.4925 0.8412499999999999 0.51375 0.8300000000000001 0.5325 0.83625 0.56875 0.8699999999999999 0.57375 0.8800000000000001 0.61 0.8925000000000001 0.6174999999999999 0.89875 0.6537499999999999 0.9075 0.6575 0.9125 0.6825 0.92125 0.71 0.9375 0.76 0.99875 0.99875 0.99875 0.99875 0.0375 0.9650000000000001 0.0225 0.96 0.01625 0.9225 0.0075 0.9112500000000001 0 0.54625 0 0.54375 0.00625 0.525 0.0025 0.5175 0.00625 0.5125 0 0.50625 0.00375 0.5 0 0.49321374999999995 0 0.4525 0