1 0.97191875 0.47333125000000004 0.92333125 0.47333125000000004 0.92333125 0.53876875 0.97191875 0.53876875 0.97191875 0.47333125000000004
1 0.64036875 0.2883375 0.6008312499999999 0.2883375 0.6008312499999999 0.3203125 0.64036875 0.3203125 0.64036875 0.2883375
1 0.28308125 0.28915 0.24719375000000002 0.28915 0.24719375000000002 0.33535 0.28308125 0.33535 0.28308125 0.28915
1 0.62243125 0.26246875 0.60119375 0.26246875 0.60119375 0.29123125 0.62243125 0.29123125 0.62243125 0.26246875
1 0.5465 0.13681875 0.5248 0.13681875 0.5248 0.16005625 0.5465 0.16005625 0.5465 0.13681875
1 0.56439375 0.11334375000000001 0.46295624999999996 0.11334375000000001 0.46295624999999996 0.25873124999999997 0.56439375 0.25873124999999997 0.56439375 0.11334375000000001
1 0.31926875 0.24870625 0.30378125 0.24870625 0.30378125 0.26349374999999997 0.31926875 0.26349374999999997 0.31926875 0.24870625
1 0.3941875 0.28269375 0.3787625 0.28269375 0.3787625 0.29788125 0.3941875 0.29788125 0.3941875 0.28269375
1 0.9233499999999999 0.3191875 0.908675 0.3191875 0.908675 0.3346125 0.9233499999999999 0.3346125 0.9233499999999999 0.3191875
1 0.16599375 0.26990625 0.15188125 0.26990625 0.15188125 0.28526875 0.16599375 0.28526875 0.16599375 0.26990625
1 0.47185 0.236775 0.45735000000000003 0.236775 0.45735000000000003 0.2493 0.47185 0.2493 0.47185 0.236775
1 0.50399375 0.17135625000000002 0.48330624999999994 0.17135625000000002 0.48330624999999994 0.19386874999999998 0.50399375 0.19386874999999998 0.50399375 0.17135625000000002
1 0.7439312499999999 0.32366875 0.73264375 0.32366875 0.73264375 0.33600625 0.7439312499999999 0.33600625 0.7439312499999999 0.32366875
1 0.76713125 0.310575 0.7563187499999999 0.310575 0.7563187499999999 0.32272500000000004 0.76713125 0.32272500000000004 0.76713125 0.310575
1 0.35539375 0.14535625000000002 0.33893125 0.14535625000000002 0.33893125 0.16396875 0.35539375 0.16396875 0.35539375 0.14535625000000002
1 0.776325 0.21098750000000002 0.765675 0.21098750000000002 0.765675 0.2243125 0.776325 0.2243125 0.776325 0.21098750000000002
1 0.03245625 0.37165625 0.00789375 0.37165625 0.00789375 0.38811874999999996 0.03245625 0.38811874999999996 0.03245625 0.37165625
1 0.199575 0.23428125 0.18665 0.23428125 0.18665 0.24911875 0.199575 0.24911875 0.199575 0.23428125
1 0.22308750000000002 0.12586250000000002 0.2100125 0.12586250000000002 0.2100125 0.13976249999999998 0.22308750000000002 0.13976249999999998 0.22308750000000002 0.12586250000000002
1 0.9936187500000001 0.2873625 0.97610625 0.2873625 0.97610625 0.30296249999999997 0.9936187500000001 0.30296249999999997 0.9936187500000001 0.2873625
1 0.8770625000000001 0.47425625 0.8631624999999999 0.47425625 0.8631624999999999 0.49546875 0.8770625000000001 0.49546875 0.8770625000000001 0.47425625
1 0.02425 0.52833125 0.011725 0.52833125 0.011725 0.54491875 0.02425 0.54491875 0.02425 0.52833125
1 0.8037375000000001 0.69658125 0.7880625 0.69658125 0.7880625 0.71064375 0.8037375000000001 0.71064375 0.8037375000000001 0.69658125
1 0.24251874999999998 0.6026687500000001 0.23013124999999998 0.6026687500000001 0.23013124999999998 0.61705625 0.24251874999999998 0.61705625 0.24251874999999998 0.6026687500000001
1 0.63735 0.394475 0.6214500000000001 0.394475 0.6214500000000001 0.4112 0.63735 0.4112 0.63735 0.394475
1 0.54739375 0.1357375 0.53365625 0.1357375 0.53365625 0.1491625 0.54739375 0.1491625 0.54739375 0.1357375
1 0.26113125 0.53320625 0.25156875 0.53320625 0.25156875 0.5439437500000001 0.26113125 0.5439437500000001 0.26113125 0.53320625
1 0.5880124999999999 0.39528125 0.5623875 0.39528125 0.5623875 0.42209375 0.5880124999999999 0.42209375 0.5880124999999999 0.39528125
1 0.40843125 0.03200625 0.39381875 0.03200625 0.39381875 0.049243749999999996 0.40843125 0.049243749999999996 0.40843125 0.03200625
1 0.1819125 0.73305 0.16696249999999999 0.73305 0.16696249999999999 0.75035 0.1819125 0.75035 0.1819125 0.73305
1 0.12420625 0.033775 0.11334375000000001 0.033775 0.11334375000000001 0.048675 0.12420625 0.048675 0.12420625 0.033775
1 0.89244375 0.0517 0.88295625 0.0517 0.88295625 0.064325 0.89244375 0.064325 0.89244375 0.0517
1 0.21019375 0.7906375 0.19850625 0.7906375 0.19850625 0.8011625 0.21019375 0.8011625 0.21019375 0.7906375
1 0.9576375 0.7163125 0.9222374999999999 0.7163125 0.9222374999999999 0.7436375 0.9576375 0.7436375 0.9576375 0.7163125
1 0.9576125 0.38886875 0.9398375 0.38886875 0.9398375 0.40458125 0.9576125 0.40458125 0.9576125 0.38886875
1 0.54184375 0.06684375000000001 0.52945625 0.06684375000000001 0.52945625 0.08000625 0.54184375 0.08000625 0.54184375 0.06684375000000001
1 0.1274875 0.10743125 0.11481250000000001 0.10743125 0.11481250000000001 0.12291875000000001 0.1274875 0.12291875000000001 0.1274875 0.10743125
1 0.39428125 0.06709375 0.38549375 0.06709375 0.38549375 0.07633124999999999 0.39428125 0.07633124999999999 0.39428125 0.06709375
1 0.16521875 0.4412625 0.14385625 0.4412625 0.14385625 0.4630375 0.16521875 0.4630375 0.16521875 0.4412625
1 0.8994562500000001 0.8247875 0.88471875 0.8247875 0.88471875 0.8373125 0.8994562500000001 0.8373125 0.8994562500000001 0.8247875
1 1 0.460125 0.994375 0.460125 0.994375 0.469075 1 0.469075 1 0.460125
1 0.07169375 0.25049375 0.06220625 0.25049375 0.06220625 0.26123124999999997 0.07169375 0.26123124999999997 0.07169375 0.25049375
1 0.2843125 0.7381875 0.2650125 0.7381875 0.2650125 0.7559625 0.2843125 0.7559625 0.2843125 0.7381875
1 0.8926875000000001 0.38500625 0.8416874999999999 0.38500625 0.8416874999999999 0.45531875 0.8926875000000001 0.45531875 0.8926875000000001 0.38500625
1 0.52986875 0.5684875 0.51018125 0.5684875 0.51018125 0.5906875 0.52986875 0.5906875 0.52986875 0.5684875
1 0.2770625 0.66713125 0.2576125 0.66713125 0.2576125 0.68834375 0.2770625 0.68834375 0.2770625 0.66713125
1 0.5871625 0.383025 0.4997625 0.383025 0.4997625 0.46365 0.5871625 0.46365 0.5871625 0.383025
1 0.27126875 0.40488125 0.18478125 0.40488125 0.18478125 0.48086874999999996 0.27126875 0.48086874999999996 0.27126875 0.40488125
3 0.08375 0 0.08125 0.0125 0.08499999999999999 0.01625 0.08625000000000001 0.0375 0.0925 0.0475 0.09375 0.0675 0.09 0.0725 0.06375 0.061250000000000006 0.026250000000000002 0.017499999999999998 0.01625 0.008749999999999999 0 0.00375 0 0.8525 0.02 0.85875 0.0925 0.86625 0.2 0.8699999999999999 0.22125 0.865 0.29125 0.8262499999999999 0.34500000000000003 0.78125 0.37374999999999997 0.7474999999999999 0.385 0.72 0.40499999999999997 0.6925 0.40499999999999997 0.6875 0.41500000000000004 0.68125 0.42000000000000004 0.6849999999999999 0.4175 0.68125 0.42374999999999996 0.675 0.42750000000000005 0.67875 0.43125 0.6675 0.43499999999999994 0.67875 0.4325 0.66625 0.43875000000000003 0.655 0.45 0.665 0.4575 0.6625 0.46375 0.66625 0.4725 0.66125 0.48375 0.6637500000000001 0.52625 0.745 0.5275000000000001 0.7537499999999999 0.5475 0.7787499999999999 0.60375 0.8300000000000001 0.6375 0.85125 0.68875 0.875 0.7162499999999999 0.88125 0.72375 0.8724999999999999 0.7325 0.87375 0.73625 0.86625 0.75125 0.86 0.7787499999999999 0.86 0.7825 0.8675 0.8025 0.8675 0.8087500000000001 0.8724999999999999 0.7537499999999999 0.87625 0.7625 0.88125 0.845 0.88125 0.8712500000000001 0.87625 0.87625 0.86625 0.89375 0.86875 0.91625 0.8637499999999999 0.9525 0.845 0.95875 0.8375 0.97 0.83625 0.99875 0.81375 0.99875 0 0.9075 0 0.9037499999999999 0.00375 0.8925000000000001 0.00375 0.8925000000000001 0.01 0.87625 0.01 0.8612500000000001 0.017499999999999998 0.83625 0.03125 0.82 0.0475 0.805 0.05375 0.79 0.05125 0.78125 0.04 0.7787499999999999 0 0.43 0 0.423705 0 0.08375 0