1 0.02 0 0.01 0.005 0.02 0.03625 0.05375 0.075 0.05500000000000001 0.11125 0.0475 0.12625 0 0.14375 0 0.6475 0.04875 0.655 0.14250000000000002 0.6537499999999999 0.145 0.6487499999999999 0.51875 0.67 0.5599999999999999 0.66875 0.5599999999999999 0.6625 0.57625 0.65625 0.5862499999999999 0.6675 0.64625 0.67 0.65625 0.6637500000000001 0.78625 0.66125 0.8487500000000001 0.65125 0.8625 0.645 0.8625 0.63 0.8462500000000001 0.61375 0.8412499999999999 0.615 0.8237500000000001 0.5912499999999999 0.81125 0.58875 0.81375 0.58 0.7825 0.5549999999999999 0.77125 0.53 0.7462500000000001 0.50875 0.7474999999999999 0.50125 0.73375 0.48875 0.705 0.445 0.69375 0.43875000000000003 0.6925 0.42625 0.665 0.39 0.6537499999999999 0.36625 0.6425 0.35750000000000004 0.63125 0.32999999999999996 0.60625 0.2925 0.59875 0.26749999999999996 0.5900000000000001 0.26125 0.55375 0.2 0.52625 0.1375 0.51375 0.12875 0.5125 0.11374999999999999 0.50125 0.09 0.48 0.0675 0.48250000000000004 0.05500000000000001 0.46624999999999994 0.028749999999999998 0.4575 0 0.02 0
1 0.6037125 0.31333125 0.5508375 0.31333125 0.5508375 0.36866875 0.6037125 0.36866875 0.6037125 0.31333125
1 0.15630625 0.3293375 0.02971875 0.3293375 0.02971875 0.3806125 0.15630625 0.3806125 0.15630625 0.3293375
1 0.536675 0.54510625 0.4223 0.54510625 0.4223 0.62676875 0.536675 0.62676875 0.536675 0.54510625
1 0.8830562499999999 0.4176875 0.7770937499999999 0.4176875 0.7770937499999999 0.5090625 0.8830562499999999 0.5090625 0.8830562499999999 0.4176875
1 0.094175 0.46704375000000004 0.0039 0.46704375000000004 0.0039 0.52368125 0.094175 0.52368125 0.094175 0.46704375000000004
1 0.670375 0.063475 0.5845 0.063475 0.5845 0.178225 0.670375 0.178225 0.670375 0.063475
1 0.8250437500000001 0.420725 0.78628125 0.420725 0.78628125 0.45135 0.8250437500000001 0.45135 0.8250437500000001 0.420725
1 0.525725 0.02086875 0.4567 0.02086875 0.4567 0.09643125 0.525725 0.09643125 0.525725 0.02086875
1 0.3761875 0.7987062500000001 0.3152125 0.7987062500000001 0.3152125 0.87121875 0.3761875 0.87121875 0.3761875 0.7987062500000001
1 0.36895 0.6175375 0.23895 0.6175375 0.23895 0.6656625 0.36895 0.6656625 0.36895 0.6175375
1 0.627625 0.00875625 0.5901500000000001 0.00875625 0.5901500000000001 0.05844375 0.627625 0.05844375 0.627625 0.00875625
1 0.62118125 0.1386125 0.5868187500000001 0.1386125 0.5868187500000001 0.1738875 0.62118125 0.1738875 0.62118125 0.1386125
1 0.6533875 0.570025 0.6044375 0.570025 0.6044375 0.6126 0.6533875 0.6126 0.6533875 0.570025
1 0.8771125 0.14974375 0.8484624999999999 0.14974375 0.8484624999999999 0.17178125 0.8771125 0.17178125 0.8771125 0.14974375
1 0.86115625 0.7397437499999999 0.83024375 0.7397437499999999 0.83024375 0.76808125 0.86115625 0.76808125 0.86115625 0.7397437499999999
1 0.41113125000000006 0.01021875 0.33446875 0.01021875 0.33446875 0.08285624999999999 0.41113125000000006 0.08285624999999999 0.41113125000000006 0.01021875
1 0.5399875 0.3302625 0.5107875 0.3302625 0.5107875 0.3596875 0.5399875 0.3596875 0.5399875 0.3302625
1 0.03754375 0.4779625 0.00710625 0.4779625 0.00710625 0.5132375 0.03754375 0.5132375 0.03754375 0.4779625
1 0.32371249999999996 0.22134375 0.29446249999999996 0.22134375 0.29446249999999996 0.24618125000000002 0.32371249999999996 0.24618125000000002 0.32371249999999996 0.22134375
1 0.07485625 0.33660625 0.04159375 0.33660625 0.04159375 0.36944374999999996 0.07485625 0.36944374999999996 0.07485625 0.33660625
1 0.24211875 0.3536375 0.22493124999999997 0.3536375 0.22493124999999997 0.37048749999999997 0.24211875 0.37048749999999997 0.24211875 0.3536375
1 0.2553125 0.01781875 0.2280875 0.01781875 0.2280875 0.04458125 0.2553125 0.04458125 0.2553125 0.01781875
1 0.99111875 0.27521874999999996 0.96983125 0.27521874999999996 0.96983125 0.29313125 0.99111875 0.29313125 0.99111875 0.27521874999999996
1 0.9236625 0.3700875 0.9005625 0.3700875 0.9005625 0.38821249999999996 0.9236625 0.38821249999999996 0.9236625 0.3700875
1 0.66226875 0.06793125 0.64143125 0.06793125 0.64143125 0.08771875 0.66226875 0.08771875 0.66226875 0.06793125
1 0.44855625000000005 0.59793125 0.42644374999999995 0.59793125 0.42644374999999995 0.61691875 0.44855625000000005 0.61691875 0.44855625000000005 0.59793125
1 0.7148 0.383075 0.6856 0.383075 0.6856 0.41282500000000005 0.7148 0.41282500000000005 0.7148 0.383075
1 0.47935625000000004 0.2820875 0.46351875 0.2820875 0.46351875 0.2994625 0.47935625000000004 0.2994625 0.47935625000000004 0.2820875
1 0.8058 0.4858625 0.78795 0.4858625 0.78795 0.5029125 0.8058 0.5029125 0.8058 0.4858625
1 0.75861875 0.50933125 0.7365062499999999 0.50933125 0.7365062499999999 0.52776875 0.75861875 0.52776875 0.75861875 0.50933125
1 0.16865000000000002 0.12415000000000001 0.13945000000000002 0.12415000000000001 0.13945000000000002 0.1505 0.16865000000000002 0.1505 0.16865000000000002 0.12415000000000001
1 0.50948125 0.5085875 0.48954375 0.5085875 0.48954375 0.5246125 0.50948125 0.5246125 0.50948125 0.5085875
1 0.703025 0.0095125 0.68565 0.0095125 0.68565 0.0260375 0.703025 0.0260375 0.703025 0.0095125
1 0.10283125 0.83025625 0.08161874999999999 0.83025625 0.08161874999999999 0.86309375 0.10283125 0.86309375 0.10283125 0.83025625
1 0.7898375 0.7164125 0.7707124999999999 0.7164125 0.7707124999999999 0.7318374999999999 0.7898375 0.7318374999999999 0.7898375 0.7164125
1 0.7308749999999999 0.57618125 0.7115 0.57618125 0.7115 0.5927687500000001 0.7308749999999999 0.5927687500000001 0.7308749999999999 0.57618125
1 0.5343125 0.24511875 0.5184124999999999 0.24511875 0.5184124999999999 0.26170625 0.5343125 0.26170625 0.5343125 0.24511875
1 0.12301875 0.43673124999999996 0.04995625 0.43673124999999996 0.04995625 0.50466875 0.12301875 0.50466875 0.12301875 0.43673124999999996
1 0.9654 0.61286875 0.94475 0.61286875 0.94475 0.62933125 0.9654 0.62933125 0.9654 0.61286875
1 0 0.96979375 0.03485 0.96979375 0.03485 0.93060625 0 0.93060625 0 0.96979375
1 0.60703125 0.2777125 0.57266875 0.2777125 0.57266875 0.3062625 0.60703125 0.3062625 0.60703125 0.2777125
1 0.47425625 0.07765 0.45591875000000004 0.07765 0.45591875000000004 0.09495 0.47425625 0.09495 0.47425625 0.07765
1 0.92805625 0.72263125 0.90396875 0.72263125 0.90396875 0.74124375 0.92805625 0.74124375 0.92805625 0.72263125
1 0.906875 0.8643062499999999 0.88805 0.8643062499999999 0.88805 0.87886875 0.906875 0.87886875 0.906875 0.8643062499999999
1 0.2759625 0.622875 0.2523625 0.622875 0.2523625 0.6447 0.2759625 0.6447 0.2759625 0.622875
1 0.6064375 0.03779375 0.5937625 0.03779375 0.5937625 0.05413125 0.6064375 0.05413125 0.6064375 0.03779375
1 0.61925 0.011125 0.6053499999999999 0.011125 0.6053499999999999 0.025625 0.61925 0.025625 0.61925 0.011125
1 0.52170625 0.027025 0.49489375 0.027025 0.49489375 0.053725 0.52170625 0.053725 0.52170625 0.027025
1 0.47336875 0.043756250000000003 0.45973125000000004 0.043756250000000003 0.45973125000000004 0.06146875 0.47336875 0.06146875 0.47336875 0.043756250000000003
1 0.81510625 0.9686999999999999 0.79524375 0.9686999999999999 0.79524375 0.993225 0.81510625 0.993225 0.81510625 0.9686999999999999
1 0.4383375 0.6743812499999999 0.41126250000000003 0.6743812499999999 0.41126250000000003 0.6879187499999999 0.4383375 0.6879187499999999 0.4383375 0.6743812499999999
1 0 0.59966875 0.12885 0.59966875 0.12885 0.43158124999999997 0 0.43158124999999997 0 0.59966875
1 0.7129187499999999 0.9411125 0.69625625 0.9411125 0.69625625 0.9573375000000001 0.7129187499999999 0.9573375000000001 0.7129187499999999 0.9411125
1 0.9783250000000001 0.00009375 0.967 0.00009375 0.967 0.01023125 0.9783250000000001 0.01023125 0.9783250000000001 0.00009375
1 0.4013375 0.9436187500000001 0.3887125 0.9436187500000001 0.3887125 0.95580625 0.4013375 0.95580625 0.4013375 0.9436187500000001
1 0.7005125 0.32675624999999997 0.6891375 0.32675624999999997 0.6891375 0.33876875 0.7005125 0.33876875 0.7005125 0.32675624999999997
1 0.33269375 0.8046625000000001 0.31720625 0.8046625000000001 0.31720625 0.8203374999999999 0.33269375 0.8203374999999999 0.33269375 0.8046625000000001
1 0.31041875 0.64715625 0.14855625 0.64715625 0.14855625 0.67901875 0.31041875 0.67901875 0.31041875 0.64715625
3 0.4875 0 0.49375 0.021249999999999998 0.52 0.03125 0.5237499999999999 0.0375 0.5125 0.057499999999999996 0.5375 0.11499999999999999 0.5650000000000001 0.1575 0.57375 0.18875 0.595 0.21749999999999997 0.6212500000000001 0.27625 0.6825 0.37875000000000003 0.71 0.3875 0.71375 0.39249999999999996 0.71 0.41375 0.7150000000000001 0.425 0.76 0.48624999999999996 0.8262499999999999 0.5625 0.8675 0.60375 0.8787499999999999 0.6012500000000001 0.91625 0.625 0.9175000000000001 0.6425 0.9324999999999999 0.6525000000000001 0.9637499999999999 0.6487499999999999 0.99875 0.62625 0.99875 0 0.4875 0
3 0 0.99875 0.2425 0.99875 0.26125 0.99375 0.26375000000000004 0.99875 0.61625 0.99875 0.64125 0.9724999999999999 0.6725 0.91875 0.7075 0.87625 0.7150000000000001 0.85625 0.725 0.85 0.7725 0.79125 0.79875 0.77 0.80375 0.7575000000000001 0.8612500000000001 0.6900000000000001 0.8612500000000001 0.6849999999999999 0.85375 0.6825 0.80375 0.6799999999999999 0.64125 0.6837500000000001 0.28250000000000003 0.66875 0.20249999999999999 0.66875 0.18625 0.675 0.17375000000000002 0.66875 0.1625 0.6725 0.11875 0.66875 0.00375 0.67125 0 0.6725 0 0.93125 0.017499999999999998 0.93625 0.021249999999999998 0.95875 0 0.9712500000000001 0 0.99875
3 0.885 0.8625 0.8825 0.7875 0.8862500000000001 0.73125 0.8800000000000001 0.7162499999999999 0.87375 0.7162499999999999 0.865 0.73 0.85625 0.73125 0.8612500000000001 0.7424999999999999 0.85875 0.76125 0.8474999999999999 0.7675 0.8237500000000001 0.76625 0.8074999999999999 0.7787499999999999 0.8 0.795 0.76375 0.83125 0.7525000000000001 0.85625 0.7162499999999999 0.8875 0.65 0.9887499999999999 0.65125 0.99875 0.8637499999999999 0.99875 0.87375 0.9887499999999999 0.885 0.8625
3 0.9199999999999999 0.99875 0.99875 0.99875 0.99875 0.8387499999999999 0.94625 0.7462500000000001 0.89875 0.73875 0.8975 0.755 0.89875 0.8887499999999999 0.89375 0.9425000000000001 0.8975 0.9824999999999999 0.9199999999999999 0.99875
1 0.27626249999999997 0.56889375 0.2584125 0.56889375 0.2584125 0.58443125 0.27626249999999997 0.58443125 0.27626249999999997 0.56889375
1 0.18911875 0.19508125 0.17148125 0.19508125 0.17148125 0.21166875 0.18911875 0.21166875 0.18911875 0.19508125
1 0.09419999999999999 0.77605625 0.0739 0.77605625 0.0739 0.79816875 0.09419999999999999 0.79816875 0.09419999999999999 0.77605625
1 0.2330625 0.18587499999999998 0.1597625 0.18587499999999998 0.1597625 0.23235 0.2330625 0.23235 0.2330625 0.18587499999999998