1 0.4723625 0.33809374999999997 0.4297375 0.33809374999999997 0.4297375 0.37910625 0.4723625 0.37910625 0.4723625 0.33809374999999997
1 0.21738125 0.619075 0.17251875 0.619075 0.17251875 0.653375 0.21738125 0.653375 0.21738125 0.619075
1 0.14038124999999999 0.72385625 0.07641875000000001 0.72385625 0.07641875000000001 0.78199375 0.14038124999999999 0.78199375 0.14038124999999999 0.72385625
1 0.1474 0.65863125 0.11992499999999999 0.65863125 0.11992499999999999 0.68706875 0.1474 0.68706875 0.1474 0.65863125
1 0.03404375 0.41513125000000006 0.00450625 0.41513125000000006 0.00450625 0.45351875 0.03404375 0.45351875 0.03404375 0.41513125000000006
1 0.2432125 0.09335 0.1945375 0.09335 0.1945375 0.12490000000000001 0.2432125 0.12490000000000001 0.2432125 0.09335
1 0.41744375 0.61195 0.38528125 0.61195 0.38528125 0.6370750000000001 0.41744375 0.6370750000000001 0.41744375 0.61195
1 0.13374375 0.600725 0.08488124999999999 0.600725 0.08488124999999999 0.634625 0.13374375 0.634625 0.13374375 0.600725
1 0.7060625 0.3365875 0.6816375 0.3365875 0.6816375 0.3601875 0.7060625 0.3601875 0.7060625 0.3365875
1 0.6070625 0.52735625 0.5853125 0.52735625 0.5853125 0.55174375 0.6070625 0.55174375 0.6070625 0.52735625
1 0.71968125 0.3527125 0.69926875 0.3527125 0.69926875 0.3743375 0.71968125 0.3743375 0.71968125 0.3527125
1 0.3052125 0.25456249999999997 0.2660875 0.25456249999999997 0.2660875 0.2781625 0.3052125 0.2781625 0.3052125 0.25456249999999997
1 0.29159375 0.41655 0.27675625 0.41655 0.27675625 0.43257500000000004 0.29159375 0.43257500000000004 0.29159375 0.41655
1 0.63081875 0.652025 0.6094062499999999 0.652025 0.6094062499999999 0.6683 0.63081875 0.6683 0.63081875 0.652025
1 0.50330625 0.53340625 0.44736875 0.53340625 0.44736875 0.5613187500000001 0.50330625 0.5613187500000001 0.50330625 0.53340625
1 0.54720625 0.49709375 0.52896875 0.49709375 0.52896875 0.51950625 0.54720625 0.51950625 0.54720625 0.49709375
1 0.8740625 0.698725 0.8534875 0.698725 0.8534875 0.71925 0.8740625 0.71925 0.8740625 0.698725
1 0.55045625 0.44082499999999997 0.53254375 0.44082499999999997 0.53254375 0.46297499999999997 0.55045625 0.46297499999999997 0.55045625 0.44082499999999997
1 0.23678125 0.24256250000000001 0.21291875 0.24256250000000001 0.21291875 0.26426249999999996 0.23678125 0.26426249999999996 0.23678125 0.24256250000000001
1 0.0895125 0.26145625 0.06331250000000001 0.26145625 0.06331250000000001 0.28249375 0.0895125 0.28249375 0.0895125 0.26145625
1 0.15495 0.43710000000000004 0.135575 0.43710000000000004 0.135575 0.455475 0.15495 0.455475 0.15495 0.43710000000000004
1 0.16250625000000002 0.37388750000000004 0.14389375 0.37388750000000004 0.14389375 0.39173749999999996 0.16250625000000002 0.39173749999999996 0.16250625000000002 0.37388750000000004
1 0.28814375000000003 0.18101875 0.26458125 0.18101875 0.26458125 0.20203125000000002 0.28814375000000003 0.20203125000000002 0.28814375000000003 0.18101875
1 0.1278875 0.213675 0.0911125 0.213675 0.0911125 0.24017499999999997 0.1278875 0.24017499999999997 0.1278875 0.213675
1 0.7525625 0.52125 0.7357125 0.52125 0.7357125 0.5363749999999999 0.7525625 0.5363749999999999 0.7525625 0.52125
1 0.0927625 0.29433125000000004 0.06763749999999999 0.29433125000000004 0.06763749999999999 0.31356875 0.0927625 0.31356875 0.0927625 0.29433125000000004
1 0.057925000000000004 0.34959375000000004 0.03905 0.34959375000000004 0.03905 0.36965625 0.057925000000000004 0.36965625 0.057925000000000004 0.34959375000000004
1 0.487925 0.40295 0.470075 0.40295 0.470075 0.41980000000000006 0.487925 0.41980000000000006 0.487925 0.40295
1 0.18579375 0.06631875000000001 0.16478125 0.06631875000000001 0.16478125 0.08700625 0.18579375 0.08700625 0.18579375 0.06631875000000001
1 0.85789375 0.5677875 0.8432812500000001 0.5677875 0.8432812500000001 0.5806625000000001 0.85789375 0.5806625000000001 0.85789375 0.5677875
1 0.6358875 0.32789999999999997 0.6111875 0.32789999999999997 0.6111875 0.34495 0.6358875 0.34495 0.6358875 0.32789999999999997
1 0.709225 0.43033124999999994 0.6940999999999999 0.43033124999999994 0.6940999999999999 0.44711875 0.709225 0.44711875 0.709225 0.43033124999999994
1 0.20059375 0.13863125 0.17805625 0.13863125 0.17805625 0.15946875 0.20059375 0.15946875 0.20059375 0.13863125
1 0.33304374999999997 0.02356875 0.31100625000000004 0.02356875 0.31100625000000004 0.04460625 0.33304374999999997 0.04460625 0.33304374999999997 0.02356875
1 0.68539375 0.41859375 0.67105625 0.41859375 0.67105625 0.43443125 0.68539375 0.43443125 0.68539375 0.41859375
1 0.20265 0.25541874999999997 0.18480000000000002 0.25541874999999997 0.18480000000000002 0.27435624999999997 0.20265 0.27435624999999997 0.20265 0.25541874999999997
1 0.15146874999999999 0.2833375 0.13125625000000002 0.2833375 0.13125625000000002 0.3006375 0.15146874999999999 0.3006375 0.15146874999999999 0.2833375
1 0.41409375 0.33657499999999996 0.39645625 0.33657499999999996 0.39645625 0.350425 0.41409375 0.350425 0.41409375 0.33657499999999996
1 0.265225 0.2890625 0.2426 0.2890625 0.2426 0.3061625 0.265225 0.3061625 0.265225 0.2890625
1 0.361475 0.3021125 0.34409999999999996 0.3021125 0.34409999999999996 0.3180125 0.361475 0.3180125 0.361475 0.3021125
1 0.77415625 0.6237874999999999 0.75416875 0.6237874999999999 0.75416875 0.6398875 0.77415625 0.6398875 0.77415625 0.6237874999999999
1 0.44168124999999997 0.6328125 0.42551875 0.6328125 0.42551875 0.6503875 0.44168124999999997 0.6503875 0.44168124999999997 0.6328125
1 0.40879374999999996 0.22674375000000002 0.39295625 0.22674375000000002 0.39295625 0.24175624999999998 0.40879374999999996 0.24175624999999998 0.40879374999999996 0.22674375000000002
1 0.70783125 0.66921875 0.69354375 0.66921875 0.69354375 0.68333125 0.70783125 0.68333125 0.70783125 0.66921875
1 0.784075 0.6702250000000001 0.761825 0.6702250000000001 0.761825 0.698925 0.784075 0.698925 0.784075 0.6702250000000001
1 0.131325 0.3074625 0.11220000000000001 0.3074625 0.11220000000000001 0.3258375 0.131325 0.3258375 0.131325 0.3074625
1 0.450875 0.26608125 0.43145 0.26608125 0.43145 0.28274374999999996 0.450875 0.28274374999999996 0.450875 0.26608125
1 0.7537375 0.76368125 0.7374625 0.76368125 0.7374625 0.7802687500000001 0.7537375 0.7802687500000001 0.7537375 0.76368125
1 0.34628125 0.5927374999999999 0.33194375 0.5927374999999999 0.33194375 0.6055125 0.34628125 0.6055125 0.34628125 0.5927374999999999
1 0.36575 0.35123125 0.350075 0.35123125 0.350075 0.36361875 0.36575 0.36361875 0.36575 0.35123125
1 0.2711375 0.04458125 0.2547375 0.04458125 0.2547375 0.06284375 0.2711375 0.06284375 0.2711375 0.04458125
1 0.76263125 0.458225 0.74519375 0.458225 0.74519375 0.4739 0.76263125 0.4739 0.76263125 0.458225
1 0.057550000000000004 0.31005 0.0431 0.31005 0.0431 0.324225 0.057550000000000004 0.324225 0.057550000000000004 0.31005
1 0.15603125 0.49997499999999995 0.13839375 0.49997499999999995 0.13839375 0.51565 0.15603125 0.51565 0.15603125 0.49997499999999995
1 0.83879375 0.75119375 0.82135625 0.75119375 0.82135625 0.76735625 0.83879375 0.76735625 0.83879375 0.75119375
1 0.5345500000000001 0.38198750000000004 0.521125 0.38198750000000004 0.521125 0.3934125 0.5345500000000001 0.3934125 0.5345500000000001 0.38198750000000004
1 0.094 0.53805625 0.062975 0.53805625 0.062975 0.5605687500000001 0.094 0.5605687500000001 0.094 0.53805625
1 0.40828749999999997 0.57109375 0.3929875 0.57109375 0.3929875 0.58515625 0.40828749999999997 0.58515625 0.40828749999999997 0.57109375
1 0.218775 0.41639375 0.20237500000000003 0.41639375 0.20237500000000003 0.43175625 0.218775 0.43175625 0.218775 0.41639375
1 0.35301875 0.44558749999999997 0.33985625 0.44558749999999997 0.33985625 0.46066250000000003 0.35301875 0.46066250000000003 0.35301875 0.44558749999999997
1 0.02399375 0.02055 0.00275625 0.02055 0.00275625 0.038400000000000004 0.02399375 0.038400000000000004 0.02399375 0.02055
1 0.43443750000000003 0.50920625 0.4205375 0.50920625 0.4205375 0.52399375 0.43443750000000003 0.52399375 0.43443750000000003 0.50920625
1 0.12885 0.45024375 0.11200000000000002 0.45024375 0.11200000000000002 0.46430625000000003 0.12885 0.46430625000000003 0.12885 0.45024375
1 0.16035625 0.5794125 0.14236875 0.5794125 0.14236875 0.5983125 0.16035625 0.5983125 0.16035625 0.5794125
1 0.39204374999999997 0.12611250000000002 0.37798125 0.12611250000000002 0.37798125 0.1387875 0.39204374999999997 0.1387875 0.39204374999999997 0.12611250000000002
1 0.56635 0.005025 0.5547500000000001 0.005025 0.5547500000000001 0.01825 0.56635 0.01825 0.56635 0.005025
1 0.34539375 0.61585625 0.32990624999999996 0.61585625 0.32990624999999996 0.63024375 0.34539375 0.63024375 0.34539375 0.61585625
1 0.928225 0.7284437500000001 0.9106500000000001 0.7284437500000001 0.9106500000000001 0.74323125 0.928225 0.74323125 0.928225 0.7284437500000001
1 0.6481625 0.46860625 0.6350374999999999 0.46860625 0.6350374999999999 0.48109375 0.6481625 0.48109375 0.6481625 0.46860625
1 0.8331500000000001 0.6717625 0.8153 0.6717625 0.8153 0.6924875 0.8331500000000001 0.6924875 0.8331500000000001 0.6717625
1 0.1147875 0.15375624999999998 0.0963875 0.15375624999999998 0.0963875 0.17119374999999998 0.1147875 0.17119374999999998 0.1147875 0.15375624999999998
1 0.02355625 0.78913125 0.00611875 0.78913125 0.00611875 0.80461875 0.02355625 0.80461875 0.02355625 0.78913125
1 0.45024375 0.7966624999999999 0.43550625 0.7966624999999999 0.43550625 0.8088124999999999 0.45024375 0.8088124999999999 0.45024375 0.7966624999999999
1 0.08425625 0.4866625 0.06441875 0.4866625 0.06441875 0.5060125 0.08425625 0.5060125 0.08425625 0.4866625
1 0.50391875 0.1067375 0.49168124999999996 0.1067375 0.49168124999999996 0.1188375 0.50391875 0.1188375 0.50391875 0.1067375
1 0.017306250000000002 0.72758125 0.0015937500000000001 0.72758125 0.0015937500000000001 0.74116875 0.017306250000000002 0.74116875 0.017306250000000002 0.72758125
1 0.6469750000000001 0.5154124999999999 0.6294 0.5154124999999999 0.6294 0.5304875 0.6469750000000001 0.5304875 0.6469750000000001 0.5154124999999999
1 0.08453125 0.80424375 0.06806875 0.80424375 0.06806875 0.81783125 0.08453125 0.81783125 0.08453125 0.80424375
1 0.63124375 0.44141874999999997 0.61875625 0.44141874999999997 0.61875625 0.45505625 0.63124375 0.45505625 0.63124375 0.44141874999999997
1 0.04049375 0.21989375 0.02285625 0.21989375 0.02285625 0.23713125000000002 0.04049375 0.23713125000000002 0.04049375 0.21989375
1 0.4623875 0.22915625 0.44533750000000005 0.22915625 0.44533750000000005 0.24349375 0.4623875 0.24349375 0.4623875 0.22915625
1 0.06849374999999999 0.14015 0.04650625 0.14015 0.04650625 0.16160000000000002 0.06849374999999999 0.16160000000000002 0.06849374999999999 0.14015
1 0.2917125 0.50123125 0.2766375 0.50123125 0.2766375 0.51439375 0.2917125 0.51439375 0.2917125 0.50123125
1 1 0.730325 0.9925750000000001 0.730325 0.9925750000000001 0.75405 1 0.75405 1 0.730325
1 0.39978125000000003 0.20091874999999998 0.38781875 0.20091874999999998 0.38781875 0.21315625 0.39978125000000003 0.21315625 0.39978125000000003 0.20091874999999998
1 0.9971625 0.74635625 0.9696374999999999 0.74635625 0.9696374999999999 0.76829375 0.9971625 0.76829375 0.9971625 0.74635625
1 0.155175 0.16465000000000002 0.13779999999999998 0.16465000000000002 0.13779999999999998 0.180075 0.155175 0.180075 0.155175 0.16465000000000002
1 0.3575375 0.3914625 0.3441125 0.3914625 0.3441125 0.40443749999999995 0.3575375 0.40443749999999995 0.3575375 0.3914625
1 0.08545625 0.3179125 0.06456875 0.3179125 0.06456875 0.3339375 0.08545625 0.3339375 0.08545625 0.3179125
1 0.24985624999999997 0.45626875 0.23501875 0.45626875 0.23501875 0.47000624999999996 0.24985624999999997 0.47000624999999996 0.24985624999999997 0.45626875
1 0.074325 0.962725 0.06105000000000001 0.962725 0.06105000000000001 0.97575 0.074325 0.97575 0.074325 0.962725
1 0.47863125 0.7408750000000001 0.46814375 0.7408750000000001 0.46814375 0.751325 0.47863125 0.751325 0.47863125 0.7408750000000001
1 0.397625 0.29655 0.3851 0.29655 0.3851 0.30745 0.397625 0.30745 0.397625 0.29655
1 0.5256062499999999 0.6025750000000001 0.5017437499999999 0.6025750000000001 0.5017437499999999 0.6191 0.5256062499999999 0.6191 0.5256062499999999 0.6025750000000001
1 0.1085375 0.6200249999999999 0.0859125 0.6200249999999999 0.0859125 0.6378 0.1085375 0.6378 0.1085375 0.6200249999999999
1 0.7908125 0.593975 0.7775375 0.593975 0.7775375 0.6072 0.7908125 0.6072 0.7908125 0.593975
1 0.67311875 0.6038187500000001 0.65695625 0.6038187500000001 0.65695625 0.62275625 0.67311875 0.62275625 0.67311875 0.6038187500000001
3 0.21875 0 0.215 0.015 0.2 0.0125 0.19375 0.0225 0.19 0.0225 0.18125 0.01 0.17375000000000002 0.01125 0.17375000000000002 0.01625 0.18125 0.017499999999999998 0.17250000000000001 0.028749999999999998 0.17625 0.03375 0.1675 0.03625 0.15875 0.04625 0.14625 0.045 0.13999999999999999 0.04 0.14875 0.03625 0.14875 0.03125 0.15875 0.028749999999999998 0.15625 0.025 0.16499999999999998 0.02 0.16375 0.00375 0.13874999999999998 0.008749999999999999 0.11125 0.00375 0.1075 0.00625 0.1025 0.0025 0.09125 0.00625 0.06999999999999999 0.0025 0.061250000000000006 0.0075 0.0325 0.00375 0.028749999999999998 0.0075 0.025 0.005 0.021249999999999998 0.01 0.008749999999999999 0.00625 0 0.0125 0.02 0.015 0.02375 0.025 0.015 0.028749999999999998 0.03 0.0325 0.025 0.03375 0.01625 0.04625 0 0.041249999999999995 0 0.1325 0.01875 0.13125 0.015 0.12625 0.01875 0.12250000000000001 0.017499999999999998 0.11750000000000001 0.0225 0.12375 0.028749999999999998 0.12375 0.03125 0.11625 0.04875 0.11499999999999999 0.04875 0.10375000000000001 0.06 0.10375000000000001 0.06 0.11125 0.0475 0.12250000000000001 0.0475 0.13 0.05375 0.13374999999999998 0.04875 0.13874999999999998 0.04375 0.13374999999999998 0.03625 0.13374999999999998 0.03875 0.14625 0.0325 0.1575 0.026250000000000002 0.14375 0.017499999999999998 0.1525 0 0.15375 0.017499999999999998 0.1575 0.008749999999999999 0.16999999999999998 0 0.17124999999999999 0 0.95875 0.045 0.9712500000000001 0.08375 0.9887499999999999 0.095 0.99875 0.1875 0.99875 0.18875 0.99 0.195 0.99875 0.215 0.99875 0.22000000000000003 0.9662499999999999 0.21625 0.9625 0.21625 0.88375 0.21125 0.8862500000000001 0.21625 0.86875 0.21625 0.805 0.2125 0.7837500000000001 0.215 0.7625 0.19624999999999998 0.69625 0.20375000000000001 0.6825 0.22749999999999998 0.6875 0.25375000000000003 0.70625 0.325 0.7462500000000001 0.36875 0.7775000000000001 0.425 0.80375 0.525 0.8275 0.6575 0.8275 0.75125 0.8324999999999999 0.81125 0.8300000000000001 0.845 0.8225 0.99875 0.81875 0.99875 0.69875 0.9887499999999999 0.68125 0.9650000000000001 0.6599999999999999 0.9625 0.65125 0.9025000000000001 0.5825 0.9 0.57375 0.85375 0.51875 0.845 0.5025000000000001 0.8400000000000001 0.50125 0.8324999999999999 0.485 0.79875 0.445 0.79125 0.44125 0.7875 0.43125 0.7775000000000001 0.42625 0.7725 0.41375 0.7675 0.40875000000000006 0.76125 0.40875000000000006 0.76 0.4 0.705 0.33625 0.7 0.335 0.6912499999999999 0.32 0.5900000000000001 0.22374999999999998 0.58875 0.21625 0.5725 0.205 0.56375 0.19 0.5587500000000001 0.1925 0.5599999999999999 0.185 0.55625 0.18125 0.54875 0.17625 0.54375 0.1775 0.5349999999999999 0.16499999999999998 0.51375 0.1575 0.49124999999999996 0.14250000000000002 0.49749999999999994 0.135 0.49874999999999997 0.12625 0.50875 0.12250000000000001 0.525 0.0975 0.5325 0.095 0.53125 0.07875 0.54 0.0775 0.5425 0.065 0.5587500000000001 0.061250000000000006 0.5625 0.0475 0.575 0.041249999999999995 0.5662499999999999 0.03875 0.5650000000000001 0.0325 0.5900000000000001 0.028749999999999998 0.595 0.017499999999999998 0.59375 0.01125 0.59875 0.008749999999999999 0.5912499999999999 0 0.5625 0 0.5599999999999999 0.00625 0.5549999999999999 0 0.54625 0 0.54375 0.00375 0.54 0 0.33625 0 0.32972250000000003 0 0.21875 0