1 0.74699375 0.17833125 0.68583125 0.17833125 0.68583125 0.25194375 0.74699375 0.25194375 0.74699375 0.17833125
1 0.5136999999999999 0.0006000000000000001 0.466275 0.0006000000000000001 0.466275 0.061575000000000005 0.5136999999999999 0.061575000000000005 0.5136999999999999 0.0006000000000000001
1 0.33310625 0.496125 0.27041875000000004 0.496125 0.27041875000000004 0.551725 0.33310625 0.551725 0.33310625 0.496125
1 0.25796874999999997 0.0848625 0.18075625 0.0848625 0.18075625 0.1761125 0.25796874999999997 0.1761125 0.25796874999999997 0.0848625
1 0.61471875 0.854425 0.56790625 0.854425 0.56790625 0.8858 0.61471875 0.8858 0.61471875 0.854425
1 0.317225 0.60165 0.28969999999999996 0.60165 0.28969999999999996 0.634675 0.317225 0.634675 0.317225 0.60165
1 0.34362499999999996 0.7843312499999999 0.31115 0.7843312499999999 0.31115 0.82309375 0.34362499999999996 0.82309375 0.34362499999999996 0.7843312499999999
1 0.20633125 0.3751625 0.13034375 0.3751625 0.13034375 0.41828750000000003 0.20633125 0.41828750000000003 0.20633125 0.3751625
1 0.792475 0.59595 0.7592749999999999 0.59595 0.7592749999999999 0.6355000000000001 0.792475 0.6355000000000001 0.792475 0.59595
1 0.9829687500000001 0.28074374999999996 0.88030625 0.28074374999999996 0.88030625 0.33155625 0.9829687500000001 0.33155625 0.9829687500000001 0.28074374999999996
1 0.8838874999999999 0.7142000000000001 0.7665124999999999 0.7142000000000001 0.7665124999999999 0.834625 0.8838874999999999 0.834625 0.8838874999999999 0.7142000000000001
1 0.6222562500000001 0.53793125 0.54571875 0.53793125 0.54571875 0.5890187499999999 0.6222562500000001 0.5890187499999999 0.6222562500000001 0.53793125
1 0.68748125 0.012668750000000001 0.66309375 0.012668750000000001 0.66309375 0.031906250000000004 0.68748125 0.031906250000000004 0.68748125 0.012668750000000001
1 0.9757125 0.3610375 0.8778124999999999 0.3610375 0.8778124999999999 0.4075125 0.9757125 0.4075125 0.9757125 0.3610375
1 0.14535625000000002 0.19192499999999998 0.046418749999999995 0.19192499999999998 0.046418749999999995 0.2717 0.14535625000000002 0.2717 0.14535625000000002 0.19192499999999998
1 0.86209375 0.39303750000000004 0.74533125 0.39303750000000004 0.74533125 0.5029625 0.86209375 0.5029625 0.86209375 0.39303750000000004
1 0.95124375 0.00685 0.89543125 0.00685 0.89543125 0.059550000000000006 0.95124375 0.059550000000000006 0.95124375 0.00685
1 0.5486375 0.8417312499999999 0.40398750000000005 0.8417312499999999 0.40398750000000005 0.94244375 0.5486375 0.94244375 0.5486375 0.8417312499999999
1 0.45926875 0.21311249999999998 0.43965624999999997 0.21311249999999998 0.43965624999999997 0.2417125 0.45926875 0.2417125 0.45926875 0.21311249999999998
1 0.252925 0.55669375 0.17065 0.55669375 0.17065 0.60638125 0.252925 0.60638125 0.252925 0.55669375
1 0.63816875 0.74635625 0.59815625 0.74635625 0.59815625 0.77316875 0.63816875 0.77316875 0.63816875 0.74635625
1 0.5012125000000001 0.43434999999999996 0.4777875 0.43434999999999996 0.4777875 0.4548 0.5012125000000001 0.4548 0.5012125000000001 0.43434999999999996
1 0.56565 0.56549375 0.5486 0.56549375 0.5486 0.58098125 0.56565 0.58098125 0.56565 0.56549375
1 0.65625 0.5043 0.638675 0.5043 0.638675 0.522075 0.65625 0.522075 0.65625 0.5043
1 0.41461249999999994 0.12209375 0.3866625 0.12209375 0.3866625 0.14230625 0.41461249999999994 0.14230625 0.41461249999999994 0.12209375
1 0.49940625 0.4688 0.48106875000000004 0.4688 0.48106875000000004 0.484825 0.49940625 0.484825 0.49940625 0.4688
1 0.5666875 0.00048125 0.5426875 0.00048125 0.5426875 0.01726875 0.5666875 0.01726875 0.5666875 0.00048125
1 0.470275 0 0.470275 0.022 0.498975 0.022 0.498975 0 0.470275 0
1 0.1117875 0.9149625 0.0975625 0.9149625 0.0975625 0.9356125000000001 0.1117875 0.9356125000000001 0.1117875 0.9149625
1 0.64925 0.845375 0.62615 0.845375 0.62615 0.860675 0.64925 0.860675 0.64925 0.845375
1 0.3991625 0.484525 0.3840375 0.484525 0.3840375 0.4979 0.3991625 0.4979 0.3991625 0.484525
1 0.51115625 0.26381875 0.48981874999999997 0.26381875 0.48981874999999997 0.27865625 0.51115625 0.27865625 0.51115625 0.26381875
1 0.9536 0.498475 0.928225 0.498475 0.928225 0.5152 0.9536 0.5152 0.9536 0.498475
1 0.06946875 0.015625 0.05223124999999999 0.015625 0.05223124999999999 0.034449999999999995 0.06946875 0.034449999999999995 0.06946875 0.015625
1 0.2396375 0.097425 0.20958749999999998 0.097425 0.20958749999999998 0.12279999999999999 0.2396375 0.12279999999999999 0.2396375 0.097425
1 0.0132375 0.10548125 0.0003125 0.10548125 0.0003125 0.12131875 0.0132375 0.12131875 0.0132375 0.10548125
1 0.055056249999999994 0.51875625 0.022768749999999997 0.51875625 0.022768749999999997 0.55449375 0.055056249999999994 0.55449375 0.055056249999999994 0.51875625
1 0.25289375000000003 0.8482749999999999 0.14675625 0.8482749999999999 0.14675625 0.98865 0.25289375000000003 0.98865 0.25289375000000003 0.8482749999999999
1 0.9149125 0.29430625 0.8946624999999999 0.29430625 0.8946624999999999 0.31409375 0.9149125 0.31409375 0.9149125 0.29430625
1 0.9831125000000001 0.64318125 0.9495125 0.64318125 0.9495125 0.66736875 0.9831125000000001 0.66736875 0.9831125000000001 0.64318125
1 0.99310625 0.7622375 0.97466875 0.7622375 0.97466875 0.7826875 0.99310625 0.7826875 0.99310625 0.7622375
1 0.2633 0.22373125 0.24500000000000002 0.22373125 0.24500000000000002 0.23891874999999999 0.2633 0.23891874999999999 0.2633 0.22373125
1 0.7908125 0.20256875000000002 0.7775375 0.20256875000000002 0.7775375 0.21663125 0.7908125 0.21663125 0.7908125 0.20256875000000002
1 0.44139375000000003 0.18478125 0.42480624999999994 0.18478125 0.42480624999999994 0.19851875000000002 0.44139375000000003 0.19851875000000002 0.44139375000000003 0.18478125
1 0.67663125 0.38945625 0.66126875 0.38945625 0.66126875 0.40351875000000004 0.67663125 0.40351875000000004 0.67663125 0.38945625
1 0.823075 0.2352625 0.807775 0.2352625 0.807775 0.2491125 0.823075 0.2491125 0.823075 0.2352625
1 0.436975 0.85830625 0.41752500000000003 0.85830625 0.41752500000000003 0.8750937499999999 0.436975 0.8750937499999999 0.436975 0.85830625
1 0.5852375000000001 0.20738125 0.5612375000000001 0.20738125 0.5612375000000001 0.23084375000000001 0.5852375000000001 0.23084375000000001 0.5852375000000001 0.20738125
1 0.77930625 0.837725 0.75096875 0.837725 0.75096875 0.8566 0.77930625 0.8566 0.77930625 0.837725
1 0.78990625 0.32313749999999997 0.76869375 0.32313749999999997 0.76869375 0.3404375 0.78990625 0.3404375 0.78990625 0.32313749999999997
1 0.09068125 0.93344375 0.03101875 0.93344375 0.03101875 0.98843125 0.09068125 0.98843125 0.09068125 0.93344375
1 0.8050875 0.13435625 0.7925625000000001 0.13435625 0.7925625000000001 0.14664375000000002 0.8050875 0.14664375000000002 0.8050875 0.13435625
1 0.79524375 0.47772500000000007 0.77800625 0.47772500000000007 0.77800625 0.49444999999999995 0.79524375 0.49444999999999995 0.79524375 0.47772500000000007
1 0.024862500000000003 0.728275 0.0031625 0.728275 0.0031625 0.799075 0.024862500000000003 0.799075 0.024862500000000003 0.728275
1 0.1531875 0.38439375 0.1392875 0.38439375 0.1392875 0.39635625 0.1531875 0.39635625 0.1531875 0.38439375
1 0.90221875 0.37341875 0.8868562499999999 0.37341875 0.8868562499999999 0.38878124999999997 0.90221875 0.38878124999999997 0.90221875 0.37341875
1 0.55409375 0.113675 0.54160625 0.113675 0.54160625 0.1251 0.55409375 0.1251 0.55409375 0.113675
1 0.82734375 0.43682499999999996 0.81328125 0.43682499999999996 0.81328125 0.448425 0.82734375 0.448425 0.82734375 0.43682499999999996
1 0.17366874999999998 0.86286875 0.15933124999999998 0.86286875 0.15933124999999998 0.8793312500000001 0.17366874999999998 0.8793312500000001 0.17366874999999998 0.86286875
1 0.7796875 0.95911875 0.7652375 0.95911875 0.7652375 0.97350625 0.7796875 0.97350625 0.7796875 0.95911875
1 0.3979625 0.2930125 0.3725375 0.2930125 0.3725375 0.31538750000000004 0.3979625 0.31538750000000004 0.3979625 0.2930125
1 0.9763249999999999 0.5561375 0.965075 0.5561375 0.965075 0.5688625 0.9763249999999999 0.5688625 0.9763249999999999 0.5561375
1 0.0702875 0.22014999999999998 0.057162500000000005 0.22014999999999998 0.057162500000000005 0.23174999999999998 0.0702875 0.23174999999999998 0.0702875 0.22014999999999998
1 0.8131375000000001 0.40652499999999997 0.7981874999999999 0.40652499999999997 0.7981874999999999 0.41965 0.8131375000000001 0.41965 0.8131375000000001 0.40652499999999997
1 0.26915625 0.4223375 0.25476875 0.4223375 0.25476875 0.43556249999999996 0.26915625 0.43556249999999996 0.26915625 0.4223375
1 0.8365500000000001 0.74191875 0.8196999999999999 0.74191875 0.8196999999999999 0.75710625 0.8365500000000001 0.75710625 0.8365500000000001 0.74191875
1 0.53229375 0.8629 0.5087312500000001 0.8629 0.5087312500000001 0.8832000000000001 0.53229375 0.8832000000000001 0.53229375 0.8629
1 0.8026937500000001 0.7047875 0.78910625 0.7047875 0.78910625 0.7180625 0.8026937500000001 0.7180625 0.8026937500000001 0.7047875
1 0.562775 0.16319375 0.501675 0.16319375 0.501675 0.19153125 0.562775 0.19153125 0.562775 0.16319375
1 0.26673749999999996 0.52965 0.2527875 0.52965 0.2527875 0.5436 0.26673749999999996 0.5436 0.26673749999999996 0.52965
1 0.182375 0.5639375 0.16895 0.5639375 0.16895 0.5845125 0.182375 0.5845125 0.182375 0.5639375
1 0.9130687500000001 0.0275375 0.89845625 0.0275375 0.89845625 0.0414375 0.9130687500000001 0.0414375 0.9130687500000001 0.0275375
1 0.071475 0.676375 0.0573 0.676375 0.0573 0.6927749999999999 0.071475 0.6927749999999999 0.071475 0.676375
1 0.2906625 0.3436625 0.27671250000000003 0.3436625 0.27671250000000003 0.3565375 0.2906625 0.3565375 0.2906625 0.3436625
1 0.31604375 0.29935625 0.30408124999999997 0.29935625 0.30408124999999997 0.31099375 0.31604375 0.31099375 0.31604375 0.29935625
1 0.93991875 0.0053875 0.92530625 0.0053875 0.92530625 0.0181625 0.93991875 0.0181625 0.93991875 0.0053875
1 0.23546874999999998 0.90149375 0.22108124999999998 0.90149375 0.22108124999999998 0.91685625 0.23546874999999998 0.91685625 0.23546874999999998 0.90149375
1 0.19075 0.9718562500000001 0.174725 0.9718562500000001 0.174725 0.98909375 0.19075 0.98909375 0.19075 0.9718562500000001
1 0.6316437500000001 0.44533125 0.61445625 0.44533125 0.61445625 0.45994375 0.6316437500000001 0.45994375 0.6316437500000001 0.44533125
1 0.15286875 0.40578125 0.14205625 0.40578125 0.14205625 0.41501875000000005 0.15286875 0.41501875000000005 0.15286875 0.40578125
1 0.1438625 0.5214875 0.0065375 0.5214875 0.0065375 0.6806625000000001 0.1438625 0.6806625000000001 0.1438625 0.5214875
1 0.9952 0.075125 0.983325 0.075125 0.983325 0.0865 0.9952 0.0865 0.9952 0.075125
1 0.6309812499999999 0.3937 0.61021875 0.3937 0.61021875 0.411475 0.6309812499999999 0.411475 0.6309812499999999 0.3937
1 1 0.9337375 0.9936187500000001 0.9337375 0.9936187500000001 0.9471125 1 0.9471125 1 0.9337375
1 0.058581249999999994 0.96875625 0.04286875 0.96875625 0.04286875 0.98534375 0.058581249999999994 0.98534375 0.058581249999999994 0.96875625
1 0.72619375 0.71346875 0.56188125 0.71346875 0.56188125 0.80215625 0.72619375 0.80215625 0.72619375 0.71346875
1 0.7094437499999999 0.39504375 0.61478125 0.39504375 0.61478125 0.46090625 0.7094437499999999 0.46090625 0.7094437499999999 0.39504375
1 0.45345 0.7329375 0.43767500000000004 0.7329375 0.43767500000000004 0.7533875 0.45345 0.7533875 0.45345 0.7329375
1 0.8775437500000001 0.56054375 0.8529312499999999 0.56054375 0.8529312499999999 0.5830062500000001 0.8775437500000001 0.5830062500000001 0.8775437500000001 0.56054375
1 0.48034375 0.451475 0.30675625 0.451475 0.30675625 0.5817249999999999 0.48034375 0.5817249999999999 0.48034375 0.451475
3 0.0075 0 0 0.00625 0.00375 0.00625 0.01625 0.0225 0.021249999999999998 0.0225 0.03125 0.03625 0.04375 0.03875 0.04625 0.045 0.0625 0.05500000000000001 0.0725 0.0675 0.08625000000000001 0.06999999999999999 0.095 0.08375 0.10500000000000001 0.08499999999999999 0.12125 0.09875 0.1325 0.10124999999999999 0.13625 0.1125 0.14250000000000002 0.11000000000000001 0.1675 0.13 0.185 0.1325 0.19624999999999998 0.14750000000000002 0.205 0.15 0.20375000000000001 0.15375 0.22000000000000003 0.13999999999999999 0.22875 0.1575 0.22625 0.16125 0.23875000000000002 0.16375 0.24375 0.17625 0.26375000000000004 0.18 0.26625 0.18625 0.29500000000000004 0.19624999999999998 0.29874999999999996 0.20249999999999999 0.31 0.20125 0.32125 0.18625 0.33625 0.1775 0.33625 0.17250000000000001 0.34125 0.17124999999999999 0.34500000000000003 0.16375 0.35750000000000004 0.16375 0.35750000000000004 0.1575 0.36375 0.155 0.365 0.14875 0.38 0.14625 0.3875 0.1375 0.38375 0.12625 0.3875 0.12250000000000001 0.40499999999999997 0.12250000000000001 0.41624999999999995 0.13 0.42125 0.125 0.43499999999999994 0.125 0.44749999999999995 0.11750000000000001 0.46875 0.11499999999999999 0.47625 0.10874999999999999 0.48375 0.10874999999999999 0.49000000000000005 0.10124999999999999 0.52125 0.09875 0.51625 0.095 0.54 0.09125 0.5387500000000001 0.0875 0.54375 0.08499999999999999 0.6 0.08375 0.6025 0.07875 0.60875 0.07875 0.6075 0.08375 0.61375 0.08625000000000001 0.62 0.08375 0.6174999999999999 0.0775 0.6425 0.07625 0.6475 0.06999999999999999 0.67875 0.06875 0.6837500000000001 0.0675 0.6837500000000001 0.0625 0.68875 0.075 0.67 0.08499999999999999 0.64125 0.08499999999999999 0.6224999999999999 0.09125 0.61125 0.08875 0.61 0.0925 0.61625 0.095 0.6075 0.09875 0.57875 0.09875 0.5325 0.1075 0.52 0.11625 0.49749999999999994 0.11875 0.47375 0.13125 0.46125 0.13125 0.4425 0.13999999999999999 0.43125 0.13999999999999999 0.42625 0.14750000000000002 0.40875000000000006 0.14875 0.39625 0.15875 0.37625000000000003 0.1625 0.36375 0.17625 0.355 0.17875000000000002 0.325 0.20375000000000001 0.32 0.2125 0.32375 0.22000000000000003 0.34875 0.22999999999999998 0.355 0.2375 0.37 0.24125000000000002 0.3875 0.25375000000000003 0.4025 0.2575 0.41 0.26749999999999996 0.40499999999999997 0.27 0.40750000000000003 0.275 0.41500000000000004 0.26625 0.43125 0.27375 0.44749999999999995 0.2875 0.45999999999999996 0.28875 0.47000000000000003 0.3025 0.47375 0.3 0.5025000000000001 0.3125 0.49874999999999997 0.3175 0.50125 0.31875 0.5037499999999999 0.31375000000000003 0.515 0.31875 0.5337500000000001 0.31875 0.53625 0.315 0.5387500000000001 0.3175 0.53125 0.325 0.5375 0.32999999999999996 0.54 0.34249999999999997 0.54625 0.34500000000000003 0.525 0.35 0.5175 0.33875 0.51375 0.34375 0.5075000000000001 0.33999999999999997 0.5125 0.33125 0.50625 0.335 0.4925 0.335 0.46624999999999994 0.3175 0.45 0.32375 0.45375 0.3175 0.44749999999999995 0.31375000000000003 0.44375 0.30375 0.43125 0.305 0.42374999999999996 0.29500000000000004 0.40750000000000003 0.2875 0.40750000000000003 0.28250000000000003 0.4025 0.28625 0.395 0.27625 0.385 0.27749999999999997 0.38 0.27125 0.36875 0.2725 0.365 0.26125 0.3375 0.25375000000000003 0.3275 0.2425 0.305 0.24 0.28875 0.22625 0.275 0.22749999999999998 0.27 0.2125 0.26 0.21125 0.23875000000000002 0.19624999999999998 0.22875 0.195 0.21000000000000002 0.18 0.1975 0.17625 0.18625 0.16499999999999998 0.14750000000000002 0.14750000000000002 0.12125 0.12625 0.095 0.11374999999999999 0.08499999999999999 0.1025 0.0725 0.09875 0.06375 0.0875 0.045 0.08125 0 0.04375 0 0.17875000000000002 0.00625 0.185 0 0.19125 0 0.20125 0.0075 0.20375000000000001 0 0.21749999999999997 0.0075 0.22000000000000003 0.00375 0.23125 0.01625 0.22625 0.01875 0.21875 0.02375 0.22625 0.0225 0.22999999999999998 0.015 0.23125 0.017499999999999998 0.2375 0.02 0.2325 0.02375 0.23500000000000001 0.01875 0.24 0.02375 0.24375 0.008749999999999999 0.25875 0.005 0.255 0.00375 0.26125 0.005 0.26375000000000004 0.01125 0.26 0.01875 0.27125 0.0125 0.27999999999999997 0.005 0.27 0.00375 0.27749999999999997 0 0.27875 0 0.3975 0.0075 0.41125 0.021249999999999998 0.41375 0.025 0.42125 0.041249999999999995 0.43125 0.058750000000000004 0.45 0.07125000000000001 0.45999999999999996 0.08 0.46125 0.08625000000000001 0.47375 0.1 0.48250000000000004 0.1025 0.4925 0.11374999999999999 0.49874999999999997 0.11875 0.5075000000000001 0.13125 0.51125 0.1325 0.525 0.13999999999999999 0.53 0.14250000000000002 0.5387500000000001 0.14750000000000002 0.54 0.14625 0.54375 0.135 0.545 0.13 0.5287499999999999 0.12625 0.52625 0.12125 0.53 0.11499999999999999 0.51875 0.1 0.5075000000000001 0.1 0.49625 0.08875 0.495 0.08 0.48 0.0725 0.48 0.0625 0.46749999999999997 0.05625 0.46875 0.042499999999999996 0.45499999999999996 0.04375 0.45 0.0325 0.44375 0.0225 0.43125 0.008749999999999999 0.43 0.00625 0.4225 0 0.42125 0 0.49124999999999996 0.00375 0.49375 0 0.495 0 0.52 0.00625 0.53125 0.0125 0.575 0.008749999999999999 0.5875 0.021249999999999998 0.63 0.027500000000000004 0.63875 0.03875 0.64125 0.03375 0.6487499999999999 0.01875 0.64625 0.015 0.65125 0.017499999999999998 0.75125 0.0225 0.75875 0.02375 0.8099999999999999 0.028749999999999998 0.8324999999999999 0.025 0.8375 0.03125 0.85875 0.03 0.9400000000000001 0.02375 0.9475 0.03 0.9550000000000001 0.025 0.9625 0.027500000000000004 0.9662499999999999 0.0225 0.98125 0.03 0.9862500000000001 0.025 0.9949999999999999 0.028749999999999998 0.99875 0.03875 0.99875 0.045 0.99125 0.052500000000000005 0.99125 0.0725 0.99875 0.31875 0.99875 0.3225 0.9925 0.3125 0.99 0.3125 0.9862500000000001 0.31875 0.98375 0.32875 0.99875 0.5175 0.99875 0.52625 0.99375 0.5325 0.99875 0.5375 0.9949999999999999 0.54625 0.99875 0.57875 0.99875 0.5825 0.99375 0.5875 0.99875 0.59375 0.9949999999999999 0.595 0.99875 0.6 0.99375 0.6212500000000001 0.99125 0.6287499999999999 0.9925 0.63375 0.99875 0.6525000000000001 0.99875 0.66125 0.99375 0.67125 0.9949999999999999 0.67375 0.99875 0.67125 0.99375 0.67625 0.99125 0.6799999999999999 0.9949999999999999 0.6925 0.9949999999999999 0.6950000000000001 0.99875 0.9949999999999999 0.99875 0.99875 0.99125 0.99875 0.945 0.99125 0.9425000000000001 0.99875 0.93125 0.99875 0.6775 0.9737500000000001 0.6625 0.9512499999999999 0.655 0.915 0.63125 0.905 0.61875 0.88375 0.6075 0.8800000000000001 0.6012500000000001 0.8712500000000001 0.6 0.8625 0.5875 0.85375 0.585 0.845 0.57375 0.81375 0.55 0.81375 0.54375 0.805 0.545 0.78625 0.525 0.775 0.5225 0.755 0.50625 0.7375 0.50125 0.7162499999999999 0.47750000000000004 0.6775 0.45125000000000004 0.67375 0.44125 0.665 0.44375 0.655 0.43125 0.6575 0.42750000000000005 0.66125 0.43125 0.67 0.42374999999999996 0.6775 0.425 0.6825 0.4325 0.70875 0.44625000000000004 0.7275 0.4625 0.7275 0.46624999999999994 0.755 0.47750000000000004 0.76375 0.49000000000000005 0.77125 0.49124999999999996 0.775 0.49874999999999997 0.7837500000000001 0.5 0.8300000000000001 0.5375 0.8412499999999999 0.5387500000000001 0.84375 0.54625 0.86625 0.5375 0.86875 0.54125 0.86 0.55375 0.86 0.5599999999999999 0.87375 0.56875 0.87625 0.5775 0.8949999999999999 0.5862499999999999 0.89875 0.5925 0.90625 0.59375 0.9225 0.60875 0.9425000000000001 0.6174999999999999 0.96125 0.6325000000000001 0.9662499999999999 0.6325000000000001 0.97 0.64 0.9949999999999999 0.65125 0.99875 0.6487499999999999 0.99875 0.49000000000000005 0.99375 0.48875 0.99 0.49375 0.9775 0.49625 0.9737500000000001 0.505 0.9625 0.5025000000000001 0.95625 0.50875 0.94625 0.50625 0.9400000000000001 0.51125 0.93 0.51125 0.9275 0.5175 0.91625 0.5237499999999999 0.9025000000000001 0.52125 0.9075 0.515 0.9237500000000001 0.51375 0.93875 0.5 0.96 0.4925 0.96875 0.48375 0.98125 0.48 0.9862500000000001 0.48250000000000004 0.99125 0.47625 0.99875 0.475 0.99875 0.26 0.8612500000000001 0.25875 0.83625 0.265 0.83375 0.26875 0.70125 0.27749999999999997 0.68875 0.27375 0.66125 0.28250000000000003 0.6575 0.28250000000000003 0.6537499999999999 0.275 0.65625 0.26625 0.66625 0.26125 0.755 0.2575 0.775 0.25 0.78625 0.2525 0.79 0.24874999999999997 0.825 0.2475 0.835 0.24125000000000002 0.9012499999999999 0.24 0.915 0.23500000000000001 0.93125 0.23875000000000002 0.9637499999999999 0.2325 0.9949999999999999 0.23374999999999999 0.99875 0.23125 0.99875 0.12125 0.9949999999999999 0.11875 0.99875 0.11499999999999999 0.99375 0.10375000000000001 0.9962500000000001 0.09125 0.99375 0.08875 0.9862500000000001 0.0925 0.97625 0.0875 0.9800000000000001 0.08375 0.97625 0.08 0.98125 0.075 0.97875 0.07125000000000001 0.99375 0.06625 0.9775 0.065 0.975 0.0725 0.96875 0.06625 0.9662499999999999 0.075 0.96125 0.07125000000000001 0.9650000000000001 0.0675 0.9550000000000001 0.061250000000000006 0.9475 0.06375 0.915 0.057499999999999996 0.9125 0.0625 0.9075 0.061250000000000006 0.9037499999999999 0.065 0.89625 0.04625 0.89 0.042499999999999996 0.89375 0.0375 0.8875 0.0325 0.8925000000000001 0.028749999999999998 0.89 0.0125 0.88375 0.0125 0.8775000000000001 0.005 0.8724999999999999 0.0075 0.8625 0.00375 0.7825 0.0025 0.7474999999999999 0.0075 0.7262500000000001 0.005 0.72375 0.01 0.72 0.005 0.7162499999999999 0.01125 0.7125 0.005 0.70875 0.0125 0.705 0.0075 0.69875 0.01 0.69625 0.005 0.6925 0.01 0.68875 0.005 0.68625 0.01125 0.67625 0.0125 0.67375 0.005 0.66875 0.01 0.66625 0.005 0.66125 0.00625 0.65 0 0.64125 0 0.6375 0.00375 0.6287499999999999 0 0.6224999999999999 0.00375 0.61625 0 0.6075 0.00375 0.6 0 0.5912499999999999 0.00375 0.58375 0 0.5650000000000001 0 0.55625 0.005 0.5525 0 0.54625 0.00375 0.53125 0 0.5287499999999999 0.005 0.50875 0.00375 0.5037499999999999 0 0.49874999999999997 0.013750000000000002 0.49000000000000005 0.021249999999999998 0.48125 0.0225 0.47125000000000006 0.017499999999999998 0.46749999999999997 0.00625 0.45875000000000005 0 0.45375 0 0.45125000000000004 0.005 0.43499999999999994 0.00375 0.43 0 0.42125 0 0.41875 0.00375 0.4125 0 0.39 0 0.3875 0.00375 0.3825 0 0.3275 0 0.325 0.00375 0.32 0 0.2375 0 0.22749999999999998 0.00375 0.2225 0 0.21625 0.00625 0.19875 0.005 0.19375 0 0.18375 0.00375 0.17875000000000002 0 0.1724075 0 0.0075 0