1 0.55874375 0.4360125 0.5359812500000001 0.4360125 0.5359812500000001 0.4671125 0.55874375 0.4671125 0.55874375 0.4360125
1 0.4269125 0.6805687500000001 0.41536249999999997 0.6805687500000001 0.41536249999999997 0.69540625 0.4269125 0.69540625 0.4269125 0.6805687500000001
1 0.4703875 0.9138125 0.45931249999999996 0.9138125 0.45931249999999996 0.9279875000000001 0.4703875 0.9279875000000001 0.4703875 0.9138125
1 0.60624375 0.74195 0.59395625 0.74195 0.59395625 0.757075 0.60624375 0.757075 0.60624375 0.74195
1 0.55653125 0.8192937499999999 0.5440437499999999 0.8192937499999999 0.5440437499999999 0.83403125 0.55653125 0.83403125 0.55653125 0.8192937499999999
1 0.5725 0.58555 0.5564 0.58555 0.5564 0.60195 0.5725 0.60195 0.5725 0.58555
1 0.5580625 0.6922875000000001 0.5474125 0.6922875000000001 0.5474125 0.7051624999999999 0.5580625 0.7051624999999999 0.5580625 0.6922875000000001
1 0.5109125 0.50534375 0.49788750000000004 0.50534375 0.49788750000000004 0.5190812499999999 0.5109125 0.5190812499999999 0.5109125 0.50534375
1 0.5260687500000001 0.16193125 0.51690625 0.16193125 0.51690625 0.17546875 0.5260687500000001 0.17546875 0.5260687500000001 0.16193125
1 0.302775 0.61736875 0.29245 0.61736875 0.29245 0.63165625 0.302775 0.63165625 0.302775 0.61736875
1 0.5328062499999999 0.8991625000000001 0.52286875 0.8991625000000001 0.52286875 0.9104125 0.5328062499999999 0.9104125 0.5328062499999999 0.8991625000000001
1 0.39375625 0.5093625 0.38554374999999996 0.5093625 0.38554374999999996 0.5209125 0.39375625 0.5209125 0.39375625 0.5093625
1 0.3599375 0.2499375 0.3490375 0.2499375 0.3490375 0.2637375 0.3599375 0.2637375 0.3599375 0.2499375
1 0.082125 0.94186875 0.0261 0.94186875 0.0261 0.99173125 0.082125 0.99173125 0.082125 0.94186875
1 0.5443875 0.37256875 0.5376375 0.37256875 0.5376375 0.38425625 0.5443875 0.38425625 0.5443875 0.37256875
1 0.5136875 0.19399375000000002 0.5029125 0.19399375000000002 0.5029125 0.20810625 0.5136875 0.20810625 0.5136875 0.19399375000000002
1 0.2795625 0.9044000000000001 0.2687875 0.9044000000000001 0.2687875 0.919825 0.2795625 0.919825 0.2795625 0.9044000000000001
1 0.34228749999999997 0.82683125 0.3330125 0.82683125 0.3330125 0.8372437500000001 0.34228749999999997 0.8372437500000001 0.34228749999999997 0.82683125
1 0.5582499999999999 0.52658125 0.5511250000000001 0.52658125 0.5511250000000001 0.53591875 0.5582499999999999 0.53591875 0.5582499999999999 0.52658125
1 0.48828125 0.45490624999999996 0.48096875 0.45490624999999996 0.48096875 0.46256875 0.48828125 0.46256875 0.48828125 0.45490624999999996
1 0.2688375 0.6800125 0.2604625 0.6800125 0.2604625 0.6891375 0.2688375 0.6891375 0.2688375 0.6800125
1 0.5556687499999999 0.8483750000000001 0.54688125 0.8483750000000001 0.54688125 0.8576750000000001 0.5556687499999999 0.8576750000000001 0.5556687499999999 0.8483750000000001
1 0.45988749999999995 0.2236125 0.4517375 0.2236125 0.4517375 0.23366250000000002 0.45988749999999995 0.23366250000000002 0.45988749999999995 0.2236125
1 0.383725 0.82683125 0.376525 0.82683125 0.376525 0.8362437500000001 0.383725 0.8362437500000001 0.383725 0.82683125
1 0.30846874999999996 0.90081875 0.26623125000000003 0.90081875 0.26623125000000003 0.9263312499999999 0.30846874999999996 0.9263312499999999 0.30846874999999996 0.90081875
1 0.30318125 0.52339375 0.29496875 0.52339375 0.29496875 0.53325625 0.30318125 0.53325625 0.30318125 0.52339375
1 0.41517499999999996 0.5154875 0.40904999999999997 0.5154875 0.40904999999999997 0.5225875 0.41517499999999996 0.5225875 0.41517499999999996 0.5154875
1 0.3924875 0.7941 0.3853375 0.7941 0.3853375 0.8035500000000001 0.3924875 0.8035500000000001 0.3924875 0.7941
1 0.09475625 0.57223125 0.08419375 0.57223125 0.08419375 0.5830437500000001 0.09475625 0.5830437500000001 0.09475625 0.57223125
1 0.5823437499999999 0.60265 0.57488125 0.60265 0.57488125 0.611225 0.5823437499999999 0.611225 0.5823437499999999 0.60265
1 0.545175 0.11240000000000001 0.537825 0.11240000000000001 0.537825 0.12685 0.545175 0.12685 0.545175 0.11240000000000001
1 0.486625 0.61243125 0.48114999999999997 0.61243125 0.48114999999999997 0.6190187500000001 0.486625 0.6190187500000001 0.486625 0.61243125
1 0.5328625 0.7473875 0.5267125 0.7473875 0.5267125 0.7555375 0.5328625 0.7555375 0.5328625 0.7473875
3 0 0.99875 0.51875 0.99875 0.52125 0.9949999999999999 0.5375 0.9487500000000001 0.58375 0.865 0.595 0.8262499999999999 0.60875 0.7525000000000001 0.60625 0.68875 0.58 0.56375 0.54875 0.23374999999999999 0.55375 0.14250000000000002 0.575 0.0975 0.5862499999999999 0.061250000000000006 0.5912499999999999 0.03375 0.5912499999999999 0.01125 0.5875 0.005 0.5825 0.005 0.52125 0.08 0.43375 0.14875 0.41125 0.15875 0.30874999999999997 0.18375 0.2875 0.195 0.26375000000000004 0.2 0.255 0.20875 0.24500000000000002 0.20625 0.1975 0.22000000000000003 0.14875 0.24375 0.12250000000000001 0.27125 0.1025 0.30125 0.1 0.32625000000000004 0.095 0.33125 0.09875 0.3375 0.0775 0.37124999999999997 0.08125 0.37625000000000003 0.07625 0.38375 0.07875 0.40374999999999994 0.07125000000000001 0.41125 0.0775 0.42000000000000004 0.075 0.42625 0.0625 0.41624999999999995 0.05500000000000001 0.395 0.04 0.315 0.034999999999999996 0.26125 0.028749999999999998 0.23500000000000001 0.02375 0.22875 0.026250000000000002 0.20750000000000002 0.02 0.205 0.015 0.18875 0.015 0.16 0.0075 0.15125 0.015 0.14250000000000002 0.0125 0.13999999999999999 0.008749999999999999 0.145 0 0.13625 0 0.99875