1 0.3288125 0.5033375 0.2608375 0.5033375 0.2608375 0.5754625 0.3288125 0.5754625 0.3288125 0.5033375
1 0.5353125000000001 0.49609375 0.4773875 0.49609375 0.4773875 0.55273125 0.5353125000000001 0.55273125 0.5353125000000001 0.49609375
1 0.40505625 0.3878625 0.33321875 0.3878625 0.33321875 0.4285375 0.40505625 0.4285375 0.40505625 0.3878625
1 0.16440625 0.629475 0.13979375 0.629475 0.13979375 0.647875 0.16440625 0.647875 0.16440625 0.629475
1 0.43925625 0.33740000000000003 0.42206875000000005 0.33740000000000003 0.42206875000000005 0.3545 0.43925625 0.3545 0.43925625 0.33740000000000003
1 0.25928125 0.7872312499999999 0.20996874999999998 0.7872312499999999 0.20996874999999998 0.82604375 0.25928125 0.82604375 0.25928125 0.7872312499999999
1 0.35588125000000004 0.39596875 0.33796875000000004 0.39596875 0.33796875000000004 0.41213125 0.35588125000000004 0.41213125 0.35588125000000004 0.39596875
1 0.31103749999999997 0.743525 0.0163625 0.743525 0.0163625 0.99475 0.31103749999999997 0.99475 0.31103749999999997 0.743525
1 0.32975625000000003 0.23725000000000002 0.29621875000000003 0.23725000000000002 0.29621875000000003 0.26325 0.32975625000000003 0.26325 0.32975625000000003 0.23725000000000002
1 0.050737500000000005 0.37824375 0.033437499999999995 0.37824375 0.033437499999999995 0.39420625 0.050737500000000005 0.39420625 0.050737500000000005 0.37824375
1 0.3116875 0.48617499999999997 0.2991625 0.48617499999999997 0.2991625 0.49870000000000003 0.3116875 0.49870000000000003 0.3116875 0.48617499999999997
1 0.21084999999999998 0.5300812500000001 0.181975 0.5300812500000001 0.181975 0.55684375 0.21084999999999998 0.55684375 0.21084999999999998 0.5300812500000001
1 0.387125 0.5513125 0.35995 0.5513125 0.35995 0.5805125 0.387125 0.5805125 0.387125 0.5513125
1 0.26773125000000003 0.537525 0.25571875 0.537525 0.25571875 0.5494 0.26773125000000003 0.5494 0.26773125000000003 0.537525
1 0.0978875 0.36894375 0.0693375 0.36894375 0.0693375 0.41328125 0.0978875 0.41328125 0.0978875 0.36894375
1 0.740575 0.42166249999999994 0.7272000000000001 0.42166249999999994 0.7272000000000001 0.43428750000000005 0.740575 0.43428750000000005 0.740575 0.42166249999999994
1 0.3726375 0.36438125 0.3617375 0.36438125 0.3617375 0.37634375000000003 0.3726375 0.37634375000000003 0.3726375 0.36438125
1 0.39899375 0.779575 0.38420624999999997 0.779575 0.38420624999999997 0.7946500000000001 0.39899375 0.7946500000000001 0.39899375 0.779575
1 0.46058750000000004 0.53978125 0.44761249999999997 0.53978125 0.44761249999999997 0.55201875 0.46058750000000004 0.55201875 0.46058750000000004 0.53978125
1 0.17555625 0.48598749999999996 0.16306875 0.48598749999999996 0.16306875 0.4993625 0.17555625 0.4993625 0.17555625 0.48598749999999996
1 0.69848125 0.37885 0.68531875 0.37885 0.68531875 0.390675 0.69848125 0.390675 0.69848125 0.37885
1 0.58513125 0.3844875 0.57111875 0.3844875 0.57111875 0.3962625 0.58513125 0.3962625 0.58513125 0.3844875
1 0.43383125 0.57144375 0.42164375 0.57144375 0.42164375 0.58383125 0.43383125 0.58383125 0.43383125 0.57144375
1 0.24898125000000002 0.3006625 0.23441874999999998 0.3006625 0.23441874999999998 0.31456249999999997 0.24898125000000002 0.31456249999999997 0.24898125000000002 0.3006625
1 0.49110624999999997 0.53515625 0.48154375 0.53515625 0.48154375 0.5458937500000001 0.49110624999999997 0.5458937500000001 0.49110624999999997 0.53515625
1 0.10064999999999999 0.32325624999999997 0.0838 0.32325624999999997 0.0838 0.33786875 0.10064999999999999 0.33786875 0.10064999999999999 0.32325624999999997
1 0.62791875 0.44934375 0.61623125 0.44934375 0.61623125 0.46130625 0.62791875 0.46130625 0.62791875 0.44934375
1 0.751825 0.36883125 0.7384000000000001 0.36883125 0.7384000000000001 0.37969375 0.751825 0.37969375 0.751825 0.36883125
1 0.5193187499999999 0.67063125 0.50413125 0.67063125 0.50413125 0.6858187499999999 0.5193187499999999 0.6858187499999999 0.5193187499999999 0.67063125
1 0.683575 0.4151375 0.672875 0.4151375 0.672875 0.4251875 0.683575 0.4251875 0.683575 0.4151375
1 0.16605 0.5208625 0.153525 0.5208625 0.153525 0.5338375 0.16605 0.5338375 0.16605 0.5208625
1 0.255975 0.21702499999999997 0.24255 0.21702499999999997 0.24255 0.22974999999999998 0.255975 0.22974999999999998 0.255975 0.21702499999999997
1 0.574075 0.48936250000000003 0.56265 0.48936250000000003 0.56265 0.4998875 0.574075 0.4998875 0.574075 0.48936250000000003
1 0.471875 0.30711875 0.46122500000000005 0.30711875 0.46122500000000005 0.31885625 0.471875 0.31885625 0.471875 0.30711875
1 0.17196875 0.84601875 0.15713125 0.84601875 0.15713125 0.8600312499999999 0.17196875 0.8600312499999999 0.17196875 0.84601875
1 0.13125 0.7958375 0.119475 0.7958375 0.119475 0.8086625 0.13125 0.8086625 0.13125 0.7958375
1 0.34558125 0.75256875 0.33509375 0.75256875 0.33509375 0.76305625 0.34558125 0.76305625 0.34558125 0.75256875
1 0.19161875 0.24608124999999997 0.17728125 0.24608124999999997 0.17728125 0.25976875 0.19161875 0.25976875 0.19161875 0.24608124999999997
1 0.156825 0.68768125 0.14665 0.68768125 0.14665 0.69709375 0.156825 0.69709375 0.156825 0.68768125
1 0.45496875000000003 0.46961250000000004 0.43663125 0.46961250000000004 0.43663125 0.4879125 0.45496875000000003 0.4879125 0.45496875000000003 0.46961250000000004
1 0.057162500000000005 0.7716000000000001 0.0440375 0.7716000000000001 0.0440375 0.7831 0.057162500000000005 0.7831 0.057162500000000005 0.7716000000000001
1 0.24833124999999998 0.778375 0.23604375000000002 0.778375 0.23604375000000002 0.79095 0.24833124999999998 0.79095 0.24833124999999998 0.778375
1 0.15535000000000002 0.6131562500000001 0.143475 0.6131562500000001 0.143475 0.62414375 0.15535000000000002 0.62414375 0.15535000000000002 0.6131562500000001
1 0.40249375 0.2738 0.39048125 0.2738 0.39048125 0.2887 0.40249375 0.2887 0.40249375 0.2738
1 0.5445375 0.7880625 0.5335875 0.7880625 0.5335875 0.7998375 0.5445375 0.7998375 0.5445375 0.7880625
1 0.4815625 0.9796250000000001 0.43786250000000004 0.9796250000000001 0.43786250000000004 0.9979250000000001 0.4815625 0.9979250000000001 0.4815625 0.9796250000000001
1 0.48406874999999994 0.74930625 0.47345625 0.74930625 0.47345625 0.76046875 0.48406874999999994 0.76046875 0.48406874999999994 0.74930625
1 0.44032499999999997 0.64935 0.4298 0.64935 0.4298 0.65925 0.44032499999999997 0.65925 0.44032499999999997 0.64935
1 0.5606687499999999 0.699125 0.5487062500000001 0.699125 0.5487062500000001 0.712 0.5606687499999999 0.712 0.5606687499999999 0.699125
1 0.56065 0.61975625 0.5497 0.61975625 0.5497 0.63121875 0.56065 0.63121875 0.56065 0.61975625
1 0.13368125 0.926175 0.12144375 0.926175 0.12144375 0.9390499999999999 0.13368125 0.9390499999999999 0.13368125 0.926175
1 0.01511875 0.5739625 0.00028125 0.5739625 0.00028125 0.5881375 0.01511875 0.5881375 0.01511875 0.5739625
1 0.52813125 0.8064562499999999 0.51776875 0.8064562499999999 0.51776875 0.8175687500000001 0.52813125 0.8175687500000001 0.52813125 0.8064562499999999
1 0.05780625 0.8395250000000001 0.04961875 0.8395250000000001 0.04961875 0.8509 0.05780625 0.8509 0.05780625 0.8395250000000001
1 0.57145 0.8561562500000001 0.560375 0.8561562500000001 0.560375 0.86844375 0.57145 0.86844375 0.57145 0.8561562500000001
1 0.556775 0.9246624999999999 0.542825 0.9246624999999999 0.542825 0.9386125 0.556775 0.9386125 0.556775 0.9246624999999999
1 0.5053124999999999 0.8799875 0.4966375 0.8799875 0.4966375 0.8905125 0.5053124999999999 0.8905125 0.5053124999999999 0.8799875
1 0.0129 0.7654375 0.0008 0.7654375 0.0008 0.7775375 0.0129 0.7775375 0.0129 0.7654375
1 0.0226125 0.54346875 0.0095875 0.54346875 0.0095875 0.55710625 0.0226125 0.55710625 0.0226125 0.54346875
1 0.02758125 0.918225 0.01749375 0.918225 0.01749375 0.929425 0.02758125 0.929425 0.02758125 0.918225
1 0.08253125 0.750775 0.07224375 0.750775 0.07224375 0.76095 0.08253125 0.76095 0.08253125 0.750775
1 0.033418750000000004 0.7924125 0.02378125 0.7924125 0.02378125 0.8023125 0.033418750000000004 0.8023125 0.033418750000000004 0.7924125
1 0.5787 0.9664875 0.5648500000000001 0.9664875 0.5648500000000001 0.9798125000000001 0.5787 0.9798125000000001 0.5787 0.9664875
1 0.4583875 0.43187499999999995 0.4498125 0.43187499999999995 0.4498125 0.44604999999999995 0.4583875 0.44604999999999995 0.4583875 0.43187499999999995
1 0.5075875 0.44501875 0.4992375 0.44501875 0.4992375 0.45488125 0.5075875 0.45488125 0.5075875 0.44501875
1 0.6057625 0.9445499999999999 0.5983375 0.9445499999999999 0.5983375 0.9529 0.6057625 0.9529 0.6057625 0.9445499999999999
3 0 0.99875 0.60625 0.99875 0.61625 0.9887499999999999 0.635 0.9112500000000001 0.63375 0.8637499999999999 0.62 0.8150000000000001 0.6174999999999999 0.7424999999999999 0.6075 0.72 0.5912499999999999 0.7 0.5925 0.6925 0.5875 0.69375 0.58 0.6799999999999999 0.575 0.6837500000000001 0.57125 0.67375 0.55625 0.6675 0.54 0.65125 0.54125 0.645 0.53625 0.64375 0.5425 0.64 0.54875 0.64375 0.5650000000000001 0.63875 0.5875 0.61375 0.62375 0.5912499999999999 0.64375 0.55125 0.6575 0.5349999999999999 0.68875 0.5175 0.7162499999999999 0.50875 0.7474999999999999 0.48 0.75 0.47000000000000003 0.76375 0.45875000000000005 0.77125 0.43499999999999994 0.77 0.3775 0.73 0.32375 0.7162499999999999 0.3125 0.6925 0.305 0.6849999999999999 0.31124999999999997 0.67625 0.3125 0.67 0.325 0.6575 0.335 0.655 0.34375 0.6475 0.34750000000000003 0.605 0.34625 0.56125 0.32875 0.5475 0.31375000000000003 0.5225 0.26625 0.45125000000000004 0.17875000000000002 0.3975 0.125 0.38375 0.12 0.35625 0.10124999999999999 0.33999999999999997 0.09625 0.32999999999999996 0.09625 0.3 0.1075 0.27749999999999997 0.12375 0.2525 0.135 0.21375000000000002 0.17250000000000001 0.18375 0.19375 0.07125000000000001 0.24625 0.03625 0.26875 0 0.28125 0 0.99875