1 0.8004374999999999 0.645775 0.7639375 0.645775 0.7639375 0.67825 0.8004374999999999 0.67825 0.8004374999999999 0.645775
1 0.762375 0.11416249999999999 0.74055 0.11416249999999999 0.74055 0.1342625 0.762375 0.1342625 0.762375 0.11416249999999999
1 0.329675 0.76381875 0.31095 0.76381875 0.31095 0.78403125 0.329675 0.78403125 0.329675 0.76381875
1 0.9004687499999999 0.7421375 0.8807812500000001 0.7421375 0.8807812500000001 0.7607875 0.9004687499999999 0.7607875 0.9004687499999999 0.7421375
1 0.99366875 0.66194375 0.97410625 0.66194375 0.97410625 0.67595625 0.99366875 0.67595625 0.99366875 0.66194375
1 0.9985687499999999 0.49742499999999995 0.98093125 0.49742499999999995 0.98093125 0.515275 0.9985687499999999 0.515275 0.9985687499999999 0.49742499999999995
1 0.35362499999999997 0.4562125 0.339725 0.4562125 0.339725 0.4690875 0.35362499999999997 0.4690875 0.35362499999999997 0.4562125
1 0.9117625 0.85983125 0.8978125 0.85983125 0.8978125 0.8735687499999999 0.9117625 0.8735687499999999 0.9117625 0.85983125
1 0.65695625 0.32716249999999997 0.64284375 0.32716249999999997 0.64284375 0.3398375 0.65695625 0.3398375 0.65695625 0.32716249999999997
1 1 0.49794375 0.99214375 0.49794375 0.99214375 0.51378125 1 0.51378125 1 0.49794375
1 0.8931875 0.68128125 0.8763375 0.68128125 0.8763375 0.7025187500000001 0.8931875 0.7025187500000001 0.8931875 0.68128125
1 0.7138625000000001 0.7201500000000001 0.6962875000000001 0.7201500000000001 0.6962875000000001 0.7368750000000001 0.7138625000000001 0.7368750000000001 0.7138625000000001 0.7201500000000001
1 0.6514624999999999 0.719075 0.6376125 0.719075 0.6376125 0.731125 0.6514624999999999 0.731125 0.6514624999999999 0.719075
1 0.61768125 0.77748125 0.59814375 0.77748125 0.59814375 0.79381875 0.61768125 0.79381875 0.61768125 0.77748125
1 0.722825 0.46994375 0.710775 0.46994375 0.710775 0.48123125 0.722825 0.48123125 0.722825 0.46994375
1 0.68190625 0.3268375 0.66966875 0.3268375 0.66966875 0.33821249999999997 0.68190625 0.33821249999999997 0.68190625 0.3268375
1 0.64819375 0.5374625 0.62525625 0.5374625 0.62525625 0.5660624999999999 0.64819375 0.5660624999999999 0.64819375 0.5374625
1 0.7519125 0.45768125 0.7412625 0.45768125 0.7412625 0.46809375 0.7519125 0.46809375 0.7519125 0.45768125
1 0.23743750000000002 0.67658125 0.2232625 0.67658125 0.2232625 0.69159375 0.23743750000000002 0.69159375 0.23743750000000002 0.67658125
1 0.612525 0.4432125 0.600375 0.4432125 0.600375 0.4532625 0.612525 0.4532625 0.612525 0.4432125
1 0.7245 0.41325 0.713 0.41325 0.713 0.425125 0.7245 0.425125 0.7245 0.41325
1 0.45709999999999995 0.4486625 0.44572500000000004 0.4486625 0.44572500000000004 0.46148749999999994 0.45709999999999995 0.46148749999999994 0.45709999999999995 0.4486625
1 0.6656500000000001 0.15508125 0.65075 0.15508125 0.65075 0.16914374999999998 0.6656500000000001 0.16914374999999998 0.6656500000000001 0.15508125
1 0.36141875 0.78071875 0.34658125 0.78071875 0.34658125 0.79545625 0.36141875 0.79545625 0.36141875 0.78071875
1 0.9038437500000001 0.236625 0.88718125 0.236625 0.88718125 0.24994999999999998 0.9038437500000001 0.24994999999999998 0.9038437500000001 0.236625
1 0.590375 0.0639 0.5776 0.0639 0.5776 0.0777 0.590375 0.0777 0.590375 0.0639
1 0.38755 0.763225 0.3771 0.763225 0.3771 0.7758499999999999 0.38755 0.7758499999999999 0.38755 0.763225
1 0.445775 0.5418624999999999 0.4307 0.5418624999999999 0.4307 0.5597125000000001 0.445775 0.5597125000000001 0.445775 0.5418624999999999
1 0.25601875 0.68879375 0.23640625 0.68879375 0.23640625 0.70670625 0.25601875 0.70670625 0.25601875 0.68879375
1 0.6535124999999999 0.2763 0.6414125 0.2763 0.6414125 0.28912499999999997 0.6535124999999999 0.28912499999999997 0.6535124999999999 0.2763
1 0.5162312499999999 0.79584375 0.50426875 0.79584375 0.50426875 0.8067062500000001 0.5162312499999999 0.8067062500000001 0.5162312499999999 0.79584375
1 0.9534625 0.6130625000000001 0.9400875 0.6130625000000001 0.9400875 0.6261875 0.9534625 0.6261875 0.9534625 0.6130625000000001
1 0.59224375 0.53678125 0.58060625 0.53678125 0.58060625 0.55111875 0.59224375 0.55111875 0.59224375 0.53678125
1 0.5001125 0.96066875 0.48181250000000003 0.96066875 0.48181250000000003 0.97683125 0.5001125 0.97683125 0.5001125 0.96066875
1 0.69634375 0.24359999999999998 0.68548125 0.24359999999999998 0.68548125 0.25492499999999996 0.69634375 0.25492499999999996 0.69634375 0.24359999999999998
1 0.74551875 0.789475 0.73495625 0.789475 0.73495625 0.80135 0.74551875 0.80135 0.74551875 0.789475
1 0.67795625 0.5453187500000001 0.66774375 0.5453187500000001 0.66774375 0.55525625 0.67795625 0.55525625 0.67795625 0.5453187500000001
1 0.97218125 0.47335000000000005 0.95849375 0.47335000000000005 0.95849375 0.48612500000000003 0.97218125 0.48612500000000003 0.97218125 0.47335000000000005
1 0.7452 0.61508125 0.73625 0.61508125 0.73625 0.62416875 0.7452 0.62416875 0.7452 0.61508125
1 0.993125 0.28899375 0.9766 0.28899375 0.9766 0.30133125 0.993125 0.30133125 0.993125 0.28899375
1 0.318525 0.73755625 0.306475 0.73755625 0.306475 0.75071875 0.318525 0.75071875 0.318525 0.73755625
1 0.45391875 0.40188750000000006 0.44158125000000004 0.40188750000000006 0.44158125000000004 0.4145125 0.45391875 0.4145125 0.45391875 0.40188750000000006
1 0.91921875 0.7058375 0.9040312500000001 0.7058375 0.9040312500000001 0.7179875 0.91921875 0.7179875 0.91921875 0.7058375
1 0.6968687499999999 0.9577125000000001 0.68495625 0.9577125000000001 0.68495625 0.9709875 0.6968687499999999 0.9709875 0.6968687499999999 0.9577125000000001
1 0.5952 0.052118750000000005 0.5796 0.052118750000000005 0.5796 0.06890625 0.5952 0.06890625 0.5952 0.052118750000000005
1 0.3168375 0.597025 0.3037625 0.597025 0.3037625 0.61 0.3168375 0.61 0.3168375 0.597025
1 0.36720625 0.403 0.35104375 0.403 0.35104375 0.41632499999999995 0.36720625 0.41632499999999995 0.36720625 0.403
1 0.2656125 0.49116875000000004 0.2500125 0.49116875000000004 0.2500125 0.50688125 0.2656125 0.50688125 0.2656125 0.49116875000000004
1 0.7108375 0.045325 0.6963874999999999 0.045325 0.6963874999999999 0.058199999999999995 0.7108375 0.058199999999999995 0.7108375 0.045325
1 0.7165874999999999 0.9145875 0.7023625 0.9145875 0.7023625 0.9340375 0.7165874999999999 0.9340375 0.7165874999999999 0.9145875
1 0.59299375 0.38113125000000003 0.57888125 0.38113125000000003 0.57888125 0.39084375 0.59299375 0.39084375 0.59299375 0.38113125000000003
1 0.93524375 0.7031 0.92510625 0.7031 0.92510625 0.7148749999999999 0.93524375 0.7148749999999999 0.93524375 0.7031
1 0.837925 0.53061875 0.8261499999999999 0.53061875 0.8261499999999999 0.5416562500000001 0.837925 0.5416562500000001 0.837925 0.53061875
1 0.7889999999999999 0.22568749999999999 0.7764249999999999 0.22568749999999999 0.7764249999999999 0.2386625 0.7889999999999999 0.2386625 0.7889999999999999 0.22568749999999999
1 0.9938874999999999 0.5249875 0.9826874999999999 0.5249875 0.9826874999999999 0.5375125 0.9938874999999999 0.5375125 0.9938874999999999 0.5249875
1 0.20925 0.52943125 0.193825 0.52943125 0.193825 0.54381875 0.20925 0.54381875 0.20925 0.52943125
1 0.8778499999999999 0.459725 0.86825 0.459725 0.86825 0.469975 0.8778499999999999 0.469975 0.8778499999999999 0.459725
1 0.99999375 0.13819375 0.9938062499999999 0.13819375 0.9938062499999999 0.15038125 0.99999375 0.15038125 0.99999375 0.13819375
1 0.72808125 0.10123750000000001 0.71821875 0.10123750000000001 0.71821875 0.1114125 0.72808125 0.1114125 0.72808125 0.10123750000000001
1 0.8725625000000001 0.8077624999999999 0.8627874999999999 0.8077624999999999 0.8627874999999999 0.8182124999999999 0.8725625000000001 0.8182124999999999 0.8725625000000001 0.8077624999999999
1 0.753525 0.04074375 0.742575 0.04074375 0.742575 0.05130625 0.753525 0.05130625 0.753525 0.04074375
1 0.668925 0.979325 0.6582250000000001 0.979325 0.6582250000000001 0.991375 0.668925 0.991375 0.668925 0.979325
1 0.7406375 0.06836875 0.7290875 0.06836875 0.7290875 0.07823125 0.7406375 0.07823125 0.7406375 0.06836875
1 0.9856374999999999 0.79845 0.9753125 0.79845 0.9753125 0.8099500000000001 0.9856374999999999 0.8099500000000001 0.9856374999999999 0.79845
1 0.2324375 0.62694375 0.2219125 0.62694375 0.2219125 0.64063125 0.2324375 0.64063125 0.2324375 0.62694375
1 0.8897625 1 0.8897625 0.994175 0.8758625 0.994175 0.8758625 1 0.8897625 1
1 1 0.48599375 0.9298437500000001 0.48599375 0.9298437500000001 0.5892062499999999 1 0.5892062499999999 1 0.48599375
1 0.99999375 0.885425 0.99058125 0.885425 0.99058125 0.9056 0.99999375 0.9056 0.99999375 0.885425
1 0.6291187500000001 0.03078125 0.61795625 0.03078125 0.61795625 0.04301875 0.6291187500000001 0.04301875 0.6291187500000001 0.03078125
1 0.3519875 0.44216249999999996 0.2217375 0.44216249999999996 0.2217375 0.5324375 0.3519875 0.5324375 0.3519875 0.44216249999999996
1 0.199625 0.653825 0.179525 0.653825 0.179525 0.673325 0.199625 0.673325 0.199625 0.653825
1 0.12304375000000001 0.276525 0.10803125 0.276525 0.10803125 0.291825 0.12304375000000001 0.291825 0.12304375000000001 0.276525
1 0.6205 0.0066437499999999995 0.603125 0.0066437499999999995 0.603125 0.027056249999999997 0.6205 0.027056249999999997 0.6205 0.0066437499999999995
1 0.39365 0.10700625 0.38027500000000003 0.10700625 0.38027500000000003 0.12296875 0.39365 0.12296875 0.39365 0.10700625
1 0.94779375 1 0.94779375 0.996075 0.93698125 0.996075 0.93698125 1 0.94779375 1
1 0.92600625 0.8309312500000001 0.91189375 0.8309312500000001 0.91189375 0.8507187500000001 0.92600625 0.8507187500000001 0.92600625 0.8309312500000001
1 0.550525 0.5701625 0.5198 0.5701625 0.5198 0.5919375 0.550525 0.5919375 0.550525 0.5701625
1 0.7300187499999999 0.19823125 0.70455625 0.19823125 0.70455625 0.22534375 0.7300187499999999 0.22534375 0.7300187499999999 0.19823125
3 0.5725 0 0.5725 0.013750000000000002 0.56875 0.01625 0.57125 0.03875 0.57125 0.0325 0.575 0.028749999999999998 0.5775 0.03125 0.5775 0.052500000000000005 0.5825 0.05625 0.57875 0.06 0.58375 0.0625 0.5862499999999999 0.05500000000000001 0.5925 0.05500000000000001 0.595 0.06375 0.58875 0.07375000000000001 0.5775 0.08125 0.57625 0.13625 0.5725 0.13874999999999998 0.57625 0.15375 0.5725 0.1575 0.56375 0.1575 0.5625 0.16125 0.56375 0.16375 0.5725 0.15875 0.575 0.16875 0.56375 0.17250000000000001 0.56375 0.17875000000000002 0.57125 0.1775 0.57625 0.18125 0.57375 0.20875 0.585 0.2125 0.5775 0.22374999999999998 0.585 0.22749999999999998 0.57875 0.23500000000000001 0.57875 0.24125000000000002 0.58375 0.24375 0.575 0.255 0.57125 0.25125000000000003 0.57125 0.27125 0.58 0.29125 0.5925 0.28875 0.5925 0.29874999999999996 0.5875 0.29375 0.58375 0.3025 0.6025 0.3075 0.6 0.3125 0.58875 0.31375000000000003 0.60375 0.33999999999999997 0.615 0.34375 0.6224999999999999 0.36124999999999996 0.6287499999999999 0.365 0.6275000000000001 0.38375 0.5900000000000001 0.385 0.56375 0.38 0.5275000000000001 0.38125 0.48250000000000004 0.37625000000000003 0.4125 0.38375 0.37124999999999997 0.39875 0.29625 0.44000000000000006 0.27749999999999997 0.44625000000000004 0.19624999999999998 0.495 0.14125000000000001 0.5349999999999999 0.10625 0.5525 0.058750000000000004 0.5662499999999999 0.034999999999999996 0.57875 0.027500000000000004 0.5875 0.12625 0.6174999999999999 0.18875 0.6675 0.225 0.705 0.31375000000000003 0.7787499999999999 0.35875 0.80375 0.385 0.8125 0.41 0.8262499999999999 0.46125 0.8425 0.5287499999999999 0.85375 0.5825 0.8574999999999999 0.58375 0.8612500000000001 0.57875 0.86625 0.53625 0.8712500000000001 0.5287499999999999 0.87625 0.5275000000000001 0.89125 0.51875 0.8887499999999999 0.52125 0.8825 0.5175 0.8875 0.5125 0.88375 0.49000000000000005 0.9012499999999999 0.48875 0.90625 0.49874999999999997 0.90625 0.49749999999999994 0.9349999999999999 0.49124999999999996 0.9349999999999999 0.48875 0.93 0.48250000000000004 0.93625 0.47125000000000006 0.9349999999999999 0.4725 0.9324999999999999 0.46624999999999994 0.93 0.4625 0.9400000000000001 0.45 0.95 0.44875 0.9550000000000001 0.4525 0.95875 0.44875 0.9625 0.45499999999999996 0.96125 0.45499999999999996 0.9662499999999999 0.44749999999999995 0.97 0.4425 0.9662499999999999 0.43499999999999994 0.96875 0.42750000000000005 0.9800000000000001 0.42000000000000004 0.99875 0.42750000000000005 0.99875 0.43125 0.99 0.4325 0.99875 0.4375 0.99875 0.43875000000000003 0.99125 0.44000000000000006 0.99875 0.7025 0.99875 0.7125 0.99 0.7162499999999999 0.99375 0.72375 0.99 0.7275 0.9824999999999999 0.73375 0.985 0.7325 0.99875 0.9862500000000001 0.99875 0.9862500000000001 0.99125 0.9925 0.99875 0.99875 0.99875 0.99875 0.9075 0.9949999999999999 0.9037499999999999 0.99875 0.89 0.99875 0.62 0.9949999999999999 0.61125 0.99875 0.60625 0.99875 0.15125 0.99375 0.14875 0.99875 0.14250000000000002 0.99875 0.11374999999999999 0.99375 0.11750000000000001 0.985 0.11499999999999999 0.98125 0.12625 0.9737500000000001 0.12250000000000001 0.97 0.12625 0.97 0.135 0.9512499999999999 0.1325 0.92875 0.11625 0.8150000000000001 0.07125000000000001 0.7787499999999999 0.05 0.6975 0.0125 0.6799999999999999 0 0.67367625 0 0.5725 0