1 0.5140125 0.2922625 0.4755625 0.2922625 0.4755625 0.32971249999999996 0.5140125 0.32971249999999996 0.5140125 0.2922625
1 0.3829 0.61518125 0.3214 0.61518125 0.3214 0.66316875 0.3829 0.66316875 0.3829 0.61518125
1 0.257575 0.45251875 0.21997499999999998 0.45251875 0.21997499999999998 0.5011062500000001 0.257575 0.5011062500000001 0.257575 0.45251875
1 0.3889625 0.75415 0.34638749999999996 0.75415 0.34638749999999996 0.8083500000000001 0.3889625 0.8083500000000001 0.3889625 0.75415
1 0.7405125 0.6018875 0.7116374999999999 0.6018875 0.7116374999999999 0.6285875 0.7405125 0.6285875 0.7405125 0.6018875
1 0.12139375 0.13230625000000001 0.08868125 0.13230625000000001 0.08868125 0.16846875 0.12139375 0.16846875 0.12139375 0.13230625000000001
1 0.5618125 0.41515 0.5368125 0.41515 0.5368125 0.4413 0.5618125 0.4413 0.5618125 0.41515
1 0.52913125 0.8123625000000001 0.51189375 0.8123625000000001 0.51189375 0.8282624999999999 0.52913125 0.8282624999999999 0.52913125 0.8123625000000001
1 0.66134375 0.47675 0.6384562500000001 0.47675 0.6384562500000001 0.5012749999999999 0.66134375 0.5012749999999999 0.66134375 0.47675
1 0.66129375 0.5196375 0.64143125 0.5196375 0.64143125 0.5399375 0.66129375 0.5399375 0.66129375 0.5196375
1 0.3134125 0.8369125000000001 0.2930375 0.8369125000000001 0.2930375 0.8671875 0.3134125 0.8671875 0.3134125 0.8369125000000001
1 0.8539999999999999 0.1402 0.8237249999999999 0.1402 0.8237249999999999 0.16985 0.8539999999999999 0.16985 0.8539999999999999 0.1402
1 0.748425 0.56313125 0.718375 0.56313125 0.718375 0.58726875 0.748425 0.58726875 0.748425 0.56313125
1 0.42080624999999994 0.39766875 0.39316874999999996 0.39766875 0.39316874999999996 0.42313124999999996 0.42080624999999994 0.42313124999999996 0.42080624999999994 0.39766875
1 0.41595624999999997 0.50450625 0.39069375 0.50450625 0.39069375 0.52869375 0.41595624999999997 0.52869375 0.41595624999999997 0.50450625
1 0.6578 0.35415 0.6342 0.35415 0.6342 0.3773 0.6578 0.3773 0.6578 0.35415
1 0.73963125 0.30338125 0.70764375 0.30338125 0.70764375 0.32746875000000003 0.73963125 0.32746875000000003 0.73963125 0.30338125
1 0.19786874999999998 0.37189375 0.16833125 0.37189375 0.16833125 0.40350625000000007 0.19786874999999998 0.40350625000000007 0.19786874999999998 0.37189375
1 0.2621375 0.52256875 0.2317625 0.52256875 0.2317625 0.55068125 0.2621375 0.55068125 0.2621375 0.52256875
1 0.8007 0.2818125 0.7706000000000001 0.2818125 0.7706000000000001 0.30656249999999996 0.8007 0.30656249999999996 0.8007 0.2818125
1 0.4686375 0.88225625 0.4434625 0.88225625 0.4434625 0.9058187500000001 0.4686375 0.9058187500000001 0.4686375 0.88225625
1 0.65356875 0.3964125 0.63255625 0.3964125 0.63255625 0.4170625 0.65356875 0.4170625 0.65356875 0.3964125
1 0.11052500000000001 0.39731875 0.08282500000000001 0.39731875 0.08282500000000001 0.42690625000000004 0.11052500000000001 0.42690625000000004 0.11052500000000001 0.39731875
1 0.610275 0.2263125 0.591875 0.2263125 0.591875 0.25416249999999996 0.610275 0.25416249999999996 0.610275 0.2263125
1 0.713575 0.55530625 0.6887749999999999 0.55530625 0.6887749999999999 0.57849375 0.713575 0.57849375 0.713575 0.55530625
1 0.11915625 0.34539375 0.09909375000000001 0.34539375 0.09909375000000001 0.36455625 0.11915625 0.36455625 0.11915625 0.34539375
1 0.60209375 0.5287875 0.57955625 0.5287875 0.57955625 0.5503125 0.60209375 0.5503125 0.60209375 0.5287875
1 0.37910625 0.39649999999999996 0.35136875 0.39649999999999996 0.35136875 0.423825 0.37910625 0.423825 0.37910625 0.39649999999999996
1 0.4165875 0.5396062500000001 0.3817625 0.5396062500000001 0.3817625 0.56781875 0.4165875 0.56781875 0.4165875 0.5396062500000001
1 0.69418125 0.6781125 0.67301875 0.6781125 0.67301875 0.6998125 0.69418125 0.6998125 0.69418125 0.6781125
1 0.678775 0.28575625 0.64935 0.28575625 0.64935 0.32069375 0.678775 0.32069375 0.678775 0.28575625
1 0.44349375 0.30765625 0.42515625 0.30765625 0.42515625 0.32564375 0.44349375 0.32564375 0.44349375 0.30765625
1 0.65369375 0.14171875 0.62073125 0.14171875 0.62073125 0.17370625 0.65369375 0.17370625 0.65369375 0.14171875
1 0.581775 0.26451875 0.563725 0.26451875 0.563725 0.28285625 0.581775 0.28285625 0.581775 0.26451875
1 0.21356875 0.2427 0.19170625 0.2427 0.19170625 0.260725 0.21356875 0.260725 0.21356875 0.2427
1 0.5535249999999999 0.641125 0.538275 0.641125 0.538275 0.656725 0.5535249999999999 0.656725 0.5535249999999999 0.641125
1 0.19541875 0.4786125 0.16860625 0.4786125 0.16860625 0.5028374999999999 0.19541875 0.5028374999999999 0.19541875 0.4786125
1 0.1077375 0.19276875 0.0870875 0.19276875 0.0870875 0.21275624999999998 0.1077375 0.21275624999999998 0.1077375 0.19276875
1 0.49939375 0.630225 0.47815624999999995 0.630225 0.47815624999999995 0.651025 0.49939375 0.651025 0.49939375 0.630225
1 0.69956875 0.11511249999999999 0.67543125 0.11511249999999999 0.67543125 0.14073750000000002 0.69956875 0.14073750000000002 0.69956875 0.11511249999999999
1 0.4688875 0.8639625000000001 0.4529875 0.8639625000000001 0.4529875 0.8772375 0.4688875 0.8772375 0.4688875 0.8639625000000001
1 0.8169375000000001 0.21103125 0.7797375 0.21103125 0.7797375 0.24551875 0.8169375000000001 0.24551875 0.8169375000000001 0.21103125
1 0.0352375 0.59690625 0.013037499999999999 0.59690625 0.013037499999999999 0.6169687500000001 0.0352375 0.6169687500000001 0.0352375 0.59690625
1 0.0812875 0.42498125 0.0575125 0.42498125 0.0575125 0.44709374999999996 0.0812875 0.44709374999999996 0.0812875 0.42498125
1 0.5321687500000001 0.15515 0.51373125 0.15515 0.51373125 0.17445 0.5321687500000001 0.17445 0.5321687500000001 0.15515
1 0.505475 0.85479375 0.481825 0.85479375 0.481825 0.8756812500000001 0.505475 0.8756812500000001 0.505475 0.85479375
1 0.08915625 0.51289375 0.04304375 0.51289375 0.04304375 0.54863125 0.08915625 0.54863125 0.08915625 0.51289375
1 0.11509375 0.25944375000000003 0.09388125 0.25944375000000003 0.09388125 0.27668125 0.11509375 0.27668125 0.11509375 0.25944375000000003
1 0.45833124999999997 0.7316625 0.41471875 0.7316625 0.41471875 0.7644375 0.45833124999999997 0.7644375 0.45833124999999997 0.7316625
1 0.17194375 0.8181687500000001 0.15470625 0.8181687500000001 0.15470625 0.83710625 0.17194375 0.83710625 0.17194375 0.8181687500000001
1 0.82718125 0.3665375 0.80171875 0.3665375 0.80171875 0.3912875 0.82718125 0.3912875 0.82718125 0.3665375
1 0.23731249999999998 0.19213750000000002 0.2180125 0.19213750000000002 0.2180125 0.20971250000000002 0.23731249999999998 0.20971250000000002 0.23731249999999998 0.19213750000000002
1 0.47501249999999995 0.4853875 0.4556625 0.4853875 0.4556625 0.5048375 0.47501249999999995 0.5048375 0.47501249999999995 0.4853875
1 0.75380625 0.48718125 0.73056875 0.48718125 0.73056875 0.50794375 0.75380625 0.50794375 0.75380625 0.48718125
1 0.27598124999999996 0.82325625 0.25721875 0.82325625 0.25721875 0.84374375 0.27598124999999996 0.84374375 0.27598124999999996 0.82325625
1 0.769975 0.493525 0.7515 0.493525 0.7515 0.510375 0.769975 0.510375 0.769975 0.493525
1 0.47876250000000004 0.208875 0.46458750000000004 0.208875 0.46458750000000004 0.222775 0.47876250000000004 0.222775 0.47876250000000004 0.208875
1 0.5474875 0.36794375 0.5306375 0.36794375 0.5306375 0.38988125 0.5474875 0.38988125 0.5474875 0.36794375
1 0.22500625 0.70044375 0.20639375000000001 0.70044375 0.20639375000000001 0.72533125 0.22500625 0.72533125 0.22500625 0.70044375
1 0.63225625 0.5933312500000001 0.6167687500000001 0.5933312500000001 0.6167687500000001 0.60881875 0.63225625 0.60881875 0.63225625 0.5933312500000001
1 0.22795625 0.07553125000000001 0.21246874999999998 0.07553125000000001 0.21246874999999998 0.09169374999999999 0.22795625 0.09169374999999999 0.22795625 0.07553125000000001
1 0.86956875 0.16279375000000001 0.8511312500000001 0.16279375000000001 0.8511312500000001 0.18265625000000002 0.86956875 0.18265625000000002 0.86956875 0.16279375000000001
1 0.031956250000000005 0.45889375 0.00319375 0.45889375 0.00319375 0.48495625000000003 0.031956250000000005 0.48495625000000003 0.031956250000000005 0.45889375
1 0.1313375 0.3249875 0.1106125 0.3249875 0.1106125 0.3434625 0.1313375 0.3434625 0.1313375 0.3249875
1 0.1501875 0.51221875 0.1286125 0.51221875 0.1286125 0.53270625 0.1501875 0.53270625 0.1501875 0.51221875
1 0.7284625 0.28075 0.7090375 0.28075 0.7090375 0.29885 0.7284625 0.29885 0.7284625 0.28075
1 0.14010625000000002 0.55326875 0.11941874999999999 0.55326875 0.11941874999999999 0.57368125 0.14010625000000002 0.57368125 0.14010625000000002 0.55326875
1 0.13823125 0.2253875 0.12274375 0.2253875 0.12274375 0.24141249999999997 0.13823125 0.24141249999999997 0.13823125 0.2253875
1 0.8835000000000001 0.318425 0.859675 0.318425 0.859675 0.3427 0.8835000000000001 0.3427 0.8835000000000001 0.318425
1 0.34836875 0.27969374999999996 0.33375625000000003 0.27969374999999996 0.33375625000000003 0.29403125 0.34836875 0.29403125 0.34836875 0.27969374999999996
1 0.40135624999999997 0.8858062500000001 0.38281875 0.8858062500000001 0.38281875 0.90226875 0.40135624999999997 0.90226875 0.40135624999999997 0.8858062500000001
1 0.32335625 0.45009375 0.30359375 0.45009375 0.30359375 0.47030625 0.32335625 0.47030625 0.32335625 0.45009375
1 0.83875625 0.24859375 0.82041875 0.24859375 0.82041875 0.26703125 0.83875625 0.26703125 0.83875625 0.24859375
1 0.07903125 0.09424375 0.057818749999999995 0.09424375 0.057818749999999995 0.11438124999999999 0.07903125 0.11438124999999999 0.07903125 0.09424375
1 0.86141875 0.384025 0.84170625 0.384025 0.84170625 0.40404999999999996 0.86141875 0.40404999999999996 0.86141875 0.384025
1 0.30641875 0.289425 0.29123125 0.289425 0.29123125 0.30627499999999996 0.30641875 0.30627499999999996 0.30641875 0.289425
1 0.19411875 0.184525 0.17428125 0.184525 0.17428125 0.20365000000000003 0.19411875 0.20365000000000003 0.19411875 0.184525
1 0.54388125 0.5083249999999999 0.52741875 0.5083249999999999 0.52741875 0.539525 0.54388125 0.539525 0.54388125 0.5083249999999999
1 0.8211187499999999 0.11938750000000001 0.79020625 0.11938750000000001 0.79020625 0.1479375 0.8211187499999999 0.1479375 0.8211187499999999 0.11938750000000001
1 0.70646875 0.730375 0.66755625 0.730375 0.66755625 0.7579 0.70646875 0.7579 0.70646875 0.730375
1 0.1558 0.8580687499999999 0.138875 0.8580687499999999 0.138875 0.8792312499999999 0.1558 0.8792312499999999 0.1558 0.8580687499999999
1 0.5276875000000001 0.9010374999999999 0.5103875 0.9010374999999999 0.5103875 0.9173125000000001 0.5276875000000001 0.9173125000000001 0.5276875000000001 0.9010374999999999
1 0.60298125 0.45131875 0.58841875 0.45131875 0.58841875 0.46615624999999994 0.60298125 0.46615624999999994 0.60298125 0.45131875
1 0.4266875 0.6612625000000001 0.41218750000000004 0.6612625000000001 0.41218750000000004 0.6746875 0.4266875 0.6746875 0.4266875 0.6612625000000001
1 0.44848125000000005 0.61236875 0.42261875 0.61236875 0.42261875 0.62590625 0.44848125000000005 0.62590625 0.44848125000000005 0.61236875
1 0.2340625 0.26111249999999997 0.2188125 0.26111249999999997 0.2188125 0.2750125 0.2340625 0.2750125 0.2340625 0.26111249999999997
1 0.3510625 0.9275062500000001 0.3383875 0.9275062500000001 0.3383875 0.94066875 0.3510625 0.94066875 0.3510625 0.9275062500000001
1 0.9031687500000001 0.1181125 0.88295625 0.1181125 0.88295625 0.1384875 0.9031687500000001 0.1384875 0.9031687500000001 0.1181125
1 0.1464125 0.70448125 0.1226375 0.70448125 0.1226375 0.72031875 0.1464125 0.72031875 0.1464125 0.70448125
1 0.6418062499999999 0.779825 0.6238187500000001 0.779825 0.6238187500000001 0.79635 0.6418062499999999 0.79635 0.6418062499999999 0.779825
1 0.35695625 0.8874812500000001 0.34176875 0.8874812500000001 0.34176875 0.90159375 0.35695625 0.90159375 0.35695625 0.8874812500000001
1 0.24068125 0.040531250000000005 0.22611875 0.040531250000000005 0.22611875 0.05486875 0.24068125 0.05486875 0.24068125 0.040531250000000005
1 0.32788125 0.12601875 0.30639375 0.12601875 0.30639375 0.14400625 0.32788125 0.14400625 0.32788125 0.12601875
1 0.020975 0.2593875 0.003875 0.2593875 0.003875 0.2733375 0.020975 0.2733375 0.020975 0.2593875
1 0.41886875 0.94796875 0.40290625 0.94796875 0.40290625 0.96413125 0.41886875 0.96413125 0.41886875 0.94796875
1 0.45055625 0.82425625 0.43616875000000005 0.82425625 0.43616875000000005 0.83784375 0.45055625 0.83784375 0.45055625 0.82425625
1 0.9475875 0.174025 0.9283875 0.174025 0.9283875 0.2044 0.9475875 0.2044 0.9475875 0.174025
1 0.06863749999999999 0.23738125000000002 0.0535625 0.23738125000000002 0.0535625 0.25211875 0.06863749999999999 0.25211875 0.06863749999999999 0.23738125000000002
1 0.33125625 0.9609500000000001 0.31571875 0.9609500000000001 0.31571875 0.973625 0.33125625 0.973625 0.33125625 0.9609500000000001
1 0.3512625 0.8372624999999999 0.3381875 0.8372624999999999 0.3381875 0.8512124999999999 0.3512625 0.8512124999999999 0.3512625 0.8372624999999999
1 0.10386875 0.86005 0.08948125 0.86005 0.08948125 0.8753 0.10386875 0.8753 0.10386875 0.86005
1 0.03358125 0.81621875 0.016593749999999997 0.81621875 0.016593749999999997 0.8312312500000001 0.03358125 0.8312312500000001 0.03358125 0.81621875
1 0.11656249999999999 0.9032562499999999 0.10206249999999999 0.9032562499999999 0.10206249999999999 0.91804375 0.11656249999999999 0.91804375 0.11656249999999999 0.9032562499999999
1 0.3444875 0.5658937500000001 0.3244625 0.5658937500000001 0.3244625 0.58255625 0.3444875 0.58255625 0.3444875 0.5658937500000001
1 0.9974624999999999 0.091825 0.9468624999999999 0.091825 0.9468624999999999 0.13692500000000002 0.9974624999999999 0.13692500000000002 0.9974624999999999 0.091825
1 0.31237499999999996 0.83478125 0.29945 0.83478125 0.29945 0.8497937500000001 0.31237499999999996 0.8497937500000001 0.31237499999999996 0.83478125
1 0.9194375000000001 0.23830625 0.8862375 0.23830625 0.8862375 0.27486875 0.9194375000000001 0.27486875 0.9194375000000001 0.23830625
1 0.27224375 0.6851812500000001 0.26095625 0.6851812500000001 0.26095625 0.69664375 0.27224375 0.69664375 0.27224375 0.6851812500000001
1 0.39719375 0.8428812499999999 0.38308125 0.8428812499999999 0.38308125 0.85536875 0.39719375 0.85536875 0.39719375 0.8428812499999999
1 0.18418125000000002 0.8066625000000001 0.17494375 0.8066625000000001 0.17494375 0.8173625 0.18418125000000002 0.8173625 0.18418125000000002 0.8066625000000001
1 0.55978125 0.859975 0.5486187499999999 0.859975 0.5486187499999999 0.8705 0.55978125 0.8705 0.55978125 0.859975
1 0.17853125 0.9737 0.14691875000000001 0.9737 0.14691875000000001 0.997975 0.17853125 0.997975 0.17853125 0.9737
1 0.39495625 0.40189375 0.38579375 0.40189375 0.38579375 0.41305625 0.39495625 0.41305625 0.39495625 0.40189375
1 0.1978 0.596425 0.009925 0.596425 0.009925 0.70485 0.1978 0.70485 0.1978 0.596425
3 0 0.9824999999999999 0.0125 0.98375 0.013750000000000002 0.99375 0.02375 0.99875 0.43499999999999994 0.99875 0.43875000000000003 0.99375 0.46624999999999994 0.98375 0.47000000000000003 0.9775 0.48624999999999996 0.9737500000000001 0.48624999999999996 0.96875 0.49749999999999994 0.9675 0.50125 0.96125 0.525 0.94625 0.5974999999999999 0.875 0.6325000000000001 0.85 0.65625 0.82 0.67 0.81125 0.68125 0.79375 0.69375 0.7675 0.68875 0.7625 0.6925 0.7575000000000001 0.69625 0.75875 0.69875 0.74875 0.7262500000000001 0.70875 0.75875 0.64625 0.7675 0.61875 0.7875 0.58125 0.805 0.5275000000000001 0.83125 0.475 0.85375 0.40875000000000006 0.86625 0.38875000000000004 0.8787499999999999 0.35625 0.9175000000000001 0.28375 0.9574999999999999 0.23125 0.99875 0.15875 0.99875 0.06375 0.94625 0.0625 0.8637499999999999 0.08 0.7875 0.09 0.735 0.08625000000000001 0.7162499999999999 0.08 0.6575 0.07125000000000001 0.5625 0.07125000000000001 0.5375 0.075 0.48875 0.0875 0.43875000000000003 0.095 0.385 0.11625 0.3375 0.17625 0.33375 0.17375000000000002 0.335 0.14875 0.33875 0.14625 0.335 0.135 0.33375 0.1 0.3325 0.09125 0.32625000000000004 0.08375 0.32999999999999996 0.0775 0.3275 0.027500000000000004 0.32625000000000004 0.017499999999999998 0.3175 0.0025 0.30874999999999997 0.0075 0.30375 0 0.008749999999999999 0.00125 0.008749999999999999 0 0 0.00625 0 0.9824999999999999