1 0.72025625 0.49621250000000006 0.68419375 0.49621250000000006 0.68419375 0.5298375 0.72025625 0.5298375 0.72025625 0.49621250000000006
1 0.6843 0.6737375 0.666275 0.6737375 0.666275 0.6924625 0.6843 0.6924625 0.6843 0.6737375
1 0.6873437499999999 0.70508125 0.66618125 0.70508125 0.66618125 0.72166875 0.6873437499999999 0.72166875 0.6873437499999999 0.70508125
1 0.7024125 0.36345625 0.6667375 0.36345625 0.6667375 0.38801874999999997 0.7024125 0.38801874999999997 0.7024125 0.36345625
1 0.6369 0.6677562499999999 0.6003999999999999 0.6677562499999999 0.6003999999999999 0.69064375 0.6369 0.69064375 0.6369 0.6677562499999999
1 0.28535 0.7069124999999999 0.27325 0.7069124999999999 0.27325 0.7198375 0.28535 0.7198375 0.28535 0.7069124999999999
1 0.21727500000000002 0.80243125 0.19165000000000001 0.80243125 0.19165000000000001 0.82256875 0.21727500000000002 0.82256875 0.21727500000000002 0.80243125
1 0.5216999999999999 0.6791750000000001 0.508575 0.6791750000000001 0.508575 0.69485 0.5216999999999999 0.69485 0.5216999999999999 0.6791750000000001
1 0.5561 0.7027875 0.532775 0.7027875 0.532775 0.7249375 0.5561 0.7249375 0.5561 0.7027875
1 0.13846875 0.47452500000000003 0.11103125 0.47452500000000003 0.11103125 0.49617500000000003 0.13846875 0.49617500000000003 0.13846875 0.47452500000000003
1 0.23015625 0.471875 0.20489375 0.471875 0.20489375 0.490525 0.23015625 0.490525 0.23015625 0.471875
1 0.5405875 0.90115 0.5238625 0.90115 0.5238625 0.9191750000000001 0.5405875 0.9191750000000001 0.5405875 0.90115
1 0.4022125 0.6090187499999999 0.3883125 0.6090187499999999 0.3883125 0.6253562500000001 0.4022125 0.6253562500000001 0.4022125 0.6090187499999999
1 0.33136875 0.777775 0.31268125 0.777775 0.31268125 0.7945 0.33136875 0.7945 0.33136875 0.777775
1 0.42755 0.5683625 0.398125 0.5683625 0.398125 0.5986374999999999 0.42755 0.5986374999999999 0.42755 0.5683625
1 0.902275 0.51849375 0.87995 0.51849375 0.87995 0.54108125 0.902275 0.54108125 0.902275 0.51849375
1 0.36083750000000003 0.8479125 0.34326249999999997 0.8479125 0.34326249999999997 0.8640125 0.36083750000000003 0.8640125 0.36083750000000003 0.8479125
1 0.53055625 0.7255 0.5182687500000001 0.7255 0.5182687500000001 0.738375 0.53055625 0.738375 0.53055625 0.7255
1 0.6505375 0.80936875 0.6297375 0.80936875 0.6297375 0.8293062499999999 0.6505375 0.8293062499999999 0.6505375 0.80936875
1 0.9025812500000001 0.65315 0.87769375 0.65315 0.87769375 0.6818 0.9025812500000001 0.6818 0.9025812500000001 0.65315
1 0.33463750000000003 0.54298125 0.3074625 0.54298125 0.3074625 0.56736875 0.33463750000000003 0.56736875 0.33463750000000003 0.54298125
1 0.68355625 0.28045 0.66214375 0.28045 0.66214375 0.3045 0.68355625 0.3045 0.68355625 0.28045
1 0.1693 0.8363625000000001 0.13955 0.8363625000000001 0.13955 0.8657875 0.1693 0.8657875 0.1693 0.8363625000000001
1 0.7964125 0.35179375 0.7533875 0.35179375 0.7533875 0.38110625 0.7964125 0.38110625 0.7964125 0.35179375
1 0.093525 0.6264062499999999 0.064925 0.6264062499999999 0.064925 0.64899375 0.093525 0.64899375 0.093525 0.6264062499999999
1 0.9806687500000001 0.35863125 0.96073125 0.35863125 0.96073125 0.37721875 0.9806687500000001 0.37721875 0.9806687500000001 0.35863125
1 0.63821875 0.23211875 0.6098312499999999 0.23211875 0.6098312499999999 0.26398125 0.63821875 0.26398125 0.63821875 0.23211875
1 0.58723125 0.5381625 0.5621937499999999 0.5381625 0.5621937499999999 0.5673125 0.58723125 0.5673125 0.58723125 0.5381625
1 0.18563125 0.6989062500000001 0.17324375 0.6989062500000001 0.17324375 0.7112437500000001 0.18563125 0.7112437500000001 0.18563125 0.6989062500000001
1 0.562975 0.37355 0.536625 0.37355 0.536625 0.400875 0.562975 0.400875 0.562975 0.37355
1 0.7350187499999999 0.17855625 0.7005312499999999 0.17855625 0.7005312499999999 0.21059375 0.7350187499999999 0.21059375 0.7350187499999999 0.17855625
1 0.23572500000000002 0.7652687499999999 0.22447499999999998 0.7652687499999999 0.22447499999999998 0.77673125 0.23572500000000002 0.77673125 0.23572500000000002 0.7652687499999999
1 0.46102499999999996 0.9191687500000001 0.44814999999999994 0.9191687500000001 0.44814999999999994 0.9343562500000001 0.46102499999999996 0.9343562500000001 0.46102499999999996 0.9191687500000001
1 0.50210625 0.5687562500000001 0.47446875000000005 0.5687562500000001 0.47446875000000005 0.59431875 0.50210625 0.59431875 0.50210625 0.5687562500000001
1 0.9123875 0.81170625 0.8893625000000001 0.81170625 0.8893625000000001 0.8298937499999999 0.9123875 0.8298937499999999 0.9123875 0.81170625
1 0.9087249999999999 0.11898125 0.87935 0.11898125 0.87935 0.14444375 0.9087249999999999 0.14444375 0.9087249999999999 0.11898125
1 0.5949187499999999 0.28425 0.57793125 0.28425 0.57793125 0.30462500000000003 0.5949187499999999 0.30462500000000003 0.5949187499999999 0.28425
1 0.24382500000000001 0.5495625000000001 0.22149999999999997 0.5495625000000001 0.22149999999999997 0.5656625 0.24382500000000001 0.5656625 0.24382500000000001 0.5495625000000001
1 0.77135625 0.1905375 0.73646875 0.1905375 0.73646875 0.2291375 0.77135625 0.2291375 0.77135625 0.1905375
1 0.41911875 0.8983187499999999 0.39778125000000003 0.8983187499999999 0.39778125000000003 0.92493125 0.41911875 0.92493125 0.41911875 0.8983187499999999
1 0.3195125 0.4468875 0.2737375 0.4468875 0.2737375 0.4754875 0.3195125 0.4754875 0.3195125 0.4468875
1 0.6029875 0.31454375 0.5483875 0.31454375 0.5483875 0.36563124999999996 0.6029875 0.36563124999999996 0.6029875 0.31454375
1 0.25478125 0.91225 0.23861875000000002 0.91225 0.23861875000000002 0.9295500000000001 0.25478125 0.9295500000000001 0.25478125 0.91225
1 0.17531875 0.6176999999999999 0.14573125 0.6176999999999999 0.14573125 0.63815 0.17531875 0.63815 0.17531875 0.6176999999999999
1 0.07289999999999999 0.51930625 0.040799999999999996 0.51930625 0.040799999999999996 0.56664375 0.07289999999999999 0.56664375 0.07289999999999999 0.51930625
1 0.7318125 0.5352187500000001 0.7183875 0.5352187500000001 0.7183875 0.5487562500000001 0.7318125 0.5487562500000001 0.7318125 0.5352187500000001
1 0.322125 0.672725 0.304825 0.672725 0.304825 0.6895749999999999 0.322125 0.6895749999999999 0.322125 0.672725
1 0.916925 0.29906875 0.8946 0.29906875 0.8946 0.32055625 0.916925 0.32055625 0.916925 0.29906875
1 0.48668750000000005 0.95749375 0.4732625 0.95749375 0.4732625 0.9751312499999999 0.48668750000000005 0.9751312499999999 0.48668750000000005 0.95749375
1 0.58940625 0.9518125 0.5746687500000001 0.9518125 0.5746687500000001 0.9651875000000001 0.58940625 0.9651875000000001 0.58940625 0.9518125
1 0.41405624999999996 0.58469375 0.40089375 0.58469375 0.40089375 0.59598125 0.41405624999999996 0.59598125 0.41405624999999996 0.58469375
1 0.85759375 0.0202875 0.8240562499999999 0.0202875 0.8240562499999999 0.0569125 0.85759375 0.0569125 0.85759375 0.0202875
1 0.6045812500000001 0.41695000000000004 0.57216875 0.41695000000000004 0.57216875 0.44095000000000006 0.6045812500000001 0.44095000000000006 0.6045812500000001 0.41695000000000004
1 0.556475 0.41744375 0.5197 0.41744375 0.5197 0.48635624999999993 0.556475 0.48635624999999993 0.556475 0.41744375
1 0.80055 0.43728125 0.7863749999999999 0.43728125 0.7863749999999999 0.45139375 0.80055 0.45139375 0.80055 0.43728125
1 0.8353624999999999 0.26671875 0.8238125000000001 0.26671875 0.8238125000000001 0.28748125 0.8353624999999999 0.28748125 0.8353624999999999 0.26671875
1 0.83451875 0.9637687500000001 0.81880625 0.9637687500000001 0.81880625 0.9825312500000001 0.83451875 0.9825312500000001 0.83451875 0.9637687500000001
1 1 0.5984875 0.9618437500000001 0.5984875 0.9618437500000001 0.6612875 1 0.6612875 1 0.5984875
1 0.13547499999999998 0.8044874999999999 0.10047500000000001 0.8044874999999999 0.10047500000000001 0.8556625 0.13547499999999998 0.8556625 0.13547499999999998 0.8044874999999999
1 0.61081875 0.38334999999999997 0.59230625 0.38334999999999997 0.59230625 0.393025 0.61081875 0.393025 0.61081875 0.38334999999999997
1 0.8717499999999999 0.75604375 0.860675 0.75604375 0.860675 0.77033125 0.8717499999999999 0.77033125 0.8717499999999999 0.75604375
1 0.42966875 0.64025 0.40285624999999997 0.64025 0.40285624999999997 0.665425 0.42966875 0.665425 0.42966875 0.64025
1 0.12789375 0.6246375 0.06143125000000001 0.6246375 0.06143125000000001 0.7171624999999999 0.12789375 0.7171624999999999 0.12789375 0.6246375
1 0.5185625 0.6569125 0.5038875 0.6569125 0.5038875 0.6702375 0.5185625 0.6702375 0.5185625 0.6569125
1 0.99999375 0.8510875 0.99590625 0.8510875 0.99590625 0.8666874999999999 0.99999375 0.8666874999999999 0.99999375 0.8510875
1 0.65915 0.4436375 0.63285 0.4436375 0.63285 0.46701249999999994 0.65915 0.46701249999999994 0.65915 0.4436375
1 0.57710625 0.47693125 0.56546875 0.47693125 0.56546875 0.48889375 0.57710625 0.48889375 0.57710625 0.47693125
1 0.5474812499999999 0.4253875 0.53551875 0.4253875 0.53551875 0.4408125 0.5474812499999999 0.4408125 0.5474812499999999 0.4253875
1 0.79510625 0.27851875000000004 0.7166187500000001 0.27851875000000004 0.7166187500000001 0.32060625 0.79510625 0.32060625 0.79510625 0.27851875000000004
1 0.7569312499999999 0.4074 0.7254937499999999 0.4074 0.7254937499999999 0.434875 0.7569312499999999 0.434875 0.7569312499999999 0.4074
1 0.9381562499999999 0.6174999999999999 0.9221937499999999 0.6174999999999999 0.9221937499999999 0.639325 0.9381562499999999 0.639325 0.9381562499999999 0.6174999999999999
1 0.9714625 0.6863374999999999 0.9582375000000001 0.6863374999999999 0.9582375000000001 0.6994125 0.9714625 0.6994125 0.9714625 0.6863374999999999
1 0.9057625 0.37941875 0.8959875 0.37941875 0.8959875 0.38815625 0.9057625 0.38815625 0.9057625 0.37941875
1 0.486325 0.80556875 0.46630000000000005 0.80556875 0.46630000000000005 0.8204062499999999 0.486325 0.8204062499999999 0.486325 0.80556875
1 0.634525 0.47238125000000003 0.6252500000000001 0.47238125000000003 0.6252500000000001 0.48611875 0.634525 0.48611875 0.634525 0.47238125000000003
3 0.8487500000000001 0 0.8412499999999999 0.005 0.835 0.028749999999999998 0.81375 0.05625 0.795 0.09 0.7537499999999999 0.12875 0.6912499999999999 0.16999999999999998 0.625 0.22749999999999998 0.5912499999999999 0.2725 0.54875 0.34875 0.525 0.41875 0.51875 0.47375 0.5225 0.5225 0.5375 0.5599999999999999 0.55125 0.57875 0.5549999999999999 0.595 0.54625 0.61375 0.54 0.61375 0.53125 0.60375 0.51625 0.57375 0.50625 0.53625 0.4925 0.5175 0.4575 0.49375 0.42625 0.48250000000000004 0.35750000000000004 0.445 0.32625000000000004 0.43624999999999997 0.24 0.43624999999999997 0.19624999999999998 0.44625000000000004 0.14125000000000001 0.47000000000000003 0.07875 0.44625000000000004 0.026250000000000002 0.40750000000000003 0.01 0.4 0 0.40125 0 0.4375 0.00625 0.445 0.01125 0.465 0.03 0.5037499999999999 0.0375 0.5375 0.052500000000000005 0.5725 0.07125000000000001 0.7224999999999999 0.08625000000000001 0.7775000000000001 0.11000000000000001 0.8225 0.12125 0.8625 0.13625 0.8862500000000001 0.18375 0.93625 0.24 0.97625 0.2425 0.99875 0.29 0.99875 0.35625 0.9487500000000001 0.375 0.95 0.40750000000000003 0.9650000000000001 0.425 0.96875 0.43375 0.9862500000000001 0.44625000000000004 0.99875 0.7737499999999999 0.99875 0.7825 0.9925 0.78625 0.99875 0.80375 0.99875 0.81375 0.99125 0.83375 0.99375 0.84375 0.9862500000000001 0.84375 0.975 0.8487500000000001 0.9724999999999999 0.8487500000000001 0.9775 0.85375 0.97625 0.8525 0.9824999999999999 0.86 0.9875 0.8550000000000001 0.99375 0.99875 0.9949999999999999 0.99875 0.96875 0.98375 0.9650000000000001 0.985 0.96125 0.99 0.9650000000000001 0.9949999999999999 0.96 0.99375 0.95375 0.99875 0.94625 0.99125 0.94625 0.9949999999999999 0.94375 0.9925 0.93875 0.99875 0.93875 0.99875 0.9225 0.9925 0.91875 0.9824999999999999 0.92875 0.9724999999999999 0.92875 0.9737500000000001 0.9225 0.9675 0.92875 0.96 0.9237500000000001 0.96 0.91375 0.9662499999999999 0.9087500000000001 0.96125 0.9075 0.9625 0.9025000000000001 0.9662499999999999 0.9012499999999999 0.9737500000000001 0.9075 0.99875 0.9037499999999999 0.99875 0.2575 0.91375 0.12625 0.9 0.08125 0.89625 0.0375 0.8887499999999999 0.0075 0.8825 0 0.85875 0 0.85625 0.00375 0.8525 0 0.8487500000000001 0