1 0.33970625 0.45475625 0.27556875000000003 0.45475625 0.27556875000000003 0.50724375 0.33970625 0.50724375 0.33970625 0.45475625
1 0.52635625 0.56518125 0.48806874999999994 0.56518125 0.48806874999999994 0.60141875 0.52635625 0.60141875 0.52635625 0.56518125
1 0.125375 0.40813750000000004 0.101325 0.40813750000000004 0.101325 0.4303375 0.125375 0.4303375 0.125375 0.40813750000000004
1 0.15505 0.2812625 0.13865 0.2812625 0.13865 0.29736250000000003 0.15505 0.29736250000000003 0.15505 0.2812625
1 0.40485625000000003 0.38030624999999996 0.38761875 0.38030624999999996 0.38761875 0.39801875 0.40485625000000003 0.39801875 0.40485625000000003 0.38030624999999996
1 0.14209375 0.37124999999999997 0.11375625 0.37124999999999997 0.11375625 0.3934 0.14209375 0.3934 0.14209375 0.37124999999999997
1 0.43633749999999993 0.33631875 0.41961250000000005 0.33631875 0.41961250000000005 0.35215625 0.43633749999999993 0.35215625 0.43633749999999993 0.33631875
1 0.0977625 0.29284374999999996 0.0853375 0.29284374999999996 0.0853375 0.30383125 0.0977625 0.30383125 0.0977625 0.29284374999999996
1 0.06333124999999999 0.49955625000000003 0.044893749999999996 0.49955625000000003 0.044893749999999996 0.51509375 0.06333124999999999 0.51509375 0.06333124999999999 0.49955625000000003
1 0.23700625 0.67805625 0.22001875 0.67805625 0.22001875 0.69401875 0.23700625 0.69401875 0.23700625 0.67805625
1 0.44361249999999997 0.51434375 0.4235875 0.51434375 0.4235875 0.53448125 0.44361249999999997 0.53448125 0.44361249999999997 0.51434375
1 0.52690625 0.30890625 0.5121687500000001 0.30890625 0.5121687500000001 0.32391875 0.52690625 0.32391875 0.52690625 0.30890625
1 0.23577499999999998 0.226875 0.21905000000000002 0.226875 0.21905000000000002 0.24725000000000003 0.23577499999999998 0.24725000000000003 0.23577499999999998 0.226875
1 0.18246875 0.52609375 0.15860625 0.52609375 0.15860625 0.54813125 0.18246875 0.54813125 0.18246875 0.52609375
1 0.06604375 0.2843 0.04833125 0.2843 0.04833125 0.2992 0.06604375 0.2992 0.06604375 0.2843
1 0.8472125 0.36895625 0.8266125000000001 0.36895625 0.8266125000000001 0.39081875 0.8472125 0.39081875 0.8472125 0.36895625
1 0.5559125 0.3701875 0.5358875000000001 0.3701875 0.5358875000000001 0.3925125 0.5559125 0.3925125 0.5559125 0.3701875
1 0.681775 0.41191875 0.663925 0.41191875 0.663925 0.42890625 0.681775 0.42890625 0.681775 0.41191875
1 0.17811875 0.76785625 0.15708125 0.76785625 0.15708125 0.78684375 0.17811875 0.78684375 0.17811875 0.76785625
1 0.12434375 0.229475 0.10880625 0.229475 0.10880625 0.24415 0.12434375 0.24415 0.12434375 0.229475
1 0.238875 0.80579375 0.21742499999999998 0.80579375 0.21742499999999998 0.82213125 0.238875 0.82213125 0.238875 0.80579375
1 0.1445125 0.71491875 0.1272125 0.71491875 0.1272125 0.73138125 0.1445125 0.73138125 0.1445125 0.71491875
1 0.33315 0.61165625 0.31235 0.61165625 0.31235 0.63151875 0.33315 0.63151875 0.33315 0.61165625
1 0.60106875 0.33415 0.58448125 0.33415 0.58448125 0.34945 0.60106875 0.34945 0.60106875 0.33415
1 0.38308749999999997 0.179125 0.36741250000000003 0.179125 0.36741250000000003 0.19515 0.38308749999999997 0.19515 0.38308749999999997 0.179125
1 0.66209375 0.29985 0.63770625 0.29985 0.63770625 0.32465 0.66209375 0.32465 0.66209375 0.29985
1 0.6082875 0.2693875 0.5860375 0.2693875 0.5860375 0.2896875 0.6082875 0.2896875 0.6082875 0.2693875
1 0.42594374999999995 0.612 0.40803124999999996 0.612 0.40803124999999996 0.628225 0.42594374999999995 0.628225 0.42594374999999995 0.612
1 0.22108750000000002 0.18340625 0.20371250000000002 0.18340625 0.20371250000000002 0.19841875 0.22108750000000002 0.19841875 0.22108750000000002 0.18340625
1 0.8173625 0.29713124999999996 0.7959125 0.29713124999999996 0.7959125 0.31614375 0.8173625 0.31614375 0.8173625 0.29713124999999996
1 0.1870125 0.3135 0.1694375 0.3135 0.1694375 0.326625 0.1870125 0.326625 0.1870125 0.3135
1 0.17766875 0.7942625 0.15655625 0.7942625 0.15655625 0.8131625 0.17766875 0.8131625 0.17766875 0.7942625
1 0.63249375 0.5653625 0.61848125 0.5653625 0.61848125 0.5781875000000001 0.63249375 0.5781875000000001 0.63249375 0.5653625
1 0.022387499999999998 0.49158125 0.0035624999999999997 0.49158125 0.0035624999999999997 0.50791875 0.022387499999999998 0.50791875 0.022387499999999998 0.49158125
1 0.50023125 0.2037 0.47829375 0.2037 0.47829375 0.228925 0.50023125 0.228925 0.50023125 0.2037
1 0.9342812500000001 0.29489375 0.91729375 0.29489375 0.91729375 0.31105625 0.9342812500000001 0.31105625 0.9342812500000001 0.29489375
1 0.2686375 0.18756875 0.2567625 0.18756875 0.2567625 0.20110625 0.2686375 0.20110625 0.2686375 0.18756875
1 0.37693750000000004 0.81955625 0.3613375 0.81955625 0.3613375 0.83474375 0.37693750000000004 0.83474375 0.37693750000000004 0.81955625
1 0.49704375 0.59879375 0.47463125 0.59879375 0.47463125 0.61995625 0.49704375 0.61995625 0.49704375 0.59879375
1 0.8766937499999999 0.277475 0.85573125 0.277475 0.85573125 0.297725 0.8766937499999999 0.297725 0.8766937499999999 0.277475
1 0.42936874999999997 0.9288125 0.41535625 0.9288125 0.41535625 0.9442375000000001 0.42936874999999997 0.9442375000000001 0.42936874999999997 0.9288125
1 0.6245 0.23572500000000002 0.60305 0.23572500000000002 0.60305 0.25915 0.6245 0.25915 0.6245 0.23572500000000002
1 0.22239375 0.89325625 0.20338124999999999 0.89325625 0.20338124999999999 0.91339375 0.22239375 0.91339375 0.22239375 0.89325625
1 0.4372375 0.8807124999999999 0.4216375 0.8807124999999999 0.4216375 0.8956625 0.4372375 0.8956625 0.4372375 0.8807124999999999
1 0.5078375 0.8154 0.49216249999999995 0.8154 0.49216249999999995 0.831075 0.5078375 0.831075 0.5078375 0.8154
1 0.32431875 0.68280625 0.30555625000000003 0.68280625 0.30555625000000003 0.70294375 0.32431875 0.70294375 0.32431875 0.68280625
1 0.47951249999999995 0.9214874999999999 0.4638375 0.9214874999999999 0.4638375 0.9369125 0.47951249999999995 0.9369125 0.47951249999999995 0.9214874999999999
1 0.3432875 0.6790875 0.3002625 0.6790875 0.3002625 0.7154375 0.3432875 0.7154375 0.3432875 0.6790875
1 0.5001375 0.48713125 0.4871625 0.48713125 0.4871625 0.50309375 0.5001375 0.50309375 0.5001375 0.48713125
1 0.19874375 0.23370625 0.17528125 0.23370625 0.17528125 0.25506875 0.19874375 0.25506875 0.19874375 0.23370625
1 0.1288625 0.8382687499999999 0.11076250000000001 0.8382687499999999 0.11076250000000001 0.85803125 0.1288625 0.85803125 0.1288625 0.8382687499999999
1 0.23248125000000003 0.7334937499999999 0.19549375 0.7334937499999999 0.19549375 0.75673125 0.23248125000000003 0.75673125 0.23248125000000003 0.7334937499999999
1 0.8946 0.35699375 0.881775 0.35699375 0.881775 0.37200625 0.8946 0.37200625 0.8946 0.35699375
1 0.71105 0.43506875 0.6971499999999999 0.43506875 0.6971499999999999 0.45165625 0.71105 0.45165625 0.71105 0.43506875
1 0.77559375 0.4791125 0.75565625 0.4791125 0.75565625 0.4969625 0.77559375 0.4969625 0.77559375 0.4791125
1 0.21149374999999998 0.81979375 0.19378125 0.81979375 0.19378125 0.8374312500000001 0.21149374999999998 0.8374312500000001 0.21149374999999998 0.81979375
1 0.29376250000000004 0.79753125 0.2785125 0.79753125 0.2785125 0.81476875 0.29376250000000004 0.81476875 0.29376250000000004 0.79753125
1 0.27101875 0.69716875 0.25583125 0.69716875 0.25583125 0.7120062500000001 0.27101875 0.7120062500000001 0.27101875 0.69716875
1 0.63519375 0.3553375 0.60993125 0.3553375 0.60993125 0.3780625 0.63519375 0.3780625 0.63519375 0.3553375
1 0.69778125 0.37368125 0.6801437499999999 0.37368125 0.6801437499999999 0.39046875000000003 0.69778125 0.39046875000000003 0.69778125 0.37368125
1 0.33298125 0.7906625 0.30814375 0.7906625 0.30814375 0.8128624999999999 0.33298125 0.8128624999999999 0.33298125 0.7906625
1 0.8003562499999999 0.40273125 0.7748437499999999 0.40273125 0.7748437499999999 0.42196875 0.8003562499999999 0.42196875 0.8003562499999999 0.40273125
1 0.199225 0.95235 0.1792 0.95235 0.1792 0.9714750000000001 0.199225 0.9714750000000001 0.199225 0.95235
1 0.3975625 0.823825 0.3841875 0.823825 0.3841875 0.8372999999999999 0.3975625 0.8372999999999999 0.3975625 0.823825
1 0.406125 0.7382625 0.377575 0.7382625 0.377575 0.7636875 0.406125 0.7636875 0.406125 0.7382625
1 0.9942875000000001 0.30826875 0.9725125 0.30826875 0.9725125 0.32943125 0.9942875000000001 0.32943125 0.9942875000000001 0.30826875
1 0.29656875 0.337675 0.26543125 0.337675 0.26543125 0.37374999999999997 0.29656875 0.37374999999999997 0.29656875 0.337675
1 0.3456625 0.8439687499999999 0.3232875 0.8439687499999999 0.3232875 0.86013125 0.3456625 0.86013125 0.3456625 0.8439687499999999
1 0.8694062499999999 0.5215 0.8532437500000001 0.5215 0.8532437500000001 0.5371 0.8694062499999999 0.5371 0.8694062499999999 0.5215
1 0.8084875 0.42114375 0.7911125 0.42114375 0.7911125 0.43773125 0.8084875 0.43773125 0.8084875 0.42114375
1 0.41891875 0.49356875 0.38578125 0.49356875 0.38578125 0.51913125 0.41891875 0.51913125 0.41891875 0.49356875
1 0.7365875 0.61371875 0.7253375 0.61371875 0.7253375 0.62358125 0.7365875 0.62358125 0.7365875 0.61371875
1 0.8985562500000001 0.39220625 0.87096875 0.39220625 0.87096875 0.41296875 0.8985562500000001 0.41296875 0.8985562500000001 0.39220625
1 0.6972 0.26675 0.6641250000000001 0.26675 0.6641250000000001 0.302575 0.6972 0.302575 0.6972 0.26675
1 0.2101 0.24776250000000002 0.197375 0.24776250000000002 0.197375 0.2605375 0.2101 0.2605375 0.2101 0.24776250000000002
1 0.26548125 0.9538500000000001 0.25064375 0.9538500000000001 0.25064375 0.97095 0.26548125 0.97095 0.26548125 0.9538500000000001
1 0.6033937500000001 0.4515625 0.56458125 0.4515625 0.56458125 0.48446249999999996 0.6033937500000001 0.48446249999999996 0.6033937500000001 0.4515625
1 0.08225625 0.89655625 0.059843749999999994 0.89655625 0.059843749999999994 0.9354687500000001 0.08225625 0.9354687500000001 0.08225625 0.89655625
1 0.5896625 0.21422500000000003 0.5617125 0.21422500000000003 0.5617125 0.24207499999999998 0.5896625 0.24207499999999998 0.5896625 0.21422500000000003
1 0.5293625 0.4152125 0.4999375 0.4152125 0.4999375 0.4426875 0.5293625 0.4426875 0.5293625 0.4152125
1 0.827275 0.54186875 0.803575 0.54186875 0.803575 0.56263125 0.827275 0.56263125 0.827275 0.54186875
1 0.3016875 0.664075 0.28718750000000004 0.664075 0.28718750000000004 0.67675 0.3016875 0.67675 0.3016875 0.664075
1 0.37573124999999996 0.6474624999999999 0.33861875 0.6474624999999999 0.33861875 0.6777375 0.37573124999999996 0.6777375 0.37573124999999996 0.6474624999999999
1 0.730075 0.92695 0.70255 0.92695 0.70255 0.9519500000000001 0.730075 0.9519500000000001 0.730075 0.92695
1 0.6985 0.939625 0.6804 0.939625 0.6804 0.958825 0.6985 0.958825 0.6985 0.939625
1 0.56224375 0.8282875000000001 0.54323125 0.8282875000000001 0.54323125 0.8445625 0.56224375 0.8445625 0.56224375 0.8282875000000001
1 0.169825 0.95759375 0.154875 0.95759375 0.154875 0.97405625 0.169825 0.97405625 0.169825 0.95759375
1 0.503225 0.8861625 0.49189999999999995 0.8861625 0.49189999999999995 0.8989874999999999 0.503225 0.8989874999999999 0.503225 0.8861625
1 0.47601250000000006 0.88055625 0.4644125 0.88055625 0.4644125 0.89289375 0.47601250000000006 0.89289375 0.47601250000000006 0.88055625
1 0.95859375 0.381475 0.9437562500000001 0.381475 0.9437562500000001 0.395375 0.95859375 0.395375 0.95859375 0.381475
1 0.08110625 0.28220625 0.04219375 0.28220625 0.04219375 0.34131875 0.08110625 0.34131875 0.08110625 0.28220625
1 0.36969375000000004 0.41248125 0.32415625000000003 0.41248125 0.32415625000000003 0.43566874999999994 0.36969375000000004 0.43566874999999994 0.36969375000000004 0.41248125
1 0.23648125000000003 0.3599375 0.19051875000000001 0.3599375 0.19051875000000001 0.40421250000000003 0.23648125000000003 0.40421250000000003 0.23648125000000003 0.3599375
1 0.96111875 0.38058125 0.9353562500000001 0.38058125 0.9353562500000001 0.42654375 0.96111875 0.42654375 0.96111875 0.38058125
1 0.50848125 0.7863374999999999 0.49834375 0.7863374999999999 0.49834375 0.7996125000000001 0.50848125 0.7996125000000001 0.50848125 0.7863374999999999
1 0.37170000000000003 0.1405875 0.352425 0.1405875 0.352425 0.1509125 0.37170000000000003 0.1509125 0.37170000000000003 0.1405875
1 0.6438937499999999 0.688675 0.6315062499999999 0.688675 0.6315062499999999 0.6980500000000001 0.6438937499999999 0.6980500000000001 0.6438937499999999 0.688675
1 1 0.381 0.992225 0.381 0.992225 0.393425 1 0.393425 1 0.381
1 0.523825 0.69275 0.5084 0.69275 0.5084 0.70765 0.523825 0.70765 0.523825 0.69275
1 0.46268125 0.1633375 0.42941874999999996 0.1633375 0.42941874999999996 0.1884625 0.46268125 0.1884625 0.46268125 0.1633375
1 0.94624375 0.43775624999999996 0.9258312500000001 0.43775624999999996 0.9258312500000001 0.45824375 0.94624375 0.45824375 0.94624375 0.43775624999999996
1 0.32323124999999997 0.29025 0.29834375 0.29025 0.29834375 0.313275 0.32323124999999997 0.313275 0.32323124999999997 0.29025
1 0.58751875 1 0.58751875 0.99166875 0.57555625 0.99166875 0.57555625 1 0.58751875 1
1 0.53059375 0.93838125 0.49968124999999997 0.93838125 0.49968124999999997 0.96981875 0.53059375 0.96981875 0.53059375 0.93838125
1 0.40749375 0.9692500000000001 0.39620625 0.9692500000000001 0.39620625 0.981925 0.40749375 0.981925 0.40749375 0.9692500000000001
1 0.6330375 0.73076875 0.6159875 0.73076875 0.6159875 0.75068125 0.6330375 0.75068125 0.6330375 0.73076875
1 0.78286875 0.95086875 0.74643125 0.95086875 0.74643125 0.99640625 0.78286875 0.99640625 0.78286875 0.95086875
1 0.3363875 0.9755499999999999 0.3237625 0.9755499999999999 0.3237625 0.9961249999999999 0.3363875 0.9961249999999999 0.3363875 0.9755499999999999
1 0.43236875 0.005375 0.42505625 0.005375 0.42505625 0.0149 0.43236875 0.0149 0.43236875 0.005375
1 0.7212500000000001 0.6199375 0.6869500000000001 0.6199375 0.6869500000000001 0.6495875 0.7212500000000001 0.6495875 0.7212500000000001 0.6199375
1 0.76933125 0.9537437499999999 0.74824375 0.9537437499999999 0.74824375 0.97693125 0.76933125 0.97693125 0.76933125 0.9537437499999999
1 0.40070625 0.0591 0.39274375 0.0591 0.39274375 0.069075 0.40070625 0.069075 0.40070625 0.0591
1 0.48918125 0.1937 0.42976875000000003 0.1937 0.42976875000000003 0.303375 0.48918125 0.303375 0.48918125 0.1937
1 0.48903749999999996 0.0626625 0.4772625 0.0626625 0.4772625 0.0761375 0.48903749999999996 0.0761375 0.48903749999999996 0.0626625
1 0.49844375 0.00520625 0.49178125 0.00520625 0.49178125 0.01506875 0.49844375 0.01506875 0.49844375 0.00520625
3 0 0.99875 0.31875 0.99875 0.32125 0.9925 0.32375 0.99875 0.5650000000000001 0.99875 0.5875 0.99125 0.59375 0.99875 0.66125 0.99875 0.66625 0.9949999999999999 0.67125 0.99875 0.69625 0.99875 0.7 0.9949999999999999 0.70375 0.99875 0.71375 0.9949999999999999 0.71875 0.99875 0.75 0.99875 0.75125 0.99125 0.75625 0.99375 0.755 0.9862500000000001 0.74125 0.97875 0.74375 0.975 0.7474999999999999 0.97625 0.74875 0.97 0.7375 0.9662499999999999 0.7474999999999999 0.95625 0.74875 0.9375 0.7525000000000001 0.9349999999999999 0.74875 0.92125 0.74125 0.91625 0.7462500000000001 0.9087500000000001 0.73375 0.9 0.7325 0.89125 0.725 0.885 0.725 0.87625 0.72 0.8712500000000001 0.7162499999999999 0.875 0.7025 0.8699999999999999 0.71 0.865 0.7025 0.8612500000000001 0.705 0.85625 0.7025 0.86 0.6975 0.8574999999999999 0.705 0.8487500000000001 0.6950000000000001 0.8487500000000001 0.69875 0.85375 0.69375 0.85875 0.6875 0.8550000000000001 0.68875 0.85 0.69375 0.8525 0.69375 0.84375 0.6875 0.8387499999999999 0.6912499999999999 0.8324999999999999 0.6875 0.8300000000000001 0.6849999999999999 0.81375 0.665 0.8074999999999999 0.6637500000000001 0.7975 0.65625 0.79375 0.65625 0.7875 0.66125 0.7825 0.6475 0.78 0.64125 0.7675 0.63125 0.7625 0.63 0.75125 0.62375 0.7474999999999999 0.6275000000000001 0.74 0.625 0.7275 0.63375 0.72375 0.6325000000000001 0.72 0.63875 0.71875 0.6575 0.6950000000000001 0.66625 0.6925 0.69625 0.67 0.71375 0.6625 0.8087500000000001 0.6 0.81125 0.59375 0.8412499999999999 0.5700000000000001 0.8862500000000001 0.52125 0.89 0.51 0.9125 0.48875 0.915 0.47874999999999995 0.9262499999999999 0.475 0.945 0.45875000000000005 0.9425000000000001 0.44625000000000004 0.95875 0.445 0.9675 0.4325 0.9925 0.41125 0.99875 0.40374999999999994 0.99875 0.28625 0.9637499999999999 0.27999999999999997 0.91875 0.27999999999999997 0.8724999999999999 0.27125 0.8125 0.25625 0.7575000000000001 0.23374999999999999 0.57375 0.18 0.47125000000000006 0.16125 0.425 0.14875 0.3725 0.14250000000000002 0.36375 0.14250000000000002 0.27875 0.155 0.20375000000000001 0.15875 0.15 0.16999999999999998 0.07625 0.20125 0.0325 0.23374999999999999 0.005 0.26375000000000004 0 0.26375000000000004 0 0.99875