1 0.605025 0.590175 0.5526500000000001 0.590175 0.5526500000000001 0.649275 0.605025 0.649275 0.605025 0.590175
1 0.35269375 0.573125 0.32065625 0.573125 0.32065625 0.60755 0.35269375 0.60755 0.35269375 0.573125
1 0.49422499999999997 0.7731375 0.4755 0.7731375 0.4755 0.7893625 0.49422499999999997 0.7893625 0.49422499999999997 0.7731375
1 0.5378375 0.43931250000000005 0.5227125 0.43931250000000005 0.5227125 0.4532625 0.5378375 0.4532625 0.5378375 0.43931250000000005
1 0.69990625 0.41078749999999997 0.68291875 0.41078749999999997 0.68291875 0.4280875 0.69990625 0.4280875 0.69990625 0.41078749999999997
1 0.84230625 0.383475 0.81979375 0.383475 0.81979375 0.4051 0.84230625 0.4051 0.84230625 0.383475
1 0.43945625 0.567275 0.41699374999999994 0.567275 0.41699374999999994 0.588975 0.43945625 0.588975 0.43945625 0.567275
1 0.46753125000000006 0.43562500000000004 0.41821875000000003 0.43562500000000004 0.41821875000000003 0.46477500000000005 0.46753125000000006 0.46477500000000005 0.46753125000000006 0.43562500000000004
1 0.59183125 0.47867499999999996 0.54781875 0.47867499999999996 0.54781875 0.50815 0.59183125 0.50815 0.59183125 0.47867499999999996
1 0.848475 0.42073124999999995 0.8321999999999999 0.42073124999999995 0.8321999999999999 0.43474375 0.848475 0.43474375 0.848475 0.42073124999999995
1 0.563725 0.48468125000000006 0.54955 0.48468125000000006 0.54955 0.49821875000000004 0.563725 0.49821875000000004 0.563725 0.48468125000000006
1 0.57941875 0.59878125 0.56218125 0.59878125 0.56218125 0.61801875 0.57941875 0.61801875 0.57941875 0.59878125
3 0.6975 0.8675 0.74375 0.79875 0.7725 0.7375 0.7925 0.66625 0.80375 0.56875 0.795 0.5375 0.79625 0.51 0.81125 0.48250000000000004 0.8387499999999999 0.44875 0.9099999999999999 0.39125 0.825 0.36625 0.78 0.33375 0.735 0.29125 0.7125 0.27875 0.63875 0.2625 0.575 0.2575 0.43375 0.27125 0.3975 0.28250000000000003 0.2875 0.35 0.225 0.40750000000000003 0.18375 0.4325 0.16125 0.43624999999999997 0.1525 0.40750000000000003 0.14875 0.34875 0.1075 0.2525 0.07875 0.13874999999999998 0.03875 0.05375 0.0125 0.0125 0.00125 0.0025 0 0.99875 0.56125 0.99875 0.5974999999999999 0.95875 0.6975 0.8675