1 0.35975625 0.28600625 0.31514375 0.28600625 0.31514375 0.32199374999999997 0.35975625 0.32199374999999997 0.35975625 0.28600625
1 0.6341125 0.19058124999999998 0.6149125 0.19058124999999998 0.6149125 0.21249375 0.6341125 0.21249375 0.6341125 0.19058124999999998
1 0.641275 0.10461875000000001 0.6224000000000001 0.10461875000000001 0.6224000000000001 0.12573125000000002 0.641275 0.12573125000000002 0.641275 0.10461875000000001
1 0.7937000000000001 0.33468125 0.7776 0.33468125 0.7776 0.35231875 0.7937000000000001 0.35231875 0.7937000000000001 0.33468125
1 0.14763125 0.65278125 0.12971875 0.65278125 0.12971875 0.6724187500000001 0.14763125 0.6724187500000001 0.14763125 0.65278125
1 0.8250375 0.28488125000000003 0.8097375 0.28488125000000003 0.8097375 0.30251875 0.8250375 0.30251875 0.8250375 0.28488125000000003
1 0.68865 0.24193125000000001 0.6609499999999999 0.24193125000000001 0.6609499999999999 0.26149374999999997 0.68865 0.26149374999999997 0.68865 0.24193125000000001
1 0.5835625 0.44355625 0.5560875000000001 0.44355625 0.5560875000000001 0.48026875 0.5835625 0.48026875 0.5835625 0.44355625
1 0.0948875 0.636 0.0681875 0.636 0.0681875 0.66575 0.0948875 0.66575 0.0948875 0.636
1 0.8814875000000001 0.38995 0.8714375000000001 0.38995 0.8714375000000001 0.40252499999999997 0.8814875000000001 0.40252499999999997 0.8814875000000001 0.38995
1 0.671975 0.24410625000000002 0.661025 0.24410625000000002 0.661025 0.25784375000000004 0.671975 0.25784375000000004 0.671975 0.24410625000000002
1 0.45669375 0.13824375 0.44565625000000003 0.13824375 0.44565625000000003 0.14935625 0.45669375 0.14935625 0.45669375 0.13824375
1 0.16748125 0.39390000000000003 0.15649375000000001 0.39390000000000003 0.15649375000000001 0.40737500000000004 0.16748125 0.40737500000000004 0.16748125 0.39390000000000003
1 0.8823874999999999 0.24735625 0.8695625 0.24735625 0.8695625 0.26534375 0.8823874999999999 0.26534375 0.8823874999999999 0.24735625
1 0.8648125 0.3254125 0.8510125000000001 0.3254125 0.8510125000000001 0.3396375 0.8648125 0.3396375 0.8648125 0.3254125
1 0.241525 0.5997 0.229425 0.5997 0.229425 0.612225 0.241525 0.612225 0.241525 0.5997
1 0.8195937499999999 0.46721250000000003 0.80735625 0.46721250000000003 0.80735625 0.48053749999999995 0.8195937499999999 0.48053749999999995 0.8195937499999999 0.46721250000000003
1 0.124725 0.64565625 0.09207499999999999 0.64565625 0.09207499999999999 0.67661875 0.124725 0.67661875 0.124725 0.64565625
1 0.46061874999999997 0.5082687499999999 0.44465625 0.5082687499999999 0.44465625 0.5386062500000001 0.46061874999999997 0.5386062500000001 0.46061874999999997 0.5082687499999999
1 0.685225 0.085225 0.6683 0.085225 0.6683 0.0985 0.685225 0.0985 0.685225 0.085225
1 0.54098125 0.3759125 0.52934375 0.3759125 0.52934375 0.3887375 0.54098125 0.3887375 0.54098125 0.3759125
1 0.20139374999999998 0.23623124999999998 0.18948125 0.23623124999999998 0.18948125 0.24814375000000002 0.20139374999999998 0.24814375000000002 0.20139374999999998 0.23623124999999998
1 0.3042375 0.17865 0.2914625 0.17865 0.2914625 0.191475 0.3042375 0.191475 0.3042375 0.17865
1 0.434875 0.21215 0.41035000000000005 0.21215 0.41035000000000005 0.23657499999999998 0.434875 0.23657499999999998 0.434875 0.21215
1 0.227325 0.75169375 0.21164999999999998 0.75169375 0.21164999999999998 0.76393125 0.227325 0.76393125 0.227325 0.75169375
1 0.21960000000000002 0.004368749999999999 0.20692499999999997 0.004368749999999999 0.20692499999999997 0.01795625 0.21960000000000002 0.01795625 0.21960000000000002 0.004368749999999999
1 0.75771875 0.27444375 0.74715625 0.27444375 0.74715625 0.28855624999999996 0.75771875 0.28855624999999996 0.75771875 0.27444375
1 0.9789 0.3331375 0.9673999999999999 0.3331375 0.9673999999999999 0.3460625 0.9789 0.3460625 0.9789 0.3331375
1 0.5368062499999999 0.53209375 0.49541874999999996 0.53209375 0.49541874999999996 0.58803125 0.5368062499999999 0.58803125 0.5368062499999999 0.53209375
1 0.97525 0.12003749999999999 0.9602999999999999 0.12003749999999999 0.9602999999999999 0.13191250000000002 0.97525 0.13191250000000002 0.97525 0.12003749999999999
1 0.7856062500000001 0.17425625 0.77396875 0.17425625 0.77396875 0.18779375 0.7856062500000001 0.18779375 0.7856062500000001 0.17425625
1 0.0678375 0.336325 0.0543625 0.336325 0.0543625 0.34775 0.0678375 0.34775 0.0678375 0.336325
1 0.2964125 0.69620625 0.2865875 0.69620625 0.2865875 0.7061437500000001 0.2964125 0.7061437500000001 0.2964125 0.69620625
1 0.8767437499999999 0.42634999999999995 0.8674062499999999 0.42634999999999995 0.8674062499999999 0.438875 0.8767437499999999 0.438875 0.8767437499999999 0.42634999999999995
1 0.75103125 0.33160625 0.74116875 0.33160625 0.74116875 0.34221875 0.75103125 0.34221875 0.75103125 0.33160625
1 0.0804625 0.64839375 0.0650375 0.64839375 0.0650375 0.66800625 0.0804625 0.66800625 0.0804625 0.64839375
1 0.51588125 0.5564625000000001 0.49094375 0.5564625000000001 0.49094375 0.5929625 0.51588125 0.5929625 0.51588125 0.5564625000000001
1 0.52011875 0.40289374999999994 0.51113125 0.40289374999999994 0.51113125 0.42865624999999996 0.52011875 0.42865624999999996 0.52011875 0.40289374999999994
1 0.69983125 0.37258125 0.6898187499999999 0.37258125 0.6898187499999999 0.38719375 0.69983125 0.38719375 0.69983125 0.37258125
1 0.16550625000000002 0.75179375 0.15381875 0.75179375 0.15381875 0.76188125 0.16550625000000002 0.76188125 0.16550625000000002 0.75179375
1 0.7351 0.11880625 0.72485 0.11880625 0.72485 0.13009375 0.7351 0.13009375 0.7351 0.11880625
1 0.384625 0.6856875 0.37417500000000004 0.6856875 0.37417500000000004 0.6961375000000001 0.384625 0.6961375000000001 0.384625 0.6856875
1 0.1493875 0.7936875 0.1343125 0.7936875 0.1343125 0.8029875000000001 0.1493875 0.8029875000000001 0.1493875 0.7936875
3 0.3125 0 0.305 0.0225 0.2625 0.10375000000000001 0.255 0.1375 0.14375 0.1925 0.03375 0.27 0.0125 0.28250000000000003 0 0.28250000000000003 0 0.595 0.01125 0.6025 0.01 0.6125 0.0225 0.645 0.10625 0.7625 0.11499999999999999 0.78 0.1275 0.8375 0.14125000000000001 0.86625 0.15625 0.8724999999999999 0.16 0.8675 0.16875 0.86625 0.17375000000000002 0.85875 0.18125 0.85625 0.20125 0.82125 0.22125 0.8012499999999999 0.23125 0.7837500000000001 0.23500000000000001 0.7875 0.25125000000000003 0.7737499999999999 0.26749999999999996 0.76875 0.28250000000000003 0.75875 0.3 0.755 0.325 0.73875 0.32999999999999996 0.74 0.34625 0.73125 0.35375 0.72375 0.36124999999999996 0.72375 0.3725 0.705 0.37625000000000003 0.71 0.39 0.70125 0.4 0.6925 0.39875 0.6837500000000001 0.41125 0.6799999999999999 0.41875 0.6675 0.4225 0.66875 0.4225 0.67375 0.43375 0.6575 0.45 0.64375 0.45 0.65 0.45375 0.65 0.4625 0.64125 0.45999999999999996 0.6375 0.46624999999999994 0.6375 0.46375 0.6287499999999999 0.46749999999999997 0.62625 0.47000000000000003 0.63375 0.475 0.625 0.48875 0.615 0.495 0.60625 0.495 0.5962500000000001 0.49749999999999994 0.59375 0.5 0.6012500000000001 0.5025000000000001 0.6 0.50875 0.58 0.5175 0.575 0.51625 0.57125 0.5287499999999999 0.5599999999999999 0.54375 0.5325 0.55125 0.5287499999999999 0.56375 0.505 0.56375 0.49124999999999996 0.5675 0.49749999999999994 0.5725 0.47375 0.595 0.43499999999999994 0.61125 0.3675 0.6975 0.46125 0.75125 0.5 0.8375 0.5325 0.93125 0.545 0.99875 0.54375 0.99875 0 0.9924537499999999 0 0.3125 0