1 0.5757125000000001 0.82768125 0.5109874999999999 0.82768125 0.5109874999999999 0.8669437500000001 0.5757125000000001 0.8669437500000001 0.5757125000000001 0.82768125
1 0.7931812500000001 0.8159375000000001 0.77419375 0.8159375000000001 0.77419375 0.8354374999999999 0.7931812500000001 0.8354374999999999 0.7931812500000001 0.8159375000000001
1 0.6126625 0.8623312500000001 0.5904625 0.8623312500000001 0.5904625 0.8847437499999999 0.6126625 0.8847437499999999 0.6126625 0.8623312500000001
1 0.0528 0.9775499999999999 0.03215 0.9775499999999999 0.03215 0.99705 0.0528 0.99705 0.0528 0.9775499999999999
1 0.31725 0.48 0.29162499999999997 0.48 0.29162499999999997 0.508275 0.31725 0.508275 0.31725 0.48
1 0.7377374999999999 0.94821875 0.7251624999999999 0.94821875 0.7251624999999999 0.96683125 0.7377374999999999 0.96683125 0.7377374999999999 0.94821875
1 0.7284937499999999 0.7916000000000001 0.71485625 0.7916000000000001 0.71485625 0.808975 0.7284937499999999 0.808975 0.7284937499999999 0.7916000000000001
1 0.3818625 0.8956500000000001 0.3661875 0.8956500000000001 0.3661875 0.91295 0.3818625 0.91295 0.3818625 0.8956500000000001
1 0.42304375 1 0.42304375 0.98885 0.40313125000000005 0.98885 0.40313125000000005 1 0.42304375 1
1 0.1804375 0.8573812500000001 0.1645375 0.8573812500000001 0.1645375 0.87309375 0.1804375 0.87309375 0.1804375 0.8573812500000001
1 0.37951250000000003 0.46489375 0.2879625 0.46489375 0.2879625 0.52290625 0.37951250000000003 0.52290625 0.37951250000000003 0.46489375
1 0.6791375000000001 0.42623125 0.6558125 0.42623125 0.6558125 0.45169375 0.6791375000000001 0.45169375 0.6791375000000001 0.42623125
1 0.45028750000000006 0.704925 0.43691250000000004 0.704925 0.43691250000000004 0.719875 0.45028750000000006 0.719875 0.45028750000000006 0.704925
1 0.23544375 0.8166625 0.22060624999999998 0.8166625 0.22060624999999998 0.8317875000000001 0.23544375 0.8317875000000001 0.23544375 0.8166625
1 0.7917125 0.32388125 0.7590625 0.32388125 0.7590625 0.35629374999999996 0.7917125 0.35629374999999996 0.7917125 0.32388125
1 0.4304125 0.4171875 0.4177375 0.4171875 0.4177375 0.43046249999999997 0.4304125 0.43046249999999997 0.4304125 0.4171875
1 0.07633124999999999 0.85795625 0.057343750000000006 0.85795625 0.057343750000000006 0.87349375 0.07633124999999999 0.87349375 0.07633124999999999 0.85795625
1 0.4400875 0.89748125 0.42661249999999995 0.89748125 0.42661249999999995 0.91209375 0.4400875 0.91209375 0.4400875 0.89748125
1 0.35970625 0.94575625 0.34291875 0.94575625 0.34291875 0.9614687500000001 0.35970625 0.9614687500000001 0.35970625 0.94575625
1 0.39139375 0.7821312500000001 0.37910625 0.7821312500000001 0.37910625 0.79696875 0.39139375 0.79696875 0.39139375 0.7821312500000001
1 0.1678125 0.32849375 0.1539625 0.32849375 0.1539625 0.34288124999999997 0.1678125 0.34288124999999997 0.1678125 0.32849375
1 0.65045 0.63829375 0.637625 0.63829375 0.637625 0.65078125 0.65045 0.65078125 0.65045 0.63829375
1 0.7083625 0.90599375 0.6959375 0.90599375 0.6959375 0.91823125 0.7083625 0.91823125 0.7083625 0.90599375
1 0.42535625 0.9711437500000001 0.40276875 0.9711437500000001 0.40276875 0.99858125 0.42535625 0.99858125 0.42535625 0.9711437500000001
1 0.71118125 0.4709 0.62964375 0.4709 0.62964375 0.5090749999999999 0.71118125 0.5090749999999999 0.71118125 0.4709
1 0.53901875 0.9248125 0.52348125 0.9248125 0.52348125 0.9511625 0.53901875 0.9511625 0.53901875 0.9248125
1 0.6891875 0.4213 0.6272125 0.4213 0.6272125 0.486425 0.6891875 0.486425 0.6891875 0.4213
1 0.5035375 0.98050625 0.4940125 0.98050625 0.4940125 0.99409375 0.5035375 0.99409375 0.5035375 0.98050625
1 0.51094375 0.47221875 0.49100625000000003 0.47221875 0.49100625000000003 0.49263124999999997 0.51094375 0.49263124999999997 0.51094375 0.47221875
1 0.3348625 0.78981875 0.3213875 0.78981875 0.3213875 0.80880625 0.3348625 0.80880625 0.3348625 0.78981875
1 0.5154375 0.560775 0.49336250000000004 0.560775 0.49336250000000004 0.58375 0.5154375 0.58375 0.5154375 0.560775
1 0.7969125 0.7755687499999999 0.6972375000000001 0.7755687499999999 0.6972375000000001 0.9627062499999999 0.7969125 0.9627062499999999 0.7969125 0.7755687499999999
1 0.48631250000000004 0.81269375 0.4751125 0.81269375 0.4751125 0.82988125 0.48631250000000004 0.82988125 0.48631250000000004 0.81269375
1 0.46058750000000004 0.5302687500000001 0.44761249999999997 0.5302687500000001 0.44761249999999997 0.54395625 0.46058750000000004 0.54395625 0.46058750000000004 0.5302687500000001
1 0.86234375 0.327875 0.8427312499999999 0.327875 0.8427312499999999 0.3479 0.86234375 0.3479 0.86234375 0.327875
1 0.8921749999999999 0.477125 0.8685750000000001 0.477125 0.8685750000000001 0.49552500000000005 0.8921749999999999 0.49552500000000005 0.8921749999999999 0.477125
1 0.3343375 0.5823875000000001 0.3233875 0.5823875000000001 0.3233875 0.6012125 0.3343375 0.6012125 0.3343375 0.5823875000000001
1 0.5353625 0.36679375 0.5095625 0.36679375 0.5095625 0.39003125 0.5353625 0.39003125 0.5353625 0.36679375
1 0.06761875 0.9075875 0.05145625 0.9075875 0.05145625 0.9244375 0.06761875 0.9244375 0.06761875 0.9075875
1 0.5797 0.76114375 0.5658000000000001 0.76114375 0.5658000000000001 0.77793125 0.5797 0.77793125 0.5797 0.76114375
3 0.48375 0 0.46875 0.01625 0.45 0.058750000000000004 0.43499999999999994 0.155 0.42125 0.1675 0.39125 0.1625 0.275 0.11499999999999999 0.19375 0.0925 0.135 0.08625000000000001 0.0725 0.08499999999999999 0 0.09 0 0.31875 0.005 0.32125 0.03 0.365 0.0625 0.40374999999999994 0.16 0.49124999999999996 0.185 0.50875 0.20375000000000001 0.5325 0.20249999999999999 0.545 0.19125 0.55375 0.1325 0.56375 0.075 0.5862499999999999 0.04375 0.60375 0 0.64125 0 0.99375 0.013750000000000002 0.99875 0.5 0.99875 0.50875 0.9949999999999999 0.51375 0.99875 0.81375 0.99875 0.82125 0.99125 0.8412499999999999 0.94625 0.8525 0.9099999999999999 0.86 0.85625 0.86 0.8275 0.8474999999999999 0.70125 0.81875 0.6212500000000001 0.7925 0.58125 0.76375 0.55625 0.67875 0.50625 0.6799999999999999 0.4925 0.6975 0.485 0.6925 0.48375 0.67 0.49375 0.665 0.50125 0.66125 0.49749999999999994 0.6587500000000001 0.5025000000000001 0.6537499999999999 0.49874999999999997 0.64625 0.5075000000000001 0.6375 0.5075000000000001 0.63375 0.515 0.63125 0.50875 0.6212500000000001 0.5125 0.61875 0.5175 0.62375 0.52 0.6224999999999999 0.5225 0.60875 0.5225 0.6075 0.50875 0.61125 0.50625 0.61625 0.51375 0.61125 0.505 0.61875 0.505 0.62375 0.5 0.615 0.50125 0.6075 0.4925 0.6012500000000001 0.495 0.59875 0.48875 0.60375 0.47625 0.60875 0.47625 0.61 0.48375 0.61625 0.48624999999999996 0.6125 0.48 0.6174999999999999 0.47375 0.61875 0.4625 0.6287499999999999 0.45999999999999996 0.63125 0.445 0.64125 0.445 0.64 0.45125000000000004 0.64625 0.45125000000000004 0.6475 0.43 0.6525000000000001 0.42750000000000005 0.6575 0.43624999999999997 0.6675 0.43624999999999997 0.67 0.4425 0.66625 0.44749999999999995 0.6599999999999999 0.445 0.64625 0.4625 0.6475 0.47375 0.6599999999999999 0.48375 0.6675 0.475 0.67625 0.47750000000000004 0.705 0.4725 0.72 0.47874999999999995 0.76125 0.47874999999999995 0.81125 0.48875 0.8324999999999999 0.49749999999999994 0.8412499999999999 0.49625 0.8462500000000001 0.50125 0.865 0.50625 0.87625 0.505 0.8787499999999999 0.51 0.9175000000000001 0.5175 0.95875 0.5325 0.9712500000000001 0.5325 0.9887499999999999 0.54125 0.99875 0.54125 0.99875 0.53125 0.99375 0.5287499999999999 0.99875 0.5125 0.99125 0.5075000000000001 0.97625 0.5037499999999999 0.97 0.51125 0.9650000000000001 0.49749999999999994 0.9337500000000001 0.49375 0.91625 0.48624999999999996 0.9099999999999999 0.48624999999999996 0.915 0.48875 0.9099999999999999 0.49124999999999996 0.9012499999999999 0.48125 0.88375 0.48 0.8775000000000001 0.475 0.8724999999999999 0.47874999999999995 0.86875 0.47375 0.835 0.4625 0.8412499999999999 0.45875000000000005 0.8487500000000001 0.46125 0.8574999999999999 0.4525 0.95625 0.45 0.99875 0.44375 0.99875 0.1325 0.95375 0.1375 0.9075 0.15375 0.8800000000000001 0.155 0.87375 0.1525 0.85125 0.1275 0.81875 0.05625 0.79875 0.028749999999999998 0.7675 0.0025 0.62625 0 0.6197725000000001 0 0.48375 0