1 0.5602875 0.47767499999999996 0.5359875 0.47767499999999996 0.5359875 0.49952500000000005 0.5602875 0.49952500000000005 0.5602875 0.47767499999999996
1 0.51605 0.49776875 0.503475 0.49776875 0.503475 0.50905625 0.51605 0.50905625 0.51605 0.49776875
1 0.6695875 0.51320625 0.6546375 0.51320625 0.6546375 0.52781875 0.6695875 0.52781875 0.6695875 0.51320625
1 0.6662375 0.4841375 0.6491875 0.4841375 0.6491875 0.4997375 0.6662375 0.4997375 0.6662375 0.4841375
1 0.51569375 0.55881875 0.49798125000000004 0.55881875 0.49798125000000004 0.57498125 0.51569375 0.57498125 0.51569375 0.55881875
1 0.54918125 0.383275 0.53479375 0.383275 0.53479375 0.39649999999999996 0.54918125 0.39649999999999996 0.54918125 0.383275
1 0.351575 0.48877499999999996 0.33740000000000003 0.48877499999999996 0.33740000000000003 0.50145 0.351575 0.50145 0.351575 0.48877499999999996
1 0.42295 0.5110187500000001 0.41200000000000003 0.5110187500000001 0.41200000000000003 0.52218125 0.42295 0.52218125 0.42295 0.5110187500000001
1 0.07439375000000001 0.284775 0.060006250000000004 0.284775 0.060006250000000004 0.30067499999999997 0.07439375000000001 0.30067499999999997 0.07439375000000001 0.284775
1 0.23302499999999998 0.40798750000000006 0.21789999999999998 0.40798750000000006 0.21789999999999998 0.4230625 0.23302499999999998 0.4230625 0.23302499999999998 0.40798750000000006
1 0.7493875 0.41373125 0.7291375 0.41373125 0.7291375 0.43051874999999995 0.7493875 0.43051874999999995 0.7493875 0.41373125
1 0.46223125 0.60955625 0.44744375 0.60955625 0.44744375 0.62384375 0.46223125 0.62384375 0.46223125 0.60955625
1 0.314575 0.61021875 0.296275 0.61021875 0.296275 0.6309812499999999 0.314575 0.6309812499999999 0.314575 0.61021875
1 0.43425 0.66843125 0.41535 0.66843125 0.41535 0.6870437500000001 0.43425 0.6870437500000001 0.43425 0.66843125
1 0.36685 0.58015625 0.34750000000000003 0.58015625 0.34750000000000003 0.60149375 0.36685 0.60149375 0.36685 0.58015625
1 0.5310875 0.6295625 0.5148125 0.6295625 0.5148125 0.6448625 0.5310875 0.6448625 0.5310875 0.6295625
1 0.6580375 0.6109375 0.6427375 0.6109375 0.6427375 0.6263625 0.6580375 0.6263625 0.6580375 0.6109375
1 0.11731875 0.6372875 0.10253125 0.6372875 0.10253125 0.6517875 0.11731875 0.6517875 0.11731875 0.6372875
1 0.13765 0.3919625 0.12162500000000001 0.3919625 0.12162500000000001 0.4068625 0.13765 0.4068625 0.13765 0.3919625
1 0.27216874999999996 0.47207499999999997 0.25858125 0.47207499999999997 0.25858125 0.48545 0.27216874999999996 0.48545 0.27216874999999996 0.47207499999999997
1 0.20999374999999998 0.647325 0.19235625 0.647325 0.19235625 0.663225 0.20999374999999998 0.663225 0.20999374999999998 0.647325
1 0.21123124999999998 0.72605625 0.19331875 0.72605625 0.19331875 0.74464375 0.21123124999999998 0.74464375 0.21123124999999998 0.72605625
1 0.27545625 0.66634375 0.25774375 0.66634375 0.25774375 0.68620625 0.27545625 0.68620625 0.27545625 0.66634375
1 0.60729375 0.69753125 0.59290625 0.69753125 0.59290625 0.71164375 0.60729375 0.71164375 0.60729375 0.69753125
1 0.1623125 0.64604375 0.14578750000000001 0.64604375 0.14578750000000001 0.66158125 0.1623125 0.66158125 0.1623125 0.64604375
1 0.61261875 0.41266875000000003 0.60028125 0.41266875000000003 0.60028125 0.43010624999999997 0.61261875 0.43010624999999997 0.61261875 0.41266875000000003
1 0.49857500000000005 0.8637312500000001 0.48529999999999995 0.8637312500000001 0.48529999999999995 0.87746875 0.49857500000000005 0.87746875 0.49857500000000005 0.8637312500000001
1 0.71146875 0.43646874999999996 0.68893125 0.43646874999999996 0.68893125 0.45563125 0.71146875 0.45563125 0.71146875 0.43646874999999996
1 0.357525 0.45048125 0.3451 0.45048125 0.3451 0.46211874999999997 0.357525 0.46211874999999997 0.357525 0.45048125
1 0.48875 0.5670875 0.470725 0.5670875 0.470725 0.5833125 0.48875 0.5833125 0.48875 0.5670875
1 0.362425 0.7100625 0.34900000000000003 0.7100625 0.34900000000000003 0.7235375000000001 0.362425 0.7235375000000001 0.362425 0.7100625
1 0.17231875000000002 0.3601875 0.15508125 0.3601875 0.15508125 0.3732125 0.17231875000000002 0.3732125 0.17231875000000002 0.3601875
1 0.06658125000000001 0.5765625 0.05139375 0.5765625 0.05139375 0.5943375 0.06658125000000001 0.5943375 0.06658125000000001 0.5765625
1 0.18233125 0.1918375 0.16874375 0.1918375 0.16874375 0.2070875 0.18233125 0.2070875 0.18233125 0.1918375
1 0.6502 0.84958125 0.63495 0.84958125 0.63495 0.86331875 0.6502 0.86331875 0.6502 0.84958125
1 0.27925625 0.7179375 0.26126875 0.7179375 0.26126875 0.7371375 0.27925625 0.7371375 0.27925625 0.7179375
1 0.07234375 0.22525 0.05985625 0.22525 0.05985625 0.237875 0.07234375 0.237875 0.07234375 0.22525
1 0.32156250000000003 0.69235625 0.2970875 0.69235625 0.2970875 0.71876875 0.32156250000000003 0.71876875 0.32156250000000003 0.69235625
1 0.65801875 0.8159750000000001 0.64568125 0.8159750000000001 0.64568125 0.8275750000000001 0.65801875 0.8275750000000001 0.65801875 0.8159750000000001
1 0.56711875 0.60548125 0.5530062499999999 0.60548125 0.5530062499999999 0.61716875 0.56711875 0.61716875 0.56711875 0.60548125
1 0.3845 0.65125625 0.36745 0.65125625 0.36745 0.66709375 0.3845 0.66709375 0.3845 0.65125625
1 0.66968125 0.438825 0.64866875 0.438825 0.64866875 0.4606 0.66968125 0.4606 0.66968125 0.438825
1 0.202325 0.5424249999999999 0.183425 0.5424249999999999 0.183425 0.55915 0.202325 0.55915 0.202325 0.5424249999999999
1 0.6957125 0.59398125 0.6831875000000001 0.59398125 0.6831875000000001 0.60621875 0.6957125 0.60621875 0.6957125 0.59398125
1 0.6545124999999999 0.42120625 0.6394375 0.42120625 0.6394375 0.43669375 0.6545124999999999 0.43669375 0.6545124999999999 0.42120625
1 0.78448125 0.46315 0.7633687499999999 0.46315 0.7633687499999999 0.481175 0.78448125 0.481175 0.78448125 0.46315
1 0.03301875 0.6468875 0.01200625 0.6468875 0.01200625 0.6656125 0.03301875 0.6656125 0.03301875 0.6468875
1 0.53880625 0.65378125 0.51784375 0.65378125 0.51784375 0.67239375 0.53880625 0.67239375 0.53880625 0.65378125
1 0.24411875 0.2232625 0.22828125 0.2232625 0.22828125 0.24036249999999998 0.24411875 0.24036249999999998 0.24411875 0.2232625
1 0.4276 0.9026875000000001 0.414675 0.9026875000000001 0.414675 0.9166375 0.4276 0.9166375 0.4276 0.9026875000000001
1 0.8108187499999999 0.42304375 0.79465625 0.42304375 0.79465625 0.44023124999999996 0.8108187499999999 0.44023124999999996 0.8108187499999999 0.42304375
1 0.30796875 0.28945 0.29163125 0.28945 0.29163125 0.3126 0.30796875 0.3126 0.30796875 0.28945
1 0.3003125 0.63351875 0.2846375 0.63351875 0.2846375 0.64870625 0.3003125 0.64870625 0.3003125 0.63351875
1 0.24645 0.19644375 0.23085 0.19644375 0.23085 0.21543125000000002 0.24645 0.21543125000000002 0.24645 0.19644375
1 0.62860625 0.34775 0.60576875 0.34775 0.60576875 0.371975 0.62860625 0.371975 0.62860625 0.34775
1 0.73431875 0.5620937500000001 0.71588125 0.5620937500000001 0.71588125 0.58243125 0.73431875 0.58243125 0.73431875 0.5620937500000001
1 0.1649125 0.0998375 0.1488125 0.0998375 0.1488125 0.12001250000000001 0.1649125 0.12001250000000001 0.1649125 0.0998375
1 0.525325 0.718525 0.50105 0.718525 0.50105 0.735575 0.525325 0.735575 0.525325 0.718525
1 0.36176875000000003 0.6803874999999999 0.34770625 0.6803874999999999 0.34770625 0.6946125000000001 0.36176875000000003 0.6946125000000001 0.36176875000000003 0.6803874999999999
1 0.6997687499999999 0.5579 0.67425625 0.5579 0.67425625 0.5837 0.6997687499999999 0.5837 0.6997687499999999 0.5579
1 0.07478125 0.43660625 0.05081875 0.43660625 0.05081875 0.45889375 0.07478125 0.45889375 0.07478125 0.43660625
1 0.7362875 0.6090187499999999 0.7197625000000001 0.6090187499999999 0.7197625000000001 0.6253562500000001 0.7362875 0.6253562500000001 0.7362875 0.6090187499999999
1 0.082025 0.164325 0.057025000000000006 0.164325 0.057025000000000006 0.18505 0.082025 0.18505 0.082025 0.164325
1 0.7618437499999999 0.6078187500000001 0.7410812499999999 0.6078187500000001 0.7410812499999999 0.62460625 0.7618437499999999 0.62460625 0.7618437499999999 0.6078187500000001
1 0.59999375 0.77544375 0.57188125 0.77544375 0.57188125 0.79585625 0.59999375 0.79585625 0.59999375 0.77544375
1 0.7603375 0.31316875 0.7416125 0.31316875 0.7416125 0.33088125 0.7603375 0.33088125 0.7603375 0.31316875
1 0.24794999999999998 0.2439 0.233 0.2439 0.233 0.26 0.24794999999999998 0.26 0.24794999999999998 0.2439
1 0.6317375000000001 0.8736375000000001 0.6153375 0.8736375000000001 0.6153375 0.8900375 0.6317375000000001 0.8900375 0.6317375000000001 0.8736375000000001
1 0.1575875 0.736625 0.1302625 0.736625 0.1302625 0.76045 0.1575875 0.76045 0.1575875 0.736625
1 0.25698750000000004 0.70881875 0.23861249999999998 0.70881875 0.23861249999999998 0.72478125 0.25698750000000004 0.72478125 0.25698750000000004 0.70881875
1 0.58955 0.8862 0.57745 0.8862 0.57745 0.897975 0.58955 0.897975 0.58955 0.8862
1 0.0658875 0.758775 0.0516625 0.758775 0.0516625 0.77345 0.0658875 0.77345 0.0658875 0.758775
1 0.5250375 0.8684312500000001 0.5110875 0.8684312500000001 0.5110875 0.8874187499999999 0.5250375 0.8874187499999999 0.5250375 0.8684312500000001
1 0.750425 0.3629 0.72615 0.3629 0.72615 0.388075 0.750425 0.388075 0.750425 0.3629
1 0.11526875 0.9038562499999999 0.10115624999999999 0.9038562499999999 0.10115624999999999 0.9184187500000001 0.11526875 0.9184187500000001 0.11526875 0.9038562499999999
1 0.0864375 0.78694375 0.0722625 0.78694375 0.0722625 0.8009562499999999 0.0864375 0.8009562499999999 0.0864375 0.78694375
1 0.17770625 0.8904562500000001 0.16019375 0.8904562500000001 0.16019375 0.9064187499999999 0.17770625 0.9064187499999999 0.17770625 0.8904562500000001
1 0.65425625 0.32524375 0.63871875 0.32524375 0.63871875 0.33980625 0.65425625 0.33980625 0.65425625 0.32524375
1 0.73569375 0.304425 0.7154812500000001 0.304425 0.7154812500000001 0.322525 0.73569375 0.322525 0.73569375 0.304425
1 0.57130625 0.6943374999999999 0.55271875 0.6943374999999999 0.55271875 0.7041125 0.57130625 0.7041125 0.57130625 0.6943374999999999
1 0.61689375 0.54301875 0.59503125 0.54301875 0.59503125 0.57710625 0.61689375 0.57710625 0.61689375 0.54301875
1 0.28805000000000003 0.5157125 0.275425 0.5157125 0.275425 0.5282375 0.28805000000000003 0.5282375 0.28805000000000003 0.5157125
1 0.75540625 0.72946875 0.73579375 0.72946875 0.73579375 0.74808125 0.75540625 0.74808125 0.75540625 0.72946875
1 0.44368749999999996 0.79171875 0.43181250000000004 0.79171875 0.43181250000000004 0.80788125 0.44368749999999996 0.80788125 0.44368749999999996 0.79171875
1 0.6106374999999999 0.9244 0.6003125 0.9244 0.6003125 0.9359500000000001 0.6106374999999999 0.9359500000000001 0.6106374999999999 0.9244
1 0.13873125 0.93976875 0.12444375 0.93976875 0.12444375 0.95573125 0.13873125 0.95573125 0.13873125 0.93976875
1 0.30998125 0.5742812500000001 0.29596875 0.5742812500000001 0.29596875 0.5878187500000001 0.30998125 0.5878187500000001 0.30998125 0.5742812500000001
1 0.059275 0.052875000000000005 0.0479 0.052875000000000005 0.0479 0.06595 0.059275 0.06595 0.059275 0.052875000000000005
1 0.3107375 0.9181437499999999 0.2991375 0.9181437499999999 0.2991375 0.9324312499999999 0.3107375 0.9324312499999999 0.3107375 0.9181437499999999
1 0.31393125 0.22521249999999998 0.29201875 0.22521249999999998 0.29201875 0.2481875 0.31393125 0.2481875 0.31393125 0.22521249999999998
1 0.76233125 0.63600625 0.74156875 0.63600625 0.74156875 0.65501875 0.76233125 0.65501875 0.76233125 0.63600625
1 0.39399375000000003 0.8072125 0.37845625 0.8072125 0.37845625 0.8168124999999999 0.39399375000000003 0.8168124999999999 0.39399375000000003 0.8072125
1 0.40886875 0.39237500000000003 0.39240624999999996 0.39237500000000003 0.39240624999999996 0.40499999999999997 0.40886875 0.40499999999999997 0.40886875 0.39237500000000003
1 0.5577875 0.9451562499999999 0.5467125 0.9451562499999999 0.5467125 0.95524375 0.5577875 0.95524375 0.5577875 0.9451562499999999
1 0.56088125 0.8019125 0.53286875 0.8019125 0.53286875 0.8377375 0.56088125 0.8377375 0.56088125 0.8019125
1 0.013593749999999998 0.8682437500000001 0.00000625 0.8682437500000001 0.00000625 0.88858125 0.013593749999999998 0.88858125 0.013593749999999998 0.8682437500000001
1 0.304325 0.2075375 0.285025 0.2075375 0.285025 0.22923749999999998 0.304325 0.22923749999999998 0.304325 0.2075375
1 0.42196875 0.6183625 0.39590625 0.6183625 0.39590625 0.6589875000000001 0.42196875 0.6589875000000001 0.42196875 0.6183625
1 0.62831875 0.8611000000000001 0.61583125 0.8611000000000001 0.61583125 0.8723000000000001 0.62831875 0.8723000000000001 0.62831875 0.8611000000000001
1 0 0.6102375 0.021975 0.6102375 0.021975 0.5801875 0 0.5801875 0 0.6102375
1 0.11363749999999999 0.19005624999999998 0.0949875 0.19005624999999998 0.0949875 0.22204375 0.11363749999999999 0.22204375 0.11363749999999999 0.19005624999999998
1 0.46080625 0.97376875 0.43959374999999995 0.97376875 0.43959374999999995 0.99010625 0.46080625 0.99010625 0.46080625 0.97376875
1 0.27229375 0.42925625 0.24820625000000002 0.42925625 0.24820625000000002 0.45501874999999997 0.27229375 0.45501874999999997 0.27229375 0.42925625
1 0.86748125 0.2556 0.8463937500000001 0.2556 0.8463937500000001 0.278575 0.86748125 0.278575 0.86748125 0.2556
1 0.1754875 0.8095125 0.1387125 0.8095125 0.1387125 0.8408875 0.1754875 0.8408875 0.1754875 0.8095125
1 0.82265 0.36339375 0.80625 0.36339375 0.80625 0.38758125 0.82265 0.38758125 0.82265 0.36339375
1 0.5794875 0.8574624999999999 0.5689625 0.8574624999999999 0.5689625 0.8671374999999999 0.5794875 0.8671374999999999 0.5794875 0.8574624999999999
1 0.33458125 0.5772125 0.32019375 0.5772125 0.32019375 0.5995375000000001 0.33458125 0.5995375000000001 0.33458125 0.5772125
1 0.6853875 0.8426125000000001 0.6769125 0.8426125000000001 0.6769125 0.8507374999999999 0.6853875 0.8507374999999999 0.6853875 0.8426125000000001
1 0.48884375 0.64416875 0.44230625 0.64416875 0.44230625 0.69275625 0.48884375 0.69275625 0.48884375 0.64416875
1 0.82891875 0.89274375 0.8224562499999999 0.89274375 0.8224562499999999 0.90023125 0.82891875 0.90023125 0.82891875 0.89274375
1 0.7313875000000001 0.5467375 0.7236875 0.5467375 0.7236875 0.5538375 0.7313875000000001 0.5538375 0.7313875000000001 0.5467375
1 0.2544375 0.8757125 0.2099125 0.8757125 0.2099125 0.9104125 0.2544375 0.9104125 0.2544375 0.8757125
1 0.7876562500000001 0.9052374999999999 0.78069375 0.9052374999999999 0.78069375 0.9131125000000001 0.7876562500000001 0.9131125000000001 0.7876562500000001 0.9052374999999999
1 0.70435 0.88889375 0.6931 0.88889375 0.6931 0.9001812499999999 0.70435 0.9001812499999999 0.70435 0.88889375
1 0.9730187499999999 0.8905749999999999 0.9615562499999999 0.8905749999999999 0.9615562499999999 0.9023999999999999 0.9730187499999999 0.9023999999999999 0.9730187499999999 0.8905749999999999
1 0.88615625 0.88261875 0.8706687499999999 0.88261875 0.8706687499999999 0.90155625 0.88615625 0.90155625 0.88615625 0.88261875
1 0.5549062499999999 0.6204500000000001 0.54764375 0.6204500000000001 0.54764375 0.6275999999999999 0.5549062499999999 0.6275999999999999 0.5549062499999999 0.6204500000000001
1 0.9334 0.43455000000000005 0.925975 0.43455000000000005 0.925975 0.439475 0.9334 0.439475 0.9334 0.43455000000000005
3 0.008749999999999999 0 0.005 0.04625 0 0.06 0 0.9887499999999999 0.06875 0.9925 0.11125 0.99 0.13 0.98375 0.16625 0.96 0.22374999999999998 0.9075 0.22875 0.915 0.22999999999999998 0.9550000000000001 0.23374999999999999 0.9662499999999999 0.22999999999999998 0.96875 0.2325 0.98375 0.22875 0.98375 0.22749999999999998 0.99125 0.22875 0.9949999999999999 0.23500000000000001 0.99375 0.24 0.99875 0.24375 0.99 0.2425 0.9650000000000001 0.2475 0.95 0.2475 0.9199999999999999 0.24125000000000002 0.91875 0.24375 0.91375 0.2475 0.9175000000000001 0.25875 0.8975 0.26 0.9075 0.27999999999999997 0.9412499999999999 0.28250000000000003 0.9525 0.2875 0.9550000000000001 0.2975 0.9737500000000001 0.32875 0.99875 0.5525 0.99875 0.5962500000000001 0.9800000000000001 0.6275000000000001 0.95875 0.66875 0.91625 0.7474999999999999 0.7887500000000001 0.75875 0.73375 0.7787499999999999 0.6675 0.7887500000000001 0.5912499999999999 0.8 0.5387500000000001 0.805 0.48624999999999996 0.8087500000000001 0.48125 0.81875 0.42125 0.8474999999999999 0.34750000000000003 0.8637499999999999 0.2925 0.8675 0.27 0.865 0.23875000000000002 0.80625 0.25125000000000003 0.70375 0.29625 0.60875 0.3125 0.5650000000000001 0.3275 0.45375 0.39125 0.43875000000000003 0.40750000000000003 0.43624999999999997 0.41624999999999995 0.425 0.4225 0.42000000000000004 0.4175 0.41624999999999995 0.39875 0.38875000000000004 0.3275 0.36625 0.28250000000000003 0.34249999999999997 0.2425 0.31 0.19875 0.21000000000000002 0.1025 0.1375 0.0475 0.08625000000000001 0 0.07979125000000001 0 0.008749999999999999 0