1 0.6806 0.2610125 0.654725 0.2610125 0.654725 0.2926625 0.6806 0.2926625 0.6806 0.2610125
1 0.14984999999999998 0.39565 0.12675 0.39565 0.12675 0.41929999999999995 0.14984999999999998 0.41929999999999995 0.14984999999999998 0.39565
1 0.8702249999999999 0.5050874999999999 0.8485250000000001 0.5050874999999999 0.8485250000000001 0.5290874999999999 0.8702249999999999 0.5290874999999999 0.8702249999999999 0.5050874999999999
1 0.82848125 0.68834375 0.8043437499999999 0.68834375 0.8043437499999999 0.7091062499999999 0.82848125 0.7091062499999999 0.82848125 0.68834375
1 0.61441875 0.33799375 0.59358125 0.33799375 0.59358125 0.35633125 0.61441875 0.35633125 0.61441875 0.33799375
1 0.7903625 0.3284875 0.7711625 0.3284875 0.7711625 0.3472875 0.7903625 0.3472875 0.7903625 0.3284875
1 0.1543 0.30023125 0.12987500000000002 0.30023125 0.12987500000000002 0.32134375 0.1543 0.32134375 0.1543 0.30023125
1 0.33150625 0.5617875 0.31399374999999996 0.5617875 0.31399374999999996 0.5788375 0.33150625 0.5788375 0.33150625 0.5617875
1 0.59876875 0.67995625 0.55845625 0.67995625 0.55845625 0.71749375 0.59876875 0.71749375 0.59876875 0.67995625
1 0.41626874999999997 0.5453375 0.39428125 0.5453375 0.39428125 0.5659875000000001 0.41626874999999997 0.5659875000000001 0.41626874999999997 0.5453375
1 0.65028125 0.7349812499999999 0.61534375 0.7349812499999999 0.61534375 0.77086875 0.65028125 0.77086875 0.65028125 0.7349812499999999
1 0.20348125 0.27285624999999997 0.18494375000000002 0.27285624999999997 0.18494375000000002 0.28719375 0.20348125 0.28719375 0.20348125 0.27285624999999997
1 0.8422875 0.3520375 0.8247125000000001 0.3520375 0.8247125000000001 0.3701375 0.8422875 0.3701375 0.8422875 0.3520375
1 0.43354375 0.6644812499999999 0.41313125 0.6644812499999999 0.41313125 0.6821937499999999 0.43354375 0.6821937499999999 0.43354375 0.6644812499999999
1 0.8013625 0.2417875 0.7562625 0.2417875 0.7562625 0.2796875 0.8013625 0.2796875 0.8013625 0.2417875
1 0.43533125000000006 0.10648125 0.40304375 0.10648125 0.40304375 0.13669375 0.43533125000000006 0.13669375 0.43533125000000006 0.10648125
1 0.036756250000000004 0.05588125000000001 0.00004375 0.05588125000000001 0.00004375 0.09634374999999999 0.036756250000000004 0.09634374999999999 0.036756250000000004 0.05588125000000001
1 0.43724999999999997 0.45579375000000005 0.413825 0.45579375000000005 0.413825 0.48073125 0.43724999999999997 0.48073125 0.43724999999999997 0.45579375000000005
1 0.87415 0.4634125 0.85925 0.4634125 0.85925 0.4799375 0.87415 0.4799375 0.87415 0.4634125
1 0.6277874999999999 0.318175 0.6144125 0.318175 0.6144125 0.33075 0.6277874999999999 0.33075 0.6277874999999999 0.318175
1 0.4813625 0.0666 0.4693125 0.0666 0.4693125 0.08185 0.4813625 0.08185 0.4813625 0.0666
1 0.7794375 0.6495124999999999 0.7635375 0.6495124999999999 0.7635375 0.6649375 0.7794375 0.6649375 0.7794375 0.6495124999999999
1 0.6891499999999999 0.1448875 0.67705 0.1448875 0.67705 0.1576125 0.6891499999999999 0.1576125 0.6891499999999999 0.1448875
1 0.544175 0.30818124999999996 0.5271250000000001 0.30818124999999996 0.5271250000000001 0.32219375 0.544175 0.32219375 0.544175 0.30818124999999996
1 0.19304375000000001 0.45651875000000003 0.17830625 0.45651875000000003 0.17830625 0.47318125 0.19304375000000001 0.47318125 0.19304375000000001 0.45651875000000003
1 0.3671125 0.5031375 0.3482125 0.5031375 0.3482125 0.5222625 0.3671125 0.5222625 0.3671125 0.5031375
1 0.29085625 0.49280625 0.27651875000000004 0.49280625 0.27651875000000004 0.50719375 0.29085625 0.50719375 0.29085625 0.49280625
1 0.21483124999999997 0.4573125 0.20021874999999997 0.4573125 0.20021874999999997 0.4699375 0.21483124999999997 0.4699375 0.21483124999999997 0.4573125
1 0.5438500000000001 0.5575249999999999 0.528425 0.5575249999999999 0.528425 0.5704 0.5438500000000001 0.5704 0.5438500000000001 0.5575249999999999
1 0.3213375 0.37506875 0.3080625 0.37506875 0.3080625 0.38860625 0.3213375 0.38860625 0.3213375 0.37506875
1 0.43143125 0.6263875 0.41914375000000004 0.6263875 0.41914375000000004 0.6372875 0.43143125 0.6372875 0.43143125 0.6263875
1 0.36825625 0.71385625 0.35586875 0.71385625 0.35586875 0.72559375 0.36825625 0.72559375 0.36825625 0.71385625
1 0.9100625000000001 0.553575 0.8956125 0.553575 0.8956125 0.571425 0.9100625000000001 0.571425 0.9100625000000001 0.553575
1 0.26159374999999996 0.31155 0.25013125 0.31155 0.25013125 0.3237 0.26159374999999996 0.3237 0.26159374999999996 0.31155
1 0.7354437500000001 0.43609375000000006 0.72550625 0.43609375000000006 0.72550625 0.44525625 0.7354437500000001 0.44525625 0.7354437500000001 0.43609375000000006
1 0.74763125 0.7139 0.7299187500000001 0.7139 0.7299187500000001 0.730425 0.74763125 0.730425 0.74763125 0.7139
1 0.6012187499999999 0.52195 0.5892062499999999 0.52195 0.5892062499999999 0.533725 0.6012187499999999 0.533725 0.6012187499999999 0.52195
1 0.53395625 0.14529375 0.52366875 0.14529375 0.52366875 0.15523125 0.53395625 0.15523125 0.53395625 0.14529375
1 0.88523125 0.7127 0.8715937500000001 0.7127 0.8715937500000001 0.725775 0.88523125 0.725775 0.88523125 0.7127
1 0.4734375 0.05425624999999999 0.4640625 0.05425624999999999 0.4640625 0.06439375 0.4734375 0.06439375 0.4734375 0.05425624999999999
1 0.28365625 0.5569437500000001 0.27201875000000003 0.5569437500000001 0.27201875000000003 0.56708125 0.28365625 0.56708125 0.28365625 0.5569437500000001
1 0.8422124999999999 0.30580625 0.8198874999999999 0.30580625 0.8198874999999999 0.33041875 0.8422124999999999 0.33041875 0.8422124999999999 0.30580625
1 0.23129375 0.60399375 0.22158125 0.60399375 0.22158125 0.61573125 0.23129375 0.61573125 0.23129375 0.60399375
1 0.54786875 0.521675 0.54003125 0.521675 0.54003125 0.5291 0.54786875 0.5291 0.54786875 0.521675
1 0.8579625 0.72153125 0.8461375 0.72153125 0.8461375 0.73256875 0.8579625 0.73256875 0.8579625 0.72153125
1 0.04600625 0.5416624999999999 0.02809375 0.5416624999999999 0.02809375 0.5569625 0.04600625 0.5569625 0.04600625 0.5416624999999999
1 0.7504187499999999 0.7126 0.6949062500000001 0.7126 0.6949062500000001 0.755175 0.7504187499999999 0.755175 0.7504187499999999 0.7126
1 0.21033125 0.2723625 0.12659375 0.2723625 0.12659375 0.3292125 0.21033125 0.3292125 0.21033125 0.2723625
1 0.6046437499999999 0.0013625 0.56820625 0.0013625 0.56820625 0.0261125 0.6046437499999999 0.0261125 0.6046437499999999 0.0013625
1 0.6408750000000001 0.31355 0.586675 0.31355 0.586675 0.360275 0.6408750000000001 0.360275 0.6408750000000001 0.31355
1 0.50981875 0.1532625 0.49018125 0.1532625 0.49018125 0.1773125 0.50981875 0.1773125 0.50981875 0.1532625
1 0.5310875 0.46584375 0.5216375 0.46584375 0.5216375 0.47555625 0.5310875 0.47555625 0.5310875 0.46584375
1 0.3907 0.6319625 0.3798 0.6319625 0.3798 0.6453875 0.3907 0.6453875 0.3907 0.6319625
1 0.9162437499999999 0.5341 0.9060312500000001 0.5341 0.9060312500000001 0.545975 0.9162437499999999 0.545975 0.9162437499999999 0.5341
1 0.96390625 0.731675 0.94136875 0.731675 0.94136875 0.742925 0.96390625 0.742925 0.96390625 0.731675
1 0.65346875 0.64891875 0.64145625 0.64891875 0.64145625 0.66065625 0.65346875 0.66065625 0.65346875 0.64891875
1 0.07886875 0.62041875 0.06663125 0.62041875 0.06663125 0.6432562500000001 0.07886875 0.6432562500000001 0.07886875 0.62041875
1 0.896425 0.611525 0.8877499999999999 0.611525 0.8877499999999999 0.62285 0.896425 0.62285 0.896425 0.611525
1 0.8529125000000001 0.69558125 0.8414125 0.69558125 0.8414125 0.70579375 0.8529125000000001 0.70579375 0.8529125000000001 0.69558125
1 0.7481125 0.36159375 0.7391875 0.36159375 0.7391875 0.37083125 0.7481125 0.37083125 0.7481125 0.36159375
1 0.01264375 0.74026875 0.0006312500000000001 0.74026875 0.0006312500000000001 0.76168125 0.01264375 0.76168125 0.01264375 0.74026875
1 0.7510375 0.49048125000000004 0.6874374999999999 0.49048125000000004 0.6874374999999999 0.53491875 0.7510375 0.53491875 0.7510375 0.49048125000000004
1 0.140125 0.5800500000000001 0.12769999999999998 0.5800500000000001 0.12769999999999998 0.5957250000000001 0.140125 0.5957250000000001 0.140125 0.5800500000000001
1 0.0998 0.5849 0.08562499999999999 0.5849 0.08562499999999999 0.5987 0.0998 0.5987 0.0998 0.5849
1 0.06971875 0.2739875 0.028731250000000003 0.2739875 0.028731250000000003 0.2973125 0.06971875 0.2973125 0.06971875 0.2739875
1 0.7058125000000001 0.7608937499999999 0.6916375 0.7608937499999999 0.6916375 0.7732812499999999 0.7058125000000001 0.7732812499999999 0.7058125000000001 0.7608937499999999
1 0.61079375 0.6038625 0.5972062499999999 0.6038625 0.5972062499999999 0.6197625 0.61079375 0.6197625 0.61079375 0.6038625
1 0.17176875 0.35955625 0.15953124999999999 0.35955625 0.15953124999999999 0.37824375 0.17176875 0.37824375 0.17176875 0.35955625
1 0.45912499999999995 0.65244375 0.451025 0.65244375 0.451025 0.66493125 0.45912499999999995 0.66493125 0.45912499999999995 0.65244375
3 0 0 0 0.8975 0.008749999999999999 0.8949999999999999 0.0075 0.8875 0.0125 0.8787499999999999 0.02 0.8825 0.03 0.8724999999999999 0.03125 0.8612500000000001 0.04375 0.8474999999999999 0.042499999999999996 0.8412499999999999 0.05500000000000001 0.83375 0.058750000000000004 0.82125 0.06625 0.8175000000000001 0.065 0.81375 0.0725 0.805 0.07625 0.8099999999999999 0.07375000000000001 0.8012499999999999 0.08249999999999999 0.8 0.08375 0.79125 0.095 0.7825 0.08875 0.7787499999999999 0.09875 0.77 0.1125 0.74375 0.12125 0.73625 0.125 0.72 0.1325 0.7162499999999999 0.1375 0.6900000000000001 0.155 0.66125 0.1625 0.61625 0.16875 0.60875 0.20249999999999999 0.64 0.25 0.70125 0.26749999999999996 0.7175 0.31375000000000003 0.75 0.3625 0.775 0.39249999999999996 0.7849999999999999 0.48125 0.7975 0.6575 0.79875 0.6849999999999999 0.79375 0.68875 0.79875 0.70625 0.79875 0.7125 0.7975 0.70125 0.79375 0.7 0.79125 0.70625 0.7875 0.73125 0.78625 0.735 0.79 0.73375 0.795 0.73875 0.79625 0.75125 0.79375 0.755 0.7875 0.7787499999999999 0.7875 0.78 0.7787499999999999 0.7849999999999999 0.77625 0.79875 0.7825 0.8087500000000001 0.7737499999999999 0.8375 0.77125 0.8637499999999999 0.76375 0.8712500000000001 0.7575000000000001 0.87625 0.76 0.95 0.7462500000000001 0.99875 0.75 0.99875 0.5862499999999999 0.93875 0.48 0.8875 0.3675 0.8375 0.28375 0.77125 0.1875 0.725 0.12875 0.66125 0.06625 0.585 0 0.57871 0 0 0