1 0.73699375 0.015 0.69583125 0.015 0.69583125 0.058499999999999996 0.73699375 0.058499999999999996 0.73699375 0.015
1 0.2491375 0.27105 0.22743750000000001 0.27105 0.22743750000000001 0.29585 0.2491375 0.29585 0.2491375 0.27105
1 0.320975 0.50575625 0.29817499999999997 0.50575625 0.29817499999999997 0.5303687499999999 0.320975 0.5303687499999999 0.320975 0.50575625
1 0.53530625 0.1518125 0.46321874999999996 0.1518125 0.46321874999999996 0.20806249999999998 0.53530625 0.20806249999999998 0.53530625 0.1518125
1 0.04305 0.4591625 0.033 0.4591625 0.033 0.4724875 0.04305 0.4724875 0.04305 0.4591625
1 0.6539375 0.040356249999999996 0.6390374999999999 0.040356249999999996 0.6390374999999999 0.05826875 0.6539375 0.05826875 0.6539375 0.040356249999999996
1 0.74885625 0.6884125 0.70426875 0.6884125 0.70426875 0.7236875 0.74885625 0.7236875 0.74885625 0.6884125
1 0.48481874999999997 0.4599375 0.45708125 0.4599375 0.45708125 0.4814625 0.48481874999999997 0.4814625 0.48481874999999997 0.4599375
1 0.2146125 0.343675 0.20311249999999997 0.343675 0.20311249999999997 0.357 0.2146125 0.357 0.2146125 0.343675
1 0.5941687499999999 0.31961249999999997 0.5689062500000001 0.31961249999999997 0.5689062500000001 0.35226250000000003 0.5941687499999999 0.35226250000000003 0.5941687499999999 0.31961249999999997
1 0.35325625 0.7479750000000001 0.33276875 0.7479750000000001 0.33276875 0.774475 0.35325625 0.774475 0.35325625 0.7479750000000001
1 0.44651874999999996 0.56194375 0.42798125000000004 0.56194375 0.42798125000000004 0.57965625 0.44651874999999996 0.57965625 0.44651874999999996 0.56194375
1 0.1476625 0.46990625 0.1367625 0.46990625 0.1367625 0.48761875000000005 0.1476625 0.48761875000000005 0.1476625 0.46990625
1 0.55589375 0.078825 0.54370625 0.078825 0.54370625 0.093775 0.55589375 0.093775 0.55589375 0.078825
1 0.21670625000000002 0.047625 0.20296875 0.047625 0.20296875 0.0606 0.21670625000000002 0.0606 0.21670625000000002 0.047625
1 0.24705625000000003 0.9154625 0.22804375000000002 0.9154625 0.22804375000000002 0.9478125000000001 0.24705625000000003 0.9478125000000001 0.24705625000000003 0.9154625
1 0.8055 0.1154375 0.7863 0.1154375 0.7863 0.1348125 0.8055 0.1348125 0.8055 0.1154375
1 0.01561875 0.3852875 0.00025625 0.3852875 0.00025625 0.40036250000000007 0.01561875 0.40036250000000007 0.01561875 0.3852875
1 0.12078124999999999 0.44941250000000005 0.10639375 0.44941250000000005 0.10639375 0.4656375 0.12078124999999999 0.4656375 0.12078124999999999 0.44941250000000005
1 0.28379374999999996 0.71185 0.26553125 0.71185 0.26553125 0.739325 0.28379374999999996 0.739325 0.28379374999999996 0.71185
1 0.51925625 0.54425 0.50026875 0.54425 0.50026875 0.557325 0.51925625 0.557325 0.51925625 0.54425
1 0.2194375 0.2977375 0.2092625 0.2977375 0.2092625 0.3101625 0.2194375 0.3101625 0.2194375 0.2977375
1 0.2572875 0.8302125 0.2422125 0.8302125 0.2422125 0.8494875000000001 0.2572875 0.8494875000000001 0.2572875 0.8302125
1 0.51213125 0.6032124999999999 0.49469375 0.6032124999999999 0.49469375 0.6184624999999999 0.51213125 0.6184624999999999 0.51213125 0.6032124999999999
1 0.1017375 0.62355625 0.08931249999999999 0.62355625 0.08931249999999999 0.63719375 0.1017375 0.63719375 0.1017375 0.62355625
1 0.1328125 0.18893125 0.1235375 0.18893125 0.1235375 0.19949375 0.1328125 0.19949375 0.1328125 0.18893125
1 0.3884125 0.2295375 0.3728125 0.2295375 0.3728125 0.24483749999999999 0.3884125 0.24483749999999999 0.3884125 0.2295375
1 0.778675 0.27658125 0.76625 0.27658125 0.76625 0.29176875 0.778675 0.29176875 0.778675 0.27658125
1 0.8054062500000001 0.45273125 0.78444375 0.45273125 0.78444375 0.47256875000000004 0.8054062500000001 0.47256875000000004 0.8054062500000001 0.45273125
1 0.01936875 0.8969437499999999 0.00320625 0.8969437499999999 0.00320625 0.91945625 0.01936875 0.91945625 0.01936875 0.8969437499999999
1 0.38650625 0.5607624999999999 0.37276875 0.5607624999999999 0.37276875 0.5749875 0.38650625 0.5749875 0.38650625 0.5607624999999999
1 0.2314 0.1437875 0.22075 0.1437875 0.22075 0.1545625 0.2314 0.1545625 0.2314 0.1437875
1 0.0523 0.2879375 0.039425 0.2879375 0.039425 0.30141249999999997 0.0523 0.30141249999999997 0.0523 0.2879375
1 0.3911375 0.202075 0.3754625 0.202075 0.3754625 0.21785000000000002 0.3911375 0.21785000000000002 0.3911375 0.202075
1 0.49936875000000003 0.25034999999999996 0.48745625 0.25034999999999996 0.48745625 0.2643 0.49936875000000003 0.2643 0.49936875000000003 0.25034999999999996
1 0.70533125 0.21754375 0.67551875 0.21754375 0.67551875 0.23850625 0.70533125 0.23850625 0.70533125 0.21754375
1 0.6500375 0.4944375 0.6370625000000001 0.4944375 0.6370625000000001 0.5075125 0.6500375 0.5075125 0.6500375 0.4944375
1 0.43095 0.30860625 0.419625 0.30860625 0.419625 0.32176875 0.43095 0.32176875 0.43095 0.30860625
1 0.13271875 0.30421875 0.12143124999999999 0.30421875 0.12143124999999999 0.31833125 0.13271875 0.31833125 0.13271875 0.30421875
1 0.21208125 0.21018125 0.20199375000000003 0.21018125 0.20199375000000003 0.22146875000000002 0.21208125 0.22146875000000002 0.21208125 0.21018125
1 0.94963125 0.26945625 0.93219375 0.26945625 0.93219375 0.28914375 0.94963125 0.28914375 0.94963125 0.26945625
1 0.32113749999999996 0.756775 0.3097125 0.756775 0.3097125 0.7735000000000001 0.32113749999999996 0.7735000000000001 0.32113749999999996 0.756775
1 0.77439375 0.230925 0.75978125 0.230925 0.75978125 0.245875 0.77439375 0.245875 0.77439375 0.230925
1 0.9607749999999999 0.11301874999999999 0.9445 0.11301874999999999 0.9445 0.13100625 0.9607749999999999 0.13100625 0.9607749999999999 0.11301874999999999
1 0.641125 0.445075 0.62645 0.445075 0.62645 0.46020000000000005 0.641125 0.46020000000000005 0.641125 0.445075
1 0.6485000000000001 0.1118625 0.6347 0.1118625 0.6347 0.1265375 0.6485000000000001 0.1265375 0.6485000000000001 0.1118625
1 0.31073125 0.25055 0.30011875 0.25055 0.30011875 0.26215 0.31073125 0.26215 0.31073125 0.25055
1 0.9988812499999999 0.10269375 0.98061875 0.10269375 0.98061875 0.13325625000000002 0.9988812499999999 0.13325625000000002 0.9988812499999999 0.10269375
1 0.25781875 0.660925 0.24608124999999997 0.660925 0.24608124999999997 0.6759999999999999 0.25781875 0.6759999999999999 0.25781875 0.660925
1 0.9392875 0.3722875 0.9230124999999999 0.3722875 0.9230124999999999 0.3904125 0.9392875 0.3904125 0.9392875 0.3722875
1 0.65051875 0.7933250000000001 0.62585625 0.7933250000000001 0.62585625 0.8111750000000001 0.65051875 0.8111750000000001 0.65051875 0.7933250000000001
1 0.6163937500000001 0.5313375 0.59355625 0.5313375 0.59355625 0.5497124999999999 0.6163937500000001 0.5497124999999999 0.6163937500000001 0.5313375
1 0.31606875 0.8627687500000001 0.30550625 0.8627687500000001 0.30550625 0.8813812499999999 0.31606875 0.8813812499999999 0.31606875 0.8627687500000001
1 0.5862937500000001 0.684725 0.57190625 0.684725 0.57190625 0.6980999999999999 0.5862937500000001 0.6980999999999999 0.5862937500000001 0.684725
1 0.17870625 0.65998125 0.16991875 0.65998125 0.16991875 0.67399375 0.17870625 0.67399375 0.17870625 0.65998125
1 0.69250625 0.10631874999999999 0.68054375 0.10631874999999999 0.68054375 0.12000625000000001 0.69250625 0.12000625000000001 0.69250625 0.10631874999999999
1 0.60733125 0.41321250000000004 0.5967687500000001 0.41321250000000004 0.5967687500000001 0.4261375 0.60733125 0.4261375 0.60733125 0.41321250000000004
1 0.5022875 0.6796125 0.4884375 0.6796125 0.4884375 0.6953875 0.5022875 0.6953875 0.5022875 0.6796125
1 0.5878687499999999 0.14925625 0.5781562499999999 0.14925625 0.5781562499999999 0.16154375 0.5878687499999999 0.16154375 0.5878687499999999 0.14925625
1 0.87340625 0.2659625 0.85706875 0.2659625 0.85706875 0.2843375 0.87340625 0.2843375 0.87340625 0.2659625
1 0.01178125 0.6674875 0.00014375 0.6674875 0.00014375 0.6830875 0.01178125 0.6830875 0.01178125 0.6674875
1 0.074 0.859775 0.061125 0.859775 0.061125 0.873625 0.074 0.873625 0.074 0.859775
1 0.9930312499999999 0.46659375000000003 0.9766937499999999 0.46659375000000003 0.9766937499999999 0.48213125 0.9930312499999999 0.48213125 0.9930312499999999 0.46659375000000003
1 0.039287499999999996 0.7450375 0.0277875 0.7450375 0.0277875 0.7608125 0.039287499999999996 0.7608125 0.039287499999999996 0.7450375
1 0.36471875 0.8223499999999999 0.35060625 0.8223499999999999 0.35060625 0.841725 0.36471875 0.841725 0.36471875 0.8223499999999999
1 0.9508812499999999 0.46518750000000003 0.9368187499999999 0.46518750000000003 0.9368187499999999 0.47963750000000005 0.9508812499999999 0.47963750000000005 0.9508812499999999 0.46518750000000003
1 0.48240625000000004 0.19913125 0.47071874999999996 0.19913125 0.47071874999999996 0.21076875 0.48240625000000004 0.21076875 0.48240625000000004 0.19913125
1 0.08635000000000001 0.9779375 0.076975 0.9779375 0.076975 0.9908125 0.08635000000000001 0.9908125 0.08635000000000001 0.9779375
1 0.71743125 0.68763125 0.70541875 0.68763125 0.70541875 0.6990937500000001 0.71743125 0.6990937500000001 0.71743125 0.68763125
1 0.46872499999999995 0.72695 0.45365 0.72695 0.45365 0.7447250000000001 0.46872499999999995 0.7447250000000001 0.46872499999999995 0.72695
1 0.2094375 0.9793625 0.1963125 0.9793625 0.1963125 0.9972125000000001 0.2094375 0.9972125000000001 0.2094375 0.9793625
1 0.39211874999999996 0.26385000000000003 0.37008125000000003 0.26385000000000003 0.37008125000000003 0.28547500000000003 0.39211874999999996 0.28547500000000003 0.39211874999999996 0.26385000000000003
1 0.9932000000000001 0.5544 0.9638249999999999 0.5544 0.9638249999999999 0.5793999999999999 0.9932000000000001 0.5793999999999999 0.9932000000000001 0.5544
1 0.27765625 0.6869375 0.26286875 0.6869375 0.26286875 0.7027125 0.27765625 0.7027125 0.27765625 0.6869375
1 0.9032875 0.295025 0.8867625 0.295025 0.8867625 0.31385 0.9032875 0.31385 0.9032875 0.295025
1 0.5541875 0.68345 0.5385875 0.68345 0.5385875 0.6974 0.5541875 0.6974 0.5541875 0.68345
1 0.1974 0.8094875 0.1881 0.8094875 0.1881 0.8213625 0.1974 0.8213625 0.1974 0.8094875
1 0.96633125 0.5368625 0.9477437500000001 0.5368625 0.9477437500000001 0.5539625 0.96633125 0.5539625 0.96633125 0.5368625
1 0.9193312499999999 0.5873999999999999 0.9009937499999999 0.5873999999999999 0.9009937499999999 0.604975 0.9193312499999999 0.604975 0.9193312499999999 0.5873999999999999
1 0.6858125 0.7305312500000001 0.6725875 0.7305312500000001 0.6725875 0.7440687500000001 0.6858125 0.7440687500000001 0.6858125 0.7305312500000001
1 0.65944375 0.6371125 0.64720625 0.6371125 0.64720625 0.6499875 0.65944375 0.6499875 0.65944375 0.6371125
1 0.57006875 0.68554375 0.49340624999999994 0.68554375 0.49340624999999994 0.74218125 0.57006875 0.74218125 0.57006875 0.68554375
1 0.41923750000000004 0.7147 0.40741250000000007 0.7147 0.40741250000000007 0.727675 0.41923750000000004 0.727675 0.41923750000000004 0.7147
1 0.42785624999999994 0.7360625 0.41639375 0.7360625 0.41639375 0.7492875 0.42785624999999994 0.7492875 0.42785624999999994 0.7360625
1 0.99839375 0.40029375 0.97915625 0.40029375 0.97915625 0.41953125 0.99839375 0.41953125 0.99839375 0.40029375
1 0.40083125 0.0334125 0.33939375 0.0334125 0.33939375 0.0699125 0.40083125 0.0699125 0.40083125 0.0334125
1 0.49368125 0.23665625 0.40084375000000005 0.23665625 0.40084375000000005 0.33266874999999996 0.49368125 0.33266874999999996 0.49368125 0.23665625
1 0.94631875 0.51164375 0.9325812499999999 0.51164375 0.9325812499999999 0.52643125 0.94631875 0.52643125 0.94631875 0.51164375
1 0.45598124999999995 0.8213625 0.44049375 0.8213625 0.44049375 0.8358625 0.45598124999999995 0.8358625 0.45598124999999995 0.8213625
1 0.5025999999999999 0.7469750000000001 0.45199999999999996 0.7469750000000001 0.45199999999999996 0.8067249999999999 0.5025999999999999 0.8067249999999999 0.5025999999999999 0.7469750000000001
1 1 0.27894375 0.993125 0.27894375 0.993125 0.30015625 1 0.30015625 1 0.27894375
1 0.94466875 0.6533625 0.93033125 0.6533625 0.93033125 0.6698875 0.94466875 0.6698875 0.94466875 0.6533625
1 0.20924375 0.69701875 0.16893125 0.69701875 0.16893125 0.7414562499999999 0.20924375 0.7414562499999999 0.20924375 0.69701875
1 0.8729812499999999 0.6093437500000001 0.8623687500000001 0.6093437500000001 0.8623687500000001 0.62015625 0.8729812499999999 0.62015625 0.8729812499999999 0.6093437500000001
1 0.971325 0.5893312500000001 0.9525 0.5893312500000001 0.9525 0.60599375 0.971325 0.60599375 0.971325 0.5893312500000001
1 0.3559375 0.4620125 0.34473750000000003 0.4620125 0.34473750000000003 0.4749875 0.3559375 0.4749875 0.3559375 0.4620125
1 0.3899625 0.6634875 0.37858749999999997 0.6634875 0.37858749999999997 0.6763625 0.3899625 0.6763625 0.3899625 0.6634875
1 0.88340625 0.5892125 0.86756875 0.5892125 0.86756875 0.6031625 0.88340625 0.6031625 0.88340625 0.5892125
1 0.312425 0.08854375 0.293525 0.08854375 0.293525 0.10970625 0.312425 0.10970625 0.312425 0.08854375
1 0.9763375 0.6434375 0.9631125 0.6434375 0.9631125 0.6563625 0.9763375 0.6563625 0.9763375 0.6434375
1 1 0.12414375 0.99331875 0.12414375 0.99331875 0.14393125 1 0.14393125 1 0.12414375
3 0.008749999999999999 0 0.008749999999999999 0.005 0 0.013750000000000002 0 0.985 0.00625 0.9862500000000001 0 0.99 0.00625 0.9949999999999999 0.013750000000000002 0.9949999999999999 0.015 0.99875 0.06875 0.99875 0.075 0.99375 0.075 0.9862500000000001 0.08499999999999999 0.99875 0.09 0.99875 0.09125 0.9949999999999999 0.0925 0.99875 0.12375 0.99875 0.13374999999999998 0.99 0.14125000000000001 0.99875 0.15 0.9949999999999999 0.15625 0.99875 0.18625 0.99875 0.1925 0.9862500000000001 0.20249999999999999 0.9824999999999999 0.21000000000000002 0.98375 0.21125 0.99375 0.21625 0.99375 0.21875 0.99875 0.28625 0.99875 0.3075 0.97625 0.31625000000000003 0.9724999999999999 0.32 0.96125 0.32625000000000004 0.95875 0.34625 0.9349999999999999 0.3725 0.91375 0.3975 0.87625 0.41125 0.8637499999999999 0.43 0.8300000000000001 0.44125 0.81875 0.445 0.8074999999999999 0.4575 0.79875 0.45375 0.79125 0.47375 0.76875 0.47625 0.7474999999999999 0.48125 0.7424999999999999 0.4875 0.74375 0.49124999999999996 0.72375 0.49625 0.71875 0.505 0.7212500000000001 0.50875 0.7162499999999999 0.5475 0.7175 0.55625 0.72375 0.5675 0.7212500000000001 0.6025 0.7275 0.615 0.7262500000000001 0.6487499999999999 0.74 0.6575 0.7375 0.6637500000000001 0.74125 0.7112499999999999 0.7474999999999999 0.7675 0.7474999999999999 0.8012499999999999 0.74125 0.8699999999999999 0.7150000000000001 0.9 0.71 0.9237500000000001 0.69625 0.9512499999999999 0.6925 0.9625 0.6849999999999999 0.99125 0.67875 0.99875 0.67375 0.99875 0.42000000000000004 0.985 0.41875 0.98125 0.41500000000000004 0.985 0.40499999999999997 0.9887499999999999 0.41125 0.99375 0.41125 0.99875 0.40374999999999994 0.9925 0.4 0.99875 0.3975 0.99875 0.18875 0.99125 0.18375 0.96875 0.18625 0.9512499999999999 0.18125 0.9775 0.1775 0.97 0.17625 0.97 0.16999999999999998 0.99375 0.17124999999999999 0.99875 0.1675 0.99875 0.14375 0.9925 0.14250000000000002 0.99875 0.13999999999999999 0.99875 0.10375000000000001 0.9925 0.1025 0.99875 0.1 0.99875 0 0.6799999999999999 0 0.6775 0.00375 0.66875 0 0.66125 0.005 0.6375 0.00375 0.63125 0.01125 0.6224999999999999 0.0075 0.61 0.01125 0.60625 0.00625 0.59375 0.01125 0.5875 0.005 0.58875 0.008749999999999999 0.58375 0.0125 0.5900000000000001 0.017499999999999998 0.58 0.021249999999999998 0.575 0.01875 0.57125 0.028749999999999998 0.56125 0.02375 0.5599999999999999 0.01 0.54875 0.005 0.52125 0.00375 0.51875 0 0.51375 0.00375 0.50125 0 0.49874999999999997 0.0075 0.48375 0.0075 0.4725 0.0025 0.43375 0.00375 0.4325 0 0.39 0 0.38875000000000004 0.00375 0.375 0 0.32875 0 0.32625000000000004 0.005 0.3175 0.00625 0.3075 0 0.27999999999999997 0 0.27875 0.00375 0.25625 0.005 0.25 0 0.20249999999999999 0 0.20249999999999999 0.005 0.19624999999999998 0.0075 0.18 0 0.16999999999999998 0 0.16999999999999998 0.01125 0.1675 0.00375 0.16 0.00625 0.14250000000000002 0 0.01125 0 0.008749999999999999 0