1 0.264125 0.402675 0.22765 0.402675 0.22765 0.44857500000000006 0.264125 0.44857500000000006 0.264125 0.402675
1 0.55778125 0.2725875 0.53986875 0.2725875 0.53986875 0.2947875 0.55778125 0.2947875 0.55778125 0.2725875
1 0.50324375 0.34046875 0.48553125 0.34046875 0.48553125 0.35923125 0.50324375 0.35923125 0.50324375 0.34046875
1 0.18360625 0.43554375 0.14866875 0.43554375 0.14866875 0.45753125 0.18360625 0.45753125 0.18360625 0.43554375
1 0.52435 0.490925 0.491275 0.490925 0.491275 0.51005 0.52435 0.51005 0.52435 0.490925
1 0.46606249999999994 0.4973875 0.4460375 0.4973875 0.4460375 0.5162875 0.46606249999999994 0.5162875 0.46606249999999994 0.4973875
1 0.18025625 0.35010625 0.16471875 0.35010625 0.16471875 0.36326875 0.18025625 0.36326875 0.18025625 0.35010625
1 0.6636437500000001 0.16018125 0.63908125 0.16018125 0.63908125 0.17869375 0.6636437500000001 0.17869375 0.6636437500000001 0.16018125
1 0.41713750000000005 0.6526562499999999 0.4036625 0.6526562499999999 0.4036625 0.66666875 0.41713750000000005 0.66666875 0.41713750000000005 0.6526562499999999
1 0.1824 0.41320625 0.16795 0.41320625 0.16795 0.42516875 0.1824 0.42516875 0.1824 0.41320625
1 0.14033125 0.29300625 0.12626874999999999 0.29300625 0.12626874999999999 0.30659375 0.14033125 0.30659375 0.14033125 0.29300625
1 0.371775 0.83690625 0.3587 0.83690625 0.3587 0.85059375 0.371775 0.85059375 0.371775 0.83690625
1 0.0769875 0.5088125 0.0588875 0.5088125 0.0588875 0.5195125 0.0769875 0.5195125 0.0769875 0.5088125
1 0.13084374999999998 0.3268 0.11720625 0.3268 0.11720625 0.33775 0.13084374999999998 0.33775 0.13084374999999998 0.3268
1 0.41913125000000007 0.45210625000000004 0.40069375 0.45210625000000004 0.40069375 0.47171874999999996 0.41913125000000007 0.47171874999999996 0.41913125000000007 0.45210625000000004
1 0.4178375 0.7928499999999999 0.4054125 0.7928499999999999 0.4054125 0.8067500000000001 0.4178375 0.8067500000000001 0.4178375 0.7928499999999999
1 0.67996875 0.2576625 0.66768125 0.2576625 0.66768125 0.2721125 0.67996875 0.2721125 0.67996875 0.2576625
1 0.575925 0.645925 0.559825 0.645925 0.559825 0.6617 0.575925 0.6617 0.575925 0.645925
1 0.45276249999999996 0.09330000000000001 0.43786250000000004 0.09330000000000001 0.43786250000000004 0.10774999999999998 0.45276249999999996 0.10774999999999998 0.45276249999999996 0.09330000000000001
1 0.6135875000000001 0.64983125 0.5983375 0.64983125 0.5983375 0.66461875 0.6135875000000001 0.66461875 0.6135875000000001 0.64983125
1 0.3648875 0.42608750000000006 0.3494625 0.42608750000000006 0.3494625 0.43866250000000007 0.3648875 0.43866250000000007 0.3648875 0.42608750000000006
1 0.708025 0.2530875 0.69335 0.2530875 0.69335 0.2659625 0.708025 0.2659625 0.708025 0.2530875
1 0.08509375 0.39926875 0.07103125 0.39926875 0.07103125 0.41128125000000004 0.08509375 0.41128125000000004 0.08509375 0.39926875
1 0.1378125 0.384225 0.1248875 0.384225 0.1248875 0.39554999999999996 0.1378125 0.39554999999999996 0.1378125 0.384225
1 0.28733125 0.436775 0.27321875 0.436775 0.27321875 0.44945 0.28733125 0.44945 0.28733125 0.436775
1 0.5928375 0.5676875 0.5585375 0.5676875 0.5585375 0.5963875 0.5928375 0.5963875 0.5928375 0.5676875
1 0.462075 0.8273250000000001 0.44955 0.8273250000000001 0.44955 0.8387 0.462075 0.8387 0.462075 0.8273250000000001
1 0.69875625 0.50753125 0.68111875 0.50753125 0.68111875 0.5295687499999999 0.69875625 0.5295687499999999 0.69875625 0.50753125
1 0.025750000000000002 0.3597625 0.01185 0.3597625 0.01185 0.3707125 0.025750000000000002 0.3707125 0.025750000000000002 0.3597625
1 0.50533125 0.79713125 0.49416874999999993 0.79713125 0.49416874999999993 0.8102937499999999 0.50533125 0.8102937499999999 0.50533125 0.79713125
1 0.44770625 0.44934375 0.43411875 0.44934375 0.43411875 0.46130625 0.44770625 0.46130625 0.44770625 0.44934375
1 0.23210000000000003 0.333725 0.22005 0.333725 0.22005 0.344975 0.23210000000000003 0.344975 0.23210000000000003 0.333725
1 0.58801875 0.1809125 0.5760562499999999 0.1809125 0.5760562499999999 0.1948125 0.58801875 0.1948125 0.58801875 0.1809125
1 0.12660625 0.53804375 0.11141875000000001 0.53804375 0.11141875000000001 0.54790625 0.12660625 0.54790625 0.12660625 0.53804375
1 0.5654250000000001 0.68895 0.55275 0.68895 0.55275 0.701675 0.5654250000000001 0.701675 0.5654250000000001 0.68895
1 0.43706875 0.7307375 0.42670624999999995 0.7307375 0.42670624999999995 0.7428874999999999 0.43706875 0.7428874999999999 0.43706875 0.7307375
1 0.51325 0.85025 0.500425 0.85025 0.500425 0.8636250000000001 0.51325 0.8636250000000001 0.51325 0.85025
1 0.5807187500000001 0.49278125 0.56870625 0.49278125 0.56870625 0.50526875 0.5807187500000001 0.50526875 0.5807187500000001 0.49278125
1 0.34042500000000003 0.28370625 0.32265 0.28370625 0.32265 0.29686875 0.34042500000000003 0.29686875 0.34042500000000003 0.28370625
1 0.45064374999999995 0.68710625 0.43948124999999993 0.68710625 0.43948124999999993 0.69766875 0.45064374999999995 0.69766875 0.45064374999999995 0.68710625
1 0.3328125 0.3728625 0.3195375 0.3728625 0.3195375 0.38446250000000004 0.3328125 0.38446250000000004 0.3328125 0.3728625
1 0.58394375 0.20728749999999999 0.57230625 0.20728749999999999 0.57230625 0.21971250000000003 0.58394375 0.21971250000000003 0.58394375 0.20728749999999999
1 0.40737500000000004 0.41260624999999995 0.39390000000000003 0.41260624999999995 0.39390000000000003 0.42479374999999997 0.40737500000000004 0.42479374999999997 0.40737500000000004 0.41260624999999995
1 0.228775 0.5206500000000001 0.206525 0.5206500000000001 0.206525 0.5320750000000001 0.228775 0.5320750000000001 0.228775 0.5206500000000001
1 0.5307062499999999 0.69765 0.5122687499999999 0.69765 0.5122687499999999 0.7213 0.5307062499999999 0.7213 0.5307062499999999 0.69765
1 0.6175375 0.15339375 0.6051124999999999 0.15339375 0.6051124999999999 0.16740625 0.6175375 0.16740625 0.6175375 0.15339375
1 0.5523 0.5565 0.540475 0.5565 0.540475 0.569475 0.5523 0.569475 0.5523 0.5565
1 0.39936875 0.6435875 0.38773124999999997 0.6435875 0.38773124999999997 0.6562125 0.39936875 0.6562125 0.39936875 0.6435875
1 0.479475 0.76285625 0.46877500000000005 0.76285625 0.46877500000000005 0.77326875 0.479475 0.77326875 0.479475 0.76285625
1 0.6328375 0.12511875 0.6210625000000001 0.12511875 0.6210625000000001 0.13708125 0.6328375 0.13708125 0.6328375 0.12511875
1 0.49420624999999996 0.5828375 0.48334374999999996 0.5828375 0.48334374999999996 0.5939125 0.49420624999999996 0.5939125 0.49420624999999996 0.5828375
1 0.41981250000000003 0.1825375 0.40831249999999997 0.1825375 0.40831249999999997 0.19441250000000002 0.41981250000000003 0.19441250000000002 0.41981250000000003 0.1825375
1 0.17149375 0.55921875 0.15565625 0.55921875 0.15565625 0.56870625 0.17149375 0.56870625 0.17149375 0.55921875
1 0.421925 0.39235000000000003 0.4101 0.39235000000000003 0.4101 0.40354999999999996 0.421925 0.40354999999999996 0.421925 0.39235000000000003
1 0.72821875 0.194475 0.71710625 0.194475 0.71710625 0.205675 0.72821875 0.205675 0.72821875 0.194475
1 0.47437500000000005 0.652725 0.4646 0.652725 0.4646 0.6627 0.47437500000000005 0.6627 0.47437500000000005 0.652725
1 0.2836875 0.2468875 0.2656375 0.2468875 0.2656375 0.2584875 0.2836875 0.2584875 0.2836875 0.2468875
1 0.49876875 0.7723187499999999 0.48903125000000003 0.7723187499999999 0.48903125000000003 0.78335625 0.49876875 0.78335625 0.49876875 0.7723187499999999
1 0.3682375 0.58811875 0.3563625 0.58811875 0.3563625 0.60035625 0.3682375 0.60035625 0.3682375 0.58811875
1 0.40787500000000004 0.9042625 0.398275 0.9042625 0.398275 0.9140874999999999 0.40787500000000004 0.9140874999999999 0.40787500000000004 0.9042625
1 0.53195625 0.85911875 0.52174375 0.85911875 0.52174375 0.87135625 0.53195625 0.87135625 0.53195625 0.85911875
1 0.59500625 0.27000625 0.58271875 0.27000625 0.58271875 0.28174375 0.59500625 0.28174375 0.59500625 0.27000625
1 0.1627 0.47034374999999995 0.13955 0.47034374999999995 0.13955 0.47935625000000004 0.1627 0.47935625000000004 0.1627 0.47034374999999995
1 0.45519999999999994 0.243325 0.43834999999999996 0.243325 0.43834999999999996 0.258625 0.45519999999999994 0.258625 0.45519999999999994 0.243325
1 0.44540625 0.9750500000000001 0.43301875 0.9750500000000001 0.43301875 0.9868750000000001 0.44540625 0.9868750000000001 0.44540625 0.9750500000000001
1 0.38206875 0.9922812499999999 0.36890625 0.9922812499999999 0.36890625 0.99999375 0.38206875 0.99999375 0.38206875 0.9922812499999999
1 0.6754749999999999 0.34941875 0.5755 0.34941875 0.5755 0.39910625 0.6754749999999999 0.39910625 0.6754749999999999 0.34941875
1 0.6904 0.2976375 0.6641 0.2976375 0.6641 0.3239375 0.6904 0.3239375 0.6904 0.2976375
1 0.8782125000000001 0.7105 0.8708125000000001 0.7105 0.8708125000000001 0.72115 0.8782125000000001 0.72115 0.8782125000000001 0.7105
1 0.67315625 0.31851875 0.61004375 0.31851875 0.61004375 0.36848125 0.67315625 0.36848125 0.67315625 0.31851875
1 0.7789312500000001 0.66585 0.77086875 0.66585 0.77086875 0.676925 0.7789312500000001 0.676925 0.7789312500000001 0.66585
1 0.8943562500000001 0.6779625 0.88494375 0.6779625 0.88494375 0.6872625 0.8943562500000001 0.6872625 0.8943562500000001 0.6779625
1 0.7560749999999999 0.6800937499999999 0.747825 0.6800937499999999 0.747825 0.69003125 0.7560749999999999 0.69003125 0.7560749999999999 0.6800937499999999
1 0.898125 0.70371875 0.8684749999999999 0.70371875 0.8684749999999999 0.73280625 0.898125 0.73280625 0.898125 0.70371875
1 0.8083500000000001 0.522625 0.799075 0.522625 0.799075 0.5320750000000001 0.8083500000000001 0.5320750000000001 0.8083500000000001 0.522625
1 0.72154375 0.6692812499999999 0.70618125 0.6692812499999999 0.70618125 0.67836875 0.72154375 0.67836875 0.72154375 0.6692812499999999
1 0.43870624999999996 0.0419 0.42701874999999995 0.0419 0.42701874999999995 0.053500000000000006 0.43870624999999996 0.053500000000000006 0.43870624999999996 0.0419
1 0.80800625 0.68381875 0.8003937499999999 0.68381875 0.8003937499999999 0.69410625 0.80800625 0.69410625 0.80800625 0.68381875
1 0.0383125 0.42146249999999996 0.0262625 0.42146249999999996 0.0262625 0.4305875 0.0383125 0.4305875 0.0383125 0.42146249999999996
1 0.8743874999999999 0.7228687500000001 0.8668125 0.7228687500000001 0.8668125 0.7322062500000001 0.8743874999999999 0.7322062500000001 0.8743874999999999 0.7228687500000001
1 0.8485125 0.84494375 0.8409375000000001 0.84494375 0.8409375000000001 0.85428125 0.8485125 0.85428125 0.8485125 0.84494375
1 0.45006874999999996 0.23998750000000002 0.31505625 0.23998750000000002 0.31505625 0.2941875 0.45006874999999996 0.2941875 0.45006874999999996 0.23998750000000002
1 0.9063812499999999 0.74391875 0.8983187499999999 0.74391875 0.8983187499999999 0.75413125 0.9063812499999999 0.75413125 0.9063812499999999 0.74391875
1 0.3642875 0.43225625 0.2729125 0.43225625 0.2729125 0.46129375 0.3642875 0.46129375 0.3642875 0.43225625
1 0.3844125 0.62625625 0.3543625 0.62625625 0.3543625 0.6813687500000001 0.3844125 0.6813687500000001 0.3844125 0.62625625
1 0.9516125000000001 0.7286875 0.9438875 0.7286875 0.9438875 0.7371375 0.9516125000000001 0.7371375 0.9516125000000001 0.7286875
1 0.8315187500000001 0.627525 0.82278125 0.627525 0.82278125 0.64005 0.8315187500000001 0.64005 0.8315187500000001 0.627525
3 0 0.5675 0.03625 0.5700000000000001 0.04875 0.57625 0.0925 0.57875 0.0975 0.5912499999999999 0.10625 0.58375 0.1125 0.5875 0.11000000000000001 0.5912499999999999 0.11750000000000001 0.5912499999999999 0.11499999999999999 0.5875 0.12375 0.585 0.13874999999999998 0.585 0.14250000000000002 0.5912499999999999 0.14875 0.5912499999999999 0.14750000000000002 0.5862499999999999 0.16625 0.5862499999999999 0.17250000000000001 0.5900000000000001 0.18125 0.5862499999999999 0.20750000000000002 0.5912499999999999 0.26625 0.5875 0.27125 0.5900000000000001 0.2725 0.5862499999999999 0.27875 0.5862499999999999 0.28250000000000003 0.57875 0.32625000000000004 0.5700000000000001 0.33375 0.5625 0.3725 0.5625 0.37625000000000003 0.5725 0.37374999999999997 0.575 0.38125 0.5775 0.38375 0.6 0.3675 0.63875 0.37374999999999997 0.6587500000000001 0.36375 0.66125 0.365 0.67375 0.35375 0.6912499999999999 0.33999999999999997 0.7462500000000001 0.33625 0.7837500000000001 0.33875 0.79125 0.33375 0.79375 0.335 0.8225 0.32999999999999996 0.84375 0.35125 0.99875 0.48 0.99875 0.50875 0.9425000000000001 0.5349999999999999 0.9037499999999999 0.5525 0.86875 0.5725 0.8125 0.5962500000000001 0.7675 0.61625 0.705 0.63 0.63625 0.635 0.6275000000000001 0.63375 0.6212500000000001 0.6525000000000001 0.5825 0.65625 0.56375 0.6725 0.5337500000000001 0.68625 0.5225 0.68875 0.51 0.71 0.48875 0.7112499999999999 0.47874999999999995 0.7175 0.47625 0.725 0.4625 0.7325 0.4575 0.735 0.44625000000000004 0.74875 0.43499999999999994 0.75125 0.42750000000000005 0.76 0.42750000000000005 0.76 0.42374999999999996 0.76625 0.42125 0.7675 0.4125 0.7849999999999999 0.41125 0.7825 0.4 0.7825 0.40875000000000006 0.77625 0.41125 0.7737499999999999 0.40750000000000003 0.7775000000000001 0.39875 0.76625 0.39375 0.6975 0.38625 0.69625 0.3825 0.7 0.38 0.68875 0.36124999999999996 0.6849999999999999 0.38125 0.67625 0.37 0.6775 0.36625 0.6837500000000001 0.36625 0.67625 0.3625 0.6837500000000001 0.35125 0.6925 0.35625 0.7125 0.33375 0.73375 0.3175 0.735 0.31124999999999997 0.75625 0.28625 0.77125 0.25375000000000003 0.775 0.225 0.75125 0.16875 0.74125 0.15375 0.7112499999999999 0.13 0.6637500000000001 0.1075 0.6212500000000001 0.0975 0.58125 0.08125 0.53 0.0775 0.52 0.07125000000000001 0.51125 0.075 0.5125 0.08125 0.5075000000000001 0.0775 0.50875 0.06875 0.505 0.0675 0.49749999999999994 0.0675 0.45 0.08249999999999999 0.41125 0.09 0.37625000000000003 0.09375 0.3725 0.09125 0.3225 0.1025 0.29500000000000004 0.10375000000000001 0.2875 0.1075 0.28625 0.11499999999999999 0.29125 0.11875 0.28375 0.125 0.27749999999999997 0.12 0.27875 0.12625 0.275 0.13 0.26749999999999996 0.12625 0.27125 0.12250000000000001 0.265 0.11875 0.265 0.11125 0.25875 0.11000000000000001 0.26375000000000004 0.14375 0.275 0.17375000000000002 0.2875 0.1925 0.29874999999999996 0.20125 0.315 0.20375000000000001 0.3125 0.20875 0.31625000000000003 0.215 0.3325 0.21875 0.33625 0.23374999999999999 0.34249999999999997 0.23500000000000001 0.33999999999999997 0.24 0.3325 0.23875000000000002 0.335 0.24500000000000002 0.33125 0.24874999999999997 0.32375 0.2475 0.32375 0.24375 0.27999999999999997 0.2375 0.24625 0.23875000000000002 0.19875 0.2475 0.08499999999999999 0.2875 0.05125 0.3025 0 0.335 0 0.5675