1 0.37364375 0.4235125 0.34848124999999996 0.4235125 0.34848124999999996 0.4547625 0.37364375 0.4547625 0.37364375 0.4235125
1 0.33375 0.55799375 0.3157 0.55799375 0.3157 0.58223125 0.33375 0.58223125 0.33375 0.55799375
1 0.20938125 0.48215624999999995 0.18391875 0.48215624999999995 0.18391875 0.50124375 0.20938125 0.50124375 0.20938125 0.48215624999999995
1 0.23228749999999998 0.8906375000000001 0.21618750000000003 0.8906375000000001 0.21618750000000003 0.9062374999999999 0.23228749999999998 0.9062374999999999 0.23228749999999998 0.8906375000000001
1 0.9035875000000001 0.18764375 0.8903625 0.18764375 0.8903625 0.19663124999999998 0.9035875000000001 0.19663124999999998 0.9035875000000001 0.18764375
1 0.2983625 0.5531312500000001 0.2865875 0.5531312500000001 0.2865875 0.56504375 0.2983625 0.56504375 0.2983625 0.5531312500000001
1 0.3148375 0.3611625 0.2974625 0.3611625 0.2974625 0.3741875 0.3148375 0.3741875 0.3148375 0.3611625
1 0.3943375 0.7455375 0.38106249999999997 0.7455375 0.38106249999999997 0.7593375 0.3943375 0.7593375 0.3943375 0.7455375
1 0.2869125 0.475275 0.2653375 0.475275 0.2653375 0.489075 0.2869125 0.489075 0.2869125 0.475275
1 0.54401875 0.37591874999999997 0.52923125 0.37591874999999997 0.52923125 0.39020625 0.54401875 0.39020625 0.54401875 0.37591874999999997
1 0.41729374999999996 0.34692500000000004 0.40693124999999997 0.34692500000000004 0.40693124999999997 0.35619999999999996 0.41729374999999996 0.35619999999999996 0.41729374999999996 0.34692500000000004
1 0.18438125 0.18945625 0.17376875 0.18945625 0.17376875 0.19651875000000002 0.18438125 0.19651875000000002 0.18438125 0.18945625
1 0.64983125 0.749425 0.63434375 0.749425 0.63434375 0.7632749999999999 0.64983125 0.7632749999999999 0.64983125 0.749425
1 0.7488812499999999 0.2376375 0.74036875 0.2376375 0.74036875 0.24503750000000002 0.7488812499999999 0.24503750000000002 0.7488812499999999 0.2376375
1 0.8344687499999999 0.2301625 0.82373125 0.2301625 0.82373125 0.2373625 0.8344687499999999 0.2373625 0.8344687499999999 0.2301625
1 0.12535000000000002 0.6757125 0.112675 0.6757125 0.112675 0.6895125 0.12535000000000002 0.6895125 0.12535000000000002 0.6757125
1 0.325025 0.1454375 0.3161 0.1454375 0.3161 0.1541125 0.325025 0.1541125 0.325025 0.1454375
1 0.92854375 0.17404999999999998 0.9181312500000001 0.17404999999999998 0.9181312500000001 0.181175 0.92854375 0.181175 0.92854375 0.17404999999999998
1 0.22774375 0.109025 0.21903125 0.109025 0.21903125 0.1162 0.22774375 0.1162 0.22774375 0.109025
1 0.21493125000000002 0.6226 0.20376875 0.6226 0.20376875 0.63325 0.21493125000000002 0.63325 0.21493125000000002 0.6226
1 0.3410125 0.06483124999999999 0.3303625 0.06483124999999999 0.3303625 0.07629375000000001 0.3410125 0.07629375000000001 0.3410125 0.06483124999999999
1 0.14613125 0.23071875 0.13731875 0.23071875 0.13731875 0.23705625000000002 0.14613125 0.23705625000000002 0.14613125 0.23071875
1 0.30966875 0.13320625 0.30068125 0.13320625 0.30068125 0.14291875 0.30966875 0.14291875 0.30966875 0.13320625
1 0.31731875 0.04844375 0.30718125 0.04844375 0.30718125 0.057931250000000004 0.31731875 0.057931250000000004 0.31731875 0.04844375
1 0.15615625 0.241025 0.14559375000000002 0.241025 0.14559375000000002 0.248725 0.15615625 0.248725 0.15615625 0.241025
1 0.413625 0.0860375 0.4018 0.0860375 0.4018 0.0960875 0.413625 0.0960875 0.413625 0.0860375
1 0.30603125000000003 0.1252375 0.29554375 0.1252375 0.29554375 0.1347625 0.30603125000000003 0.1347625 0.30603125000000003 0.1252375
1 0.43061875 0.7923375 0.41655625 0.7923375 0.41655625 0.8062875 0.43061875 0.8062875 0.43061875 0.7923375
1 0.07026875 0.169325 0.05668125 0.169325 0.05668125 0.182 0.07026875 0.182 0.07026875 0.169325
1 0.6132375 0.28080625000000003 0.6055125 0.28080625000000003 0.6055125 0.28804375000000004 0.6132375 0.28804375000000004 0.6132375 0.28080625000000003
3 0.26749999999999996 0 0.21749999999999997 0.04375 0.0975 0.12625 0.0725 0.15125 0.03625 0.16625 0 0.1925 0 0.46749999999999997 0.0325 0.46125 0.05125 0.47000000000000003 0.08499999999999999 0.47125000000000006 0.1075 0.46624999999999994 0.1575 0.44625000000000004 0.185 0.44875 0.18875 0.4525 0.18625 0.46125 0.17375000000000002 0.475 0.12250000000000001 0.49749999999999994 0.07625 0.53 0.04375 0.5650000000000001 0.027500000000000004 0.5900000000000001 0.013750000000000002 0.61875 0.00625 0.6599999999999999 0.00625 0.7125 0.017499999999999998 0.75125 0.03375 0.78 0.04875 0.7875 0.08249999999999999 0.81875 0.11000000000000001 0.835 0.1375 0.8574999999999999 0.18125 0.8825 0.24 0.93 0.26625 0.95625 0.3 0.99875 0.3525 0.99875 0.36124999999999996 0.99 0.37875000000000003 0.96125 0.4025 0.90625 0.4325 0.85875 0.4425 0.83125 0.45625 0.8324999999999999 0.48250000000000004 0.8462500000000001 0.5237499999999999 0.85125 0.5525 0.8474999999999999 0.68875 0.8462500000000001 0.7125 0.85125 0.775 0.85375 0.9324999999999999 0.8400000000000001 0.99875 0.845 0.99875 0.75125 0.95375 0.7075 0.9337500000000001 0.6775 0.90625 0.61625 0.82875 0.52 0.7925 0.46624999999999994 0.75875 0.4325 0.7625 0.42000000000000004 0.7787499999999999 0.40374999999999994 0.81125 0.3825 0.85625 0.37124999999999997 0.8862500000000001 0.35625 0.9125 0.33375 0.9487500000000001 0.2875 0.96875 0.22749999999999998 0.99875 0.20249999999999999 0.99875 0.15625 0.9324999999999999 0.16375 0.825 0.15125 0.63875 0.15625 0.5625 0.16375 0.48 0.1825 0.48624999999999996 0.17124999999999999 0.51375 0.1525 0.525 0.1375 0.525 0.12625 0.5287499999999999 0.12375 0.5325 0.1275 0.5425 0.1075 0.54375 0.08625000000000001 0.5375 0.06875 0.5387500000000001 0.03375 0.5425 0.028749999999999998 0.54 0.0125 0.53 0.0225 0.5237499999999999 0.0225 0.51375 0 0.50743625 0 0.26749999999999996 0