1 0.39211874999999996 0.41833125000000004 0.32583125 0.41833125000000004 0.32583125 0.5004187499999999 0.39211874999999996 0.5004187499999999 0.39211874999999996 0.41833125000000004
1 0.609225 0.5500875 0.5304249999999999 0.5500875 0.5304249999999999 0.6452375 0.609225 0.6452375 0.609225 0.5500875
1 0.28223125 0.2875375 0.19531875 0.2875375 0.19531875 0.4248625 0.28223125 0.4248625 0.28223125 0.2875375
1 0.5937187500000001 0.26730624999999997 0.52933125 0.26730624999999997 0.52933125 0.37381875 0.5937187500000001 0.37381875 0.5937187500000001 0.26730624999999997
1 0.18055625 0.48470625 0.12241874999999999 0.48470625 0.12241874999999999 0.5650937500000001 0.18055625 0.5650937500000001 0.18055625 0.48470625
1 0.74721875 0.18530625 0.6326562499999999 0.18530625 0.6326562499999999 0.26074375 0.74721875 0.26074375 0.74721875 0.18530625
1 0.43080625 0.54071875 0.39146875 0.54071875 0.39146875 0.59013125 0.43080625 0.59013125 0.43080625 0.54071875
1 0.66653125 0.21389375 0.63619375 0.21389375 0.63619375 0.23873125 0.66653125 0.23873125 0.66653125 0.21389375
1 0.75170625 0.12317499999999999 0.70531875 0.12317499999999999 0.70531875 0.15735 0.75170625 0.15735 0.75170625 0.12317499999999999
1 0.4336375 0.393025 0.41061249999999994 0.393025 0.41061249999999994 0.413625 0.4336375 0.413625 0.4336375 0.393025
1 0.5616875 0.45787500000000003 0.5379125 0.45787500000000003 0.5379125 0.48402500000000004 0.5616875 0.48402500000000004 0.5616875 0.45787500000000003
1 0.2810625 0.25576875 0.2570125 0.25576875 0.2570125 0.28085625 0.2810625 0.28085625 0.2810625 0.25576875
1 0.32238125 0.00000625 0.10631874999999999 0.00000625 0.10631874999999999 0.10614375000000001 0.32238125 0.10614375000000001 0.32238125 0.00000625
1 0.5592374999999999 0.278525 0.5403625 0.278525 0.5403625 0.3084 0.5592374999999999 0.3084 0.5592374999999999 0.278525
1 0.462125 0.6125 0.44167500000000004 0.6125 0.44167500000000004 0.6375 0.462125 0.6375 0.462125 0.6125
1 0.22733750000000003 0.2978125 0.20431249999999998 0.2978125 0.20431249999999998 0.3218125 0.22733750000000003 0.3218125 0.22733750000000003 0.2978125
1 0.20713750000000003 0.33238124999999996 0.1839875 0.33238124999999996 0.1839875 0.37269375 0.20713750000000003 0.37269375 0.20713750000000003 0.33238124999999996
1 0.05526875 0.3138375 0.03513125 0.3138375 0.03513125 0.3365625 0.05526875 0.3365625 0.05526875 0.3138375
1 0.56606875 0.0223375 0.5462312500000001 0.0223375 0.5462312500000001 0.054137500000000005 0.56606875 0.054137500000000005 0.56606875 0.0223375
1 0.44645 0.059506250000000004 0.42757500000000004 0.059506250000000004 0.42757500000000004 0.08061874999999999 0.44645 0.08061874999999999 0.44645 0.059506250000000004
1 0.179075 0.88638125 0.099725 0.88638125 0.099725 0.96126875 0.179075 0.96126875 0.179075 0.88638125
1 0.58878125 0.55188125 0.56649375 0.55188125 0.56649375 0.58484375 0.58878125 0.58484375 0.58878125 0.55188125
1 0.690475 0.05436875 0.65425 0.05436875 0.65425 0.10285625000000001 0.690475 0.10285625000000001 0.690475 0.05436875
1 0.73085 0.198625 0.71055 0.198625 0.71055 0.21935 0.73085 0.21935 0.73085 0.198625
1 0.8632375 0.51245625 0.8408625000000001 0.51245625 0.8408625000000001 0.5363687500000001 0.8632375 0.5363687500000001 0.8632375 0.51245625
1 0.92101875 0.47601250000000006 0.83190625 0.47601250000000006 0.83190625 0.6646124999999999 0.92101875 0.6646124999999999 0.92101875 0.47601250000000006
1 0.74616875 0.41115625 0.72648125 0.41115625 0.72648125 0.43991875 0.74616875 0.43991875 0.74616875 0.41115625
1 0.66725625 0.5959875 0.64816875 0.5959875 0.64816875 0.6169125 0.66725625 0.6169125 0.66725625 0.5959875
1 0.05345 0.84936875 0.0364 0.84936875 0.0364 0.87425625 0.05345 0.87425625 0.05345 0.84936875
1 0.15413749999999998 0.02224375 0.1307625 0.02224375 0.1307625 0.04830625 0.15413749999999998 0.04830625 0.15413749999999998 0.02224375
1 0.5108625 0.583325 0.4969625 0.583325 0.4969625 0.606125 0.5108625 0.606125 0.5108625 0.583325
1 0.32819375 0.53298125 0.30363125 0.53298125 0.30363125 0.55979375 0.32819375 0.55979375 0.32819375 0.53298125
1 0.75218125 0.5757375 0.73024375 0.5757375 0.73024375 0.5990624999999999 0.75218125 0.5990624999999999 0.75218125 0.5757375
1 0.82983125 0.56419375 0.8068937500000001 0.56419375 0.8068937500000001 0.58913125 0.82983125 0.58913125 0.82983125 0.56419375
1 0.2692875 0.8878937499999999 0.25416249999999996 0.8878937499999999 0.25416249999999996 0.90605625 0.2692875 0.90605625 0.2692875 0.8878937499999999
1 0.5470875000000001 0.60429375 0.5320125 0.60429375 0.5320125 0.62128125 0.5470875000000001 0.62128125 0.5470875000000001 0.60429375
1 0.1299625 0.6512249999999999 0.1169875 0.6512249999999999 0.1169875 0.667125 0.1299625 0.667125 0.1299625 0.6512249999999999
1 0.48394375 0.86265 0.46575625 0.86265 0.46575625 0.884425 0.48394375 0.884425 0.48394375 0.86265
1 0.15668125 0.48704375000000005 0.14434375 0.48704375000000005 0.14434375 0.50660625 0.15668125 0.50660625 0.15668125 0.48704375000000005
1 0.56173125 0.8062875 0.54374375 0.8062875 0.54374375 0.8265375 0.56173125 0.8265375 0.56173125 0.8062875
1 0.315175 0.9789187500000001 0.299075 0.9789187500000001 0.299075 0.9986312500000001 0.315175 0.9986312500000001 0.315175 0.9789187500000001
1 0.44284999999999997 0.83109375 0.41212499999999996 0.83109375 0.41212499999999996 0.85543125 0.44284999999999997 0.85543125 0.44284999999999997 0.83109375
1 0.07005625 0.96571875 0.04876875 0.96571875 0.04876875 0.99033125 0.07005625 0.99033125 0.07005625 0.96571875
1 0.18175 0.05311249999999999 0.168825 0.05311249999999999 0.168825 0.0753125 0.18175 0.0753125 0.18175 0.05311249999999999
1 0.41954375 0.76329375 0.40320625000000004 0.76329375 0.40320625000000004 0.78163125 0.41954375 0.78163125 0.41954375 0.76329375
1 0.11575625 0.0047625 0.08139375 0.0047625 0.08139375 0.0849625 0.11575625 0.0849625 0.11575625 0.0047625
1 0.084775 0.25675 0.070875 0.25675 0.070875 0.2833 0.084775 0.2833 0.084775 0.25675
1 0.5153749999999999 0.9477187499999999 0.497325 0.9477187499999999 0.497325 0.96733125 0.5153749999999999 0.96733125 0.5153749999999999 0.9477187499999999
1 0.02066875 0.58625625 0.009931249999999999 0.58625625 0.009931249999999999 0.60026875 0.02066875 0.60026875 0.02066875 0.58625625
1 0.31486875 1 0.31486875 0.9898187500000001 0.29890625000000004 0.9898187500000001 0.29890625000000004 1 0.31486875 1
1 0.41588125 0.30128750000000004 0.40051875 0.30128750000000004 0.40051875 0.3183375 0.41588125 0.3183375 0.41588125 0.30128750000000004
1 0.0087625 0.71494375 0.00021250000000000002 0.71494375 0.00021250000000000002 0.73623125 0.0087625 0.73623125 0.0087625 0.71494375
1 0.27794375 0.19425625 0.26355625 0.19425625 0.26355625 0.21149374999999998 0.27794375 0.21149374999999998 0.27794375 0.19425625
3 0 0 0 0.99875 0.09125 0.99875 0.095 0.9949999999999999 0.12625 0.9949999999999999 0.12875 0.99875 0.29625 0.99875 0.305 0.9949999999999999 0.31 0.99875 0.31375000000000003 0.9925 0.32 0.99875 0.545 0.99875 0.55375 0.9949999999999999 0.5587500000000001 0.9737500000000001 0.55 0.9 0.545 0.9012499999999999 0.54125 0.89625 0.5325 0.86 0.5287499999999999 0.8637499999999999 0.5237499999999999 0.8574999999999999 0.5325 0.8387499999999999 0.53625 0.8487500000000001 0.55625 0.85125 0.67875 0.8387499999999999 0.7112499999999999 0.82875 0.73625 0.81375 0.76375 0.8099999999999999 0.7775000000000001 0.80375 0.8099999999999999 0.8025 0.81375 0.79625 0.83375 0.795 0.8375 0.7887500000000001 0.8574999999999999 0.7787499999999999 0.87625 0.75625 0.89 0.75 0.9075 0.7212500000000001 0.90625 0.7112499999999999 0.9175000000000001 0.6925 0.92125 0.6637500000000001 0.9275 0.6537499999999999 0.92875 0.63375 0.9337500000000001 0.6224999999999999 0.93125 0.61625 0.9349999999999999 0.6075 0.9412499999999999 0.5287499999999999 0.93875 0.47750000000000004 0.9324999999999999 0.45625 0.9349999999999999 0.45 0.93 0.4425 0.9349999999999999 0.43375 0.93 0.42874999999999996 0.9275 0.40374999999999994 0.91375 0.3875 0.9112500000000001 0.37625000000000003 0.9 0.37374999999999997 0.89 0.35875 0.87625 0.35625 0.87375 0.3525 0.8612500000000001 0.3525 0.85625 0.34750000000000003 0.845 0.35 0.8412499999999999 0.34375 0.7825 0.34249999999999997 0.75875 0.3175 0.75625 0.31 0.7575000000000001 0.27625 0.7625 0.2725 0.7737499999999999 0.21875 0.7787499999999999 0.21749999999999997 0.7887500000000001 0.14250000000000002 0.795 0.13874999999999998 0.79 0.13374999999999998 0.79125 0.12625 0.79625 0.12250000000000001 0.795 0.095 0.8 0.06375 0.80375 0.06 0.80375 0.026250000000000002 0.79875 0 0.79246125 0 0 0