1 0.278825 0.1883375 0.21832500000000002 0.1883375 0.21832500000000002 0.2486125 0.278825 0.2486125 0.278825 0.1883375
1 0.25195625 0.4707125 0.20751875000000003 0.4707125 0.20751875000000003 0.5268375 0.25195625 0.5268375 0.25195625 0.4707125
1 0.5808375 0.08479375 0.5158375000000001 0.08479375 0.5158375000000001 0.13920625 0.5808375 0.13920625 0.5808375 0.08479375
1 0.374425 0.1638 0.302825 0.1638 0.302825 0.209 0.374425 0.209 0.374425 0.1638
1 0.060175 0.31114375 0.022275 0.31114375 0.022275 0.34023125 0.060175 0.34023125 0.060175 0.31114375
1 0.5967374999999999 0.51436875 0.5136125 0.51436875 0.5136125 0.58620625 0.5967374999999999 0.58620625 0.5967374999999999 0.51436875
1 0.0653375 0.04644375 0.0064375000000000005 0.04644375 0.0064375000000000005 0.10308124999999999 0.0653375 0.10308124999999999 0.0653375 0.04644375
1 0.5323375 0.41806875000000004 0.5037874999999999 0.41806875000000004 0.5037874999999999 0.44863125000000004 0.5323375 0.44863125000000004 0.5323375 0.41806875000000004
1 0.46143124999999996 0.16986874999999999 0.42626875000000003 0.16986874999999999 0.42626875000000003 0.20148125 0.46143124999999996 0.20148125 0.46143124999999996 0.16986874999999999
1 0.1993 0.20205625 0.182775 0.20205625 0.182775 0.21884375 0.1993 0.21884375 0.1993 0.20205625
1 0.42177499999999996 0.78635 0.393175 0.78635 0.393175 0.83475 0.42177499999999996 0.83475 0.42177499999999996 0.78635
1 0.134275 0.51476875 0.10974999999999999 0.51476875 0.10974999999999999 0.5379562499999999 0.134275 0.5379562499999999 0.134275 0.51476875
1 0.36671875 0.02508125 0.34763125 0.02508125 0.34763125 0.04479375 0.36671875 0.04479375 0.36671875 0.02508125
1 0.92394375 0.34216250000000004 0.70593125 0.34216250000000004 0.70593125 0.6451374999999999 0.92394375 0.6451374999999999 0.92394375 0.34216250000000004
1 0.33540000000000003 0.02051875 0.315975 0.02051875 0.315975 0.03710625 0.33540000000000003 0.03710625 0.33540000000000003 0.02051875
1 0.34588125000000003 0.11865 0.33039375 0.11865 0.33039375 0.13355 0.34588125000000003 0.13355 0.34588125000000003 0.11865
1 0.29754375 0.2995625 0.27178125 0.2995625 0.27178125 0.3195875 0.29754375 0.3195875 0.29754375 0.2995625
1 0.31853125000000004 0.190775 0.30451875 0.190775 0.30451875 0.20400000000000001 0.31853125000000004 0.20400000000000001 0.31853125000000004 0.190775
1 0.665425 0.35408125 0.649025 0.35408125 0.649025 0.36809375 0.665425 0.36809375 0.665425 0.35408125
1 0.50690625 0.47663124999999995 0.48966875 0.47663124999999995 0.48966875 0.49211875000000005 0.50690625 0.49211875000000005 0.50690625 0.47663124999999995
1 0.46441875 0.076925 0.44573124999999997 0.076925 0.44573124999999997 0.094225 0.46441875 0.094225 0.46441875 0.076925
1 0.24163125000000002 0.47233125 0.22444375 0.47233125 0.22444375 0.49349375 0.24163125000000002 0.49349375 0.24163125000000002 0.47233125
1 0.5130874999999999 0.17325625 0.4966875 0.17325625 0.4966875 0.18781874999999998 0.5130874999999999 0.18781874999999998 0.5130874999999999 0.17325625
1 0.22941875 0.50300625 0.21150625 0.50300625 0.21150625 0.52044375 0.22941875 0.52044375 0.22941875 0.50300625
1 0.06401875 0.64911875 0.046581250000000005 0.64911875 0.046581250000000005 0.66630625 0.06401875 0.66630625 0.06401875 0.64911875
1 0.13530625000000002 0.43971875000000005 0.11786875000000001 0.43971875000000005 0.11786875000000001 0.45383125 0.13530625000000002 0.45383125 0.13530625000000002 0.43971875000000005
1 0.11585625 0.48010624999999996 0.09861875 0.48010624999999996 0.09861875 0.49449375 0.11585625 0.49449375 0.11585625 0.48010624999999996
1 0.09923125000000001 0.28115625 0.08521875 0.28115625 0.08521875 0.29599375 0.09923125000000001 0.29599375 0.09923125000000001 0.28115625
1 0.5889875 0.70665 0.5701875000000001 0.70665 0.5701875000000001 0.731825 0.5889875 0.731825 0.5889875 0.70665
1 0.1444375 0.7689625 0.12998749999999998 0.7689625 0.12998749999999998 0.7847375000000001 0.1444375 0.7847375000000001 0.1444375 0.7689625
1 0.8022500000000001 0.31896874999999997 0.784675 0.31896874999999997 0.784675 0.33093125 0.8022500000000001 0.33093125 0.8022500000000001 0.31896874999999997
1 0.3062375 0.46135624999999997 0.29093749999999996 0.46135624999999997 0.29093749999999996 0.47564375 0.3062375 0.47564375 0.3062375 0.46135624999999997
1 0.286 0.8134874999999999 0.273075 0.8134874999999999 0.273075 0.8290875 0.286 0.8290875 0.286 0.8134874999999999
1 0.52058125 0.57890625 0.50286875 0.57890625 0.50286875 0.59589375 0.52058125 0.59589375 0.52058125 0.57890625
1 0.28046875 0.7083062499999999 0.26348125 0.7083062499999999 0.26348125 0.72529375 0.28046875 0.72529375 0.28046875 0.7083062499999999
1 0.58030625 0.35284375 0.56714375 0.35284375 0.56714375 0.36345625 0.58030625 0.36345625 0.58030625 0.35284375
1 0.7765625 0.4598375 0.7605375000000001 0.4598375 0.7605375000000001 0.4747375 0.7765625 0.4747375 0.7765625 0.4598375
1 0.5164125 0.73160625 0.5011625000000001 0.73160625 0.5011625000000001 0.74594375 0.5164125 0.74594375 0.5164125 0.73160625
1 0.19205 0.16044375 0.177825 0.16044375 0.177825 0.17500625 0.19205 0.17500625 0.19205 0.16044375
1 0.5175625 0.13701875 0.5019625 0.13701875 0.5019625 0.14935625 0.5175625 0.14935625 0.5175625 0.13701875
1 0.41919375 0.5430937499999999 0.40550625 0.5430937499999999 0.40550625 0.55748125 0.41919375 0.55748125 0.41919375 0.5430937499999999
1 0.17611875 0.76906875 0.12808124999999998 0.76906875 0.12808124999999998 0.81588125 0.17611875 0.81588125 0.17611875 0.76906875
1 0.42406249999999995 0.44700625 0.4084625 0.44700625 0.4084625 0.45924375 0.42406249999999995 0.45924375 0.42406249999999995 0.44700625
1 0.89400625 0.45114375000000007 0.8764937500000001 0.45114375000000007 0.8764937500000001 0.46780625000000003 0.89400625 0.46780625000000003 0.89400625 0.45114375000000007
1 0.17189375 0.9176125 0.15940625 0.9176125 0.15940625 0.9300375000000001 0.17189375 0.9300375000000001 0.17189375 0.9176125
1 0.21828750000000002 0.8623125 0.20383749999999998 0.8623125 0.20383749999999998 0.8779125000000001 0.21828750000000002 0.8779125000000001 0.21828750000000002 0.8623125
1 0.6097312500000001 0.60861875 0.5933937499999999 0.60861875 0.5933937499999999 0.62868125 0.6097312500000001 0.62868125 0.6097312500000001 0.60861875
1 0.02525 0.48465625 0.00935 0.48465625 0.00935 0.49824375 0.02525 0.49824375 0.02525 0.48465625
1 0.5459875000000001 0.12278750000000001 0.5331125 0.12278750000000001 0.5331125 0.13551249999999998 0.5459875000000001 0.13551249999999998 0.5459875000000001 0.12278750000000001
1 0.7350875 0.47001875000000004 0.7238875 0.47001875000000004 0.7238875 0.48360624999999996 0.7350875 0.48360624999999996 0.7350875 0.47001875000000004
1 0.868 0.37526875 0.8526999999999999 0.37526875 0.8526999999999999 0.38938125 0.868 0.38938125 0.868 0.37526875
1 0.36280625 0.5267875 0.35056875 0.5267875 0.35056875 0.5396124999999999 0.36280625 0.5396124999999999 0.36280625 0.5267875
1 0.6843375 0.23054999999999998 0.6672374999999999 0.23054999999999998 0.6672374999999999 0.24382500000000001 0.6843375 0.24382500000000001 0.6843375 0.23054999999999998
1 0.55220625 0.5374625 0.53764375 0.5374625 0.53764375 0.5514125 0.55220625 0.5514125 0.55220625 0.5374625
1 0.8170624999999999 0.4280375 0.8040375 0.4280375 0.8040375 0.44013749999999996 0.8170624999999999 0.44013749999999996 0.8170624999999999 0.4280375
1 0.343825 0.34906875 0.332925 0.34906875 0.332925 0.35748125000000003 0.343825 0.35748125000000003 0.343825 0.34906875
1 0.40034375000000005 0.2228125 0.38335625 0.2228125 0.38335625 0.23788749999999997 0.40034375000000005 0.23788749999999997 0.40034375000000005 0.2228125
1 0.68279375 0.1715375 0.66778125 0.1715375 0.66778125 0.1844125 0.68279375 0.1844125 0.68279375 0.1715375
1 0.13515625 0.016375 0.12266875 0.016375 0.12266875 0.0294 0.13515625 0.0294 0.13515625 0.016375
1 0.08478125 0.72000625 0.07244375 0.72000625 0.07244375 0.7311687499999999 0.08478125 0.7311687499999999 0.08478125 0.72000625
1 0.37341250000000004 0.8885624999999999 0.3585125 0.8885624999999999 0.3585125 0.9014875 0.37341250000000004 0.9014875 0.37341250000000004 0.8885624999999999
1 0.59173125 0.80735625 0.57526875 0.80735625 0.57526875 0.8264437499999999 0.59173125 0.8264437499999999 0.59173125 0.80735625
1 0.13292500000000002 0.9710750000000001 0.11779999999999999 0.9710750000000001 0.11779999999999999 0.984975 0.13292500000000002 0.984975 0.13292500000000002 0.9710750000000001
1 0.5841000000000001 0.23891874999999999 0.5702 0.23891874999999999 0.5702 0.24863125 0.5841000000000001 0.24863125 0.5841000000000001 0.23891874999999999
1 0.1861 0.65270625 0.173025 0.65270625 0.173025 0.66369375 0.1861 0.66369375 0.1861 0.65270625
1 0.59724375 0.056993749999999996 0.58245625 0.056993749999999996 0.58245625 0.06923125 0.59724375 0.06923125 0.59724375 0.056993749999999996
1 0.017150000000000002 0.0036249999999999998 0.00042500000000000003 0.0036249999999999998 0.00042500000000000003 0.0187 0.017150000000000002 0.0187 0.017150000000000002 0.0036249999999999998
1 0.64420625 0.5237875 0.6341187500000001 0.5237875 0.6341187500000001 0.5367625 0.64420625 0.5367625 0.64420625 0.5237875
1 0.1416125 0.5542374999999999 0.12766249999999998 0.5542374999999999 0.12766249999999998 0.5668624999999999 0.1416125 0.5668624999999999 0.1416125 0.5542374999999999
1 0.2688125 0.28993125000000003 0.2575625 0.28993125000000003 0.2575625 0.29941874999999996 0.2688125 0.29941874999999996 0.2688125 0.28993125000000003
1 0.08468125 0.24969375 0.06949374999999999 0.24969375 0.06949374999999999 0.26398125 0.08468125 0.26398125 0.08468125 0.24969375
1 0.711975 0.73675625 0.650325 0.73675625 0.650325 0.8120687500000001 0.711975 0.8120687500000001 0.711975 0.73675625
1 0.7961125 0.342275 0.7829875000000001 0.342275 0.7829875000000001 0.35305 0.7961125 0.35305 0.7961125 0.342275
1 0.01504375 0.14375625 0.00145625 0.14375625 0.00145625 0.15604374999999998 0.01504375 0.15604374999999998 0.01504375 0.14375625
1 0.3569375 0.77796875 0.3203125 0.77796875 0.3203125 0.8021062499999999 0.3569375 0.8021062499999999 0.3569375 0.77796875
1 0.2466625 0.38305 0.2369875 0.38305 0.2369875 0.39235000000000003 0.2466625 0.39235000000000003 0.2466625 0.38305
1 0.7144 0.5434125 0.705525 0.5434125 0.705525 0.5561875 0.7144 0.5561875 0.7144 0.5434125
1 0.35714375 0.87843125 0.33915625 0.87843125 0.33915625 0.89304375 0.35714375 0.89304375 0.35714375 0.87843125
1 0.3903125 0.7574125 0.3675125 0.7574125 0.3675125 0.7757875000000001 0.3903125 0.7757875000000001 0.3903125 0.7574125
1 0.37145625 0.6361625 0.35609375 0.6361625 0.35609375 0.6499625 0.37145625 0.6499625 0.37145625 0.6361625
1 0.3187125 0.42991875 0.3057875 0.42991875 0.3057875 0.44165625000000003 0.3187125 0.44165625000000003 0.3187125 0.42991875
1 0.7997 0.57791875 0.7882 0.57791875 0.7882 0.58908125 0.7997 0.58908125 0.7997 0.57791875
1 0.2111875 0.89645 0.0766625 0.89645 0.0766625 0.9961249999999999 0.2111875 0.9961249999999999 0.2111875 0.89645
1 0.28802500000000003 0.49626875000000004 0.27545000000000003 0.49626875000000004 0.27545000000000003 0.5086062499999999 0.28802500000000003 0.5086062499999999 0.28802500000000003 0.49626875000000004
1 0.3626625 0.91335 0.3424125 0.91335 0.3424125 0.9304 0.3626625 0.9304 0.3626625 0.91335
1 0.05031875 0.27240000000000003 0.02183125 0.27240000000000003 0.02183125 0.2984 0.05031875 0.2984 0.05031875 0.27240000000000003
1 0.6677625 0.42978750000000004 0.6535375 0.42978750000000004 0.6535375 0.4432625 0.6677625 0.4432625 0.6677625 0.42978750000000004
1 0.14923124999999998 0.1424125 0.13836874999999998 0.1424125 0.13836874999999998 0.1534875 0.14923124999999998 0.1534875 0.14923124999999998 0.1424125
1 0.04384375 0.8957375000000001 0.02268125 0.8957375000000001 0.02268125 0.9304375 0.04384375 0.9304375 0.04384375 0.8957375000000001
1 0.46777499999999994 0.2224875 0.45067500000000005 0.2224875 0.45067500000000005 0.2369875 0.46777499999999994 0.2369875 0.46777499999999994 0.2224875
1 0.6761 0.19163125 0.64225 0.19163125 0.64225 0.21729375 0.6761 0.21729375 0.6761 0.19163125
1 0.28405625 0.78828125 0.27404375000000003 0.78828125 0.27404375000000003 0.79864375 0.28405625 0.79864375 0.28405625 0.78828125
1 0.05319375 0.89016875 0.02005625 0.89016875 0.02005625 0.9828812499999999 0.05319375 0.9828812499999999 0.05319375 0.89016875
1 0.48263125 0.7010375 0.46511874999999997 0.7010375 0.46511874999999997 0.7188875 0.48263125 0.7188875 0.48263125 0.7010375
1 0.30556875 0.29500000000000004 0.29648125 0.29500000000000004 0.29648125 0.304125 0.30556875 0.304125 0.30556875 0.29500000000000004
1 0.44034375 0.78069375 0.32870625000000003 0.78069375 0.32870625000000003 0.9907812500000001 0.44034375 0.9907812500000001 0.44034375 0.78069375
1 0.8187312500000001 0.0028125 0.7086187500000001 0.0028125 0.7086187500000001 0.18286249999999998 0.8187312500000001 0.18286249999999998 0.8187312500000001 0.0028125
3 0.017499999999999998 0 0.015 0.02 0 0.02375 0 0.5075000000000001 0.03625 0.5375 0.052500000000000005 0.55625 0.05625 0.58125 0.05625 0.5900000000000001 0.03875 0.625 0.03 0.69625 0.03375 0.81875 0.02 0.9012499999999999 0.0225 0.9349999999999999 0.03 0.95625 0.0325 0.9824999999999999 0.04375 0.99875 0.5287499999999999 0.99875 0.54125 0.985 0.5525 0.98125 0.5700000000000001 0.95375 0.615 0.9112500000000001 0.6849999999999999 0.8025 0.71 0.7424999999999999 0.7262500000000001 0.6575 0.7325 0.655 0.73625 0.6637500000000001 0.7474999999999999 0.66625 0.76 0.665 0.77125 0.66875 0.7787499999999999 0.665 0.7849999999999999 0.67125 0.79 0.6675 0.8025 0.67 0.80625 0.665 0.8175000000000001 0.6637500000000001 0.82875 0.6537499999999999 0.835 0.6537499999999999 0.8412499999999999 0.645 0.845 0.6475 0.85 0.6425 0.85 0.635 0.87625 0.61 0.9237500000000001 0.5912499999999999 0.96125 0.54375 0.96875 0.5287499999999999 0.9712500000000001 0.5075000000000001 0.9662499999999999 0.43125 0.96125 0.40750000000000003 0.95375 0.39625 0.9512499999999999 0.375 0.945 0.36875 0.9349999999999999 0.3375 0.9237500000000001 0.325 0.9112500000000001 0.29874999999999996 0.9012499999999999 0.29500000000000004 0.8949999999999999 0.28375 0.885 0.27999999999999997 0.87625 0.26749999999999996 0.85375 0.2625 0.80375 0.22749999999999998 0.74125 0.20375000000000001 0.6875 0.20249999999999999 0.67 0.19624999999999998 0.6837500000000001 0.195 0.68625 0.18625 0.6925 0.18375 0.70125 0.16875 0.70375 0.15 0.7325 0.1075 0.73 0.0675 0.7375 0.0325 0.7474999999999999 0.028749999999999998 0.745 0.025 0.75 0.00625 0.7462500000000001 0 0.01875 0 0.017499999999999998 0