1 0.46310624999999994 0.24225625 0.43181875 0.24225625 0.43181875 0.27104374999999997 0.46310624999999994 0.27104374999999997 0.46310624999999994 0.24225625
1 0.47065625000000005 0.38495 0.45071874999999995 0.38495 0.45071874999999995 0.401675 0.47065625000000005 0.401675 0.47065625000000005 0.38495
1 0.5536625 0.035631249999999996 0.5430125 0.035631249999999996 0.5430125 0.04964375 0.5536625 0.04964375 0.5536625 0.035631249999999996
1 0.57323125 0.190875 0.55959375 0.190875 0.55959375 0.202425 0.57323125 0.202425 0.57323125 0.190875
1 0.549075 0.32531875 0.5349 0.32531875 0.5349 0.34998125 0.549075 0.34998125 0.549075 0.32531875
1 0.0799375 0.35568125 0.0685125 0.35568125 0.0685125 0.36501875 0.0799375 0.36501875 0.0799375 0.35568125
1 0.8660687499999999 0.6458999999999999 0.85755625 0.6458999999999999 0.85755625 0.6538999999999999 0.8660687499999999 0.6538999999999999 0.8660687499999999 0.6458999999999999
1 0.62675625 0.09086875 0.60956875 0.09086875 0.60956875 0.10980625 0.62675625 0.10980625 0.62675625 0.09086875
1 0.52370625 0.26815625 0.51436875 0.26815625 0.51436875 0.27724375 0.52370625 0.27724375 0.52370625 0.26815625
1 0.41375624999999994 0.5889562500000001 0.40361874999999997 0.5889562500000001 0.40361874999999997 0.59951875 0.41375624999999994 0.59951875 0.41375624999999994 0.5889562500000001
1 0.56324375 0.47925625 0.5441812500000001 0.47925625 0.5441812500000001 0.49584374999999997 0.56324375 0.49584374999999997 0.56324375 0.47925625
1 0.3317 0.79306875 0.3221 0.79306875 0.3221 0.8026312499999999 0.3317 0.8026312499999999 0.3317 0.79306875
1 0.2522 0.7047625 0.218025 0.7047625 0.218025 0.7425125 0.2522 0.7425125 0.2522 0.7047625
1 0.68604375 0.72160625 0.67820625 0.72160625 0.67820625 0.72956875 0.68604375 0.72956875 0.68604375 0.72160625
1 0.35176875 0.22457500000000002 0.34305625 0.22457500000000002 0.34305625 0.233425 0.35176875 0.233425 0.35176875 0.22457500000000002
1 0.54995 0.2838625 0.5418499999999999 0.2838625 0.5418499999999999 0.2927875 0.54995 0.2927875 0.54995 0.2838625
1 0.47140624999999997 0.33826875 0.46024374999999995 0.33826875 0.46024374999999995 0.34678125 0.47140624999999997 0.34678125 0.47140624999999997 0.33826875
1 0.5686 0.43541875 0.55835 0.43541875 0.55835 0.44543125000000006 0.5686 0.44543125000000006 0.5686 0.43541875
1 0.58894375 0.30018125 0.58098125 0.30018125 0.58098125 0.30821875 0.58894375 0.30821875 0.58894375 0.30018125
1 0.25568124999999997 0.41266875000000003 0.24821875000000002 0.41266875000000003 0.24821875000000002 0.42033125 0.25568124999999997 0.42033125 0.25568124999999997 0.41266875000000003
1 0.548175 0.41136875 0.539725 0.41136875 0.539725 0.42018125 0.548175 0.42018125 0.548175 0.41136875
1 0.7958062499999999 0.6006125 0.78816875 0.6006125 0.78816875 0.6073875 0.7958062499999999 0.6073875 0.7958062499999999 0.6006125
1 0.0347875 0.49868750000000006 0.025412499999999998 0.49868750000000006 0.025412499999999998 0.5071625 0.0347875 0.5071625 0.0347875 0.49868750000000006
1 0.8992812499999999 0.75315 0.89076875 0.75315 0.89076875 0.7615000000000001 0.8992812499999999 0.7615000000000001 0.8992812499999999 0.75315
1 0.4598 0.38537499999999997 0.45132500000000003 0.38537499999999997 0.45132500000000003 0.39392499999999997 0.4598 0.39392499999999997 0.4598 0.38537499999999997
1 0.5614874999999999 0.17809375 0.5537375 0.17809375 0.5537375 0.18615625 0.5614874999999999 0.18615625 0.5614874999999999 0.17809375
1 0.7546875 0.707725 0.7472624999999999 0.707725 0.7472624999999999 0.715125 0.7546875 0.715125 0.7546875 0.707725
1 0.58875 0.19589375 0.581175 0.19589375 0.581175 0.20523125000000003 0.58875 0.20523125000000003 0.58875 0.19589375
1 0.45170625 0.74750625 0.43599375 0.74750625 0.43599375 0.75736875 0.45170625 0.75736875 0.45170625 0.74750625
1 0.5153125000000001 0.2597375 0.5081375 0.2597375 0.5081375 0.2676125 0.5153125000000001 0.2676125 0.5153125000000001 0.2597375
1 0.36703125000000003 0.30246249999999997 0.36001875 0.30246249999999997 0.36001875 0.3113125 0.36703125000000003 0.3113125 0.36703125000000003 0.30246249999999997
1 0.61235 0.67983125 0.60445 0.67983125 0.60445 0.68834375 0.61235 0.68834375 0.61235 0.67983125
1 0.7701749999999999 0.64804375 0.7630250000000001 0.64804375 0.7630250000000001 0.65468125 0.7701749999999999 0.65468125 0.7701749999999999 0.64804375
1 0.46989375000000005 0.60490625 0.46223125 0.60490625 0.46223125 0.61286875 0.46989375000000005 0.61286875 0.46989375000000005 0.60490625
1 0.6085375 0.08825625000000001 0.5984875 0.08825625000000001 0.5984875 0.09911875 0.6085375 0.09911875 0.6085375 0.08825625000000001
1 0.6700875 0.55969375 0.6629125 0.55969375 0.6629125 0.5662812500000001 0.6700875 0.5662812500000001 0.6700875 0.55969375
1 0.79738125 0.80713125 0.78856875 0.80713125 0.78856875 0.81591875 0.79738125 0.81591875 0.79738125 0.80713125
1 0.5220312500000001 0.2542 0.51506875 0.2542 0.51506875 0.261925 0.5220312500000001 0.261925 0.5220312500000001 0.2542
1 0.6205812500000001 0.9746499999999999 0.61184375 0.9746499999999999 0.61184375 0.9843249999999999 0.6205812500000001 0.9843249999999999 0.6205812500000001 0.9746499999999999
1 0.7112937500000001 0.70126875 0.7008062500000001 0.70126875 0.7008062500000001 0.70888125 0.7112937500000001 0.70888125 0.7112937500000001 0.70126875
1 0.013850000000000001 0.48030625000000005 0.006425 0.48030625000000005 0.006425 0.48696875000000006 0.013850000000000001 0.48696875000000006 0.013850000000000001 0.48030625000000005
1 0.15239375 0.39625 0.14595625 0.39625 0.14595625 0.403075 0.15239375 0.403075 0.15239375 0.39625
1 0.52524375 0.367775 0.5187062499999999 0.367775 0.5187062499999999 0.3749 0.52524375 0.3749 0.52524375 0.367775
1 0.52905 0.5233749999999999 0.519775 0.5233749999999999 0.519775 0.5323 0.52905 0.5323 0.52905 0.5233749999999999
1 0.04729375 0.5742499999999999 0.04138125 0.5742499999999999 0.04138125 0.5800500000000001 0.04729375 0.5800500000000001 0.04729375 0.5742499999999999
1 0.92545 0.7534500000000001 0.9183 0.7534500000000001 0.9183 0.7602249999999999 0.92545 0.7602249999999999 0.92545 0.7534500000000001
1 0.04493125 0.42610000000000003 0.03874375 0.42610000000000003 0.03874375 0.43327499999999997 0.04493125 0.43327499999999997 0.04493125 0.42610000000000003
1 0.6734875 0.63758125 0.6663625 0.63758125 0.6663625 0.64464375 0.6734875 0.64464375 0.6734875 0.63758125
1 0.4923 0.42285625 0.486225 0.42285625 0.486225 0.43016875 0.4923 0.43016875 0.4923 0.42285625
3 0 0.99875 0.52625 0.99875 0.5287499999999999 0.9949999999999999 0.54 0.9949999999999999 0.54375 0.99875 0.655 0.99875 0.6587500000000001 0.9949999999999999 0.78125 0.96125 0.85125 0.925 0.9225 0.875 0.9800000000000001 0.85125 0.99875 0.8474999999999999 0.99875 0.77625 0.95875 0.74875 0.93625 0.725 0.9225 0.7025 0.8625 0.64125 0.81875 0.60875 0.755 0.57375 0.72375 0.5650000000000001 0.67875 0.5425 0.6224999999999999 0.5325 0.5974999999999999 0.52125 0.60875 0.50125 0.6012500000000001 0.49375 0.61125 0.495 0.615 0.485 0.61375 0.4725 0.6174999999999999 0.47000000000000003 0.61375 0.46624999999999994 0.61875 0.45999999999999996 0.6212500000000001 0.46375 0.62625 0.4625 0.63625 0.43875000000000003 0.6325000000000001 0.43125 0.635 0.42874999999999996 0.6375 0.4325 0.6425 0.42750000000000005 0.645 0.40125 0.65 0.4025 0.6537499999999999 0.39375 0.6525000000000001 0.38 0.6575 0.38375 0.6587500000000001 0.38 0.65125 0.26 0.6275000000000001 0.1675 0.6275000000000001 0.14125000000000001 0.63125 0.135 0.6275000000000001 0.12625 0.6275000000000001 0.07875 0.63125 0.075 0.625 0.07375000000000001 0.6287499999999999 0.05375 0.62625 0.05375 0.5900000000000001 0.095 0.54 0.12375 0.47625 0.1275 0.4225 0.13625 0.37374999999999997 0.15125 0.32875 0.17375000000000002 0.26 0.24125000000000002 0.2325 0.2625 0.23500000000000001 0.27999999999999997 0.22374999999999998 0.28875 0.20750000000000002 0.28125 0.1325 0.1975 0.125 0.195 0.12250000000000001 0.1875 0.095 0.17375000000000002 0.08375 0.185 0.061250000000000006 0.255 0.026250000000000002 0.3125 0 0.34125 0 0.67625 0.0325 0.6825 0.05500000000000001 0.6950000000000001 0.09125 0.7075 0.185 0.7224999999999999 0.20125 0.7325 0.18875 0.7375 0.15 0.73375 0.12250000000000001 0.725 0.075 0.72875 0.04375 0.7424999999999999 0 0.7875 0 0.99875