1 0.45209374999999996 0.45999999999999996 0.38583124999999996 0.45999999999999996 0.38583124999999996 0.50875 0.45209374999999996 0.50875 0.45209374999999996 0.45999999999999996
1 0.44046250000000003 0.71054375 0.4013375 0.71054375 0.4013375 0.75138125 0.44046250000000003 0.75138125 0.44046250000000003 0.71054375
1 0.579325 0.7077375 0.5486 0.7077375 0.5486 0.7395375 0.579325 0.7395375 0.579325 0.7077375
1 0.72089375 0.31739375000000003 0.70000625 0.31739375000000003 0.70000625 0.33640625 0.72089375 0.33640625 0.72089375 0.31739375000000003
1 0.40685625 0.5704625 0.37781875 0.5704625 0.37781875 0.6199625 0.40685625 0.6199625 0.40685625 0.5704625
1 0.22165625000000003 0.5263875 0.19704375000000002 0.5263875 0.19704375000000002 0.5458875 0.22165625000000003 0.5458875 0.22165625000000003 0.5263875
1 0.817475 0.49186874999999997 0.763575 0.49186874999999997 0.763575 0.53450625 0.817475 0.53450625 0.817475 0.49186874999999997
1 0.20950625 0.559425 0.18746875000000002 0.559425 0.18746875000000002 0.584125 0.20950625 0.584125 0.20950625 0.559425
1 0.11452500000000002 0.50218125 0.093 0.50218125 0.093 0.52809375 0.11452500000000002 0.52809375 0.11452500000000002 0.50218125
1 0.29686875 0.424275 0.27393125 0.424275 0.27393125 0.4473 0.29686875 0.4473 0.29686875 0.424275
1 0.87061875 0.086275 0.8510562500000001 0.086275 0.8510562500000001 0.107075 0.87061875 0.107075 0.87061875 0.086275
1 0.20060625 0.51194375 0.18074375 0.51194375 0.18074375 0.53590625 0.20060625 0.53590625 0.20060625 0.51194375
1 0.8569687500000001 0.22438125000000003 0.84030625 0.22438125000000003 0.84030625 0.24021875 0.8569687500000001 0.24021875 0.8569687500000001 0.22438125000000003
1 0.41439375 0.63221875 0.39760625 0.63221875 0.39760625 0.65098125 0.41439375 0.65098125 0.41439375 0.63221875
1 0.9171250000000001 0.053912499999999995 0.8983000000000001 0.053912499999999995 0.8983000000000001 0.0753625 0.9171250000000001 0.0753625 0.9171250000000001 0.053912499999999995
1 0.83121875 0.86334375 0.8133062499999999 0.86334375 0.8133062499999999 0.8817812500000001 0.83121875 0.8817812500000001 0.83121875 0.86334375
1 0.0816875 0.7280625 0.0651625 0.7280625 0.0651625 0.7533875 0.0816875 0.7533875 0.0816875 0.7280625
1 0.5602 0.29322499999999996 0.5394 0.29322499999999996 0.5394 0.31665 0.5602 0.31665 0.5602 0.29322499999999996
1 0.99163125 0.1962375 0.97614375 0.1962375 0.97614375 0.2166125 0.99163125 0.2166125 0.99163125 0.1962375
1 0.33483125 0.58326875 0.31946875 0.58326875 0.31946875 0.60228125 0.33483125 0.60228125 0.33483125 0.58326875
1 0.7753 0.08809375 0.7569250000000001 0.08809375 0.7569250000000001 0.10600625 0.7753 0.10600625 0.7753 0.08809375
1 0.6917 0.40715 0.6784250000000001 0.40715 0.6784250000000001 0.42245 0.6917 0.42245 0.6917 0.40715
1 0.1349625 0.9316125 0.1147875 0.9316125 0.1147875 0.9560875 0.1349625 0.9560875 0.1349625 0.9316125
1 0.6916249999999999 0.14458125 0.67655 0.14458125 0.67655 0.16229375 0.6916249999999999 0.16229375 0.6916249999999999 0.14458125
1 0.3493625 0.32491875000000003 0.3342375 0.32491875000000003 0.3342375 0.34255625 0.3493625 0.34255625 0.3493625 0.32491875000000003
1 0.42971875 0.40539375 0.41305625 0.40539375 0.41305625 0.42518124999999996 0.42971875 0.42518124999999996 0.42971875 0.40539375
1 0.86979375 0.55155 0.8518812499999999 0.55155 0.8518812499999999 0.5724750000000001 0.86979375 0.5724750000000001 0.86979375 0.55155
1 0.8094125 0.63260625 0.7941125 0.63260625 0.7941125 0.65059375 0.8094125 0.65059375 0.8094125 0.63260625
1 0.9493750000000001 0.5207625 0.9344250000000001 0.5207625 0.9344250000000001 0.5368625 0.9493750000000001 0.5368625 0.9493750000000001 0.5207625
1 0.46811875000000003 0.2169125 0.45228124999999997 0.2169125 0.45228124999999997 0.2357125 0.46811875000000003 0.2357125 0.46811875000000003 0.2169125
1 0.9915125 0.19188750000000002 0.9635624999999999 0.19188750000000002 0.9635624999999999 0.2387875 0.9915125 0.2387875 0.9915125 0.19188750000000002
1 0.1326625 0.16848749999999998 0.1175875 0.16848749999999998 0.1175875 0.1906375 0.1326625 0.1906375 0.1326625 0.16848749999999998
1 0.29341875 0.26655625 0.27983125000000003 0.26655625 0.27983125000000003 0.28471875 0.29341875 0.28471875 0.29341875 0.26655625
1 0.35825625 0.77390625 0.34241875 0.77390625 0.34241875 0.79346875 0.35825625 0.79346875 0.35825625 0.77390625
1 0.0612 0.47161875000000003 0.047025 0.47161875000000003 0.047025 0.48980625 0.0612 0.48980625 0.0612 0.47161875000000003
1 0.5234062500000001 0.9346500000000001 0.50589375 0.9346500000000001 0.50589375 0.954025 0.5234062500000001 0.954025 0.5234062500000001 0.9346500000000001
1 0.3811875 0.38635625 0.36588750000000003 0.38635625 0.36588750000000003 0.40611875 0.3811875 0.40611875 0.3811875 0.38635625
1 0.16698125 0.7945375 0.15259375 0.7945375 0.15259375 0.8119125 0.16698125 0.8119125 0.16698125 0.7945375
1 0.7986125000000001 0.764775 0.7843875 0.764775 0.7843875 0.785025 0.7986125000000001 0.785025 0.7986125000000001 0.764775
1 0.86518125 0.2729875 0.8467437500000001 0.2729875 0.8467437500000001 0.2895125 0.86518125 0.2895125 0.86518125 0.2729875
1 0.5449499999999999 0.2408875 0.5292749999999999 0.2408875 0.5292749999999999 0.25961249999999997 0.5449499999999999 0.25961249999999997 0.5449499999999999 0.2408875
1 0.41120625000000005 0.7782250000000001 0.39396875 0.7782250000000001 0.39396875 0.796 0.41120625000000005 0.796 0.41120625000000005 0.7782250000000001
1 0.740625 0.95304375 0.7252 0.95304375 0.7252 0.97273125 0.740625 0.97273125 0.740625 0.95304375
1 0.23366250000000002 0.2198875 0.22018749999999998 0.2198875 0.22018749999999998 0.23861249999999998 0.23366250000000002 0.23861249999999998 0.23366250000000002 0.2198875
1 0.22676249999999998 0.9698687500000001 0.2043875 0.9698687500000001 0.2043875 0.99400625 0.22676249999999998 0.99400625 0.22676249999999998 0.9698687500000001
1 0.54485625 0.73113125 0.53131875 0.73113125 0.53131875 0.74836875 0.54485625 0.74836875 0.54485625 0.73113125
1 0.46926249999999997 0.5476875 0.4535875 0.5476875 0.4535875 0.5743875 0.46926249999999997 0.5743875 0.46926249999999997 0.5476875
1 0.648025 0.67475625 0.6371249999999999 0.67475625 0.6371249999999999 0.69046875 0.648025 0.69046875 0.648025 0.67475625
1 0.75920625 0.50305625 0.73786875 0.50305625 0.73786875 0.52429375 0.75920625 0.52429375 0.75920625 0.50305625
1 0.8938499999999999 0.72571875 0.880575 0.72571875 0.880575 0.74010625 0.8938499999999999 0.74010625 0.8938499999999999 0.72571875
1 0.9934875 0.57204375 0.9781875 0.57204375 0.9781875 0.59300625 0.9934875 0.59300625 0.9934875 0.57204375
1 0.8374937499999999 0.97720625 0.81778125 0.97720625 0.81778125 0.99836875 0.8374937499999999 0.99836875 0.8374937499999999 0.97720625
1 0.1843375 0.08863125 0.1703875 0.08863125 0.1703875 0.10826875 0.1843375 0.10826875 0.1843375 0.08863125
1 0.1542 0.310975 0.13974999999999999 0.310975 0.13974999999999999 0.335025 0.1542 0.335025 0.1542 0.310975
1 0.95268125 0.3234 0.93794375 0.3234 0.93794375 0.33725 0.95268125 0.33725 0.95268125 0.3234
1 0.18038749999999998 0.16896875 0.16776249999999998 0.16896875 0.16776249999999998 0.18918125 0.18038749999999998 0.18918125 0.18038749999999998 0.16896875
1 0.5301437499999999 0.35210625 0.51868125 0.35210625 0.51868125 0.36909375 0.5301437499999999 0.36909375 0.5301437499999999 0.35210625
1 0.80698125 0.8397 0.78091875 0.8397 0.78091875 0.8644000000000001 0.80698125 0.8644000000000001 0.80698125 0.8397
1 0.571275 0.16976249999999998 0.555675 0.16976249999999998 0.555675 0.1866875 0.571275 0.1866875 0.571275 0.16976249999999998
1 0.25070625 0.9037499999999999 0.19436875 0.9037499999999999 0.19436875 0.949775 0.25070625 0.949775 0.25070625 0.9037499999999999
1 0.9619562500000001 0.4974 0.94721875 0.4974 0.94721875 0.514325 0.9619562500000001 0.514325 0.9619562500000001 0.4974
1 0.35807500000000003 0.29038125 0.31575000000000003 0.29038125 0.31575000000000003 0.31704374999999996 0.35807500000000003 0.31704374999999996 0.35807500000000003 0.29038125
1 0.45163125 0.7024812500000001 0.38626875 0.7024812500000001 0.38626875 0.81801875 0.45163125 0.81801875 0.45163125 0.7024812500000001
1 0.8207000000000001 0.1648375 0.8072250000000001 0.1648375 0.8072250000000001 0.1801375 0.8207000000000001 0.1801375 0.8207000000000001 0.1648375
1 0.156025 0.60651875 0.14255 0.60651875 0.14255 0.62395625 0.156025 0.62395625 0.156025 0.60651875
1 0.15325 0.56403125 0.13997500000000002 0.56403125 0.13997500000000002 0.58146875 0.15325 0.58146875 0.15325 0.56403125
1 0.3272 0.3429 0.3066 0.3429 0.3066 0.37145 0.3272 0.37145 0.3272 0.3429
1 0.65505625 0.24639375000000002 0.63986875 0.24639375000000002 0.63986875 0.26338125 0.65505625 0.26338125 0.65505625 0.24639375000000002
1 0.6750499999999999 0.80030625 0.6648 0.80030625 0.6648 0.81394375 0.6750499999999999 0.81394375 0.6750499999999999 0.80030625
1 0.47228125 0.94304375 0.45789375000000004 0.94304375 0.45789375000000004 0.9602812500000001 0.47228125 0.9602812500000001 0.47228125 0.94304375
1 0.71761875 0.1585625 0.7032812500000001 0.1585625 0.7032812500000001 0.1754125 0.71761875 0.1754125 0.71761875 0.1585625
1 0.031325 0.5810187499999999 0.004775 0.5810187499999999 0.004775 0.61330625 0.031325 0.61330625 0.031325 0.5810187499999999
1 0.7584375 0.738325 0.7454625 0.738325 0.7454625 0.7567999999999999 0.7584375 0.7567999999999999 0.7584375 0.738325
1 0.8244374999999999 0.34593124999999997 0.8064125000000001 0.34593124999999997 0.8064125000000001 0.36451875 0.8244374999999999 0.36451875 0.8244374999999999 0.34593124999999997
1 0.1502875 0.87253125 0.1373125 0.87253125 0.1373125 0.89114375 0.1502875 0.89114375 0.1502875 0.87253125
1 0.8337125000000001 0.7950625 0.8205875 0.7950625 0.8205875 0.8123625000000001 0.8337125000000001 0.8123625000000001 0.8337125000000001 0.7950625
1 0.04650625 0.8289312499999999 0.03546875 0.8289312499999999 0.03546875 0.8487937499999999 0.04650625 0.8487937499999999 0.04650625 0.8289312499999999
1 0.20571875 0.9283250000000001 0.19053124999999999 0.9283250000000001 0.19053124999999999 0.9505750000000001 0.20571875 0.9505750000000001 0.20571875 0.9283250000000001
1 0.5835 0.10752500000000001 0.565925 0.10752500000000001 0.565925 0.1293 0.5835 0.1293 0.5835 0.10752500000000001
1 0.3247875 0.81719375 0.31291250000000004 0.81719375 0.31291250000000004 0.83418125 0.3247875 0.83418125 0.3247875 0.81719375
1 0.7903625 1 0.7903625 0.9927250000000001 0.7750625 0.9927250000000001 0.7750625 1 0.7903625 1
3 0.725 0 0.6875 0.01625 0.6849999999999999 0.021249999999999998 0.6675 0.03125 0.6375 0.04 0.61375 0.06625 0.605 0.06999999999999999 0.5475 0.125 0.5325 0.14375 0.49749999999999994 0.21625 0.50125 0.22000000000000003 0.49874999999999997 0.23125 0.4925 0.23625 0.495 0.25125000000000003 0.48624999999999996 0.2625 0.48250000000000004 0.255 0.485 0.21749999999999997 0.47125000000000006 0.19624999999999998 0.43375 0.17250000000000001 0.39625 0.135 0.36875 0.12875 0.325 0.10874999999999999 0.28125 0.058750000000000004 0.24 0.0375 0.22000000000000003 0.034999999999999996 0.21625 0.03875 0.20125 0.03875 0.14125000000000001 0.06 0.12250000000000001 0.0725 0.06999999999999999 0.12 0.041249999999999995 0.15875 0.028749999999999998 0.18375 0.02375 0.205 0.0225 0.24 0.027500000000000004 0.25375000000000003 0.04375 0.27 0.058750000000000004 0.27375 0.06999999999999999 0.28250000000000003 0.0775 0.30625 0.0775 0.35750000000000004 0.0725 0.37625000000000003 0.061250000000000006 0.39625 0.01 0.43 0 0.44125 0 0.99875 0.99875 0.99875 0.99875 0.095 0.9925 0.0925 0.99 0.06375 0.9662499999999999 0.03125 0.9425000000000001 0.015 0.8975 0 0.89111125 0 0.725 0