1 0.657025 0.24333749999999998 0.593325 0.24333749999999998 0.593325 0.3103125 0.657025 0.3103125 0.657025 0.24333749999999998
1 0.27234375 0.369025 0.24035625 0.369025 0.24035625 0.39415 0.27234375 0.39415 0.27234375 0.369025
1 0.69100625 0.58694375 0.6576187499999999 0.58694375 0.6576187499999999 0.6200812499999999 0.69100625 0.6200812499999999 0.69100625 0.58694375
1 0.65413125 0.82990625 0.61051875 0.82990625 0.61051875 0.8800437499999999 0.65413125 0.8800437499999999 0.65413125 0.82990625
1 0.5485625 0.19808125000000001 0.5207625 0.19808125000000001 0.5207625 0.22061875 0.5485625 0.22061875 0.5485625 0.19808125000000001
1 0.18185 0.46175 0.150175 0.46175 0.150175 0.48845 0.18185 0.48845 0.18185 0.46175
1 0.748 0.5615249999999999 0.709025 0.5615249999999999 0.709025 0.5918 0.748 0.5918 0.748 0.5615249999999999
1 0.404675 0.7311625 0.35655000000000003 0.7311625 0.35655000000000003 0.7776375 0.404675 0.7776375 0.404675 0.7311625
1 0.81550625 0.45638750000000006 0.77921875 0.45638750000000006 0.77921875 0.4923375 0.81550625 0.4923375 0.81550625 0.45638750000000006
1 0.7910437499999999 0.7056250000000001 0.75875625 0.7056250000000001 0.75875625 0.7386999999999999 0.7910437499999999 0.7386999999999999 0.7910437499999999 0.7056250000000001
1 0.6882937499999999 0.50559375 0.67010625 0.50559375 0.67010625 0.52078125 0.6882937499999999 0.52078125 0.6882937499999999 0.50559375
1 0.49284999999999995 0.38083125 0.47247500000000003 0.38083125 0.47247500000000003 0.39749375 0.49284999999999995 0.39749375 0.49284999999999995 0.38083125
1 0.8567750000000001 0.83061875 0.834625 0.83061875 0.834625 0.8510312499999999 0.8567750000000001 0.8510312499999999 0.8567750000000001 0.83061875
1 0.7823125 0.32415625000000003 0.7596875 0.32415625000000003 0.7596875 0.34919375 0.7823125 0.34919375 0.7823125 0.32415625000000003
1 0.7708 0.83804375 0.7487250000000001 0.83804375 0.7487250000000001 0.8582562499999999 0.7708 0.8582562499999999 0.7708 0.83804375
1 0.640225 0.56813125 0.61075 0.56813125 0.61075 0.59494375 0.640225 0.59494375 0.640225 0.56813125
1 0.5540437500000001 0.7354375 0.46743125 0.7354375 0.46743125 0.8182625 0.5540437500000001 0.8182625 0.5540437500000001 0.7354375
1 0.82263125 0.19655625000000002 0.8013937500000001 0.19655625000000002 0.8013937500000001 0.21506875 0.82263125 0.21506875 0.82263125 0.19655625000000002
1 0.43095 0.24593125 0.40695 0.24593125 0.40695 0.26676875 0.43095 0.26676875 0.43095 0.24593125
1 0.931025 0.38493125 0.9107749999999999 0.38493125 0.9107749999999999 0.40216874999999996 0.931025 0.40216874999999996 0.931025 0.38493125
1 0.87218125 0.41413124999999995 0.85241875 0.41413124999999995 0.85241875 0.43546874999999996 0.87218125 0.43546874999999996 0.87218125 0.41413124999999995
1 0.59456875 0.10641875 0.57340625 0.10641875 0.57340625 0.12308125 0.59456875 0.12308125 0.59456875 0.10641875
1 0.7515125 0.09365625 0.7299375 0.09365625 0.7299375 0.11641874999999999 0.7515125 0.11641874999999999 0.7515125 0.09365625
1 0.86418125 0.34988125000000003 0.82526875 0.34988125000000003 0.82526875 0.38644375000000003 0.86418125 0.38644375000000003 0.86418125 0.34988125000000003
1 0.60985625 0.5026875000000001 0.59131875 0.5026875000000001 0.59131875 0.5187875 0.60985625 0.5187875 0.60985625 0.5026875000000001
1 0.30379375 0.90725625 0.25920624999999997 0.90725625 0.25920624999999997 0.9403937499999999 0.30379375 0.9403937499999999 0.30379375 0.90725625
1 0.39151250000000004 0.45582500000000004 0.3731375 0.45582500000000004 0.3731375 0.471425 0.39151250000000004 0.471425 0.39151250000000004 0.45582500000000004
1 0.85543125 0.79775 0.83401875 0.79775 0.83401875 0.8214 0.85543125 0.8214 0.85543125 0.79775
1 0.9483874999999999 0.2250125 0.9334374999999999 0.2250125 0.9334374999999999 0.23886250000000003 0.9483874999999999 0.23886250000000003 0.9483874999999999 0.2250125
1 0.55083125 0.7105375 0.53119375 0.7105375 0.53119375 0.7289125000000001 0.55083125 0.7289125000000001 0.55083125 0.7105375
1 0.84304375 0.78385625 0.8268812499999999 0.78385625 0.8268812499999999 0.80109375 0.84304375 0.80109375 0.84304375 0.78385625
1 0.960375 0.79204375 0.9410000000000001 0.79204375 0.9410000000000001 0.81245625 0.960375 0.81245625 0.960375 0.79204375
1 0.07627500000000001 0.5504625 0.0193 0.5504625 0.0193 0.5843125 0.07627500000000001 0.5843125 0.07627500000000001 0.5504625
1 0.23783125 0.2214375 0.21529375 0.2214375 0.21529375 0.2390125 0.23783125 0.2390125 0.23783125 0.2214375
1 0.71428125 0.34550625 0.6978187499999999 0.34550625 0.6978187499999999 0.36006875 0.71428125 0.36006875 0.71428125 0.34550625
1 0.84215625 0.3697875 0.82776875 0.3697875 0.82776875 0.38363749999999996 0.84215625 0.38363749999999996 0.84215625 0.3697875
1 0.7627875000000001 0.31466249999999996 0.6932625 0.31466249999999996 0.6932625 0.38308749999999997 0.7627875000000001 0.38308749999999997 0.7627875000000001 0.31466249999999996
1 0.7280125 0.32110625000000004 0.7124125 0.32110625000000004 0.7124125 0.33464375 0.7280125 0.33464375 0.7280125 0.32110625000000004
1 0.29217499999999996 0.4325875 0.136775 0.4325875 0.136775 0.5224875 0.29217499999999996 0.5224875 0.29217499999999996 0.4325875
1 0.7477875 0.0343375 0.7307375 0.0343375 0.7307375 0.0530625 0.7477875 0.0530625 0.7477875 0.0343375
1 0.8604875 0.35215 0.8465374999999999 0.35215 0.8465374999999999 0.36512500000000003 0.8604875 0.36512500000000003 0.8604875 0.35215
1 0.31944374999999997 0.41607500000000003 0.30068125 0.41607500000000003 0.30068125 0.42915000000000003 0.31944374999999997 0.42915000000000003 0.31944374999999997 0.41607500000000003
1 0.18256250000000002 0.31920625 0.1511875 0.31920625 0.1511875 0.36779375000000003 0.18256250000000002 0.36779375000000003 0.18256250000000002 0.31920625
1 0.09283749999999999 0.78325 0.0613375 0.78325 0.0613375 0.805625 0.09283749999999999 0.805625 0.09283749999999999 0.78325
1 0.90449375 0.8271062499999999 0.86113125 0.8271062499999999 0.86113125 0.87504375 0.90449375 0.87504375 0.90449375 0.8271062499999999
1 0.10906249999999999 0.5466375 0.0867375 0.5466375 0.0867375 0.5646875 0.10906249999999999 0.5646875 0.10906249999999999 0.5466375
1 0.87805 0.8541000000000001 0.8631500000000001 0.8541000000000001 0.8631500000000001 0.871475 0.87805 0.871475 0.87805 0.8541000000000001
1 0.9006375 0.39126249999999996 0.7712375 0.39126249999999996 0.7712375 0.5032625000000001 0.9006375 0.5032625000000001 0.9006375 0.39126249999999996
1 0.71849375 0.8831374999999999 0.69948125 0.8831374999999999 0.69948125 0.9020125 0.71849375 0.9020125 0.71849375 0.8831374999999999
1 0.81719375 0.8415312500000001 0.80000625 0.8415312500000001 0.80000625 0.8615937499999999 0.81719375 0.8615937499999999 0.81719375 0.8415312500000001
1 0.340975 0.7084125 0.321625 0.7084125 0.321625 0.7271375 0.340975 0.7271375 0.340975 0.7084125
1 0.48428750000000004 0.7687125 0.4673625 0.7687125 0.4673625 0.7849875 0.48428750000000004 0.7849875 0.48428750000000004 0.7687125
1 0.7940625 0.9367625 0.7801625 0.9367625 0.7801625 0.9509375 0.7940625 0.9509375 0.7940625 0.9367625
1 0.41881874999999996 0.30768125 0.39905625 0.30768125 0.39905625 0.32269375 0.41881874999999996 0.32269375 0.41881874999999996 0.30768125
1 0.3571625 0.6594125 0.3391375 0.6594125 0.3391375 0.6735875 0.3571625 0.6735875 0.3571625 0.6594125
1 0.29226874999999997 0.8783687499999999 0.27463125 0.8783687499999999 0.27463125 0.8940812499999999 0.29226874999999997 0.8940812499999999 0.29226874999999997 0.8783687499999999
1 0.99174375 0.32237499999999997 0.97700625 0.32237499999999997 0.97700625 0.33535 0.99174375 0.33535 0.99174375 0.32237499999999997
1 0.1108625 0.73458125 0.0884875 0.73458125 0.0884875 0.75661875 0.1108625 0.75661875 0.1108625 0.73458125
1 0.926175 0.76858125 0.9127000000000001 0.76858125 0.9127000000000001 0.78709375 0.926175 0.78709375 0.926175 0.76858125
1 0.3520625 0.73975 0.31346250000000003 0.73975 0.31346250000000003 0.773925 0.3520625 0.773925 0.3520625 0.73975
1 0.11276250000000002 0.54479375 0.0116875 0.54479375 0.0116875 0.6153562499999999 0.11276250000000002 0.6153562499999999 0.11276250000000002 0.54479375
1 0.8055249999999999 0.656575 0.7931 0.656575 0.7931 0.668625 0.8055249999999999 0.668625 0.8055249999999999 0.656575
1 0.75171875 0.6487375 0.73948125 0.6487375 0.73948125 0.6608375 0.75171875 0.6608375 0.75171875 0.6487375
1 0.87079375 0.60659375 0.8596812500000001 0.60659375 0.8596812500000001 0.61898125 0.87079375 0.61898125 0.87079375 0.60659375
3 0.595 0 0.57875 0.013750000000000002 0.5700000000000001 0.01625 0.56125 0.03 0.54875 0.0375 0.545 0.04625 0.5337500000000001 0.04625 0.5287499999999999 0.05375 0.51875 0.05500000000000001 0.51375 0.061250000000000006 0.50125 0.0625 0.49749999999999994 0.06999999999999999 0.47750000000000004 0.08 0.46624999999999994 0.09375 0.44125 0.10874999999999999 0.43499999999999994 0.12 0.40750000000000003 0.135 0.39249999999999996 0.14875 0.38625 0.1575 0.38875000000000004 0.16125 0.37875000000000003 0.16499999999999998 0.35875 0.18625 0.32625000000000004 0.19624999999999998 0.29874999999999996 0.195 0.29125 0.19875 0.28250000000000003 0.195 0.27875 0.20125 0.24500000000000002 0.205 0.2325 0.2125 0.23374999999999999 0.225 0.22999999999999998 0.23125 0.22625 0.2325 0.22374999999999998 0.22625 0.22374999999999998 0.23125 0.21749999999999997 0.23500000000000001 0.21000000000000002 0.23125 0.2125 0.22374999999999998 0.20875 0.22000000000000003 0.2 0.22625 0.1975 0.2225 0.1625 0.22125 0.15375 0.22625 0.14625 0.22000000000000003 0.10375000000000001 0.2125 0.08375 0.195 0.07375000000000001 0.19375 0.03875 0.16499999999999998 0.008749999999999999 0.155 0.00625 0.15 0 0.15125 0 0.5625 0.0075 0.56375 0 0.5662499999999999 0 0.61 0.00375 0.61125 0.0025 0.6174999999999999 0.00625 0.6224999999999999 0 0.625 0 0.76625 0.00375 0.76875 0 0.77625 0 0.82 0.00375 0.82125 0 0.825 0.00375 0.82875 0 0.83375 0 0.8975 0.00375 0.9 0 0.9025000000000001 0 0.98375 0.013750000000000002 0.98375 0.015 0.9925 0.0325 0.99875 0.1 0.99875 0.1025 0.9949999999999999 0.11374999999999999 0.99875 0.11875 0.9925 0.13 0.99875 0.3725 0.99875 0.38375 0.9925 0.39125 0.99875 0.4 0.9949999999999999 0.40499999999999997 0.99875 0.80375 0.99875 0.80625 0.99125 0.81125 0.99375 0.81375 0.99 0.8175000000000001 0.9949999999999999 0.8225 0.99 0.83625 0.99875 0.86625 0.99875 0.86875 0.9949999999999999 0.8724999999999999 0.99875 0.87625 0.9925 0.8787499999999999 0.9962500000000001 0.885 0.9925 0.89375 0.99875 0.9075 0.9949999999999999 0.91625 0.99875 0.9225 0.99375 0.9375 0.99375 0.9349999999999999 0.9887499999999999 0.93 0.9887499999999999 0.93625 0.98375 0.9475 0.985 0.9475 0.99375 0.95375 0.99875 0.975 0.99875 0.99 0.98375 0.99875 0.9712500000000001 0.99875 0.82125 0.9925 0.8225 0.9949999999999999 0.81375 0.99125 0.8099999999999999 0.99875 0.7925 0.99875 0.7112499999999999 0.99375 0.705 0.99375 0.68875 0.99875 0.68625 0.99875 0.65625 0.99 0.65 0.99875 0.64375 0.99875 0.57375 0.9925 0.5700000000000001 0.99875 0.5587500000000001 0.99875 0.26 0.99 0.2475 0.9574999999999999 0.1675 0.9349999999999999 0.05625 0.92875 0.045 0.92125 0.01125 0.91375 0 0.75 0 0.7474999999999999 0.005 0.745 0 0.73875 0 0.595 0