1 0.5424125 0.49336874999999997 0.4897625 0.49336874999999997 0.4897625 0.53400625 0.5424125 0.53400625 0.5424125 0.49336874999999997
1 0.66873125 0.58789375 0.63786875 0.58789375 0.63786875 0.62730625 0.66873125 0.62730625 0.66873125 0.58789375
1 0.764825 0.5025062499999999 0.743 0.5025062499999999 0.743 0.51896875 0.764825 0.51896875 0.764825 0.5025062499999999
1 0.71748125 0.44790625000000006 0.7004937499999999 0.44790625000000006 0.7004937499999999 0.46274375 0.71748125 0.46274375 0.71748125 0.44790625000000006
1 0.65058125 0.5356 0.63359375 0.5356 0.63359375 0.55425 0.65058125 0.55425 0.65058125 0.5356
1 0.6819625 0.73594375 0.6617875 0.73594375 0.6617875 0.75428125 0.6819625 0.75428125 0.6819625 0.73594375
1 0.7654875 0.31301875 0.7481875 0.31301875 0.7481875 0.33053125 0.7654875 0.33053125 0.7654875 0.31301875
1 0.44109375 0.5857249999999999 0.42463125 0.5857249999999999 0.42463125 0.6008 0.44109375 0.6008 0.44109375 0.5857249999999999
1 0.9542249999999999 0.38555625 0.9354250000000001 0.38555625 0.9354250000000001 0.40644375000000005 0.9542249999999999 0.40644375000000005 0.9542249999999999 0.38555625
1 0.7353125 0.284125 0.7187875 0.284125 0.7187875 0.299375 0.7353125 0.299375 0.7353125 0.284125
1 0.200725 0.87083125 0.176725 0.87083125 0.176725 0.88991875 0.200725 0.88991875 0.200725 0.87083125
1 0.33121875 0.6546624999999999 0.30793125 0.6546624999999999 0.30793125 0.6734625000000001 0.33121875 0.6734625000000001 0.33121875 0.6546624999999999
1 0.80666875 0.6273500000000001 0.77828125 0.6273500000000001 0.77828125 0.656825 0.80666875 0.656825 0.80666875 0.6273500000000001
1 0.431975 0.8595312500000001 0.418125 0.8595312500000001 0.418125 0.87386875 0.431975 0.87386875 0.431975 0.8595312500000001
1 0.76500625 0.3432375 0.7496437499999999 0.3432375 0.7496437499999999 0.3589125 0.76500625 0.3589125 0.76500625 0.3432375
1 0.43576249999999994 0.22240000000000001 0.4206875 0.22240000000000001 0.4206875 0.2383 0.43576249999999994 0.2383 0.43576249999999994 0.22240000000000001
1 0.9763437500000001 0.47218125000000005 0.95725625 0.47218125000000005 0.95725625 0.49071875 0.9763437500000001 0.49071875 0.9763437500000001 0.47218125000000005
1 0.8606187500000001 0.40049999999999997 0.83568125 0.40049999999999997 0.83568125 0.42910000000000004 0.8606187500000001 0.42910000000000004 0.8606187500000001 0.40049999999999997
1 0.042975 0.67425 0.026250000000000002 0.67425 0.026250000000000002 0.690975 0.042975 0.690975 0.042975 0.67425
1 0.440175 0.29165 0.42505 0.29165 0.42505 0.305025 0.440175 0.305025 0.440175 0.29165
1 0.65745625 0.88526875 0.64429375 0.88526875 0.64429375 0.89988125 0.65745625 0.89988125 0.65745625 0.88526875
1 0.68145 0.5577687499999999 0.6652250000000001 0.5577687499999999 0.6652250000000001 0.5701562499999999 0.68145 0.5701562499999999 0.68145 0.5577687499999999
1 0.96648125 0.219325 0.94856875 0.219325 0.94856875 0.23867500000000003 0.96648125 0.23867500000000003 0.96648125 0.219325
1 0.21615 0.6823812499999999 0.199875 0.6823812499999999 0.199875 0.69554375 0.21615 0.69554375 0.21615 0.6823812499999999
1 0.92760625 0.8380750000000001 0.91126875 0.8380750000000001 0.91126875 0.8533250000000001 0.92760625 0.8533250000000001 0.92760625 0.8380750000000001
1 0.7486312500000001 0.43399374999999996 0.73184375 0.43399374999999996 0.73184375 0.45078125 0.7486312500000001 0.45078125 0.7486312500000001 0.43399374999999996
1 0.61989375 0.54915 0.59983125 0.54915 0.59983125 0.566075 0.61989375 0.566075 0.61989375 0.54915
1 0.4722875 0.27586875 0.4593625 0.27586875 0.4593625 0.28810625 0.4722875 0.28810625 0.4722875 0.27586875
1 0.9197124999999999 0.21630625 0.9015875 0.21630625 0.9015875 0.23754375 0.9197124999999999 0.23754375 0.9197124999999999 0.21630625
1 0.879675 0.7255 0.86545 0.7255 0.86545 0.7393500000000001 0.879675 0.7393500000000001 0.879675 0.7255
1 0.7541875 0.4566 0.7301875 0.4566 0.7301875 0.47602500000000003 0.7541875 0.47602500000000003 0.7541875 0.4566
1 0.7020500000000001 0.55291875 0.6876 0.55291875 0.6876 0.56720625 0.7020500000000001 0.56720625 0.7020500000000001 0.55291875
1 0.31056249999999996 0.2656375 0.29588749999999997 0.2656375 0.29588749999999997 0.2783125 0.31056249999999996 0.2783125 0.31056249999999996 0.2656375
1 0.37111875 0.5891375 0.35593125 0.5891375 0.35593125 0.6012875 0.37111875 0.6012875 0.37111875 0.5891375
1 0.47834374999999996 0.662 0.46355625 0.662 0.46355625 0.674925 0.47834374999999996 0.674925 0.47834374999999996 0.662
1 0.9855499999999999 0.38866875 0.969525 0.38866875 0.969525 0.40235624999999997 0.9855499999999999 0.40235624999999997 0.9855499999999999 0.38866875
1 0.9142250000000001 0.38116249999999996 0.8973000000000001 0.38116249999999996 0.8973000000000001 0.39373749999999996 0.9142250000000001 0.39373749999999996 0.9142250000000001 0.38116249999999996
1 0.7252875000000001 0.893075 0.7122124999999999 0.893075 0.7122124999999999 0.908675 0.7252875000000001 0.908675 0.7252875000000001 0.893075
1 0.8653124999999999 0.7411875 0.8534375000000001 0.7411875 0.8534375000000001 0.7529625 0.8653124999999999 0.7529625 0.8653124999999999 0.7411875
1 0.7339125 0.34933749999999997 0.7240875 0.34933749999999997 0.7240875 0.3611125 0.7339125 0.3611125 0.7339125 0.34933749999999997
1 0.7578875 0.6597625 0.7460125 0.6597625 0.7460125 0.6732375 0.7578875 0.6732375 0.7578875 0.6597625
1 0.5493750000000001 0.539925 0.5326500000000001 0.539925 0.5326500000000001 0.56065 0.5493750000000001 0.56065 0.5493750000000001 0.539925
1 0.1339 0.3949375 0.118775 0.3949375 0.118775 0.41511250000000005 0.1339 0.41511250000000005 0.1339 0.3949375
1 0.4033125 0.02845625 0.3881875 0.02845625 0.3881875 0.04209375 0.4033125 0.04209375 0.4033125 0.02845625
1 0.4736375 0.44141874999999997 0.4638625 0.44141874999999997 0.4638625 0.45115625000000004 0.4736375 0.45115625000000004 0.4736375 0.44141874999999997
1 0.27895 0.1893125 0.2611 0.1893125 0.2611 0.20278749999999998 0.27895 0.20278749999999998 0.27895 0.1893125
1 0.3973 0.38544375 0.385425 0.38544375 0.385425 0.39580625 0.3973 0.39580625 0.3973 0.38544375
1 0.34789375 0.12368125 0.33130625 0.12368125 0.33130625 0.13851875 0.34789375 0.13851875 0.34789375 0.12368125
1 0.48046249999999996 0.46375625 0.4702125 0.46375625 0.4702125 0.47324374999999996 0.48046249999999996 0.47324374999999996 0.48046249999999996 0.46375625
1 0.69624375 0.9182 0.6846062500000001 0.9182 0.6846062500000001 0.9323750000000001 0.69624375 0.9323750000000001 0.69624375 0.9182
1 0.7495437500000001 0.06593125 0.7387312500000001 0.06593125 0.7387312500000001 0.08066875 0.7495437500000001 0.08066875 0.7495437500000001 0.06593125
1 0.40043749999999995 0.88745 0.38911250000000003 0.88745 0.38911250000000003 0.8977 0.40043749999999995 0.8977 0.40043749999999995 0.88745
1 0.1383625 0.285725 0.1267625 0.285725 0.1267625 0.300225 0.1383625 0.300225 0.1383625 0.285725
1 0.38104375 0.1235125 0.36603125 0.1235125 0.36603125 0.1364875 0.38104375 0.1364875 0.38104375 0.1235125
1 0.86015 0.2182125 0.848825 0.2182125 0.848825 0.2397875 0.86015 0.2397875 0.86015 0.2182125
1 0.5805625 0.36001875 0.5678875 0.36001875 0.5678875 0.37240625 0.5805625 0.37240625 0.5805625 0.36001875
1 0.7802687500000001 0.76098125 0.75780625 0.76098125 0.75780625 0.78004375 0.7802687500000001 0.78004375 0.7802687500000001 0.76098125
1 0.204425 0.62544375 0.18912500000000002 0.62544375 0.18912500000000002 0.64115625 0.204425 0.64115625 0.204425 0.62544375
1 0.45205 0.8101625 0.43710000000000004 0.8101625 0.43710000000000004 0.8275375 0.45205 0.8275375 0.45205 0.8101625
1 0.92705 0.8973375000000001 0.9157249999999999 0.8973375000000001 0.9157249999999999 0.9141875 0.92705 0.9141875 0.92705 0.8973375000000001
1 0.6465375 0.012918750000000001 0.6278875 0.012918750000000001 0.6278875 0.03063125 0.6465375 0.03063125 0.6465375 0.012918750000000001
1 0.8844125 0.7234125 0.8509375 0.7234125 0.8509375 0.7541375 0.8844125 0.7541375 0.8844125 0.7234125
1 0.24923125000000002 0.9606625 0.23684375000000002 0.9606625 0.23684375000000002 0.9709875 0.24923125000000002 0.9709875 0.24923125000000002 0.9606625
1 0.0241375 0.30296249999999997 0.0074125 0.30296249999999997 0.0074125 0.3156875 0.0241375 0.3156875 0.0241375 0.30296249999999997
1 0.35865625 0.38734375 0.33909375 0.38734375 0.33909375 0.40610625 0.35865625 0.40610625 0.35865625 0.38734375
1 0.5975374999999999 0.42126875 0.5880124999999999 0.42126875 0.5880124999999999 0.43128124999999995 0.5975374999999999 0.43128124999999995 0.5975374999999999 0.42126875
1 0.299725 0.3807 0.28817499999999996 0.3807 0.28817499999999996 0.39907499999999996 0.299725 0.39907499999999996 0.299725 0.3807
1 1 0.81458125 0.9936187500000001 0.81458125 0.9936187500000001 0.8289687499999999 1 0.8289687499999999 1 0.81458125
1 0.92883125 0.33144999999999997 0.91881875 0.33144999999999997 0.91881875 0.3419 0.92883125 0.3419 0.92883125 0.33144999999999997
1 0.7927187499999999 0.5330812500000001 0.77955625 0.5330812500000001 0.77955625 0.5450437499999999 0.7927187499999999 0.5450437499999999 0.7927187499999999 0.5330812500000001
1 0.56106875 0.9084 0.55025625 0.9084 0.55025625 0.919725 0.56106875 0.919725 0.56106875 0.9084
1 0.38483125 0.57335 0.37249374999999996 0.57335 0.37249374999999996 0.58485 0.38483125 0.58485 0.38483125 0.57335
1 0.69063125 0.71710625 0.68144375 0.71710625 0.68144375 0.72821875 0.69063125 0.72821875 0.69063125 0.71710625
1 0.35615625 0.144175 0.34209375 0.144175 0.34209375 0.15537499999999999 0.35615625 0.15537499999999999 0.35615625 0.144175
1 0.62185625 0.27624375 0.61251875 0.27624375 0.61251875 0.28430625 0.62185625 0.28430625 0.62185625 0.27624375
1 0.642425 0.9635562500000001 0.62905 0.9635562500000001 0.62905 0.97589375 0.642425 0.97589375 0.642425 0.9635562500000001
1 0.34521250000000003 0.0642625 0.3300875 0.0642625 0.3300875 0.07893750000000001 0.34521250000000003 0.07893750000000001 0.34521250000000003 0.0642625
1 0.29866875 0.913 0.28433125000000004 0.913 0.28433125000000004 0.92685 0.29866875 0.92685 0.29866875 0.913
1 0.99021875 0.85993125 0.97853125 0.85993125 0.97853125 0.8705437500000001 0.99021875 0.8705437500000001 0.99021875 0.85993125
1 0.8408687499999999 0.9775499999999999 0.8310062500000001 0.9775499999999999 0.8310062500000001 0.990225 0.8408687499999999 0.990225 0.8408687499999999 0.9775499999999999
1 0.6325125 0.678825 0.6204125 0.678825 0.6204125 0.68935 0.6325125 0.68935 0.6325125 0.678825
1 0.676925 0.9804875 0.66585 0.9804875 0.66585 0.9911875 0.676925 0.9911875 0.676925 0.9804875
1 0.9230375000000001 0.07345625 0.9099625 0.07345625 0.9099625 0.08546875000000001 0.9230375000000001 0.08546875000000001 0.9230375000000001 0.07345625
1 0.8865500000000001 0.88071875 0.8751749999999999 0.88071875 0.8751749999999999 0.89273125 0.8865500000000001 0.89273125 0.8865500000000001 0.88071875
1 0.25787499999999997 0.5004125 0.247975 0.5004125 0.247975 0.5093625 0.25787499999999997 0.5093625 0.25787499999999997 0.5004125
1 0.8489125 0.9458437500000001 0.8385875 0.9458437500000001 0.8385875 0.9574812500000001 0.8489125 0.9574812500000001 0.8489125 0.9458437500000001
1 0.263125 1 0.263125 0.9942500000000001 0.251525 0.9942500000000001 0.251525 1 0.263125 1
1 0.4568875 0.512625 0.4395875 0.512625 0.4395875 0.5284 0.4568875 0.5284 0.4568875 0.512625
1 0.37238125 0.70553125 0.33319375 0.70553125 0.33319375 0.72904375 0.37238125 0.72904375 0.37238125 0.70553125
1 0.970925 0.9511937500000001 0.9587749999999999 0.9511937500000001 0.9587749999999999 0.96288125 0.970925 0.96288125 0.970925 0.9511937500000001
1 0.51695 0.9809812499999999 0.5065000000000001 0.9809812499999999 0.5065000000000001 0.9906937499999999 0.51695 0.9906937499999999 0.51695 0.9809812499999999
1 0.47258750000000005 0.27569374999999996 0.41656250000000006 0.27569374999999996 0.41656250000000006 0.31170624999999996 0.47258750000000005 0.31170624999999996 0.47258750000000005 0.27569374999999996
1 0.86469375 0.578225 0.83843125 0.578225 0.83843125 0.600475 0.86469375 0.600475 0.86469375 0.578225
1 0.00883125 0.6610125 0.00004375 0.6610125 0.00004375 0.6798124999999999 0.00883125 0.6798124999999999 0.00883125 0.6610125
1 1 0.67964375 0.9925499999999999 0.67964375 0.9925499999999999 0.69535625 1 0.69535625 1 0.67964375
1 0.9891625 0.7119500000000001 0.9698125 0.7119500000000001 0.9698125 0.728475 0.9891625 0.728475 0.9891625 0.7119500000000001
1 0.5728500000000001 0.03959375 0.555075 0.03959375 0.555075 0.04945625 0.5728500000000001 0.04945625 0.5728500000000001 0.03959375
1 0.6212187499999999 0.6378250000000001 0.59655625 0.6378250000000001 0.59655625 0.658075 0.6212187499999999 0.658075 0.6212187499999999 0.6378250000000001
1 0.59576875 0.33209374999999997 0.58490625 0.33209374999999997 0.58490625 0.34320625 0.59576875 0.34320625 0.59576875 0.33209374999999997
1 0.7213937500000001 0.16948125 0.71415625 0.16948125 0.71415625 0.17866875 0.7213937500000001 0.17866875 0.7213937500000001 0.16948125
1 0.49353749999999996 0.20859999999999998 0.4844875 0.20859999999999998 0.4844875 0.21717499999999998 0.49353749999999996 0.21717499999999998 0.49353749999999996 0.20859999999999998
1 0.66984375 0.6958624999999999 0.66315625 0.6958624999999999 0.66315625 0.7035625 0.66984375 0.7035625 0.66984375 0.6958624999999999
1 0.6901312500000001 0.32490625 0.66826875 0.32490625 0.66826875 0.33964375 0.6901312500000001 0.33964375 0.6901312500000001 0.32490625
3 0.25125000000000003 0 0.24874999999999997 0.05125 0.24375 0.045 0.2425 0.0475 0.2475 0.08249999999999999 0.26125 0.08249999999999999 0.25875 0.1025 0.2625 0.09 0.26749999999999996 0.10625 0.26125 0.11125 0.27 0.11499999999999999 0.275 0.12875 0.27625 0.12375 0.27999999999999997 0.12375 0.27875 0.13374999999999998 0.3025 0.16125 0.30625 0.185 0.28625 0.19125 0.16499999999999998 0.18875 0.11875 0.19624999999999998 0.09625 0.20249999999999999 0.05625 0.22125 0 0.2575 0 0.44749999999999995 0.005 0.45499999999999996 0 0.47000000000000003 0 0.67875 0.00625 0.6849999999999999 0.025 0.6900000000000001 0.041249999999999995 0.7 0.12875 0.7325 0.2375 0.75125 0.22625 0.76625 0.23374999999999999 0.7787499999999999 0.22374999999999998 0.78125 0.22374999999999998 0.7737499999999999 0.21875 0.7775000000000001 0.21625 0.7875 0.2125 0.7775000000000001 0.21125 0.7875 0.20625 0.7925 0.2 0.79 0.1975 0.7975 0.20750000000000002 0.79625 0.21000000000000002 0.8012499999999999 0.2 0.80375 0.1975 0.81125 0.18875 0.8099999999999999 0.19 0.82125 0.18375 0.82125 0.17875000000000002 0.8262499999999999 0.18125 0.82875 0.185 0.8225 0.19 0.8300000000000001 0.1875 0.83375 0.18125 0.8387499999999999 0.1775 0.835 0.16875 0.845 0.16999999999999998 0.85 0.16375 0.85625 0.16499999999999998 0.865 0.15125 0.87625 0.15125 0.88375 0.12625 0.8949999999999999 0.12875 0.9012499999999999 0.125 0.9112500000000001 0.12875 0.915 0.12 0.9225 0.11875 0.93 0.1075 0.915 0.10625 0.9275 0.1125 0.93125 0.10874999999999999 0.9662499999999999 0.1125 0.97 0.10124999999999999 0.98125 0.1025 0.9724999999999999 0.095 0.9675 0.09 0.98125 0.09125 0.99875 0.09375 0.985 0.10500000000000001 0.98125 0.10874999999999999 0.98375 0.10874999999999999 0.99875 0.78625 0.99875 0.79 0.99375 0.79625 0.99875 0.9949999999999999 0.99875 0.99875 0.9949999999999999 0.99875 0.82875 0.99125 0.825 0.99125 0.82 0.9925 0.8150000000000001 0.99875 0.8125 0.99875 0.69375 0.9862500000000001 0.6849999999999999 0.9887499999999999 0.6725 0.97875 0.67125 0.9724999999999999 0.6575 0.96125 0.6487499999999999 0.96 0.645 0.9662499999999999 0.64125 0.93875 0.6325000000000001 0.93875 0.62625 0.92125 0.615 0.9237500000000001 0.61 0.9475 0.60625 0.95 0.5962500000000001 0.96 0.6025 0.95875 0.60625 0.9525 0.60625 0.96125 0.60875 0.9662499999999999 0.59875 0.9775 0.6012500000000001 0.985 0.5925 0.99375 0.59875 0.9949999999999999 0.58875 0.97625 0.58875 0.97875 0.5825 0.97 0.58125 0.9675 0.595 0.9637499999999999 0.5925 0.9637499999999999 0.5825 0.9512499999999999 0.5925 0.9512499999999999 0.58 0.90625 0.5775 0.89875 0.57125 0.8975 0.5625 0.9262499999999999 0.5475 0.9400000000000001 0.5325 0.96 0.5287499999999999 0.9625 0.5237499999999999 0.9862500000000001 0.5125 0.99875 0.50125 0.99875 0 0.485 0 0.48125 0.005 0.47375 0.005 0.47125000000000006 0 0.26375000000000004 0 0.2625 0.00625 0.2575 0 0.25125000000000003 0