1 0.43029375 0.600275 0.40410625 0.600275 0.40410625 0.635875 0.43029375 0.635875 0.43029375 0.600275
1 0.7077375 0.240925 0.6946125000000001 0.240925 0.6946125000000001 0.25395 0.7077375 0.25395 0.7077375 0.240925
1 0.97188125 0.19429375 0.95389375 0.19429375 0.95389375 0.20903125 0.97188125 0.20903125 0.97188125 0.19429375
1 0.9105812500000001 0.7810875 0.8970437499999999 0.7810875 0.8970437499999999 0.7980125 0.9105812500000001 0.7980125 0.9105812500000001 0.7810875
1 0.12775625 0.5218125 0.11369375 0.5218125 0.11369375 0.5406875 0.12775625 0.5406875 0.12775625 0.5218125
1 0.27031875 0.11814374999999999 0.24480624999999998 0.11814374999999999 0.24480624999999998 0.14065624999999998 0.27031875 0.14065624999999998 0.27031875 0.11814374999999999
1 0.19461250000000002 0.32066875 0.1615875 0.32066875 0.1615875 0.34485625 0.19461250000000002 0.34485625 0.19461250000000002 0.32066875
1 0.500675 0.34321875 0.488575 0.34321875 0.488575 0.35550625 0.500675 0.35550625 0.500675 0.34321875
1 0.45044375 0.44265625000000003 0.43675625 0.44265625000000003 0.43675625 0.45676875 0.45044375 0.45676875 0.45044375 0.44265625000000003
1 0.61575 0.71323125 0.6039749999999999 0.71323125 0.6039749999999999 0.72426875 0.61575 0.72426875 0.61575 0.71323125
1 0.27800625 0.896425 0.26399374999999997 0.896425 0.26399374999999997 0.9092499999999999 0.27800625 0.9092499999999999 0.27800625 0.896425
1 0.1823 0.18015625 0.169025 0.18015625 0.169025 0.19239375 0.1823 0.19239375 0.1823 0.18015625
1 0.51375 0.42726875 0.501875 0.42726875 0.501875 0.44090625 0.51375 0.44090625 0.51375 0.42726875
1 0.28931874999999996 0.7562 0.26000625 0.7562 0.26000625 0.7809 0.28931874999999996 0.7809 0.28931874999999996 0.7562
1 0.16168125 0.16821875 0.15081875 0.16821875 0.15081875 0.17870625 0.16168125 0.17870625 0.16168125 0.16821875
1 0.57048125 0.402325 0.55451875 0.402325 0.55451875 0.417 0.57048125 0.417 0.57048125 0.402325
1 0.61424375 0.443925 0.60255625 0.443925 0.60255625 0.455975 0.61424375 0.455975 0.61424375 0.443925
1 0.5094937500000001 0.30993750000000003 0.49833125 0.30993750000000003 0.49833125 0.3248375 0.5094937500000001 0.3248375 0.5094937500000001 0.30993750000000003
1 0.37704375 0.20873124999999998 0.36220625 0.20873124999999998 0.36220625 0.22241875000000003 0.37704375 0.22241875000000003 0.37704375 0.20873124999999998
1 0.9275625 0.48241875 0.9161875 0.48241875 0.9161875 0.49610624999999997 0.9275625 0.49610624999999997 0.9275625 0.48241875
1 0.8316687500000001 0.3656875 0.81970625 0.3656875 0.81970625 0.37601249999999997 0.8316687500000001 0.37601249999999997 0.8316687500000001 0.3656875
1 0.36905625 0.3541875 0.35896875 0.3541875 0.35896875 0.3694375 0.36905625 0.3694375 0.36905625 0.3541875
1 0.77455 0.6056874999999999 0.761575 0.6056874999999999 0.761575 0.6189125 0.77455 0.6189125 0.77455 0.6056874999999999
1 0.5153375 0.30932499999999996 0.48953749999999996 0.30932499999999996 0.48953749999999996 0.35425 0.5153375 0.35425 0.5153375 0.30932499999999996
1 0.88158125 0.055643750000000006 0.86841875 0.055643750000000006 0.86841875 0.06788125 0.88158125 0.06788125 0.88158125 0.055643750000000006
1 0.704475 0.092775 0.6969000000000001 0.092775 0.6969000000000001 0.10035000000000001 0.704475 0.10035000000000001 0.704475 0.092775
1 0.26905 0.688025 0.2617 0.688025 0.2617 0.6948000000000001 0.26905 0.6948000000000001 0.26905 0.688025
1 0.243975 0.66100625 0.22232500000000002 0.66100625 0.22232500000000002 0.6856687499999999 0.243975 0.6856687499999999 0.243975 0.66100625
1 0.7093625 0.5478625 0.6978625 0.5478625 0.6978625 0.5605375 0.7093625 0.5605375 0.7093625 0.5478625
1 0.48680625 0.6502687500000001 0.47901875 0.6502687500000001 0.47901875 0.6602812499999999 0.48680625 0.6602812499999999 0.48680625 0.6502687500000001
1 0.0377 0.29046249999999996 0.024225 0.29046249999999996 0.024225 0.3071875 0.0377 0.3071875 0.0377 0.29046249999999996
1 0.48389375 0.1224875 0.47558125 0.1224875 0.47558125 0.13116250000000002 0.48389375 0.13116250000000002 0.48389375 0.1224875
1 0.94709375 0.9421125 0.9249812500000001 0.9421125 0.9249812500000001 0.9602375000000001 0.94709375 0.9602375000000001 0.94709375 0.9421125
1 0.18553124999999998 0.6377375 0.17921875 0.6377375 0.17921875 0.6454625 0.18553124999999998 0.6454625 0.18553124999999998 0.6377375
1 0.53328125 0.24471250000000003 0.52629375 0.24471250000000003 0.52629375 0.2526125 0.53328125 0.2526125 0.53328125 0.24471250000000003
1 0.58795625 0.359975 0.58099375 0.359975 0.58099375 0.367075 0.58795625 0.367075 0.58795625 0.359975
1 0.2725375 0.769025 0.2616375 0.769025 0.2616375 0.78175 0.2725375 0.78175 0.2725375 0.769025
1 0.28124375 0.97901875 0.26905625 0.97901875 0.26905625 0.99070625 0.28124375 0.99070625 0.28124375 0.97901875
1 0.042162500000000006 0.27991875 0.035362500000000005 0.27991875 0.035362500000000005 0.28940625 0.042162500000000006 0.28940625 0.042162500000000006 0.27991875
1 0.005375 0.47115 0.0005250000000000001 0.47115 0.0005250000000000001 0.47905 0.005375 0.47905 0.005375 0.47115
1 0.46568750000000003 0.261925 0.45813750000000003 0.261925 0.45813750000000003 0.27080000000000004 0.46568750000000003 0.27080000000000004 0.46568750000000003 0.261925
1 0.21669375 0.6199375 0.18590625 0.6199375 0.18590625 0.6564375 0.21669375 0.6564375 0.21669375 0.6199375
1 0.03870625 0.90984375 0.031718750000000004 0.90984375 0.031718750000000004 0.91730625 0.03870625 0.91730625 0.03870625 0.90984375
3 0.20125 0 0.1975 0.005 0.185 0.0075 0.18125 0.013750000000000002 0.16999999999999998 0.01625 0.13 0.045 0.10500000000000001 0.06875 0.09625 0.07125000000000001 0.034999999999999996 0.11499999999999999 0 0.14375 0 0.75 0.0125 0.76125 0.0375 0.76375 0.12250000000000001 0.7474999999999999 0.12625 0.7424999999999999 0.13 0.745 0.135 0.7375 0.145 0.73875 0.1575 0.7275 0.1625 0.72875 0.16625 0.7224999999999999 0.17375000000000002 0.72375 0.18625 0.7162499999999999 0.21125 0.69625 0.2125 0.6875 0.21625 0.69375 0.22000000000000003 0.68625 0.22875 0.6799999999999999 0.2325 0.68125 0.23125 0.675 0.23625 0.6775 0.24375 0.665 0.2475 0.66625 0.27999999999999997 0.63875 0.29625 0.63 0.315 0.6287499999999999 0.34500000000000003 0.65 0.44125 0.7375 0.48624999999999996 0.7675 0.60625 0.8237500000000001 0.615 0.83125 0.7275 0.8675 0.78625 0.8800000000000001 0.8474999999999999 0.9087500000000001 0.91625 0.9525 0.9425000000000001 0.95375 0.94625 0.9425000000000001 0.9412499999999999 0.89125 0.94625 0.8 0.9550000000000001 0.7875 0.9625 0.74 0.96125 0.7125 0.9650000000000001 0.6900000000000001 0.96125 0.6725 0.9662499999999999 0.67 0.97 0.67875 0.9712500000000001 0.66875 0.97 0.63375 0.9662499999999999 0.6475 0.9625 0.63375 0.9625 0.60625 0.9662499999999999 0.595 0.96125 0.5925 0.96875 0.5525 0.9712500000000001 0.47874999999999995 0.9650000000000001 0.47375 0.9662499999999999 0.46125 0.9625 0.45875000000000005 0.9637499999999999 0.45 0.9550000000000001 0.4175 0.9487500000000001 0.41125 0.9349999999999999 0.37124999999999997 0.915 0.33375 0.9125 0.32 0.9 0.29500000000000004 0.89875 0.27375 0.9087500000000001 0.26749999999999996 0.90625 0.25875 0.9112500000000001 0.25625 0.9275 0.2575 0.94625 0.25 0.99 0.24874999999999997 0.99875 0.2425 0.99875 0 0.99247 0 0.20125 0