1 0.48466250000000005 0.7003999999999999 0.4559375 0.7003999999999999 0.4559375 0.73125 0.48466250000000005 0.73125 0.48466250000000005 0.7003999999999999
1 0.53505 0.65873125 0.507325 0.65873125 0.507325 0.68081875 0.53505 0.68081875 0.53505 0.65873125
1 0.8509874999999999 0.5429999999999999 0.8221624999999999 0.5429999999999999 0.8221624999999999 0.569225 0.8509874999999999 0.569225 0.8509874999999999 0.5429999999999999
1 0.2229375 0.523 0.2046125 0.523 0.2046125 0.5396 0.2229375 0.5396 0.2229375 0.523
1 0.24366875000000002 0.5275375 0.23143125000000003 0.5275375 0.23143125000000003 0.5388625 0.24366875000000002 0.5388625 0.24366875000000002 0.5275375
1 0.25785625 0.50318125 0.23994374999999998 0.50318125 0.23994374999999998 0.51536875 0.25785625 0.51536875 0.25785625 0.50318125
1 0.10223125 0.51404375 0.09221875 0.51404375 0.09221875 0.52503125 0.10223125 0.52503125 0.10223125 0.51404375
1 0.592375 0.7918375 0.5795 0.7918375 0.5795 0.8067875000000001 0.592375 0.8067875000000001 0.592375 0.7918375
1 0.56054375 0.8094250000000001 0.54395625 0.8094250000000001 0.54395625 0.8302250000000001 0.56054375 0.8302250000000001 0.56054375 0.8094250000000001
1 0.45555 0.47049375 0.44435 0.47049375 0.44435 0.48165625 0.45555 0.48165625 0.45555 0.47049375
1 0.45978125 0.89404375 0.45231875 0.89404375 0.45231875 0.90283125 0.45978125 0.90283125 0.45978125 0.89404375
1 0.5308625 0.8301624999999999 0.5208875 0.8301624999999999 0.5208875 0.8426875 0.5308625 0.8426875 0.5308625 0.8301624999999999
1 0.64054375 0.7104812500000001 0.6202062500000001 0.7104812500000001 0.6202062500000001 0.72799375 0.64054375 0.72799375 0.64054375 0.7104812500000001
1 0.5754812499999999 0.48695000000000005 0.55439375 0.48695000000000005 0.55439375 0.50525 0.5754812499999999 0.50525 0.5754812499999999 0.48695000000000005
1 0.6793375 0.45820625000000004 0.6614875 0.45820625000000004 0.6614875 0.47391875 0.6793375 0.47391875 0.6793375 0.45820625000000004
1 0.156975 0.5114062500000001 0.12842499999999998 0.5114062500000001 0.12842499999999998 0.52864375 0.156975 0.52864375 0.156975 0.5114062500000001
1 0.6001125 0.50163125 0.5795874999999999 0.50163125 0.5795874999999999 0.51886875 0.6001125 0.51886875 0.6001125 0.50163125
1 0.32488125 0.484425 0.30939375 0.484425 0.30939375 0.496525 0.32488125 0.496525 0.32488125 0.484425
1 0.51745 0.8575687500000001 0.49915000000000004 0.8575687500000001 0.49915000000000004 0.8768062499999999 0.51745 0.8768062499999999 0.51745 0.8575687500000001
1 0.41803125 0.9580875000000001 0.39886875 0.9580875000000001 0.39886875 0.9774625 0.41803125 0.9774625 0.41803125 0.9580875000000001
1 0.5108625 0.45191875000000004 0.4940125 0.45191875000000004 0.4940125 0.47093125 0.5108625 0.47093125 0.5108625 0.45191875000000004
1 0.56165625 0.4537 0.53599375 0.4537 0.53599375 0.47207499999999997 0.56165625 0.47207499999999997 0.56165625 0.4537
1 0.4772 0.19971250000000002 0.45542499999999997 0.19971250000000002 0.45542499999999997 0.2199625 0.4772 0.2199625 0.4772 0.19971250000000002
1 0.31924375 0.41481250000000003 0.29940625 0.41481250000000003 0.29940625 0.43283750000000004 0.31924375 0.43283750000000004 0.31924375 0.41481250000000003
1 0.44628125 0.5261750000000001 0.42969375000000004 0.5261750000000001 0.42969375000000004 0.538275 0.44628125 0.538275 0.44628125 0.5261750000000001
1 0.6557000000000001 0.8008875 0.622625 0.8008875 0.622625 0.8270375 0.6557000000000001 0.8270375 0.6557000000000001 0.8008875
1 0.46216875 0.8453625 0.45043125 0.8453625 0.45043125 0.8587374999999999 0.46216875 0.8587374999999999 0.46216875 0.8453625
1 0.80401875 0.546875 0.79755625 0.546875 0.79755625 0.5537 0.80401875 0.5537 0.80401875 0.546875
1 0.674425 0.49869375 0.650775 0.49869375 0.650775 0.52278125 0.674425 0.52278125 0.674425 0.49869375
1 0.5238562499999999 0.40994374999999994 0.51619375 0.40994374999999994 0.51619375 0.41965624999999995 0.5238562499999999 0.41965624999999995 0.5238562499999999 0.40994374999999994
1 0.57945 0.14981875 0.5690000000000001 0.14981875 0.5690000000000001 0.16023125 0.57945 0.16023125 0.57945 0.14981875
1 0.938775 0.762375 0.9313499999999999 0.762375 0.9313499999999999 0.770825 0.938775 0.770825 0.938775 0.762375
1 0.76395 0.45329375 0.7565500000000001 0.45329375 0.7565500000000001 0.46078125 0.76395 0.46078125 0.76395 0.45329375
1 0.5453875 0.39055625 0.5385875 0.39055625 0.5385875 0.39801875 0.5453875 0.39801875 0.5453875 0.39055625
1 0.9103 0.5880124999999999 0.9022 0.5880124999999999 0.9022 0.5965625 0.9103 0.5965625 0.9103 0.5880124999999999
1 0.70993125 0.4338 0.70021875 0.4338 0.70021875 0.44217500000000004 0.70993125 0.44217500000000004 0.70993125 0.4338
1 0.8513125 0.23098125 0.8361875 0.23098125 0.8361875 0.24581875000000003 0.8513125 0.24581875000000003 0.8513125 0.23098125
1 0.42813749999999995 0.28001875 0.41853749999999995 0.28001875 0.41853749999999995 0.29175625 0.42813749999999995 0.29175625 0.42813749999999995 0.28001875
1 0.46681249999999996 0.60795625 0.44871249999999996 0.60795625 0.44871249999999996 0.62251875 0.46681249999999996 0.62251875 0.46681249999999996 0.60795625
1 0.412575 0.48821250000000005 0.3843 0.48821250000000005 0.3843 0.5147125 0.412575 0.5147125 0.412575 0.48821250000000005
1 0.90670625 0.5234375 0.89799375 0.5234375 0.89799375 0.5292875 0.90670625 0.5292875 0.90670625 0.5234375
1 0.1973375 0.49736874999999997 0.1852375 0.49736874999999997 0.1852375 0.50848125 0.1973375 0.50848125 0.1973375 0.49736874999999997
1 0.72415625 0.21721875000000002 0.69869375 0.21721875000000002 0.69869375 0.23590624999999998 0.72415625 0.23590624999999998 0.72415625 0.21721875000000002
1 0.5256062499999999 0.13393125 0.5144437500000001 0.13393125 0.5144437500000001 0.14414375 0.5256062499999999 0.14414375 0.5256062499999999 0.13393125
1 0.9546812499999999 0.8420562500000001 0.94474375 0.8420562500000001 0.94474375 0.8493437500000001 0.9546812499999999 0.8493437500000001 0.9546812499999999 0.8420562500000001
1 0.483225 0.9423999999999999 0.473325 0.9423999999999999 0.473325 0.9531000000000001 0.483225 0.9531000000000001 0.483225 0.9423999999999999
1 0.53411875 0.382575 0.52058125 0.382575 0.52058125 0.392825 0.53411875 0.392825 0.53411875 0.382575
1 0.47033125 0.8941000000000001 0.44421875 0.8941000000000001 0.44421875 0.9213250000000001 0.47033125 0.9213250000000001 0.47033125 0.8941000000000001
1 0.6356875 0.5243875 0.6270125 0.5243875 0.6270125 0.5312875 0.6356875 0.5312875 0.6356875 0.5243875
1 0.6027875 0.31879375 0.5915375 0.31879375 0.5915375 0.32865625 0.6027875 0.32865625 0.6027875 0.31879375
1 0.80136875 0.2054875 0.78945625 0.2054875 0.78945625 0.2163875 0.80136875 0.2163875 0.80136875 0.2054875
1 0.99143125 0.8992000000000001 0.98121875 0.8992000000000001 0.98121875 0.9074500000000001 0.99143125 0.9074500000000001 0.99143125 0.8992000000000001
1 0.86938125 0.2868 0.8571937500000001 0.2868 0.8571937500000001 0.30012500000000003 0.86938125 0.30012500000000003 0.86938125 0.2868
1 0.5948 0.20666250000000003 0.5839000000000001 0.20666250000000003 0.5839000000000001 0.2169125 0.5948 0.2169125 0.5948 0.20666250000000003
1 0.77294375 0.89170625 0.76220625 0.89170625 0.76220625 0.9012687500000001 0.77294375 0.9012687500000001 0.77294375 0.89170625
1 0.9544625 0.8573875 0.9410375 0.8573875 0.9410375 0.8652625 0.9544625 0.8652625 0.9544625 0.8573875
1 0.46879375 0.71198125 0.45893125 0.71198125 0.45893125 0.7225937499999999 0.46879375 0.7225937499999999 0.46879375 0.71198125
1 0.68826875 0.81803125 0.6662312499999999 0.81803125 0.6662312499999999 0.83626875 0.68826875 0.83626875 0.68826875 0.81803125
1 0.98914375 0.8685124999999999 0.9825312500000001 0.8685124999999999 0.9825312500000001 0.8756375000000001 0.98914375 0.8756375000000001 0.98914375 0.8685124999999999
1 0.5251875 0.890025 0.5119125 0.890025 0.5119125 0.9039249999999999 0.5251875 0.9039249999999999 0.5251875 0.890025
1 0.0898875 0.48911249999999995 0.060512500000000004 0.48911249999999995 0.060512500000000004 0.5138125 0.0898875 0.5138125 0.0898875 0.48911249999999995
1 0.8502000000000001 0.18443125 0.827525 0.18443125 0.827525 0.20399375000000003 0.8502000000000001 0.20399375000000003 0.8502000000000001 0.18443125
1 0.34880625 0.11676249999999999 0.33284375 0.11676249999999999 0.33284375 0.1316625 0.34880625 0.1316625 0.34880625 0.11676249999999999
1 0.45706875 0.5277875 0.39450625 0.5277875 0.39450625 0.5649875 0.45706875 0.5649875 0.45706875 0.5277875
1 0.9356249999999999 0.66224375 0.926675 0.66224375 0.926675 0.6737062500000001 0.9356249999999999 0.6737062500000001 0.9356249999999999 0.66224375
1 0.9887375 0.8340249999999999 0.9819625000000001 0.8340249999999999 0.9819625000000001 0.840775 0.9887375 0.840775 0.9887375 0.8340249999999999
1 0.8790125 0.8938875 0.8729374999999999 0.8938875 0.8729374999999999 0.9010374999999999 0.8790125 0.9010374999999999 0.8790125 0.8938875
1 0.4966125 0.7380125 0.4565125 0.7380125 0.4565125 0.7707875 0.4966125 0.7707875 0.4966125 0.7380125
1 0.7591875 0.8888 0.7466625 0.8888 0.7466625 0.9022249999999999 0.7591875 0.9022249999999999 0.7591875 0.8888
1 0.8699999999999999 0.5240812499999999 0.8643750000000001 0.5240812499999999 0.8643750000000001 0.53061875 0.8699999999999999 0.53061875 0.8699999999999999 0.5240812499999999
1 0.8910625 0.46309374999999997 0.8833624999999999 0.46309374999999997 0.8833624999999999 0.46953125 0.8910625 0.46953125 0.8910625 0.46309374999999997
1 0.94945 0.75685 0.9314 0.75685 0.9314 0.77245 0.94945 0.77245 0.94945 0.75685
1 0.40758124999999995 0.6524062500000001 0.39856875 0.6524062500000001 0.39856875 0.66301875 0.40758124999999995 0.66301875 0.40758124999999995 0.6524062500000001
1 1 0.9638937500000001 0.9959250000000001 0.9638937500000001 0.9959250000000001 0.9726312500000001 1 0.9726312500000001 1 0.9638937500000001
1 0.26655 0.6503625000000001 0.2559 0.6503625000000001 0.2559 0.6592125 0.26655 0.6592125 0.26655 0.6503625000000001
1 0.5530625 0.12265625 0.5367875 0.12265625 0.5367875 0.14029375 0.5530625 0.14029375 0.5530625 0.12265625
1 0.93593125 0.37965625 0.9283187500000001 0.37965625 0.9283187500000001 0.38596875 0.93593125 0.38596875 0.93593125 0.37965625
1 0.60240625 0.8527250000000001 0.59094375 0.8527250000000001 0.59094375 0.8757999999999999 0.60240625 0.8757999999999999 0.60240625 0.8527250000000001
1 0.84859375 0.0510125 0.83500625 0.0510125 0.83500625 0.0622625 0.84859375 0.0622625 0.84859375 0.0510125
1 0.78366875 0.06176875 0.76125625 0.06176875 0.76125625 0.08643125 0.78366875 0.08643125 0.78366875 0.06176875
1 0.5016125 0.4635625 0.4778875 0.4635625 0.4778875 0.48663749999999995 0.5016125 0.48663749999999995 0.5016125 0.4635625
1 0.23852500000000001 0.9514437499999999 0.23095 0.9514437499999999 0.23095 0.9577312499999999 0.23852500000000001 0.9577312499999999 0.23852500000000001 0.9514437499999999
1 0.50004375 0.36296875 0.48285625000000004 0.36296875 0.48285625000000004 0.37775625 0.50004375 0.37775625 0.50004375 0.36296875
1 0.99999375 0.47714375000000003 0.9929062500000001 0.47714375000000003 0.9929062500000001 0.48770625 0.99999375 0.48770625 0.99999375 0.47714375000000003
1 0.82298125 0.46808125 0.80201875 0.46808125 0.80201875 0.48651875 0.82298125 0.48651875 0.82298125 0.46808125
1 0.5963812500000001 0.19831875000000002 0.57744375 0.19831875000000002 0.57744375 0.23600625000000003 0.5963812500000001 0.23600625000000003 0.5963812500000001 0.19831875000000002
1 0.42318749999999994 0.436975 0.39126249999999996 0.436975 0.39126249999999996 0.44584999999999997 0.42318749999999994 0.44584999999999997 0.42318749999999994 0.436975
1 0.56249375 0.549725 0.54590625 0.549725 0.54590625 0.5655 0.56249375 0.5655 0.56249375 0.549725
1 0.35429374999999996 0.44833749999999994 0.30195625000000004 0.44833749999999994 0.30195625000000004 0.47011250000000004 0.35429374999999996 0.47011250000000004 0.35429374999999996 0.44833749999999994
1 0.64534375 0.14879375 0.61443125 0.14879375 0.61443125 0.20693125 0.64534375 0.20693125 0.64534375 0.14879375
1 0.56181875 0.14385625 0.50948125 0.14385625 0.50948125 0.23186874999999998 0.56181875 0.23186874999999998 0.56181875 0.14385625
1 0.38684375000000004 0.5878875 0.35925625 0.5878875 0.35925625 0.6494125000000001 0.38684375000000004 0.6494125000000001 0.38684375000000004 0.5878875
3 0.77125 0.07625 0.7625 0.09 0.75125 0.0975 0.7474999999999999 0.1075 0.73625 0.10874999999999999 0.73125 0.12250000000000001 0.72375 0.12375 0.71375 0.13874999999999998 0.70875 0.13874999999999998 0.68875 0.15625 0.68125 0.15625 0.66875 0.145 0.64125 0.135 0.63 0.12625 0.57875 0.11125 0.47625 0.095 0.41500000000000004 0.095 0.40374999999999994 0.09125 0.39125 0.095 0.38875000000000004 0.09125 0.34125 0.08375 0.32875 0.08499999999999999 0.32 0.095 0.32125 0.09875 0.32625000000000004 0.1025 0.325 0.1075 0.35 0.13374999999999998 0.35 0.14625 0.36 0.17875000000000002 0.365 0.18125 0.36375 0.19375 0.37 0.2 0.3725 0.225 0.38125 0.22749999999999998 0.37875000000000003 0.24 0.39 0.25875 0.395 0.27875 0.41500000000000004 0.30375 0.42125 0.30625 0.42125 0.3125 0.42625 0.315 0.43499999999999994 0.33375 0.45625 0.35 0.49000000000000005 0.35875 0.5 0.37 0.49000000000000005 0.375 0.4625 0.3625 0.4375 0.35875 0.37374999999999997 0.35875 0.28250000000000003 0.375 0.1975 0.4175 0.17250000000000001 0.43624999999999997 0.13374999999999998 0.4575 0.1275 0.4625 0.1275 0.47125000000000006 0.12250000000000001 0.47000000000000003 0.12250000000000001 0.46375 0.11750000000000001 0.46624999999999994 0.12125 0.47125000000000006 0.11374999999999999 0.47000000000000003 0.08 0.48250000000000004 0.0675 0.48125 0.04 0.48875 0.05 0.505 0.11125 0.54125 0.12250000000000001 0.55375 0.12625 0.5525 0.1325 0.5599999999999999 0.13125 0.56375 0.14250000000000002 0.5700000000000001 0.1525 0.58375 0.1575 0.5825 0.16625 0.5912499999999999 0.16499999999999998 0.595 0.185 0.6125 0.1925 0.61375 0.23125 0.64375 0.26625 0.6625 0.32999999999999996 0.68125 0.4725 0.68125 0.46875 0.6925 0.43375 0.72875 0.41875 0.76 0.40750000000000003 0.8 0.41 0.80625 0.40374999999999994 0.8074999999999999 0.40625 0.81375 0.39875 0.8324999999999999 0.40125 0.8375 0.3975 0.8412499999999999 0.3975 0.8787499999999999 0.39 0.93875 0.365 0.99875 0.41375 0.99875 0.43125 0.9875 0.4625 0.97625 0.5349999999999999 0.9637499999999999 0.60375 0.9425000000000001 0.645 0.92125 0.6637500000000001 0.89875 0.6725 0.9012499999999999 0.725 0.9574999999999999 0.75 0.99875 0.77125 0.99875 0.7887500000000001 0.96 0.8175000000000001 0.9324999999999999 0.8462500000000001 0.8949999999999999 0.8574999999999999 0.86875 0.9037499999999999 0.79375 0.91625 0.75625 0.91875 0.725 0.9199999999999999 0.6849999999999999 0.9125 0.6537499999999999 0.87625 0.56875 0.865 0.55375 0.82875 0.525 0.8175000000000001 0.51125 0.82125 0.5075000000000001 0.8724999999999999 0.50625 0.99875 0.5125 0.99875 0.49000000000000005 0.8300000000000001 0.485 0.8225 0.48 0.8275 0.47000000000000003 0.85625 0.4425 0.85875 0.43125 0.8699999999999999 0.41875 0.8862500000000001 0.38 0.8949999999999999 0.31875 0.8949999999999999 0.27875 0.89 0.2475 0.88125 0.2225 0.85 0.16999999999999998 0.8412499999999999 0.14750000000000002 0.8275 0.12875 0.825 0.1125 0.81125 0.0875 0.8099999999999999 0.07125000000000001 0.8025 0.06 0.79875 0.05625 0.7975 0.061250000000000006 0.78125 0.06375 0.78125 0.075 0.77125 0.07625