1 0.75618125 0.44433749999999994 0.70264375 0.44433749999999994 0.70264375 0.49488750000000004 0.75618125 0.49488750000000004 0.75618125 0.44433749999999994
1 0.47853124999999996 0.5880875 0.45056874999999996 0.5880875 0.45056874999999996 0.6322875 0.47853124999999996 0.6322875 0.47853124999999996 0.5880875
1 0.47214999999999996 0.5855875 0.4429 0.5855875 0.4429 0.6194875 0.47214999999999996 0.6194875 0.47214999999999996 0.5855875
1 0.42561875000000005 0.7001062499999999 0.39713125 0.7001062499999999 0.39713125 0.71494375 0.42561875000000005 0.71494375 0.42561875000000005 0.7001062499999999
1 0.6941437500000001 0.817075 0.66035625 0.817075 0.66035625 0.8460000000000001 0.6941437500000001 0.8460000000000001 0.6941437500000001 0.817075
1 0.42516875 0.55885625 0.39758125 0.55885625 0.39758125 0.57296875 0.42516875 0.57296875 0.42516875 0.55885625
1 0.64049375 0.74754375 0.60560625 0.74754375 0.60560625 0.79640625 0.64049375 0.79640625 0.64049375 0.74754375
1 0.56378125 0.29615 0.48016875 0.29615 0.48016875 0.43042499999999995 0.56378125 0.43042499999999995 0.56378125 0.29615
1 0.09226875 0.6409625 0.050431250000000004 0.6409625 0.050431250000000004 0.6725125000000001 0.09226875 0.6725125000000001 0.09226875 0.6409625
1 0.6693687500000001 0.44511874999999995 0.6558312500000001 0.44511874999999995 0.6558312500000001 0.45918125 0.6693687500000001 0.45918125 0.6693687500000001 0.44511874999999995
1 0.6317062499999999 0.22527499999999998 0.6026687500000001 0.22527499999999998 0.6026687500000001 0.305475 0.6317062499999999 0.305475 0.6317062499999999 0.22527499999999998
1 0.6395875 0.54829375 0.6270125 0.54829375 0.6270125 0.56303125 0.6395875 0.56303125 0.6395875 0.54829375
1 0.281625 0.34805625 0.266725 0.34805625 0.266725 0.36629375 0.281625 0.36629375 0.281625 0.34805625
1 0.28615625 0.52161875 0.26999375 0.52161875 0.26999375 0.5379562499999999 0.28615625 0.5379562499999999 0.28615625 0.52161875
1 0.32284999999999997 0.62315 0.309475 0.62315 0.309475 0.636625 0.32284999999999997 0.636625 0.32284999999999997 0.62315
1 0.99954375 0.03955 0.90670625 0.03955 0.90670625 0.172725 0.99954375 0.172725 0.99954375 0.03955
1 0.22259375 0.4283 0.21198125 0.4283 0.21198125 0.43937499999999996 0.22259375 0.43937499999999996 0.22259375 0.4283
1 0.51720625 0.29108125 0.48131874999999996 0.29108125 0.48131874999999996 0.34369375 0.51720625 0.34369375 0.51720625 0.29108125
1 0.12653125 0.87340625 0.10576875 0.87340625 0.10576875 0.89319375 0.12653125 0.89319375 0.12653125 0.87340625
1 0.049987500000000004 0.30675625 0.022037499999999998 0.30675625 0.022037499999999998 0.34169375 0.049987500000000004 0.34169375 0.049987500000000004 0.30675625
1 0.116425 0.30810624999999997 0.01175 0.30810624999999997 0.01175 0.41259375 0.116425 0.41259375 0.116425 0.30810624999999997
1 0.22599999999999998 0.393 0.21492499999999998 0.393 0.21492499999999998 0.406325 0.22599999999999998 0.406325 0.22599999999999998 0.393
1 0.25804375 0.42342500000000005 0.24585625000000003 0.42342500000000005 0.24585625000000003 0.43302500000000005 0.25804375 0.43302500000000005 0.25804375 0.42342500000000005
1 0.4872375 0.58185 0.3853125 0.58185 0.3853125 0.742375 0.4872375 0.742375 0.4872375 0.58185
1 0.22746249999999998 0.5548437500000001 0.2146875 0.5548437500000001 0.2146875 0.56918125 0.22746249999999998 0.56918125 0.22746249999999998 0.5548437500000001
1 0.50065625 0.35679375 0.48321875 0.35679375 0.48321875 0.41273125000000005 0.50065625 0.41273125000000005 0.50065625 0.35679375
1 0.34455625 0.53445 0.33414375 0.53445 0.33414375 0.5466 0.34455625 0.5466 0.34455625 0.53445
1 0.4088625 0.56196875 0.3977875 0.56196875 0.3977875 0.57183125 0.4088625 0.57183125 0.4088625 0.56196875
1 0.5629 0.85035 0.5367 0.85035 0.5367 0.8772 0.5629 0.8772 0.5629 0.85035
1 0.1419875 0.6696187499999999 0.1290125 0.6696187499999999 0.1290125 0.67998125 0.1419875 0.67998125 0.1419875 0.6696187499999999
1 0.76215 0.59094375 0.7505499999999999 0.59094375 0.7505499999999999 0.60143125 0.76215 0.60143125 0.76215 0.59094375
1 0.8649749999999999 0.0189625 0.847925 0.0189625 0.847925 0.0340375 0.8649749999999999 0.0340375 0.8649749999999999 0.0189625
1 0.9962687499999999 0.444175 0.9803062499999999 0.444175 0.9803062499999999 0.456225 0.9962687499999999 0.456225 0.9962687499999999 0.444175
1 0.5475625 0.6913437499999999 0.5139625 0.6913437499999999 0.5139625 0.71393125 0.5475625 0.71393125 0.5475625 0.6913437499999999
1 0.80104375 0.375725 0.78098125 0.375725 0.78098125 0.39039999999999997 0.80104375 0.39039999999999997 0.80104375 0.375725
1 0.396325 0.43721249999999995 0.38737499999999997 0.43721249999999995 0.38737499999999997 0.44658749999999997 0.396325 0.44658749999999997 0.396325 0.43721249999999995
1 0.8612187499999999 0.53815625 0.8487312499999999 0.53815625 0.8487312499999999 0.5477937500000001 0.8612187499999999 0.5477937500000001 0.8612187499999999 0.53815625
1 0.35015 0.48513124999999996 0.340775 0.48513124999999996 0.340775 0.49484374999999997 0.35015 0.49484374999999997 0.35015 0.48513124999999996
1 0.367875 0.6743187500000001 0.35819999999999996 0.6743187500000001 0.35819999999999996 0.68310625 0.367875 0.68310625 0.367875 0.6743187500000001
1 0.900525 0.38290625 0.8875500000000001 0.38290625 0.8875500000000001 0.39346875 0.900525 0.39346875 0.900525 0.38290625
1 0.244325 0.4872875 0.230525 0.4872875 0.230525 0.5005124999999999 0.244325 0.5005124999999999 0.244325 0.4872875
1 0.0851 0.64219375 0.069325 0.64219375 0.069325 0.65468125 0.0851 0.65468125 0.0851 0.64219375
1 0.1306625 0.4810125 0.1179875 0.4810125 0.1179875 0.4926125 0.1306625 0.4926125 0.1306625 0.4810125
1 0.03 0.77723125 0.019675 0.77723125 0.019675 0.78624375 0.03 0.78624375 0.03 0.77723125
1 0.6198187500000001 0.63446875 0.60870625 0.63446875 0.60870625 0.64483125 0.6198187500000001 0.64483125 0.6198187500000001 0.63446875
1 0.8404999999999999 0.18153125 0.829425 0.18153125 0.829425 0.19101875 0.8404999999999999 0.19101875 0.8404999999999999 0.18153125
1 0.07031875 0.6601125 0.05920625 0.6601125 0.05920625 0.6689875 0.07031875 0.6689875 0.07031875 0.6601125
1 0.19939374999999998 0.8393937499999999 0.18878124999999998 0.8393937499999999 0.18878124999999998 0.8510312499999999 0.19939374999999998 0.8510312499999999 0.19939374999999998 0.8393937499999999
1 0.69834375 0.0880625 0.6864312499999999 0.0880625 0.6864312499999999 0.0993125 0.69834375 0.0993125 0.69834375 0.0880625
1 0.31408125 0.47620625 0.29969375 0.47620625 0.29969375 0.49059375000000005 0.31408125 0.49059375000000005 0.31408125 0.47620625
1 0.03904375 0.6871125 0.02288125 0.6871125 0.02288125 0.7005874999999999 0.03904375 0.7005874999999999 0.03904375 0.6871125
1 0.94539375 0.12605 0.92570625 0.12605 0.92570625 0.1447 0.94539375 0.1447 0.94539375 0.12605
1 0.6198187500000001 0.36818125 0.6096812500000001 0.36818125 0.6096812500000001 0.37741875 0.6198187500000001 0.37741875 0.6198187500000001 0.36818125
1 0.0817625 0.50749375 0.0710625 0.50749375 0.0710625 0.51790625 0.0817625 0.51790625 0.0817625 0.50749375
1 0.2904375 0.9185812500000001 0.2788875 0.9185812500000001 0.2788875 0.93004375 0.2904375 0.93004375 0.2904375 0.9185812500000001
1 0.50176875 0.94803125 0.49090625 0.94803125 0.49090625 0.9591937500000001 0.50176875 0.9591937500000001 0.50176875 0.94803125
1 0.8363375 0.74906875 0.8238125000000001 0.74906875 0.8238125000000001 0.7607062499999999 0.8363375 0.7607062499999999 0.8363375 0.74906875
1 0.8984 0.0031375 0.825225 0.0031375 0.825225 0.0927375 0.8984 0.0927375 0.8984 0.0031375
1 0.24838125 0.80445625 0.22354375 0.80445625 0.22354375 0.82639375 0.24838125 0.82639375 0.24838125 0.80445625
1 0.7518125 0.8129 0.7345125 0.8129 0.7345125 0.8316250000000001 0.7518125 0.8316250000000001 0.7518125 0.8129
1 0.25125625 0.92395625 0.23361875 0.92395625 0.23361875 0.9383437499999999 0.25125625 0.9383437499999999 0.25125625 0.92395625
1 0.45703125 0.95055625 0.44629375 0.95055625 0.44629375 0.96154375 0.45703125 0.96154375 0.45703125 0.95055625
1 0.788675 0.08420625000000001 0.7787 0.08420625000000001 0.7787 0.09339375 0.788675 0.09339375 0.788675 0.08420625000000001
1 0.25949374999999997 0.43359375 0.20438125000000001 0.43359375 0.20438125000000001 0.66210625 0.25949374999999997 0.66210625 0.25949374999999997 0.43359375
1 0.9234125000000001 0.0248875 0.9135125000000001 0.0248875 0.9135125000000001 0.034862500000000005 0.9234125000000001 0.034862500000000005 0.9234125000000001 0.0248875
3 0.82875 0 0.8262499999999999 0.00625 0.81375 0.00375 0.8087500000000001 0.013750000000000002 0.7825 0.01875 0.7787499999999999 0.026250000000000002 0.7525000000000001 0.03375 0.74375 0.04625 0.73625 0.04375 0.7275 0.04875 0.7275 0.05500000000000001 0.72 0.05125 0.7125 0.06 0.7075 0.06 0.70375 0.0725 0.6950000000000001 0.07125000000000001 0.6849999999999999 0.07875 0.6849999999999999 0.08875 0.68125 0.08249999999999999 0.675 0.0875 0.675 0.0925 0.6675 0.09125 0.6625 0.09875 0.6075 0.13999999999999999 0.5675 0.1825 0.5575 0.205 0.55125 0.20750000000000002 0.55625 0.2125 0.55 0.21749999999999997 0.54375 0.21625 0.5275000000000001 0.25125000000000003 0.52 0.25125000000000003 0.5175 0.255 0.52125 0.26 0.5175 0.265 0.5125 0.26125 0.515 0.26749999999999996 0.50875 0.26749999999999996 0.505 0.27375 0.50125 0.28250000000000003 0.5037499999999999 0.2925 0.50125 0.29625 0.49749999999999994 0.2925 0.5 0.29874999999999996 0.49625 0.31124999999999997 0.47375 0.34625 0.45875000000000005 0.41 0.45875000000000005 0.425 0.45125000000000004 0.4225 0.37625000000000003 0.34625 0.35 0.32875 0.2975 0.30625 0.265 0.29625 0.20875 0.28625 0.11875 0.28375 0.11499999999999999 0.27875 0.10625 0.28375 0.0975 0.27875 0.09125 0.28500000000000003 0.08625000000000001 0.28375 0.08499999999999999 0.27875 0.07625 0.28375 0.06999999999999999 0.28375 0.06625 0.27875 0.0625 0.27875 0.065 0.28375 0.05500000000000001 0.28375 0.05125 0.27875 0.005 0.27875 0 0.28375 0 0.78625 0.02 0.8099999999999999 0.08125 0.8612500000000001 0.13999999999999999 0.90625 0.21875 0.95875 0.21875 0.9675 0.20375000000000001 0.98125 0.19875 0.98125 0.19375 0.9925 0.205 0.99875 0.21125 0.9949999999999999 0.21625 0.99875 0.21875 0.9949999999999999 0.22999999999999998 0.99875 0.5700000000000001 0.99875 0.5912499999999999 0.9875 0.605 0.99875 0.64625 0.99875 0.65 0.99375 0.6587500000000001 0.99875 0.9199999999999999 0.99875 0.89875 0.975 0.9 0.96875 0.9072423671875001 0.968969465625 0.9037499999999999 0.9550000000000001 0.9125 0.95375 0.915 0.945 0.89625 0.9425000000000001 0.8875 0.9425000000000001 0.89125 0.95 0.8887499999999999 0.95375 0.8949999999999999 0.95625 0.8949999999999999 0.9625 0.8787499999999999 0.96125 0.8787499999999999 0.9425000000000001 0.875 0.945 0.875 0.95875 0.8625 0.97 0.84375 0.9675 0.8425 0.9637499999999999 0.8387499999999999 0.9675 0.82125 0.97 0.8175000000000001 0.96125 0.81375 0.96875 0.80625 0.96875 0.8025 0.9662499999999999 0.8099999999999999 0.96 0.8099999999999999 0.95375 0.7975 0.96875 0.795 0.9487500000000001 0.79 0.9550000000000001 0.79375 0.95875 0.78625 0.9625 0.79375 0.9662499999999999 0.7849999999999999 0.97 0.73625 0.96875 0.7325 0.9625 0.72875 0.9675 0.71875 0.9675 0.7162499999999999 0.9625 0.70875 0.96125 0.705 0.9662499999999999 0.7 0.96125 0.68875 0.9625 0.6849999999999999 0.95625 0.66625 0.9650000000000001 0.66125 0.96125 0.6587500000000001 0.9675 0.6537499999999999 0.9662499999999999 0.655 0.9625 0.64125 0.9675 0.6375 0.96125 0.6375 0.9662499999999999 0.6287499999999999 0.97 0.63 0.975 0.62 0.975 0.625 0.97 0.61625 0.9662499999999999 0.63875 0.95375 0.64 0.94625 0.645 0.94375 0.6525000000000001 0.94375 0.6599999999999999 0.95375 0.66875 0.95375 0.67125 0.94625 0.6637500000000001 0.9349999999999999 0.68125 0.9275 0.6900000000000001 0.93125 0.68875 0.9349999999999999 0.6775 0.93875 0.6775 0.9475 0.6849999999999999 0.9525 0.68625 0.93625 0.6900000000000001 0.9349999999999999 0.7 0.9400000000000001 0.6975 0.94625 0.69625 0.94625 0.7 0.9512499999999999 0.70375 0.9475 0.7175 0.9512499999999999 0.72 0.9475 0.7275 0.95375 0.74 0.9550000000000001 0.7474999999999999 0.9625 0.7787499999999999 0.9650000000000001 0.7787499999999999 0.96125 0.76375 0.95875 0.76375 0.93625 0.7575000000000001 0.93875 0.7462500000000001 0.9262499999999999 0.735 0.925 0.71375 0.9075 0.71875 0.8975 0.7325 0.90625 0.81375 0.865 0.8300000000000001 0.8487500000000001 0.8474999999999999 0.8175000000000001 0.85 0.7675 0.8412499999999999 0.7462500000000001 0.825 0.7325 0.8099999999999999 0.735 0.79 0.74875 0.7787499999999999 0.75125 0.775 0.7575000000000001 0.77125 0.75625 0.76125 0.7775000000000001 0.7537499999999999 0.78125 0.7525000000000001 0.7925 0.73125 0.825 0.73 0.8324999999999999 0.7262500000000001 0.835 0.7212500000000001 0.8275 0.74125 0.7825 0.7474999999999999 0.755 0.7875 0.67625 0.7925 0.6475 0.7975 0.64125 0.8087500000000001 0.63875 0.8474999999999999 0.6174999999999999 0.865 0.61375 0.9 0.59375 0.9275 0.58375 0.9412499999999999 0.5700000000000001 0.99875 0.5349999999999999 0.99875 0.06999999999999999 0.975 0.03375 0.96125 0 0.95494 0 0.82875 0