4 0.366 0.44299999999999995 0.28300000000000003 0.44299999999999995 0.28300000000000003 0.517 0.366 0.517 0.366 0.44299999999999995
4 0.33465500000000004 0.44549500000000003 0.281065 0.44549500000000003 0.281065 0.500305 0.33465500000000004 0.500305 0.33465500000000004 0.44549500000000003
4 0.21686999999999998 0.5132 0.16765000000000002 0.5132 0.16765000000000002 0.5659 0.21686999999999998 0.5659 0.21686999999999998 0.5132
4 0.41997999999999996 0.44586499999999996 0.27240000000000003 0.44586499999999996 0.27240000000000003 0.642035 0.41997999999999996 0.642035 0.41997999999999996 0.44586499999999996
4 0.572465 0.49887 0.513475 0.49887 0.513475 0.57925 0.572465 0.57925 0.572465 0.49887
4 0.48043500000000006 0.62914 0.413605 0.62914 0.413605 0.67458 0.48043500000000006 0.67458 0.48043500000000006 0.62914
4 0.039290000000000005 0.545445 0.0049299999999999995 0.545445 0.0049299999999999995 0.566855 0.039290000000000005 0.566855 0.039290000000000005 0.545445
4 0.11691 0.53613 0.06949 0.53613 0.06949 0.5712900000000001 0.11691 0.5712900000000001 0.11691 0.53613
4 0.337285 0.5846250000000001 0.277955 0.5846250000000001 0.277955 0.6360750000000001 0.337285 0.6360750000000001 0.337285 0.5846250000000001
4 0.09981999999999999 0.5503 0.01474 0.5503 0.01474 0.57568 0.09981999999999999 0.57568 0.09981999999999999 0.5503
7 0.316 0.40800000000000003 0.27799999999999997 0.40499999999999997 0.255 0.409 0.23399999999999999 0.40700000000000003 0.22400000000000003 0.41 0.181 0.41 0.179 0.41200000000000003 0.188 0.429 0.209 0.44699999999999995 0.209 0.45199999999999996 0.202 0.453 0.194 0.45999999999999996 0.143 0.48600000000000004 0.12 0.476 0.101 0.45199999999999996 0.075 0.46399999999999997 0.048 0.483 0.04 0.49800000000000005 0.028000000000000004 0.508 0.028000000000000004 0.514 0.02 0.529 0.012 0.537 0.028999999999999998 0.537 0.034 0.542 0.034999999999999996 0.549 0.028999999999999998 0.5599999999999999 0.011 0.564 0.04 0.572 0.06899999999999999 0.5730000000000001 0.08499999999999999 0.5700000000000001 0.091 0.572 0.098 0.583 0.11100000000000002 0.588 0.155 0.595 0.174 0.602 0.24700000000000003 0.618 0.267 0.628 0.312 0.639 0.32999999999999996 0.647 0.35 0.649 0.355 0.654 0.365 0.653 0.385 0.662 0.41500000000000004 0.665 0.41900000000000004 0.67 0.42699999999999994 0.67 0.433 0.663 0.44000000000000006 0.667 0.43899999999999995 0.6719999999999999 0.437 0.667 0.433 0.669 0.442 0.6769999999999999 0.446 0.6719999999999999 0.45899999999999996 0.674 0.466 0.667 0.47400000000000003 0.67 0.47800000000000004 0.666 0.484 0.6769999999999999 0.507 0.6950000000000001 0.528 0.6990000000000001 0.572 0.7150000000000001 0.599 0.7150000000000001 0.625 0.7190000000000001 0.63 0.724 0.653 0.73 0.658 0.736 0.716 0.751 0.767 0.773 0.8019999999999999 0.782 0.8130000000000001 0.788 0.9029999999999999 0.8160000000000001 0.999 0.851 0.999 0.7190000000000001 0.873 0.587 0.833 0.561 0.806 0.533 0.7809999999999999 0.52 0.759 0.501 0.739 0.493 0.706 0.46799999999999997 0.654 0.44800000000000006 0.627 0.42699999999999994 0.595 0.41900000000000004 0.576 0.40700000000000003 0.5559999999999999 0.404 0.529 0.392 0.501 0.391 0.442 0.381 0.438 0.381 0.42400000000000004 0.386 0.396 0.386 0.362 0.392 0.316 0.40800000000000003