4 0.19 0.273 0.096 0.273 0.096 0.404 0.19 0.404 0.19 0.273
4 0.586635 0.5384249999999999 0.5198050000000001 0.5384249999999999 0.5198050000000001 0.5816950000000001 0.586635 0.5816950000000001 0.586635 0.5384249999999999
4 0.123905 0.26810999999999996 0.098635 0.26810999999999996 0.098635 0.28805000000000003 0.123905 0.28805000000000003 0.123905 0.26810999999999996
4 0.14809 0.356005 0.09691 0.356005 0.09691 0.398395 0.14809 0.398395 0.14809 0.356005
4 0.48627000000000004 0.46913 0.44489 0.46913 0.44489 0.51817 0.48627000000000004 0.51817 0.48627000000000004 0.46913
4 0.47390999999999994 0.44572500000000004 0.43282999999999994 0.44572500000000004 0.43282999999999994 0.488355 0.47390999999999994 0.488355 0.47390999999999994 0.44572500000000004
4 0.601275 0.56181 0.547165 0.56181 0.547165 0.58955 0.601275 0.58955 0.601275 0.56181
4 0.17432 0.47921500000000006 0.0458 0.47921500000000006 0.0458 0.675545 0.17432 0.675545 0.17432 0.47921500000000006
4 0.1924 0.47480500000000003 0.15062 0.47480500000000003 0.15062 0.519815 0.1924 0.519815 0.1924 0.47480500000000003
4 0.25933 0.16287000000000001 0.22895 0.16287000000000001 0.22895 0.23117000000000001 0.25933 0.23117000000000001 0.25933 0.16287000000000001
4 0.41454500000000005 0.774455 0.39941499999999996 0.774455 0.39941499999999996 0.803665 0.41454500000000005 0.803665 0.41454500000000005 0.774455
4 0.594085 0.365085 0.48013500000000003 0.365085 0.48013500000000003 0.486975 0.594085 0.486975 0.594085 0.365085
7 0.046 0 0.044 0.007000000000000001 0.040999999999999995 0.004 0.037 0.005 0.017 0.04 0.012 0.05600000000000001 0 0.073 0 0.47400000000000003 0.006 0.47300000000000003 0.009 0.461 0.018 0.46299999999999997 0.015 0.46699999999999997 0.02 0.47800000000000004 0.027000000000000003 0.513 0.031 0.517 0.036 0.542 0.046 0.5559999999999999 0.048 0.5660000000000001 0.068 0.5599999999999999 0.06999999999999999 0.554 0.077 0.5519999999999999 0.08 0.5429999999999999 0.08299999999999999 0.544 0.088 0.5389999999999999 0.091 0.541 0.089 0.533 0.099 0.521 0.10300000000000001 0.509 0.11499999999999999 0.5 0.154 0.49800000000000005 0.154 0.493 0.16499999999999998 0.48200000000000004 0.17099999999999999 0.48200000000000004 0.16999999999999998 0.477 0.174 0.477 0.187 0.487 0.186 0.513 0.172 0.532 0.16999999999999998 0.544 0.153 0.587 0.162 0.601 0.16299999999999998 0.615 0.16999999999999998 0.636 0.13899999999999998 0.706 0.142 0.716 0.158 0.734 0.173 0.743 0.196 0.764 0.209 0.765 0.23500000000000001 0.779 0.248 0.7809999999999999 0.27 0.795 0.292 0.8009999999999999 0.346 0.826 0.362 0.826 0.396 0.836 0.40800000000000003 0.836 0.42300000000000004 0.843 0.446 0.8480000000000001 0.45599999999999996 0.844 0.52 0.8480000000000001 0.532 0.845 0.562 0.8460000000000001 0.579 0.8390000000000001 0.639 0.8310000000000001 0.6839999999999999 0.819 0.7150000000000001 0.799 0.762 0.784 0.8029999999999999 0.756 0.818 0.739 0.8230000000000001 0.725 0.841 0.717 0.873 0.692 0.8880000000000001 0.662 0.882 0.649 0.881 0.635 0.8460000000000001 0.599 0.8140000000000001 0.587 0.799 0.585 0.729 0.585 0.688 0.5660000000000001 0.6639999999999999 0.562 0.618 0.541 0.5980000000000001 0.544 0.591 0.548 0.592 0.5559999999999999 0.584 0.5589999999999999 0.5730000000000001 0.549 0.576 0.546 0.58 0.513 0.577 0.509 0.568 0.507 0.5509999999999999 0.488 0.517 0.46799999999999997 0.461 0.422 0.422 0.398 0.365 0.341 0.318 0.312 0.254 0.22799999999999998 0.24700000000000003 0.21400000000000002 0.23900000000000002 0.227 0.24100000000000002 0.24900000000000003 0.236 0.258 0.174 0.23399999999999999 0.149 0.197 0.121 0.135 0.12 0.123 0.10700000000000001 0.08399999999999999 0.10800000000000001 0.075 0.099 0.014000000000000002 0.091 0.003 0.08399999999999999 0 0.078571 0 0.046 0