12 0.6755921046875 0.5241228062500001 0.6016081875 0.5241228062500001 0.6016081875 0.6293092109375 0.6755921046875 0.6293092109375 0.6755921046875 0.5241228062500001
12 0.3104559578125 0.5680386515625 0.22225968593749998 0.5680386515625 0.22225968593749998 0.685135690625 0.3104559578125 0.685135690625 0.3104559578125 0.5680386515625
12 0.51385599375 0.5955043859375 0.4060672515625 0.5955043859375 0.4060672515625 0.71113486875 0.51385599375 0.71113486875 0.51385599375 0.5955043859375
12 0.43518183437499997 0.49987801562499995 0.242065971875 0.49987801562499995 0.242065971875 0.69763295 0.43518183437499997 0.69763295 0.43518183437499997 0.49987801562499995
12 0.5930180921875 0.5587924890625 0.4782721125 0.5587924890625 0.4782721125 0.7053686953125 0.5930180921875 0.7053686953125 0.5930180921875 0.5587924890625
12 0.899597953125 0.4188541671875 0.6765752921875 0.4188541671875 0.6765752921875 0.6182565796875 0.899597953125 0.6182565796875 0.899597953125 0.4188541671875
12 0.6798099421875 0.28720120625 0.4920650578125 0.28720120625 0.4920650578125 0.4774479171875 0.6798099421875 0.4774479171875 0.6798099421875 0.28720120625
12 0.399666484375 0.5485512609375001 0.3806076390625 0.5485512609375001 0.3806076390625 0.5771833875 0.399666484375 0.5771833875 0.399666484375 0.5485512609375001
12 0.3128435671875 0.422543859375 0.29457967812499997 0.422543859375 0.29457967812499997 0.444643640625 0.3128435671875 0.444643640625 0.3128435671875 0.422543859375
12 0.632437865625 0.3264884875 0.6195138890624999 0.3264884875 0.6195138890624999 0.3473382671875 0.632437865625 0.3473382671875 0.632437865625 0.3264884875
12 0.3557428734375 0.489979440625 0.34445084062500003 0.489979440625 0.34445084062500003 0.507580865625 0.3557428734375 0.507580865625 0.3557428734375 0.489979440625
12 0.5505062140625 0.42925575625 0.5383607453125 0.42925575625 0.5383607453125 0.44672012031249997 0.5505062140625 0.44672012031249997 0.5505062140625 0.42925575625
12 0.3678581875 0.5405852515625 0.3552850875 0.5405852515625 0.3552850875 0.558049615625 0.3678581875 0.558049615625 0.3678581875 0.5405852515625
11 0 0 0 0.5238478625 0.0007309937499999999 0.524671053125 0 0.5252192984375 0.13176169531249998 0.45970394687500005 0.14766081874999998 0.47587719375 0.155153509375 0.48519736875 0.158991228125 0.49287280625 0.1642909359375 0.5298793859375001 0.165935671875 0.56167763125 0.16758040937500002 0.57730263125 0.1694078953125 0.5877192984375 0.17288011718750002 0.5997807015625 0.180921053125 0.6200657890625 0.1827485375 0.6266447375 0.19097222187500001 0.6411732453125001 0.1962719296875 0.660635965625 0.1999269 0.669133771875 0.2072368421875 0.6776315796875 0.21180555625 0.6850328953125 0.21893274843750002 0.691885965625 0.223866959375 0.7001096484375 0.2302631578125 0.7064144734375 0.23720760156249998 0.7184758765625 0.2443347953125 0.7266995609375 0.254203215625 0.737116228125 0.2713815796875 0.7502741234375 0.29349415156249997 0.7609649125 0.3009868421875 0.763706140625 0.33991228125 0.771929825 0.352704678125 0.773026315625 0.37737573125 0.771929825 0.4188596484375 0.7650767546874999 0.460526315625 0.75082236875 0.47587719375 0.7442434203125 0.4947002921875 0.7379385968750001 0.5047514625 0.7321820171875 0.5239400578125 0.725328946875 0.5328947375 0.7201206140624999 0.5517178359375 0.7129934203125 0.5654239765625 0.7061403515625 0.5853435671875 0.6998355265625 0.60233918125 0.691885965625 0.618421053125 0.686403509375 0.6297514625 0.6803728062500001 0.6451023390625 0.6743421046875 0.6546052625 0.6685855265625 0.67105263125 0.6614583328125 0.69133771875 0.6485745609375 0.7092470765625001 0.6321271937499999 0.7258771937499999 0.61951754375 0.7315423984375 0.6162280703125 0.7423245609375 0.6123903515625 0.755847953125 0.6052631578125001 0.7739400578125 0.6014254390625 0.798793859375 0.5989583328125 0.80866228125 0.5970394734375 0.8485014625 0.5849780703125 0.8682383046875 0.5734649125 0.8817616953125 0.564418859375 0.889437134375 0.560581140625 0.8996710531250001 0.553453946875 0.9130116953125 0.5466008765625 0.9221491234375 0.540570175 0.9365862578125 0.5342653515625 0.940606725 0.5298793859375001 0.9422514625 0.5235745609375 0.9422514625 0.5186403515625 0.9404239765625 0.5150767546874999 0.9342105265624999 0.5087719296875 0.927814328125 0.5 0.9232456140625 0.4958881578125 0.9157529234374999 0.48574561406249994 0.866776315625 0.43585526249999995 0.8463084796875 0.42023026249999995 0.8404605265624999 0.414473684375 0.8322368421874999 0.40871710468750005 0.8117690062499999 0.3908991234375 0.794956140625 0.38103070156249996 0.7892909359375 0.3763706140625 0.78125 0.3719846484375 0.765716375 0.3610197375 0.7578581875 0.3569078953125 0.740679825 0.34457236875 0.7330043859375001 0.3379934203125 0.7213084796875 0.3314144734375 0.7139985375 0.3256578953125 0.6770833328125 0.30537280624999996 0.6463815796875 0.278508771875 0.6399853796875 0.2713815796875 0.6345029234374999 0.2669956140625 0.6259137421875 0.258223684375 0.6145833328125 0.2483552625 0.59923245625 0.2368421046875 0.5880847953125 0.23053728125 0.575475146875 0.2217653515625 0.5674342109375 0.21792763124999998 0.556652046875 0.210526315625 0.5433114031249999 0.2036732453125 0.536366959375 0.1981907890625 0.525402046875 0.1924342109375 0.5162646203125 0.1858552625 0.50383771875 0.18037280625000002 0.48940058437499995 0.1713267546875 0.47898391875 0.16639254375 0.47203947343749997 0.1611842109375 0.45906432812500003 0.154331140625 0.4499269 0.14830043906249998 0.4329312859375 0.1419956140625 0.456688596875 0 0.45577211249999994 0 0.45540935625 0.001096490625 0.4548611109375 0.001096490625 0.45485562812499997 0 0.27521929843750004 0 0.2658991234375 0.0032894734375 0.23921783593749998 0.002741228125 0.2288011703125 0.006853070312499999 0.22496345 0.006853070312499999 0.21692251406250002 0.0046600875 0.20486111093749998 0.0057565796875 0.1900584796875 0.0049342109375 0.1794590640625 0.001918859375 0.1673976609375 0 0 0