12 0.38375 0.6443333328125 0.307 0.6443333328125 0.307 0.7416666671875001 0.38375 0.7416666671875001 0.38375 0.6443333328125
12 0.54461625 0.6853333328125 0.49774874999999996 0.6853333328125 0.49774874999999996 0.7258666671875 0.54461625 0.7258666671875 0.54461625 0.6853333328125
12 0.563615 0.597 0.4965 0.597 0.4965 0.6898866671875 0.563615 0.6898866671875 0.563615 0.597
12 0.6426000000000001 0.6219983328125 0.53275 0.6219983328125 0.53275 0.7991550000000001 0.6426000000000001 0.7991550000000001 0.6426000000000001 0.6219983328125
12 0.37518250000000003 0.335775 0.2307725 0.335775 0.2307725 0.5411783328124999 0.37518250000000003 0.5411783328124999 0.37518250000000003 0.335775
12 0.27371124999999996 0.2718516671875 0.21578875000000003 0.2718516671875 0.21578875000000003 0.3954683328125 0.27371124999999996 0.3954683328125 0.27371124999999996 0.2718516671875
12 0.8338625000000001 0.24556333281249998 0.7784424999999999 0.24556333281249998 0.7784424999999999 0.3293033328125 0.8338625000000001 0.3293033328125 0.8338625000000001 0.24556333281249998
12 0.13133125 0.7418 0.08424374999999999 0.7418 0.08424374999999999 0.79596 0.13133125 0.79596 0.13133125 0.7418
12 0.53681125 0.7685433328125 0.5198287500000001 0.7685433328125 0.5198287500000001 0.7874433328125 0.53681125 0.7874433328125 0.53681125 0.7685433328125
12 0.81052375 0.54549 0.80178125 0.54549 0.80178125 0.55607 0.81052375 0.55607 0.81052375 0.54549
12 0.8623725 0.5509533328125 0.8475875 0.5509533328125 0.8475875 0.5753466671874999 0.8623725 0.5753466671874999 0.8623725 0.5509533328125
12 0.4709175 0.7942716671875 0.4631625 0.7942716671875 0.4631625 0.8046883328125001 0.4709175 0.8046883328125001 0.4709175 0.7942716671875
12 0.72680375 0.6872766671874999 0.71655625 0.6872766671874999 0.71655625 0.6994433328125 0.72680375 0.6994433328125 0.72680375 0.6872766671874999
12 0.48322374999999995 0.7911900000000001 0.47576124999999997 0.7911900000000001 0.47576124999999997 0.8012566671875 0.48322374999999995 0.8012566671875 0.48322374999999995 0.7911900000000001
12 0.20098500000000002 0.5567266671875 0.19257 0.5567266671875 0.19257 0.5643666671875 0.20098500000000002 0.5643666671875 0.20098500000000002 0.5567266671875
12 0.3021425 0.72378 0.2940475 0.72378 0.2940475 0.7358533328125 0.3021425 0.7358533328125 0.3021425 0.72378
12 0.27758875 0.79072 0.26977625 0.79072 0.26977625 0.8017266671875 0.27758875 0.8017266671875 0.27758875 0.79072
12 0.27510375 0.6409166671875 0.26688625 0.6409166671875 0.26688625 0.65075 0.27510375 0.65075 0.27510375 0.6409166671875
12 0.911655 0.5674683328125 0.9047499999999999 0.5674683328125 0.9047499999999999 0.5757583328125 0.911655 0.5757583328125 0.911655 0.5674683328125
12 0.77154625 0.6460183328125 0.76556375 0.6460183328125 0.76556375 0.654115 0.77154625 0.654115 0.77154625 0.6460183328125
12 0.2905875 0.5262583328125 0.28265250000000003 0.5262583328125 0.28265250000000003 0.5349416671875 0.2905875 0.5349416671875 0.2905875 0.5262583328125
12 0.28553625 0.57105 0.27500874999999997 0.57105 0.27500874999999997 0.5838966671875 0.28553625 0.5838966671875 0.28553625 0.57105
12 0.88146 0.44826 0.8734249999999999 0.44826 0.8734249999999999 0.45864000000000005 0.88146 0.45864000000000005 0.88146 0.44826
12 0.68787 0.3155733328125 0.680295 0.3155733328125 0.680295 0.3270066671875 0.68787 0.3270066671875 0.68787 0.3155733328125
12 0.3219225 0.31983833281249996 0.3118675 0.31983833281249996 0.3118675 0.3328283328125 0.3219225 0.3328283328125 0.3219225 0.31983833281249996
12 0.49102875 0.45353000000000004 0.48407125000000006 0.45353000000000004 0.48407125000000006 0.46379000000000004 0.49102875 0.46379000000000004 0.49102875 0.45353000000000004
12 0.54141875 0.9025616671875 0.53475125 0.9025616671875 0.53475125 0.912545 0.54141875 0.912545 0.54141875 0.9025616671875
12 0.50224625 0.881025 0.49628875 0.881025 0.49628875 0.8898083328125 0.50224625 0.8898083328125 0.50224625 0.881025
12 0.6303375 0.6894333328125 0.6235674999999999 0.6894333328125 0.6235674999999999 0.6972866671875 0.6303375 0.6972866671875 0.6303375 0.6894333328125
12 0.60710125 0.3255766671875 0.60090875 0.3255766671875 0.60090875 0.3332766671875 0.60710125 0.3332766671875 0.60710125 0.3255766671875
12 0.3189725 0.4245916671875 0.3113975 0.4245916671875 0.3113975 0.43348166718750003 0.3189725 0.43348166718750003 0.3189725 0.4245916671875
12 0.22540624999999997 0.28228166718750003 0.21721875000000002 0.28228166718750003 0.21721875000000002 0.2968183328125 0.22540624999999997 0.2968183328125 0.22540624999999997 0.28228166718750003
12 0.18158875000000002 0.387645 0.17412624999999998 0.387645 0.17412624999999998 0.3949083328125 0.18158875000000002 0.3949083328125 0.18158875000000002 0.387645
12 0.790755 0.3128516671875 0.783465 0.3128516671875 0.783465 0.3202883328125 0.790755 0.3202883328125 0.790755 0.3128516671875
12 0.9233537500000001 0.32388 0.91551125 0.32388 0.91551125 0.3359533328125 0.9233537500000001 0.3359533328125 0.9233537500000001 0.32388
12 0.6603 0.1862283328125 0.650245 0.1862283328125 0.650245 0.19983833281250002 0.6603 0.19983833281250002 0.6603 0.1862283328125
12 0.82509375 0.2583516671875 0.81748625 0.2583516671875 0.81748625 0.271595 0.82509375 0.271595 0.82509375 0.2583516671875
12 0.24384625 0.2879583328125 0.23051875000000002 0.2879583328125 0.23051875000000002 0.3009083328125 0.24384625 0.3009083328125 0.24384625 0.2879583328125
12 0.4314025 0.15987 0.4245525 0.15987 0.4245525 0.16825666718750001 0.4314025 0.16825666718750001 0.4314025 0.15987
12 0.72948875 0.2235316671875 0.72070625 0.2235316671875 0.72070625 0.23740833281249998 0.72948875 0.23740833281249998 0.72948875 0.2235316671875
12 0.48546500000000004 0.11121333281250001 0.477915 0.11121333281250001 0.477915 0.12104666718749998 0.48546500000000004 0.12104666718749998 0.48546500000000004 0.11121333281250001
12 0.61345 0.4226033328125 0.606275 0.4226033328125 0.606275 0.4328633328125 0.61345 0.4328633328125 0.61345 0.4226033328125
12 0.57589375 0.8831950000000001 0.57059125 0.8831950000000001 0.57059125 0.8941516671875 0.57589375 0.8941516671875 0.57589375 0.8831950000000001
12 0.46694 0.1428516671875 0.46079499999999995 0.1428516671875 0.46079499999999995 0.15174166718749998 0.46694 0.15174166718749998 0.46694 0.1428516671875
12 0.6620137500000001 0.5402483328125001 0.65537125 0.5402483328125001 0.65537125 0.5515516671875 0.6620137500000001 0.5515516671875 0.6620137500000001 0.5402483328125001
12 0.718105 0.17324333281249998 0.70377 0.17324333281249998 0.70377 0.18841000000000002 0.718105 0.18841000000000002 0.718105 0.17324333281249998
12 0.25950125 0.694025 0.24586875 0.694025 0.24586875 0.707015 0.25950125 0.707015 0.25950125 0.694025
12 0.5093075 0.8257383328125 0.5004575 0.8257383328125 0.5004575 0.8357216671875 0.5093075 0.8357216671875 0.5093075 0.8257383328125
12 0.7540275000000001 0.7929283328125 0.7440175 0.7929283328125 0.7440175 0.8034250000000001 0.7540275000000001 0.8034250000000001 0.7540275000000001 0.7929283328125
12 0.48067125 0.60407 0.47245375 0.60407 0.47245375 0.6153299999999999 0.48067125 0.6153299999999999 0.48067125 0.60407
12 0.7972275 0.7038383328125 0.7701575 0.7038383328125 0.7701575 0.7232483328125 0.7972275 0.7232483328125 0.7972275 0.7038383328125
12 0.27017125000000003 0.4399833328125 0.23812875 0.4399833328125 0.23812875 0.48449666718750006 0.27017125000000003 0.48449666718750006 0.27017125000000003 0.4399833328125
12 0.9967637500000001 0.023844999999999998 0.82647625 0.023844999999999998 0.82647625 0.1923016671875 0.9967637500000001 0.1923016671875 0.9967637500000001 0.023844999999999998
12 0.3432875 0.4136183328125 0.3359125 0.4136183328125 0.3359125 0.42296833281249996 0.3432875 0.42296833281249996 0.3432875 0.4136183328125
11 0 0.627 0.016 0.6263333328125 0.024 0.6276666671875 0.0405 0.6276666671875 0.0625 0.6323333328125 0.0755 0.6316666671875 0.08149999999999999 0.6293333328124999 0.094 0.6193333328125 0.10175000000000001 0.6183333328125 0.10774999999999998 0.6263333328125 0.11574999999999999 0.632 0.12 0.641 0.12525 0.6436666671875 0.12725 0.646 0.12975 0.6583333328125 0.12725 0.6616666671875 0.12175 0.6613333328125 0.1145 0.6583333328125 0.11025 0.6586666671875 0.1075 0.6616666671875 0.10575000000000001 0.6673333328125 0.10575000000000001 0.6723333328125001 0.10674999999999998 0.675 0.11299999999999999 0.6843333328125001 0.11399999999999999 0.696 0.12250000000000001 0.7086666671875 0.12250000000000001 0.7126666671875 0.12025 0.7186666671874999 0.12225 0.722 0.14925 0.7363333328125 0.15825 0.739 0.16275 0.7416666671875001 0.1655 0.741 0.17124999999999999 0.7306666671875 0.17575000000000002 0.73 0.178 0.7323333328125 0.182 0.7403333328125 0.1905 0.745 0.1945 0.7543333328124999 0.2015 0.7593333328125 0.20675 0.7683333328125 0.21325 0.7716666671875 0.21949999999999997 0.7809999999999999 0.22749999999999998 0.786 0.2325 0.7933333328125001 0.24075000000000002 0.7973333328125001 0.24625 0.8053333328125 0.253 0.8086666671874999 0.258 0.817 0.26775000000000004 0.8226666671875 0.27175 0.8300000000000001 0.27825 0.8326666671874999 0.28425 0.8413333328125001 0.29325 0.845 0.29975 0.852 0.3195 0.8683333328125 0.3285 0.8736666671875 0.3335 0.8796666671875 0.34125 0.883 0.351 0.892 0.3655 0.899 0.37275 0.9053333328125 0.396 0.9173333328125001 0.409 0.921 0.4255 0.9279999999999999 0.466 0.9383333328125 0.5015 0.9406666671874999 0.518 0.9390000000000001 0.5587500000000001 0.9273333328125 0.58425 0.9163333328125001 0.63 0.891 0.66075 0.8643333328124999 0.6717500000000001 0.8486666671875 0.6797500000000001 0.8423333328125 0.69475 0.8326666671874999 0.7122499999999999 0.8273333328125 0.73725 0.8143333328125 0.754 0.8026666671875 0.7665 0.792 0.7805 0.7763333328125 0.8157500000000001 0.741 0.82675 0.7276666671875 0.8314999999999999 0.7193333328125 0.8394999999999999 0.7096666671875 0.8465 0.6946666671874999 0.85275 0.6853333328125 0.85825 0.6716666671875 0.8647500000000001 0.662 0.8712500000000001 0.6483333328125 0.8935000000000001 0.6193333328125 0.9185000000000001 0.575 0.99975 0.44666666718750003 0.99975 0.3 0.869 0.24333333281249997 0.86 0.2366666671875 0.8397500000000001 0.2286666671875 0.8119999999999999 0.2106666671875 0.74675 0.18 0.7184999999999999 0.1623333328125 0.6757500000000001 0.1483333328125 0.6355000000000001 0.1403333328125 0.60725 0.1306666671875 0.5925 0.123 0.5582499999999999 0.11033333281249999 0.53175 0.10633333281249999 0.511 0.10533333281249999 0.49349999999999994 0.10600000000000001 0.4715 0.10900000000000001 0.42474999999999996 0.1086666671875 0.403 0.11200000000000002 0.36375 0.124 0.33875 0.1373333328125 0.3235 0.1486666671875 0.30025 0.16999999999999998 0.27325 0.2026666671875 0.23450000000000001 0.25833333281250004 0.22425 0.2746666671875 0.21225 0.298 0.20400000000000001 0.3186666671875 0.1975 0.331 0.173 0.386 0.15975 0.42366666718749996 0.15525 0.44066666718749997 0.153 0.4543333328125 0.14375 0.481 0.1325 0.5003333328124999 0.11574999999999999 0.533 0.1105 0.5406666671875 0.10300000000000001 0.558 0.09775 0.5650000000000001 0.09375 0.5726666671875 0.078 0.589 0.063 0.5936666671874999 0.05600000000000001 0.5996666671875001 0.052000000000000005 0.6013333328125 0.013500000000000002 0.604 0 0.6033333328125 0 0.627