12 0.57675 0.5653333328125 0.442 0.5653333328125 0.442 0.6716666671875 0.57675 0.6716666671875 0.57675 0.5653333328125
12 0.55352875 0.5212383328125 0.40301625 0.5212383328125 0.40301625 0.6369616671875 0.55352875 0.6369616671875 0.55352875 0.5212383328125
12 0.422485 0.499065 0.17224 0.499065 0.17224 0.6135683328125 0.422485 0.6135683328125 0.422485 0.499065
12 0.6952524999999999 0.42336 0.5225225 0.42336 0.5225225 0.4783333328125 0.6952524999999999 0.4783333328125 0.6952524999999999 0.42336
12 0.43695125 0.2652183328125 0.28619374999999997 0.2652183328125 0.28619374999999997 0.5231950000000001 0.43695125 0.5231950000000001 0.43695125 0.2652183328125
12 0.55542125 0.681805 0.26196375 0.681805 0.26196375 0.7296549999999999 0.55542125 0.7296549999999999 0.55542125 0.681805
12 1 0.3763833328125 0.69799875 0.3763833328125 0.69799875 0.44783666718750004 1 0.44783666718750004 1 0.3763833328125
12 0.734345 0.3399666671875 0.65628 0.3399666671875 0.65628 0.42566 0.734345 0.42566 0.734345 0.3399666671875
12 0.6496000000000001 0.41366500000000006 0.5415 0.41366500000000006 0.5415 0.552635 0.6496000000000001 0.552635 0.6496000000000001 0.41366500000000006
12 0.8047487500000001 0.4199216671875 0.67962625 0.4199216671875 0.67962625 0.5305983328125 0.8047487500000001 0.5305983328125 0.8047487500000001 0.4199216671875
12 0.5325325000000001 0.3752833328125 0.4137575 0.3752833328125 0.4137575 0.4990633328125 0.5325325000000001 0.4990633328125 0.5325325000000001 0.3752833328125
12 0.5266725 0.1948666671875 0.44354250000000006 0.1948666671875 0.44354250000000006 0.35136 0.5266725 0.35136 0.5266725 0.1948666671875
12 0.4039 0.2198083328125 0.33047499999999996 0.2198083328125 0.33047499999999996 0.38826499999999997 0.4039 0.38826499999999997 0.4039 0.2198083328125
12 0.6585687499999999 0.1962083328125 0.48303124999999997 0.1962083328125 0.48303124999999997 0.46362500000000006 0.6585687499999999 0.46362500000000006 0.6585687499999999 0.1962083328125
12 0.6956175 0.4665516671875 0.49285750000000006 0.4665516671875 0.49285750000000006 0.694255 0.6956175 0.694255 0.6956175 0.4665516671875
12 0.53408875 0.0738933328125 0.42245625000000003 0.0738933328125 0.42245625000000003 0.257 0.53408875 0.257 0.53408875 0.0738933328125
12 0.9027100000000001 0.25057 0.71936 0.25057 0.71936 0.42390999999999995 0.9027100000000001 0.42390999999999995 0.9027100000000001 0.25057
12 0.81128 0.18107 0.63208 0.18107 0.63208 0.41105 0.81128 0.41105 0.81128 0.18107
12 0.3572075 0.161785 0.2643725 0.161785 0.2643725 0.431315 0.3572075 0.431315 0.3572075 0.161785
12 0.95868 0.40401166718750003 0.7366349999999999 0.40401166718750003 0.7366349999999999 0.5178616671875 0.95868 0.5178616671875 0.95868 0.40401166718750003
12 0.28848124999999997 0.16797 0.18954375 0.16797 0.18954375 0.5143233328125 0.28848124999999997 0.5143233328125 0.28848124999999997 0.16797
11 0.148 0.673 0.15325 0.6696666671875 0.16375 0.6526666671875 0.16825 0.653 0.1755 0.6586666671875 0.18075000000000002 0.6696666671875 0.184 0.6796666671875 0.19125 0.6926666671875 0.198 0.7096666671875 0.2185 0.7343333328125 0.23775 0.7646666671875 0.2485 0.7753333328124999 0.26275 0.7866666671875 0.28025 0.7946666671875 0.2895 0.8016666671875001 0.33975 0.826 0.38075000000000003 0.8383333328125 0.39625 0.8393333328124999 0.42874999999999996 0.8376666671875 0.47050000000000003 0.8303333328125 0.5207499999999999 0.8130000000000001 0.5417500000000001 0.8039999999999999 0.575 0.7823333328125 0.60575 0.766 0.626 0.7586666671875 0.65525 0.7506666671875 0.683 0.7376666671875001 0.71825 0.713 0.8787499999999999 0.576 0.9085000000000001 0.542 0.9397500000000001 0.5126666671875 0.9490000000000001 0.5003333328124999 0.9570000000000001 0.49233333281249997 0.9737500000000001 0.46699999999999997 0.9835 0.45499999999999996 0.99975 0.44000000000000006 0.99975 0.3553333328125 0.9872500000000001 0.33999999999999997 0.9605 0.313 0.9039999999999999 0.26433333281250004 0.88275 0.25 0.85 0.2316666671875 0.8067500000000001 0.198 0.7735000000000001 0.17533333281250002 0.7474999999999999 0.1616666671875 0.73075 0.1546666671875 0.6695 0.12 0.65025 0.11333333281249999 0.60475 0.10366666718749999 0.58 0.0946666671875 0.5702499999999999 0.0876666671875 0.5535 0.072 0.54425 0.0663333328125 0.53 0.064 0.516 0.0576666671875 0.505 0.05500000000000001 0.492 0.0543333328125 0.457 0.0566666671875 0.42300000000000004 0.066 0.3955 0.0716666671875 0.35375 0.08399999999999999 0.34500000000000003 0.0883333328125 0.313 0.11033333281249999 0.2765 0.1376666671875 0.259 0.16 0.24925000000000003 0.176 0.2375 0.19866666718749998 0.22574999999999998 0.2346666671875 0.21974999999999997 0.2596666671875 0.213 0.2803333328125 0.20625 0.31466666718749997 0.19924999999999998 0.3383333328125 0.18775 0.3916666671875 0.18575 0.40599999999999997 0.18325 0.4556666671875 0.1825 0.5083333328124999 0.1705 0.5476666671875 0.162 0.567 0.1565 0.5843333328125 0.145 0.6126666671875001 0.13774999999999998 0.6236666671875 0.135 0.6323333328125 0.13174999999999998 0.6493333328124999 0.13075 0.669 0.13274999999999998 0.6723333328125001 0.1385 0.6753333328125 0.148 0.673