12 0.47825657968749996 0.3514254390625 0.29459064375 0.3514254390625 0.29459064375 0.5153399125 0.47825657968749996 0.5153399125 0.47825657968749996 0.3514254390625
12 0.4638057390625 0.33169682031250003 0.31451297500000003 0.33169682031250003 0.31451297500000003 0.47470120624999995 0.4638057390625 0.47470120624999995 0.4638057390625 0.33169682031250003
12 0.29290661562500003 0.375 0.1741328578125 0.375 0.1741328578125 0.5771491234374999 0.29290661562500003 0.5771491234374999 0.29290661562500003 0.375
12 0.4349360375 0.063719846875 0.280882675 0.063719846875 0.280882675 0.255797696875 0.4349360375 0.255797696875 0.4349360375 0.063719846875
12 0.59893823125 0.49200246718749996 0.44305372812500005 0.49200246718749996 0.44305372812500005 0.695250821875 0.59893823125 0.695250821875 0.59893823125 0.49200246718749996
12 0.354491959375 0.171293859375 0.1791995609375 0.171293859375 0.1791995609375 0.5292653515625 0.354491959375 0.5292653515625 0.354491959375 0.171293859375
12 0.9947807015624999 0.48843338750000004 0.87142909375 0.48843338750000004 0.87142909375 0.6885677078125 0.9947807015624999 0.6885677078125 0.9947807015624999 0.48843338750000004
12 0.4914555921875 0.6121217109375 0.2204596125 0.6121217109375 0.2204596125 0.9830921046875 0.4914555921875 0.9830921046875 0.4914555921875 0.6121217109375
12 0.7223355265625 0.69735745625 0.680007309375 0.69735745625 0.680007309375 0.7718804828125 0.7223355265625 0.7718804828125 0.7223355265625 0.69735745625
12 0.6737052265625 0.32592790625 0.41613760937500005 0.32592790625 0.41613760937500005 0.7434087171875 0.6737052265625 0.7434087171875 0.6737052265625 0.32592790625
12 0.3181807390625 0.2566159546875 0.30828490468749997 0.2566159546875 0.30828490468749997 0.275121984375 0.3181807390625 0.275121984375 0.3181807390625 0.2566159546875
12 0.4275201015625 0.9025726421875 0.3835142546875 0.9025726421875 0.3835142546875 0.9402014796874999 0.4275201015625 0.9402014796874999 0.4275201015625 0.9025726421875
12 0.23518366249999997 0.4517338265625 0.21940698125 0.4517338265625 0.21940698125 0.4791762609375 0.23518366249999997 0.4791762609375 0.23518366249999997 0.4517338265625
12 0.3424917765625 0.25783031875 0.3308488671875 0.25783031875 0.3308488671875 0.28123218125 0.3424917765625 0.28123218125 0.3424917765625 0.25783031875
12 0.2331003296875 0.516707784375 0.2183141453125 0.516707784375 0.2183141453125 0.5387143640625001 0.2331003296875 0.5387143640625001 0.2331003296875 0.516707784375
12 0.2156834796875 0.39589227031249996 0.2039948828125 0.39589227031249996 0.2039948828125 0.419294134375 0.2156834796875 0.419294134375 0.2156834796875 0.39589227031249996
12 0.6284831875 0.5357387609375001 0.6195650578125 0.5357387609375001 0.6195650578125 0.551909265625 0.6284831875 0.551909265625 0.6284831875 0.5357387609375001
12 0.3323145109375 0.4074506578125 0.31954221562499996 0.4074506578125 0.31954221562499996 0.4297094296875 0.3323145109375 0.4297094296875 0.3323145109375 0.4074506578125
12 0.2976416296875 0.4539309203125 0.2839007671875 0.4539309203125 0.2839007671875 0.47478070156249996 0.2976416296875 0.47478070156249996 0.2976416296875 0.4539309203125
12 0.30104440781249997 0.57545915625 0.290264071875 0.57545915625 0.290264071875 0.5956811953125001 0.30104440781249997 0.5956811953125001 0.30104440781249997 0.57545915625
12 0.3548894375 0.14453810312499998 0.339935125 0.14453810312499998 0.339935125 0.1639925984375 0.3548894375 0.1639925984375 0.3548894375 0.14453810312499998
12 0.219749634375 0.16855811406250001 0.2023702484375 0.16855811406250001 0.2023702484375 0.1992982453125 0.219749634375 0.1992982453125 0.219749634375 0.16855811406250001
12 0.46196089218749997 0.8144078953125 0.444778875 0.8144078953125 0.444778875 0.8394024124999999 0.46196089218749997 0.8394024124999999 0.46196089218749997 0.8144078953125
12 0.44716739843750003 0.41543311406249994 0.4307638890625 0.41543311406249994 0.4307638890625 0.44150219375 0.44716739843750003 0.44150219375 0.44716739843750003 0.41543311406249994
12 0.188908078125 0.6093626640625 0.1758397296875 0.6093626640625 0.1758397296875 0.6306263703125 0.188908078125 0.6306263703125 0.188908078125 0.6093626640625
12 0.707962353125 0.7250219296875 0.698287646875 0.7250219296875 0.698287646875 0.7420175437500001 0.707962353125 0.7420175437500001 0.707962353125 0.7250219296875
12 0.2144544953125 0.3122505484375 0.20034082656250002 0.3122505484375 0.20034082656250002 0.34143366249999996 0.2144544953125 0.34143366249999996 0.2144544953125 0.3122505484375
12 0.5074049703125 0.0857798796875 0.49650219375000004 0.0857798796875 0.49650219375000004 0.10812911249999999 0.5074049703125 0.10812911249999999 0.5074049703125 0.0857798796875
12 0.20476882343749997 0.5140158984375 0.1951324921875 0.5140158984375 0.1951324921875 0.531148575 0.20476882343749997 0.531148575 0.20476882343749997 0.5140158984375
12 0.23961714218750002 0.1312513703125 0.2198565421875 0.1312513703125 0.2198565421875 0.1666598140625 0.23961714218750002 0.1666598140625 0.23961714218750002 0.1312513703125
12 0.7038267546875 0.52552905625 0.6916812859375 0.52552905625 0.6916812859375 0.5445367328125 0.7038267546875 0.5445367328125 0.7038267546875 0.52552905625
12 0.1762006578125 0.52912280625 0.1626663015625 0.52912280625 0.1626663015625 0.550466009375 0.1762006578125 0.550466009375 0.1762006578125 0.52912280625
12 0.9059073468750001 0.5892571265625001 0.8841328578125 0.5892571265625001 0.8841328578125 0.6192406796875 0.9059073468750001 0.6192406796875 0.9059073468750001 0.5892571265625001
12 0.5791100140625 0.5631757125 0.5693293125000001 0.5631757125 0.5693293125000001 0.5786718750000001 0.5791100140625 0.5786718750000001 0.5791100140625 0.5631757125
12 0.9906469296875 0.601707784375 0.9712682750000001 0.601707784375 0.9712682750000001 0.6331551531249999 0.9906469296875 0.6331551531249999 0.9906469296875 0.601707784375
12 0.65867141875 0.67011513125 0.6450383765625001 0.67011513125 0.6450383765625001 0.6914583328125 0.65867141875 0.6914583328125 0.65867141875 0.67011513125
12 0.305163559375 0.11791255468749999 0.2954212359375 0.11791255468749999 0.2954212359375 0.1364185859375 0.305163559375 0.1364185859375 0.305163559375 0.11791255468749999
12 0.93601608125 0.3122108 0.922383040625 0.3122108 0.922383040625 0.3308538921875 0.93601608125 0.3308538921875 0.93601608125 0.3122108
12 0.990402046875 0.5494777953125001 0.9724890343749999 0.5494777953125001 0.9724890343749999 0.5762568531250001 0.990402046875 0.5762568531250001 0.990402046875 0.5494777953125001
12 0.3114994515625 0.0732086078125 0.2973857828125 0.0732086078125 0.2973857828125 0.0979975328125 0.3114994515625 0.0979975328125 0.3114994515625 0.0732086078125
12 0.20284356718750002 0.42076343125 0.19290935625 0.42076343125 0.19290935625 0.4383648578125 0.20284356718750002 0.4383648578125 0.20284356718750002 0.42076343125
12 0.692295321875 0.679137884375 0.6817288015625 0.679137884375 0.6817288015625 0.694151590625 0.692295321875 0.694151590625 0.692295321875 0.679137884375
12 0.393739034375 0.222764528125 0.386045321875 0.222764528125 0.386045321875 0.23682977031250002 0.393739034375 0.23682977031250002 0.393739034375 0.222764528125
12 0.7612372078125 0.340862115625 0.7407145468749999 0.340862115625 0.7407145468749999 0.36409402343749997 0.7612372078125 0.36409402343749997 0.7612372078125 0.340862115625
12 0.47465460468750004 0.15091831093750002 0.4647971484375 0.15091831093750002 0.4647971484375 0.1680509875 0.47465460468750004 0.1680509875 0.47465460468750004 0.15091831093750002
12 0.5393558109375001 0.6537774125 0.529978984375 0.6537774125 0.529978984375 0.66897478125 0.5393558109375001 0.66897478125 0.5393558109375001 0.6537774125
12 0.188674159375 0.7284525765625001 0.1655729171875 0.7284525765625001 0.1655729171875 0.7598314140625 0.188674159375 0.7598314140625 0.188674159375 0.7284525765625001
12 0.4251178734375 0.9112349234374999 0.4103316890625 0.9112349234374999 0.4103316890625 0.93446683125 0.4251178734375 0.93446683125 0.4251178734375 0.9112349234374999
12 0.505503471875 0.2250013703125 0.4964482828125 0.2250013703125 0.4964482828125 0.24155016406250002 0.505503471875 0.24155016406250002 0.505503471875 0.2250013703125
12 0.73806469375 0.25206688593750004 0.722874634375 0.25206688593750004 0.722874634375 0.27564144687500003 0.73806469375 0.27564144687500003 0.73806469375 0.25206688593750004
12 0.4895897296875 0.385101425 0.48013614843749997 0.385101425 0.48013614843749997 0.40005756562499994 0.4895897296875 0.40005756562499994 0.4895897296875 0.385101425
12 0.240107821875 0.3007154609375 0.230838815625 0.3007154609375 0.230838815625 0.3156167765625 0.240107821875 0.3156167765625 0.240107821875 0.3007154609375
12 0.341038925 0.6308730812500001 0.33132584062500003 0.6308730812500001 0.33132584062500003 0.6479372265625 0.341038925 0.6479372265625 0.341038925 0.6308730812500001
12 0.8859548609375001 0.4384909546875 0.870879934375 0.4384909546875 0.870879934375 0.46092242343749995 0.8859548609375001 0.46092242343749995 0.8859548609375001 0.4384909546875
12 0.3999360375 0.9162815234374999 0.3857072375 0.9162815234374999 0.3857072375 0.9382086078125 0.3999360375 0.9382086078125 0.3999360375 0.9162815234374999
12 0.4047852703125 0.25297834375 0.3969727703125 0.25297834375 0.3969727703125 0.2670435859375 0.4047852703125 0.2670435859375 0.4047852703125 0.25297834375
12 0.37021564375 0.042295778125 0.36122807031250004 0.042295778125 0.36122807031250004 0.0592338265625 0.37021564375 0.0592338265625 0.37021564375 0.042295778125
12 1 0.6378947375 0.9948355265625001 0.6378947375 0.9948355265625001 0.6628892546875 1 0.6628892546875 1 0.6378947375
12 0.399883040625 0.8341310312499999 0.38625 0.8341310312499999 0.38625 0.8533689687500001 0.399883040625 0.8533689687500001 0.399883040625 0.8341310312499999
12 0.5024186765625 0.6024684765625 0.48830500781249997 0.6024684765625 0.48830500781249997 0.6214076203125 0.5024186765625 0.6214076203125 0.5024186765625 0.6024684765625
12 0.9774177625 0.0020381031250000002 0.9639894 0.0020381031250000002 0.9639894 0.0232086078125 0.9774177625 0.0232086078125 0.9774177625 0.0020381031250000002
12 0.9871070906250001 0.0005674343749999999 0.9738322374999999 0.0005674343749999999 0.9738322374999999 0.020627740624999998 0.9871070906250001 0.020627740624999998 0.9871070906250001 0.0005674343749999999
12 0.7141346859375 0.50704906875 0.705788559375 0.50704906875 0.705788559375 0.5212733 0.7141346859375 0.5212733 0.7141346859375 0.50704906875
12 0.6208580046875001 0.5128453953125 0.6066822000000001 0.5128453953125 0.6066822000000001 0.5389144734375 0.6208580046875001 0.5389144734375 0.6208580046875001 0.5128453953125
12 0.9674689328125 0.9361047156250001 0.88018823125 0.9361047156250001 0.88018823125 0.9974917765625 0.9674689328125 0.9974917765625 0.9674689328125 0.9361047156250001
12 0.315453215625 1 0.315453215625 0.9833278515625 0.299294590625 0.9833278515625 0.299294590625 1 0.315453215625 1
12 0.706471125 0.7446998359375 0.6978271203124999 0.7446998359375 0.6978271203124999 0.7582277953125 0.706471125 0.7582277953125 0.706471125 0.7446998359375
12 0.612304459375 0.0878892546875 0.174804459375 0.0878892546875 0.174804459375 0.9609375 0.612304459375 0.9609375 0.612304459375 0.0878892546875
12 0.5669060671875 0.3224479171875 0.5580939328125 0.3224479171875 0.5580939328125 0.336729715625 0.5669060671875 0.336729715625 0.5669060671875 0.3224479171875
12 0.279358553125 0.8651836625 0.26556469374999997 0.8651836625 0.26556469374999997 0.8867680921875 0.279358553125 0.8867680921875 0.279358553125 0.8651836625
12 0.7379952484375 0.6246299343749999 0.7297788749999999 0.6246299343749999 0.7297788749999999 0.63953125 0.7379952484375 0.63953125 0.7379952484375 0.6246299343749999
12 0.9467397656250001 0.111413103125 0.938026315625 0.111413103125 0.938026315625 0.12442571250000001 0.9467397656250001 0.12442571250000001 0.9467397656250001 0.111413103125
12 0.5392105265625 0.1344572375 0.5301242687500001 0.1344572375 0.5301242687500001 0.14953947343750001 0.5392105265625 0.14953947343750001 0.5392105265625 0.1344572375
12 0.26319444375 0.4197162828125 0.254382309375 0.4197162828125 0.254382309375 0.43428590937499995 0.26319444375 0.43428590937499995 0.26319444375 0.4197162828125
12 0.833302265625 0.40735334375 0.82197185625 0.40735334375 0.82197185625 0.42614446250000004 0.833302265625 0.42614446250000004 0.833302265625 0.40735334375
12 0.9626160453124999 0.9236060859374999 0.94754111875 0.9236060859374999 0.94754111875 0.9455331687499999 0.9626160453124999 0.9455331687499999 0.9626160453124999 0.9236060859374999
12 0.1635508046875 0.70053316875 0.15334247031249998 0.70053316875 0.15334247031249998 0.7167036734375001 0.1635508046875 0.7167036734375001 0.1635508046875 0.70053316875
12 0.8114619890625001 0.01561540625 0.799864765625 0.01561540625 0.799864765625 0.03267955 0.8114619890625001 0.03267955 0.8114619890625001 0.01561540625
12 1 0.50777549375 0.9926343203125001 0.50777549375 0.9926343203125001 0.5315337171875 1 0.5315337171875 1 0.50777549375
12 0.9065058484374999 0.0477727515625 0.89915935625 0.0477727515625 0.89915935625 0.061722862499999996 0.9065058484374999 0.061722862499999996 0.9065058484374999 0.0477727515625
11 0.339364034375 0 0.3313231 0.0049342109375 0.3212719296875 0.009046053125 0.3115862578125 0.015625 0.24780701718749998 0.0794956140625 0.23592836250000002 0.0932017546875 0.2298976609375 0.10361842031249999 0.22350146249999997 0.11074561406250001 0.21546052656249998 0.12856359687500002 0.211257309375 0.13514254375 0.203033625 0.1559758765625 0.19682017499999999 0.167489034375 0.1907894734375 0.1850328953125 0.18402777812499999 0.19764254375 0.17817982500000001 0.2182017546875 0.171966375 0.2338267546875 0.16557017499999999 0.2634320171875 0.1602704671875 0.27521929843750004 0.1571637421875 0.28673245625 0.153508771875 0.3182565796875 0.1505847953125 0.3349780703125 0.1483918125 0.3421052625 0.14692982500000001 0.3525219296875 0.14601608125 0.3640350875 0.1458333328125 0.453536184375 0.14290935625 0.5131578953125 0.14016812812499999 0.5419407890625 0.137975146875 0.555098684375 0.1365131578125 0.5575657890625 0.1345029234375 0.5649671046875 0.1323099421875 0.5816885968750001 0.1297514625 0.634046053125 0.1306652046875 0.6817434203125 0.1330409359375 0.6946271937499999 0.13358918125000002 0.7080592109375 0.1354166671875 0.7192982453125001 0.1354166671875 0.7428728062500001 0.1334064328125 0.763706140625 0.1330409359375 0.8141447375 0.13358918125000002 0.8264802625 0.13432017499999999 0.836348684375 0.137975146875 0.8497807015625 0.1403508765625 0.8684210531250001 0.14236111093749998 0.9087171046875 0.14236111093749998 0.9402412281249999 0.1438231 0.9597039468749999 0.1438231 0.9756030703125 0.14455409375 0.9841008765625 0.14601608125 0.9909539468749999 0.146564328125 0.9997258765625 0.9998172515625001 0.9997258765625 0.9998172515625001 0 0.339364034375 0