12 0.4344042390625 0.4309224234375 0.307383040625 0.4309224234375 0.307383040625 0.6227343750000001 0.4344042390625 0.6227343750000001 0.4344042390625 0.4309224234375
12 0.3652951390625 0.282989309375 0.2582392171875 0.282989309375 0.2582392171875 0.5351247265625 0.3652951390625 0.5351247265625 0.3652951390625 0.282989309375
12 0.6762701015625 0.24645970468749998 0.5932620609375 0.24645970468749998 0.5932620609375 0.38452165625 0.6762701015625 0.38452165625 0.6762701015625 0.24645970468749998
12 0.3768009875 0.4291995609375 0.26919682031250003 0.4291995609375 0.26919682031250003 0.7390131578125 0.3768009875 0.7390131578125 0.3768009875 0.4291995609375
12 0.60876370625 0.52629111875 0.5386960890625 0.52629111875 0.5386960890625 0.6514446265625 0.60876370625 0.6514446265625 0.60876370625 0.52629111875
12 0.93374543125 0.017805646875 0.8230893640625 0.017805646875 0.8230893640625 0.18965049375 0.93374543125 0.18965049375 0.93374543125 0.017805646875
12 0.7183232828125 0.3472601421875 0.5707410453125 0.3472601421875 0.5707410453125 0.569000821875 0.7183232828125 0.569000821875 0.7183232828125 0.3472601421875
12 0.0626836625 0.6566159546875 0.000916484375 0.6566159546875 0.000916484375 0.7869860203125 0.0626836625 0.7869860203125 0.0626836625 0.6566159546875
12 0.6790158984375 0.6736444625 0.530943896875 0.6736444625 0.530943896875 0.9596559765625001 0.6790158984375 0.9596559765625001 0.6790158984375 0.6736444625
12 0.5567936765625 0.3869010421875 0.48812956874999996 0.3869010421875 0.48812956874999996 0.49273711562500006 0.5567936765625 0.49273711562500006 0.5567936765625 0.3869010421875
12 0.9999990859375 0.0013281249999999999 0.9342955046875 0.0013281249999999999 0.9342955046875 0.118057840625 0.9999990859375 0.118057840625 0.9999990859375 0.0013281249999999999
12 0.8098748171875 0.37142817968749997 0.63934301875 0.37142817968749997 0.63934301875 0.653961075 0.8098748171875 0.653961075 0.8098748171875 0.37142817968749997
12 0.8377997078125 0.007347862500000001 0.8057565796875 0.007347862500000001 0.8057565796875 0.06250959375000001 0.8377997078125 0.06250959375000001 0.8377997078125 0.007347862500000001
12 0.2520138890625 0.6867379390624999 0.1251827484375 0.6867379390624999 0.1251827484375 0.9421710531249999 0.2520138890625 0.9421710531249999 0.2520138890625 0.6867379390624999
12 0.46105902812500005 0.72908031875 0.4017333703125 0.72908031875 0.4017333703125 0.826583059375 0.46105902812500005 0.826583059375 0.46105902812500005 0.72908031875
12 0.64819444375 0.564147478125 0.5471198828125 0.564147478125 0.5471198828125 0.7732538375 0.64819444375 0.7732538375 0.64819444375 0.564147478125
12 0.5519407890625 0.612442434375 0.45489400625 0.612442434375 0.45489400625 0.744004934375 0.5519407890625 0.744004934375 0.5519407890625 0.612442434375
12 0.1356195171875 0.8457182015625 0.026489400000000003 0.8457182015625 0.026489400000000003 0.9970559203124999 0.1356195171875 0.9970559203124999 0.1356195171875 0.8457182015625
12 0.843871528125 0.7036759875 0.66687043125 0.7036759875 0.66687043125 0.9721080046875 0.843871528125 0.9721080046875 0.843871528125 0.7036759875
12 0.22930921093749998 0.527985196875 0.116882309375 0.527985196875 0.116882309375 0.7684018640625 0.22930921093749998 0.7684018640625 0.22930921093749998 0.527985196875
12 0.67553728125 0.002014803125 0.5109868421875 0.002014803125 0.5109868421875 0.1880509875 0.67553728125 0.1880509875 0.67553728125 0.002014803125
12 0.1541447375 0.731049890625 0.057770467187499994 0.731049890625 0.057770467187499994 0.8758854171875001 0.1541447375 0.8758854171875001 0.1541447375 0.731049890625
12 0.568633040625 0.031174615625000002 0.5007017546875 0.031174615625000002 0.5007017546875 0.129592928125 0.568633040625 0.129592928125 0.568633040625 0.031174615625000002
12 0.4196774484375 0.0109868421875 0.254639071875 0.0109868421875 0.254639071875 0.318053728125 0.4196774484375 0.318053728125 0.4196774484375 0.0109868421875
12 0.3413697 0.8002617875 0.144226059375 0.8002617875 0.144226059375 0.9971011515624999 0.3413697 0.9971011515624999 0.3413697 0.8002617875
12 0.8822642546875 0.09402549375 0.7193000734375 0.09402549375 0.7193000734375 0.33407757656250003 0.8822642546875 0.33407757656250003 0.8822642546875 0.09402549375
12 0.1704586984375 0.491969571875 0.155955775 0.491969571875 0.155955775 0.508518365625 0.1704586984375 0.508518365625 0.1704586984375 0.491969571875
12 0.6126069078125 0.006592653125 0.6041913375 0.006592653125 0.6041913375 0.02220120625 0.6126069078125 0.02220120625 0.6126069078125 0.006592653125
12 0.9857172875 0.24829084375 0.7916255484375 0.24829084375 0.7916255484375 0.8173834984375 0.9857172875 0.8173834984375 0.9857172875 0.24829084375
12 0.1255455046875 0.7032853625000001 0.11468841406250001 0.7032853625000001 0.11468841406250001 0.7190775765625 0.1255455046875 0.7190775765625 0.1255455046875 0.7032853625000001
12 0.1944225140625 0.570163103125 0.18008771875000001 0.570163103125 0.18008771875000001 0.5863336078125 0.1944225140625 0.5863336078125 0.1944225140625 0.570163103125
12 0.144928728125 0.7701918859375 0.1331487578125 0.7701918859375 0.1331487578125 0.78693530625 0.144928728125 0.78693530625 0.144928728125 0.7701918859375
12 0.3080208328125 0.6598314140625 0.29842287968750003 0.6598314140625 0.29842287968750003 0.6775699015625001 0.3080208328125 0.6775699015625001 0.3080208328125 0.6598314140625
11 0.4036915203125 0 0.37573099375 0.035635965625 0.370796784375 0.04303728125 0.3649488296875 0.049616228125 0.338633040625 0.086348684375 0.325475146875 0.10635964843750001 0.3126827484375 0.1282894734375 0.3061038015625 0.1439144734375 0.2986111109375 0.1578947375 0.2861842109375 0.1861293859375 0.26224415156249997 0.2469846484375 0.24780701718749998 0.295778509375 0.23921783593749998 0.33168859687499996 0.2353801171875 0.35224780624999996 0.2319078953125 0.3802083328125 0.22971491249999998 0.40871710468750005 0.2298976609375 0.4533991234375 0.23263888906250002 0.49342105312499995 0.235562865625 0.51178728125 0.241045321875 0.533168859375 0.244883040625 0.5548245609375 0.2501827484375 0.570723684375 0.257492690625 0.58826754375 0.2627923984375 0.6044407890625 0.269919590625 0.61951754375 0.2748538015625 0.6356907890625 0.283991228125 0.6559758765625 0.287828946875 0.6685855265625 0.2936769 0.6787280703125 0.2982456140625 0.689418859375 0.303545321875 0.6954495609375 0.306652046875 0.7047697375 0.3095760234375 0.7102521937499999 0.3126827484375 0.719846490625 0.315606725 0.737116228125 0.31798245625 0.7401315796875 0.32364766093749997 0.743695175 0.3283991234375 0.7513706140624999 0.3309576015625 0.751918859375 0.3349780703125 0.74616228125 0.341008771875 0.74451754375 0.3439327484375 0.7478070171875 0.3453947375 0.75383771875 0.346856725 0.756578946875 0.352704678125 0.758223684375 0.3541666671875 0.760782071875 0.3541666671875 0.763706140625 0.35325292343750003 0.765625 0.350328946875 0.766721490625 0.34777046718750004 0.7702850875 0.347953215625 0.774671053125 0.3510599421875 0.78207236875 0.351242690625 0.7859100875 0.34777046718750004 0.7900219296875 0.343384503125 0.7916666671875 0.340643275 0.7944078953125 0.3369883046875 0.805098684375 0.336257309375 0.8127741234375 0.33826754375 0.8267543859375 0.3424707609375 0.8385416671874999 0.3442982453125 0.8470394734375001 0.3455774859375 0.8610197375 0.348135965625 0.8760964906250001 0.3536184203125 0.8966557015625 0.3545321640625 0.9139254390625 0.3580043859375 0.935581140625 0.359466375 0.9739583328125001 0.36293859687499996 0.9884868421874999 0.3682383046875 0.9997258765625 0.4853801171875 0.9997258765625 0.49817251406249996 0.9958881578125001 0.515168128125 0.9923245609375 0.553179825 0.9884868421874999 0.5606725140625 0.9849232453125 0.55866228125 0.9775219296875 0.5537280703125 0.9692982453125 0.5456871343749999 0.9621710531250001 0.5400219296875 0.9514802625 0.549524853125 0.930098684375 0.5619517546874999 0.9358552625 0.56323099375 0.9380482453125 0.56798245625 0.9421600874999999 0.583150584375 0.9490131578125001 0.589364034375 0.9558662281249999 0.59996345 0.9610745609375 0.603435671875 0.9665570171875 0.6059941515625 0.96875 0.6122076015625 0.9712171046875 0.62262426875 0.9734100874999999 0.6297514625 0.9794407890624999 0.646929825 0.9876644734375001 0.6522295328125 0.99287280625 0.6694078953125 0.9997258765625 0.8578216375000001 0.9997258765625 0.8525219296875 0.9731359656249999 0.8505116953125 0.95230263125 0.8514254390625 0.9166666671874999 0.8516081874999999 0.8645833328125001 0.8499634500000001 0.8410087718750001 0.8384502921875001 0.759046053125 0.8298611109375 0.7209429828125 0.8181652046875 0.6428179828125 0.8130482453125 0.615953946875 0.8072002921875001 0.59292763125 0.8000731 0.5490679828125 0.7956871343749999 0.526864034375 0.7883771937499999 0.47012061406249994 0.7881944437499999 0.45394736875 0.7951388890625 0.42351973750000005 0.8044590640625 0.3983004390625 0.8123172515625001 0.3829495609375 0.81798245625 0.366776315625 0.8212719296875 0.3618421046875 0.83826754375 0.34457236875 0.8495979531250001 0.3234649125 0.85398391875 0.308114034375 0.8620248531250001 0.288651315625 0.8673245609375 0.265625 0.8748172515625001 0.2475328953125 0.8762792390625 0.2401315796875 0.8766447375 0.2286184203125 0.88212719375 0.21408991249999998 0.8850511703124999 0.2025767546875 0.8830409359375 0.1990131578125 0.8802997078124999 0.19709429843749998 0.866776315625 0.191885965625 0.8634868421874999 0.188596490625 0.8631213453125 0.1872258765625 0.8642178359375 0.1853070171875 0.8676900578125 0.18201754375 0.8812134500000001 0.17735745625 0.8870614031249999 0.173793859375 0.9232456140625 0.174616228125 0.9367690062499999 0.17105263125 0.9629020468749999 0.1696820171875 0.97258771875 0.1672149125 0.9756944437499999 0.1672149125 0.9873903515625001 0.170778509375 0.9890350874999999 0.1677631578125 0.9915935671874999 0.160635965625 0.9932383046875 0.151864034375 0.99287280625 0.11650219375 0.995796784375 0.091008771875 0.9989035093749999 0.0748355265625 0.9998172515625001 0.064418859375 0.99616228125 0.03837719375 0.99616228125 0.02412280625 0.9976242687499999 0.015625 0.9974415203125 0.0109649125 0.9937865499999999 0 0.7666301171875001 0 0.7483552625 0.011239034375 0.74451754375 0.0150767546875 0.7430555562500001 0.023026315624999998 0.7357456140624999 0.037554825 0.7392178359375 0.0485197375 0.738669590625 0.0567434203125 0.73665935625 0.0603070171875 0.7333698828124999 0.060581140624999995 0.7205774859375 0.049890351562500004 0.709429825 0.038651315625 0.7010233921875 0.0334429828125 0.696820175 0.0263157890625 0.688596490625 0.0233004390625 0.6853070171875 0.0197368421875 0.683296784375 0.0150767546875 0.6783625734375 0.013157895312500001 0.6730628656250001 0.009320175 0.6677631578125001 0 0.4036915203125 0