12 0.505625 0.37533333281250003 0.41275000000000006 0.37533333281250003 0.41275000000000006 0.49000666718749997 0.505625 0.49000666718749997 0.505625 0.37533333281250003
12 0.5984499999999999 0.3730483328125 0.411315 0.3730483328125 0.411315 0.546225 0.5984499999999999 0.546225 0.5984499999999999 0.3730483328125
12 0.35284499999999996 0.5597333328125 0.193055 0.5597333328125 0.193055 0.7358399999999999 0.35284499999999996 0.7358399999999999 0.35284499999999996 0.5597333328125
12 0.8782949999999999 0.5286866671875 0.6793199999999999 0.5286866671875 0.6793199999999999 0.6536066671875 0.8782949999999999 0.6536066671875 0.8782949999999999 0.5286866671875
12 0.8515012499999999 0.2974433328125 0.6426387499999999 0.2974433328125 0.6426387499999999 0.50529 0.8515012499999999 0.50529 0.8515012499999999 0.2974433328125
12 0.9999987499999999 0.44311666718750004 0.76281625 0.44311666718750004 0.76281625 0.5783699999999999 0.9999987499999999 0.5783699999999999 0.9999987499999999 0.44311666718750004
12 0.5711075 0.5708816671875 0.34295749999999997 0.5708816671875 0.34295749999999997 0.7676583328125 0.5711075 0.7676583328125 0.5711075 0.5708816671875
12 0.8344112499999999 0.6897783328125 0.68511875 0.6897783328125 0.68511875 0.806315 0.8344112499999999 0.806315 0.8344112499999999 0.6897783328125
12 0.52075375 0.5602633328125 0.39184625 0.5602633328125 0.39184625 0.6656500000000001 0.52075375 0.6656500000000001 0.52075375 0.5602633328125
12 0.6875 0.534955 0.53418 0.534955 0.53418 0.6837983328125 0.6875 0.6837983328125 0.6875 0.534955
12 0.44308500000000006 0.6043700000000001 0.36111499999999996 0.6043700000000001 0.36111499999999996 0.7550033328125 0.44308500000000006 0.7550033328125 0.44308500000000006 0.6043700000000001
12 0.7622687499999999 0.2717683328125 0.6205462500000001 0.2717683328125 0.6205462500000001 0.392945 0.7622687499999999 0.392945 0.7622687499999999 0.2717683328125
12 0.6834724999999999 0.75537 0.5557875 0.75537 0.5557875 0.89567 0.6834724999999999 0.89567 0.6834724999999999 0.75537
12 0.5198975 0.1614583328125 0.2999275 0.1614583328125 0.2999275 0.3873683328125 0.5198975 0.3873683328125 0.5198975 0.1614583328125
11 0.13799999999999998 0.604 0.15325 0.6036666671875001 0.16275 0.6153333328125 0.16499999999999998 0.6216666671875 0.16599999999999998 0.6286666671875001 0.1675 0.6576666671875 0.17099999999999999 0.683 0.17825 0.701 0.18625 0.728 0.19824999999999998 0.7546666671875 0.21000000000000002 0.7763333328125 0.21549999999999997 0.783 0.2225 0.7969999999999999 0.23424999999999999 0.8123333328125 0.24300000000000002 0.8193333328125 0.2505 0.8283333328125 0.26349999999999996 0.8356666671875 0.2785 0.8363333328125 0.28125 0.8393333328124999 0.28725 0.8503333328125 0.29474999999999996 0.8560000000000001 0.30924999999999997 0.8646666671875 0.3265 0.8723333328124999 0.355 0.8893333328124999 0.36775 0.8949999999999999 0.37975 0.9029999999999999 0.3915 0.909 0.42350000000000004 0.9179999999999999 0.45425000000000004 0.9213333328125 0.48200000000000004 0.9216666671875 0.49850000000000005 0.9183333328125001 0.51925 0.9116666671875 0.5599999999999999 0.8953333328124999 0.589 0.8856666671875001 0.6255 0.877 0.65075 0.8666666671875 0.665 0.8583333328125 0.67825 0.853 0.6995 0.8390000000000001 0.726 0.8153333328124999 0.7755 0.7756666671875 0.808 0.7456666671875001 0.8310000000000001 0.7276666671875 0.87675 0.6846666671875 0.8880000000000001 0.673 0.8995 0.6576666671875 0.91325 0.6453333328124999 0.9349999999999999 0.63 0.9692500000000001 0.61 0.9904999999999999 0.5936666671874999 0.99975 0.5896666671874999 0.99975 0.5186666671875 0.91325 0.4066666671875 0.9077500000000001 0.40099999999999997 0.89125 0.3863333328125 0.884 0.3823333328125 0.87475 0.37466666718749997 0.8522500000000001 0.3536666671875 0.83825 0.3383333328125 0.8089999999999999 0.31433333281250003 0.79575 0.305 0.77525 0.2873333328125 0.761 0.2763333328125 0.68825 0.22633333281249998 0.66175 0.211 0.5974999999999999 0.1813333328125 0.56325 0.1633333328125 0.546 0.157 0.50325 0.1483333328125 0.47824999999999995 0.1473333328125 0.43899999999999995 0.148 0.42225 0.1503333328125 0.39049999999999996 0.159 0.33849999999999997 0.1833333328125 0.3155 0.19866666718749998 0.30074999999999996 0.2126666671875 0.2875 0.2286666671875 0.27425 0.24900000000000003 0.25075 0.29133333281249996 0.2375 0.319 0.22349999999999998 0.3546666671875 0.21875 0.37466666718749997 0.21349999999999997 0.391 0.21125 0.4176666671875 0.205 0.4486666671875 0.1945 0.48333333281249996 0.18375 0.509 0.17775000000000002 0.52 0.16699999999999998 0.5356666671875 0.1545 0.549 0.137 0.5633333328125001 0.12525 0.5683333328125 0.12275 0.5723333328125 0.12175 0.5780000000000001 0.122 0.5846666671875 0.12525 0.5936666671874999 0.12775 0.597 0.13799999999999998 0.604