12 0.652203946875 0.3020819625 0.4828216375 0.3020819625 0.4828216375 0.429864309375 0.652203946875 0.429864309375 0.652203946875 0.3020819625
12 0.7384466375 0.24451754375 0.55226608125 0.24451754375 0.55226608125 0.43205592031249995 0.7384466375 0.43205592031249995 0.7384466375 0.24451754375
12 0.881256396875 0.4228824015625 0.7632757671875 0.4228824015625 0.7632757671875 0.64499040625 0.881256396875 0.64499040625 0.881256396875 0.4228824015625
12 0.350953034375 0.3460690796875 0.1578371703125 0.3460690796875 0.1578371703125 0.4779057015625 0.350953034375 0.4779057015625 0.350953034375 0.3460690796875
12 0.574584246875 0.2489322921875 0.2701416296875 0.2489322921875 0.2701416296875 0.4527288921875 0.574584246875 0.4527288921875 0.574584246875 0.2489322921875
12 0.907806103125 0.23973135937499998 0.8490286921875001 0.23973135937499998 0.8490286921875001 0.393448465625 0.907806103125 0.393448465625 0.907806103125 0.23973135937499998
12 0.7396536921875 0.1304632671875 0.673431103125 0.1304632671875 0.673431103125 0.3869928734375 0.7396536921875 0.3869928734375 0.7396536921875 0.1304632671875
12 0.9983205406250001 0.271317159375 0.9049981718750001 0.271317159375 0.9049981718750001 0.408370340625 0.9983205406250001 0.408370340625 0.9983205406250001 0.271317159375
12 0.810608553125 0.42306606406249997 0.6307986109375 0.42306606406249997 0.6307986109375 0.649932840625 0.810608553125 0.649932840625 0.810608553125 0.42306606406249997
12 0.8778682390625001 0.16598547187499998 0.7217406796875 0.16598547187499998 0.7217406796875 0.400176809375 0.8778682390625001 0.400176809375 0.8778682390625001 0.16598547187499998
12 0.41894462656250003 0.47296189687499995 0.311523209375 0.47296189687499995 0.311523209375 0.7047738484375 0.41894462656250003 0.7047738484375 0.41894462656250003 0.47296189687499995
12 0.4198611109375 0.155503015625 0.275939328125 0.155503015625 0.275939328125 0.291640625 0.4198611109375 0.291640625 0.4198611109375 0.155503015625
12 0.587554825 0.20384183125000002 0.5208442984375 0.20384183125000002 0.5208442984375 0.3692776859375 0.587554825 0.3692776859375 0.587554825 0.20384183125000002
12 0.4510809578125 0.32972861875000004 0.329193165625 0.32972861875000004 0.329193165625 0.4319928734375 0.4510809578125 0.4319928734375 0.4510809578125 0.32972861875000004
12 0.2403572734375 0.381454221875 0.011108370312500001 0.381454221875 0.011108370312500001 0.5575095937500001 0.2403572734375 0.5575095937500001 0.2403572734375 0.381454221875
12 0.4568485015625 0.11389117343749999 0.3414921421875 0.11389117343749999 0.3414921421875 0.2413336078125 0.4568485015625 0.2413336078125 0.4568485015625 0.11389117343749999
12 0.23886147656249998 0.4797368421875 0.1376041671875 0.4797368421875 0.1376041671875 0.631348684375 0.23886147656249998 0.631348684375 0.23886147656249998 0.4797368421875
12 0.5208744515625 0.42068530624999995 0.1563733546875 0.42068530624999995 0.1563733546875 0.699188596875 0.5208744515625 0.699188596875 0.5208744515625 0.42068530624999995
12 0.6158452125 0.41953947343750003 0.4769289109375 0.41953947343750003 0.4769289109375 0.58241228125 0.6158452125 0.58241228125 0.6158452125 0.41953947343750003
12 0.843444809375 0.6175246703124999 0.6047971484375 0.6175246703124999 0.6047971484375 0.8670970390624999 0.843444809375 0.8670970390624999 0.843444809375 0.6175246703124999
12 0.7800146203125 0.2684320171875 0.7385416671875 0.2684320171875 0.7385416671875 0.40209978125 0.7800146203125 0.40209978125 0.7800146203125 0.2684320171875
12 0.7052613296875 0.019317434375 0.5447386703125 0.019317434375 0.5447386703125 0.3699643640625 0.7052613296875 0.3699643640625 0.7052613296875 0.019317434375
12 0.91754111875 0.5459292765625 0.7924186765625 0.5459292765625 0.7924186765625 0.8134457234375001 0.91754111875 0.8134457234375001 0.91754111875 0.5459292765625
12 0.731261878125 0.488526590625 0.5040889984375 0.488526590625 0.5040889984375 0.7397464359375 0.731261878125 0.7397464359375 0.731261878125 0.488526590625
12 0.548492325 0.1678166125 0.48861659375000005 0.1678166125 0.48861659375000005 0.2903138703125 0.548492325 0.2903138703125 0.548492325 0.1678166125
12 0.63638340625 0.6925973140624999 0.5130317984375 0.6925973140624999 0.5130317984375 0.845489309375 0.63638340625 0.845489309375 0.63638340625 0.6925973140624999
12 0.764068896875 0.0074163921875 0.642181103125 0.0074163921875 0.642181103125 0.217254659375 0.764068896875 0.217254659375 0.764068896875 0.0074163921875
12 0.9336860375 0.12103344375 0.862213084375 0.12103344375 0.862213084375 0.279969846875 0.9336860375 0.279969846875 0.9336860375 0.12103344375
12 0.8551937140625 0.039824560937499996 0.771758040625 0.039824560937499996 0.771758040625 0.24472039531249998 0.8551937140625 0.24472039531249998 0.8551937140625 0.039824560937499996
12 0.303040021875 0.54725603125 0.23309301875 0.54725603125 0.23309301875 0.69859375 0.303040021875 0.69859375 0.303040021875 0.54725603125
12 0.644439875 0.0050822375000000005 0.5225520828125 0.0050822375000000005 0.5225520828125 0.1228179828125 0.644439875 0.1228179828125 0.644439875 0.0050822375000000005
12 0.6101069078125 0.06829906875 0.3620604890625 0.06829906875 0.3620604890625 0.3810430375 0.6101069078125 0.3810430375 0.6101069078125 0.06829906875
12 0.484267178125 0.1273492328125 0.434676534375 0.1273492328125 0.434676534375 0.22347861875000002 0.484267178125 0.22347861875000002 0.484267178125 0.1273492328125
12 0.9658817609374999 0.0182182015625 0.7997432390625 0.0182182015625 0.7997432390625 0.300751096875 0.9658817609374999 0.300751096875 0.9658817609374999 0.0182182015625
12 0.509368603125 0.0363020828125 0.412506396875 0.0363020828125 0.412506396875 0.1330729171875 0.509368603125 0.1330729171875 0.509368603125 0.0363020828125
12 0.9942333703124999 0.4545600328125 0.8729559578125 0.4545600328125 0.8729559578125 0.72683799375 0.9942333703124999 0.72683799375 0.9942333703124999 0.4545600328125
12 0.528426534375 0.045912829687500004 0.47352521875000003 0.045912829687500004 0.47352521875000003 0.152754934375 0.528426534375 0.152754934375 0.528426534375 0.045912829687500004
12 0.9927987937499999 0.0120847046875 0.5989994515625 0.0120847046875 0.5989994515625 0.4185786734375 0.9927987937499999 0.4185786734375 0.9927987937499999 0.0120847046875
12 0.555039290625 0.07415844375 0.5006259140625 0.07415844375 0.5006259140625 0.1918941890625 0.555039290625 0.1918941890625 0.555039290625 0.07415844375
12 1 0.39477384843749996 0.44506853125 0.39477384843749996 0.44506853125 0.862791940625 1 0.862791940625 1 0.39477384843749996
12 0.2200630484375 0.40189281875000005 0.143219115625 0.40189281875000005 0.143219115625 0.474083059375 0.2200630484375 0.474083059375 0.2200630484375 0.40189281875000005
12 0.3973382671875 0.44213130468750006 0.0133050078125 0.44213130468750006 0.0133050078125 0.5085540015625 0.3973382671875 0.5085540015625 0.3973382671875 0.44213130468750006
12 0.4749762421875 0.4153412828125 0.3077394 0.4153412828125 0.3077394 0.459905428125 0.4749762421875 0.459905428125 0.4749762421875 0.4153412828125
12 0.2213733546875 0.4634498359375 0.012511878125 0.4634498359375 0.012511878125 0.49675301562499996 0.2213733546875 0.49675301562499996 0.2213733546875 0.4634498359375
12 0.99304185 0.3980249453125 0.5450429453125001 0.3980249453125 0.5450429453125001 0.443526590625 0.99304185 0.443526590625 0.99304185 0.3980249453125
12 0.09179733125 0.473784265625 9.140625e-7 0.473784265625 9.140625e-7 0.5010677078125 0.09179733125 0.5010677078125 0.09179733125 0.473784265625
12 0.37847861875 0.26495477031250003 0.247497259375 0.26495477031250003 0.247497259375 0.41546737968749997 0.37847861875 0.41546737968749997 0.37847861875 0.26495477031250003
12 0.323913559375 0.585479715625 0.17755208281249998 0.585479715625 0.17755208281249998 0.6208196265625 0.323913559375 0.6208196265625 0.323913559375 0.585479715625
12 0.7167982453125 0.412295778125 0.46289108125 0.412295778125 0.46289108125 0.4504947921875 0.7167982453125 0.4504947921875 0.7167982453125 0.412295778125
12 0.992309028125 0.3967543859375 0.747924890625 0.3967543859375 0.747924890625 0.42282346562499995 0.992309028125 0.42282346562499995 0.992309028125 0.3967543859375
12 0.9790040203125001 0.39555235781250003 0.0571290203125 0.39555235781250003 0.0571290203125 0.49433799375 0.9790040203125001 0.49433799375 0.9790040203125001 0.39555235781250003
12 0.3442680921875 0.6942434203125 0.309050621875 0.6942434203125 0.309050621875 0.742033990625 0.3442680921875 0.742033990625 0.3442680921875 0.6942434203125
12 0.21304367656249998 0.46220531875 0.13241685 0.46220531875 0.13241685 0.48847998906249995 0.21304367656249998 0.48847998906249995 0.21304367656249998 0.46220531875
12 0.540153509375 0.34926672187499996 0.5272295328125 0.34926672187499996 0.5272295328125 0.3677727515625 0.540153509375 0.3677727515625 0.540153509375 0.34926672187499996
11 0.4895833328125 0 0.44042397656250004 0.037280701562500004 0.42817982499999996 0.047697368750000003 0.380847953125 0.0986842109375 0.3505116953125 0.123081140625 0.3446637421875 0.1291118421875 0.337171053125 0.13459429843749998 0.3311403515625 0.1411732453125 0.323830409375 0.1463815796875 0.31706871406250003 0.153508771875 0.3092105265625 0.1595394734375 0.29788011718749996 0.17105263125 0.2922149125 0.17817982500000001 0.2733918125 0.196546053125 0.266081871875 0.20586622812500002 0.20906432812500003 0.26206140312500004 0.1716008765625 0.3045504390625 0.1619152046875 0.31332236875 0.149671053125 0.3264802625 0.1217105265625 0.3591008765625 0.1056286546875 0.3807565796875 0.09758771875 0.3889802625 0.0932017546875 0.3952850875 0.06414473750000001 0.42817982499999996 0.027960526562499997 0.4610745609375 0.0190058484375 0.46655701718750003 0.00018274843749999998 0.48218201718750003 0 0.511239034375 0.02101608125 0.523026315625 0.038011695312499996 0.528508771875 0.049707601562499995 0.5353618421874999 0.0661549703125 0.540570175 0.07492689999999999 0.5463267546874999 0.0928362578125 0.5540021937499999 0.1005116953125 0.5592105265625 0.113669590625 0.5660635968750001 0.12883771875 0.579221490625 0.1467470765625 0.5984100875 0.1549707609375 0.6052631578125001 0.159356725 0.61019736875 0.1684941515625 0.6165021937499999 0.19682017499999999 0.64144736875 0.2267909359375 0.672971490625 0.25475146249999997 0.6984649125 0.27284356718749997 0.712445175 0.280153509375 0.7162828953125 0.289473684375 0.72423245625 0.341008771875 0.7606907890625 0.357456140625 0.767543859375 0.36805555624999997 0.7741228062500001 0.37956871406250003 0.77741228125 0.4064327484375 0.779331140625 0.43146929843750004 0.7760416671875 0.44353070156249996 0.7790570171875 0.46911549687500004 0.794956140625 0.476973684375 0.8015350874999999 0.486293859375 0.8064692984375 0.494883040625 0.8130482453125 0.507492690625 0.8193530703125 0.5171783624999999 0.828125 0.5360014625 0.8404605265624999 0.5471491234375 0.8453947375 0.5553728062500001 0.85087719375 0.5805921046875 0.8637609656249999 0.6193347953125 0.8763706140625 0.6434576015625 0.8796600874999999 0.6688596484375 0.8791118421874999 0.697185671875 0.8752741234375 0.7331871343749999 0.8681469296875 0.7470760234375 0.8643092109375001 0.7622441515625 0.8569078953125 0.7741228062500001 0.853070175 0.7881944437499999 0.8451206140625 0.8002558484375 0.83991228125 0.8092105265624999 0.8327850874999999 0.816703215625 0.8286732453125 0.8369883046875 0.8127741234375 0.85087719375 0.799616228125 0.8899853796875 0.7571271937499999 0.8996710531250001 0.743421053125 0.9035087718750001 0.7393092109375 0.9172149125000001 0.7190241234375 0.9216008765625 0.710526315625 0.9285453218749999 0.700383771875 0.9561403515625001 0.6502192984375 0.9627192984375 0.6326754390625 0.9674707609375 0.6236293859375001 0.9904970765625001 0.5583881578125001 0.9959795328125001 0.544956140625 0.9998172515625001 0.5381030703125 0.9998172515625001 0.2587719296875 0.9868421046875 0.24671052656249998 0.972953215625 0.23053728125 0.9685672515625001 0.22258771875 0.9459064328125001 0.1899671046875 0.9407894734375001 0.17955043906249998 0.9139254390625 0.1376096484375 0.8762792390625 0.0879934203125 0.8517909359375 0.0600328953125 0.8384502921875001 0.046875 0.8252923984375 0.0345394734375 0.796418128125 0.011513157812499999 0.78508771875 0 0.4895833328125 0