12 0.682595 0.5003333328124999 0.6065 0.5003333328124999 0.6065 0.60194 0.682595 0.60194 0.682595 0.5003333328124999
12 0.7914424999999999 0.48103999999999997 0.6460575000000001 0.48103999999999997 0.6460575000000001 0.6693533328125 0.7914424999999999 0.6693533328125 0.7914424999999999 0.48103999999999997
12 0.7939462500000001 0.2622466671875 0.68652375 0.2622466671875 0.68652375 0.3660066671875 0.7939462500000001 0.3660066671875 0.7939462500000001 0.2622466671875
12 0.54242 0.59444 0.39264 0.59444 0.39264 0.7401933328125 0.54242 0.7401933328125 0.54242 0.59444
12 0.74054 0.3733716671875 0.618835 0.3733716671875 0.618835 0.4899083328125 0.74054 0.4899083328125 0.74054 0.3733716671875
12 0.5812075 0.2028 0.49594250000000006 0.2028 0.49594250000000006 0.45865999999999996 0.5812075 0.45865999999999996 0.5812075 0.2028
12 0.40356500000000006 0.3167333328125 0.28979499999999997 0.3167333328125 0.28979499999999997 0.5361333328125 0.40356500000000006 0.5361333328125 0.40356500000000006 0.3167333328125
12 0.8383800000000001 0.39559 0.68506 0.39559 0.68506 0.49894333281250003 0.8383800000000001 0.49894333281250003 0.8383800000000001 0.39559
12 0.45190374999999994 0.3806166671875 0.33471625 0.3806166671875 0.33471625 0.6936033328125 0.45190374999999994 0.6936033328125 0.45190374999999994 0.3806166671875
12 0.57586625 0.7038983328125 0.49639875 0.7038983328125 0.49639875 0.8039149999999999 0.57586625 0.8039149999999999 0.57586625 0.7038983328125
12 0.6622012500000001 0.77773 0.59072875 0.77773 0.59072875 0.8563833328125 0.6622012500000001 0.8563833328125 0.6622012500000001 0.77773
12 0.82540875 0.235535 0.7068162499999999 0.235535 0.7068162499999999 0.28399833281250003 0.82540875 0.28399833281250003 0.82540875 0.235535
12 0.51263375 0.2145183328125 0.46685625000000003 0.2145183328125 0.46685625000000003 0.5921216671875 0.51263375 0.5921216671875 0.51263375 0.2145183328125
12 0.71466125 0.1152366671875 0.62908875 0.1152366671875 0.62908875 0.3723966671875 0.71466125 0.3723966671875 0.71466125 0.1152366671875
11 0.2895 0.6950000000000001 0.29975 0.7143333328125 0.312 0.732 0.31975 0.746 0.32425000000000004 0.757 0.3245 0.764 0.32125 0.7723333328125 0.3205 0.7809999999999999 0.321 0.786 0.3235 0.7896666671875 0.329 0.792 0.33625 0.7896666671875 0.35875 0.7889999999999999 0.39425 0.794 0.41075 0.8013333328125001 0.43224999999999997 0.8073333328125001 0.44775 0.8140000000000001 0.46849999999999997 0.8193333328125 0.48624999999999996 0.8266666671875 0.50525 0.8326666671874999 0.5195000000000001 0.8400000000000001 0.53675 0.8460000000000001 0.57125 0.8633333328124999 0.583 0.866 0.6094999999999999 0.8676666671875 0.62375 0.8640000000000001 0.6555 0.8526666671875001 0.6837500000000001 0.8373333328125 0.69975 0.8263333328125 0.74025 0.7943333328125 0.767 0.767 0.7695000000000001 0.766 0.77825 0.7576666671875001 0.79425 0.749 0.7969999999999999 0.7463333328124999 0.79825 0.733 0.79825 0.7186666671874999 0.8085000000000001 0.6833333328125 0.82125 0.6606666671875 0.8262499999999999 0.6416666671875 0.8275 0.634 0.8275 0.6253333328124999 0.8244999999999999 0.599 0.8247500000000001 0.583 0.826 0.5690000000000001 0.827 0.53 0.8310000000000001 0.496 0.8310000000000001 0.4646666671875 0.833 0.441 0.8432499999999999 0.3616666671875 0.8484999999999999 0.3006666671875 0.85075 0.29133333281249996 0.85175 0.2786666671875 0.852 0.2676666671875 0.85 0.2396153328125 0.8494999999999999 0.17633333281250002 0.8480000000000001 0.1633333328125 0.8442500000000001 0.1506666671875 0.83475 0.13033333281249998 0.8255000000000001 0.119 0.81325 0.1096666671875 0.7965 0.1056666671875 0.7809999999999999 0.10833333281249999 0.761 0.1183333328125 0.74925 0.121 0.72575 0.121 0.68425 0.1176666671875 0.67 0.1176666671875 0.63425 0.1223333328125 0.601 0.132 0.57225 0.14666666718750002 0.54875 0.1603333328125 0.51475 0.1856666671875 0.47424999999999995 0.22033333281249998 0.4615 0.233 0.45549999999999996 0.24066666718750002 0.438 0.2573333328125 0.42925 0.2683333328125 0.393 0.29533333281249996 0.386 0.29933333281249996 0.37124999999999997 0.31233333281250003 0.36425 0.31966666718750003 0.327 0.36833333281249997 0.31925 0.38166666718750003 0.3125 0.3906666671875 0.30074999999999996 0.41233333281249995 0.2745 0.466 0.26275 0.5066666671875 0.25875 0.53 0.2565 0.5523333328125 0.25625 0.567 0.2585 0.608 0.262 0.6346666671875 0.2895 0.6950000000000001