12 0.63760125 0.3669983328125 0.42274874999999995 0.3669983328125 0.42274874999999995 0.631255 0.63760125 0.631255 0.63760125 0.3669983328125
12 0.600465 0.39567 0.40735 0.39567 0.40735 0.71761 0.600465 0.71761 0.600465 0.39567
12 0.3624275 0.497885 0.0272225 0.497885 0.0272225 0.7091483328125 0.3624275 0.7091483328125 0.3624275 0.497885
12 0.90203875 0.2596033328125 0.6721812500000001 0.2596033328125 0.6721812500000001 0.69157 0.90203875 0.69157 0.90203875 0.2596033328125
12 0.68621875 0.3497733328125 0.5344862499999999 0.3497733328125 0.5344862499999999 0.5734066671875 0.68621875 0.5734066671875 0.68621875 0.3497733328125
12 0.5079337500000001 0.5015483328125 0.28454625 0.5015483328125 0.28454625 0.7530116671875 0.5079337500000001 0.7530116671875 0.5079337500000001 0.5015483328125
12 0.50927625 0.3245433328125 0.38232374999999996 0.3245433328125 0.38232374999999996 0.47233 0.50927625 0.47233 0.50927625 0.3245433328125
12 0.8825687500000001 0.1779783328125 0.65063625 0.1779783328125 0.65063625 0.3597816671875 0.8825687500000001 0.3597816671875 0.8825687500000001 0.1779783328125
12 0.48461875 0.3143716671875 0.18383624999999998 0.3143716671875 0.18383624999999998 0.5743016671875 0.48461875 0.5743016671875 0.48461875 0.3143716671875
12 0.75448625 0.3149816671875 0.6703187500000001 0.3149816671875 0.6703187500000001 0.47668499999999997 0.75448625 0.47668499999999997 0.75448625 0.3149816671875
12 0.678955 0.17480500000000002 0.5466300000000001 0.17480500000000002 0.5466300000000001 0.3613283328125 0.678955 0.3613283328125 0.678955 0.17480500000000002
12 0.5027462500000001 0.1661783328125 0.41473375 0.1661783328125 0.41473375 0.382975 0.5027462500000001 0.382975 0.5027462500000001 0.1661783328125
12 0.2409075 0.5463866671875001 0.0225225 0.5463866671875001 0.0225225 0.6450199999999999 0.2409075 0.6450199999999999 0.2409075 0.5463866671875001
12 0.7014775 0.612305 0.5289925 0.612305 0.5289925 0.7822283328124999 0.7014775 0.7822283328124999 0.7014775 0.612305
12 0.47576875 0 0.47576875 0.21036666718750002 0.65020625 0.21036666718750002 0.65020625 0 0.47576875 0
12 0.809295 0.3757316671875 0.6848449999999999 0.3757316671875 0.6848449999999999 0.5839016671875 0.809295 0.5839016671875 0.809295 0.3757316671875
11 0.4605 0 0.44325000000000003 0.007000000000000001 0.433 0.0136666671875 0.4145 0.0233333328125 0.40875000000000006 0.0286666671875 0.39925 0.0346666671875 0.388 0.044666667187499995 0.36375 0.0706666671875 0.357 0.0806666671875 0.3525 0.08499999999999999 0.33849999999999997 0.10333333281249998 0.33225 0.1153333328125 0.3255 0.1246666671875 0.3145 0.14466666718750001 0.3055 0.1646666671875 0.29300000000000004 0.1876666671875 0.286 0.197 0.28075 0.207 0.275 0.2136666671875 0.25425 0.24266666718750002 0.24825 0.248 0.2425 0.2556666671875 0.23650000000000002 0.2613333328125 0.22325 0.279 0.2165 0.29133333281249996 0.21000000000000002 0.3006666671875 0.20600000000000002 0.3093333328125 0.20024999999999998 0.3186666671875 0.19375 0.333 0.18525 0.3453333328125 0.17975000000000002 0.357 0.175 0.3643333328125 0.1705 0.37733333281250003 0.16175 0.41900000000000004 0.154 0.44566666718750003 0.14325000000000002 0.4716666671875 0.1355 0.48333333281249996 0.129 0.49633333281249997 0.12275 0.505 0.10974999999999999 0.529 0.10375000000000001 0.5473333328125001 0.095 0.5589999999999999 0.0865 0.5676666671875 0.08 0.5766666671875 0.06925 0.5893333328125 0.063 0.595 0.050249999999999996 0.611 0.03775 0.621 0.034999999999999996 0.629 0.034749999999999996 0.6323333328125 0.0375 0.636 0.0435 0.6403333328125 0.04775 0.6456666671875 0.064 0.6563333328125001 0.07125000000000001 0.663 0.08575 0.6719999999999999 0.17575000000000002 0.7046666671875 0.20175 0.7156666671874999 0.23199999999999998 0.733 0.253 0.741 0.26775000000000004 0.7486666671875 0.313 0.764 0.33275 0.7686666671875 0.35125 0.7746666671875 0.366 0.7776666671875 0.40625 0.7786666671875 0.43224999999999997 0.7816666671875 0.46775 0.7916666671875 0.48425 0.795 0.496 0.8 0.506 0.8026666671875 0.5205 0.8019999999999999 0.53025 0.8 0.60675 0.8013333328125001 0.6224999999999999 0.7983333328125 0.6535 0.7826666671875 0.66925 0.7766666671875 0.6872499999999999 0.7663333328124999 0.71175 0.7473333328125 0.725 0.7356666671875 0.73525 0.725 0.74375 0.714 0.7625 0.6956666671875 0.77975 0.6693333328125 0.78675 0.6613333328125 0.7985 0.645 0.8182499999999999 0.608 0.827 0.596 0.83375 0.5846666671875 0.8465 0.5593333328125001 0.85975 0.5286666671875 0.8664999999999999 0.5053333328125 0.875 0.48200000000000004 0.8779999999999999 0.46799999999999997 0.88575 0.44266666718750003 0.8942500000000001 0.40533333281250006 0.8977499999999999 0.3713333328125 0.8967499999999999 0.3113333328125 0.90425 0.2556666671875 0.90425 0.25033333281250003 0.9025000000000001 0.24066666718750002 0.89175 0.2276666671875 0.8699999999999999 0.20566666718749999 0.8327500000000001 0.1583333328125 0.78275 0.1086666671875 0.7635 0.0936666671875 0.7422500000000001 0.0803333328125 0.726 0.06833333281250001 0.7 0.053000000000000005 0.689 0.0453333328125 0.649 0.0226666671875 0.6092500000000001 0.006 0.59475 0.003 0.5667500000000001 0 0.4605 0