12 0.31307839843749996 0.50493558125 0.18676809218749998 0.50493558125 0.18676809218749998 0.6775260421875 0.31307839843749996 0.6775260421875 0.31307839843749996 0.50493558125
12 0.338255665625 0.50509594375 0.0806880484375 0.50509594375 0.0806880484375 0.64993146875 0.338255665625 0.64993146875 0.338255665625 0.50509594375
12 0.2595824203125 0.6200424890625 0.0446171421875 0.6200424890625 0.0446171421875 0.7561800984375 0.2595824203125 0.7561800984375 0.2595824203125 0.6200424890625
12 0.43994060625 0.40150356406250004 0.178710709375 0.40150356406250004 0.178710709375 0.533797971875 0.43994060625 0.533797971875 0.43994060625 0.40150356406250004
12 0.7675173609375 0.22929413437499999 0.621155884375 0.22929413437499999 0.621155884375 0.353348409375 0.7675173609375 0.353348409375 0.7675173609375 0.22929413437499999
12 0.327575840625 0.604432565625 0.13629111875 0.604432565625 0.13629111875 0.8816529609374999 0.327575840625 0.8816529609374999 0.327575840625 0.604432565625
12 0.28423976562500003 0.33631990156249997 0.11785818749999999 0.33631990156249997 0.11785818749999999 0.45030290624999997 0.28423976562500003 0.45030290624999997 0.28423976562500003 0.33631990156249997
12 0.7889400578125 0.6000822375 0.6241447375 0.6000822375 0.6241447375 0.766617325 0.7889400578125 0.766617325 0.7889400578125 0.6000822375
12 0.65631030625 0.3084416125 0.4960325296875 0.3084416125 0.4960325296875 0.490631853125 0.65631030625 0.490631853125 0.65631030625 0.3084416125
12 0.4028326015625 0.5389692984375001 0.23584064374999997 0.5389692984375001 0.23584064374999997 0.8233333328124999 0.4028326015625 0.8233333328124999 0.4028326015625 0.5389692984375001
12 0.8341054453125001 0.0904536734375 0.54772935 0.0904536734375 0.54772935 0.3218983 0.8341054453125001 0.3218983 0.8341054453125001 0.0904536734375
12 0.120452303125 0.2666927078125 0.0012509140625 0.2666927078125 0.0012509140625 0.44668448437499997 0.120452303125 0.44668448437499997 0.120452303125 0.2666927078125
12 0.3006588078125 0.41095668906249994 0.099487390625 0.41095668906249994 0.099487390625 0.4884566890625 0.3006588078125 0.4884566890625 0.3006588078125 0.41095668906249994
12 0.65954495625 0.5373684203125 0.5191648390625 0.5373684203125 0.5191648390625 0.6410964906250001 0.65954495625 0.6410964906250001 0.65954495625 0.5373684203125
12 0.2711796421875 0.6167228625 0.1074826390625 0.6167228625 0.1074826390625 0.674538103125 0.2711796421875 0.674538103125 0.2711796421875 0.6167228625
12 0.9085690796874999 0.10011376093749999 0.754515715625 0.10011376093749999 0.754515715625 0.24540707187500002 0.9085690796874999 0.24540707187500002 0.9085690796874999 0.10011376093749999
12 0.162658078125 0.00466968125 0.00128198125 0.00466968125 0.00128198125 0.244354440625 0.162658078125 0.244354440625 0.162658078125 0.00466968125
12 0.176482090625 0.7490392 0.0766904234375 0.7490392 0.0766904234375 0.9223478625 0.176482090625 0.9223478625 0.176482090625 0.7490392
12 0.521744334375 0.20613075625000002 0.47483826718750005 0.20613075625000002 0.47483826718750005 0.354538103125 0.521744334375 0.354538103125 0.521744334375 0.20613075625000002
11 0.0290570171875 0.9528508765625 0.06122076093749999 0.9465460531250001 0.1032529234375 0.94133771875 0.126096490625 0.9369517546875 0.165935671875 0.9262609656249999 0.20084064375000002 0.90707236875 0.23099415156249997 0.8983004390625 0.2532894734375 0.8873355265624999 0.27649853750000003 0.87116228125 0.294225146875 0.861293859375 0.3099415203125 0.8506030703125 0.3263888890625 0.8371710531250001 0.34375 0.8201754390625 0.3697002921875 0.7911184203125 0.38523391875 0.7705592109375 0.40953947343749997 0.741776315625 0.4234283625 0.7220394734375 0.44170321562500003 0.691885965625 0.44353070156249996 0.6905153515625 0.4462719296875 0.6905153515625 0.44937865468749993 0.6951754390625 0.44919590625000005 0.709429825 0.44608918124999997 0.7228618421874999 0.44170321562500003 0.7368421046875 0.43804824531250003 0.7552083328125 0.43311403437499996 0.8083881578125001 0.43274853750000003 0.8308662281249999 0.4349415203125 0.8728070171875 0.439510234375 0.9128289468749999 0.4453581875 0.9396929828125 0.45431286562500006 0.9712171046875 0.4661915203125 0.9997258765625 0.7927631578125001 0.9997258765625 0.7944078953125 0.9347587718750001 0.796966375 0.89912280625 0.8008040937500001 0.8604714906250001 0.801900584375 0.8166118421874999 0.7986111109375 0.7439692984375 0.7956871343749999 0.7212171046875 0.7913011703125 0.6970942984375 0.7830774859375 0.6702302625 0.7688231 0.633223684375 0.7622441515625 0.6200657890625 0.749634503125 0.5995065796875 0.7341008765625 0.582510965625 0.7216739765625 0.57264254375 0.6964546781250001 0.5564692984375 0.6843932749999999 0.5471491234375 0.679276315625 0.5452302625 0.6765350875 0.5416666671875 0.6763523390625 0.537554825 0.678179825 0.53042763125 0.6798245609375 0.5189144734375 0.6842105265625 0.51014254375 0.686403509375 0.5016447375 0.688596490625 0.496436403125 0.6884137421875 0.4923245609375 0.6834795328125 0.487938596875 0.68201754375 0.4846491234375 0.68366228125 0.48053728125 0.6924342109375 0.4756030703125 0.6966374265625 0.46957236875 0.7099780703125 0.4580592109375 0.71948099375 0.44764254374999995 0.7357456140624999 0.42406798281249997 0.7470760234375 0.40570175468749997 0.7571271937499999 0.39418859687499996 0.7764985375 0.3747258765625 0.7880116953125 0.3607456140625 0.8004385968750001 0.3421052625 0.8225511703124999 0.3048245609375 0.8497807015625 0.2626096484375 0.8620248531250001 0.245614034375 0.86787280625 0.243421053125 0.870796784375 0.2401315796875 0.8739035093749999 0.2275219296875 0.878106725 0.22203947343750002 0.8841374265624999 0.203125 0.8870614031249999 0.1984649125 0.8940058484375 0.20586622812500002 0.89912280625 0.20833333281250002 0.909722221875 0.20696271875 0.9120979531250001 0.20586622812500002 0.9137426906250001 0.2036732453125 0.9142909359375 0.19928728125 0.9122807015625 0.1891447375 0.9075292390625 0.1842105265625 0.9005847953125 0.1806469296875 0.8994883046875 0.179276315625 0.89912280625 0.17571271875 0.8994883046875 0.1735197375 0.9067982453125 0.160635965625 0.9139254390625 0.1403508765625 0.9152046781250001 0.1299342109375 0.9141081874999999 0.12390350937500001 0.9110014625 0.11705043906249998 0.906615496875 0.1126644734375 0.8495979531250001 0.0858004390625 0.832419590625 0.07894736875 0.78746345 0.066885965625 0.7578581875 0.0611293859375 0.710526315625 0.0548245609375 0.6818347953125 0.0518092109375 0.6367567609375 0.050438596875 0.5959429828125 0.0435855265625 0.5833333328125 0.043859648437499996 0.5701754390625 0.0466008765625 0.5579312859375001 0.0515350875 0.5447733921875 0.059484648437499996 0.5275950296875 0.07456140312500001 0.5166301171875001 0.08662280624999999 0.509320175 0.09731359687499999 0.5001827484375 0.11239035156249999 0.4943347953125 0.12582236875 0.48940058437499995 0.1422697375 0.4828216375 0.17105263125 0.476242690625 0.191885965625 0.4724049703125 0.212171053125 0.4661915203125 0.29331140312500004 0.46454678437499997 0.3259320171875 0.4599780703125 0.3645833328125 0.4603435671875 0.3802083328125 0.4561403515625 0.3865131578125 0.44682017500000004 0.3947368421875 0.4400584796875 0.3958333328125 0.4296418125 0.39144736875 0.40679824531250003 0.367598684375 0.3954678359375 0.3580043859375 0.387975146875 0.3525219296875 0.3625731 0.3379934203125 0.3338815796875 0.32428728125 0.30774853750000003 0.313596490625 0.26663011718749996 0.303179825 0.25347222187499996 0.3009868421875 0.24287280625 0.3018092109375 0.2224049703125 0.308114034375 0.20778508750000002 0.314418859375 0.1900584796875 0.3240131578125 0.1739766078125 0.33771929843750004 0.1591739765625 0.3525219296875 0.15021929843749998 0.3634868421875 0.1251827484375 0.40679824531250003 0.11988304062499999 0.41748903437499996 0.1169590640625 0.42735745625000005 0.10617689999999999 0.454221490625 0.0970394734375 0.4802631578125 0.084064328125 0.528508771875 0.06085526249999999 0.6345942984375 0.055007309375 0.6595394734375 0.048062865625 0.6839364031249999 0.0385599421875 0.7349232453125001 0.0352704671875 0.7483552625 0.028143275000000002 0.790296053125 0.022112573437499998 0.8185307015625 0.0171783625 0.8486842109375001 0.0118786546875 0.8950109656249999 0.009685671875 0.9270833328125001 0.0095029234375 0.9473684203125 0.010599415625 0.9509320171875 0.01334064375 0.953125 0.0290570171875 0.9528508765625