12 0.5089537640625 0.384320175 0.41703307812499996 0.384320175 0.41703307812499996 0.5657510968749999 0.5089537640625 0.5657510968749999 0.5089537640625 0.384320175
12 0.507690971875 0.3663020828125 0.4024661921875 0.3663020828125 0.4024661921875 0.5924369515625 0.507690971875 0.5924369515625 0.507690971875 0.3663020828125
12 0.4270020109375 0.36923245625 0.3195805921875 0.36923245625 0.3195805921875 0.6752028515624999 0.4270020109375 0.6752028515624999 0.4270020109375 0.36923245625
12 0.5167845390625 0.24536184218749998 0.379699378125 0.24536184218749998 0.379699378125 0.45410087656250003 0.5167845390625 0.45410087656250003 0.5167845390625 0.24536184218749998
12 0.604919590625 0.4245298796875 0.46343932812500005 0.4245298796875 0.46343932812500005 0.5818188046875 0.604919590625 0.5818188046875 0.604919590625 0.4245298796875
12 0.3546153140625 0.6261732453125 0.2601324921875 0.6261732453125 0.2601324921875 0.752242325 0.3546153140625 0.752242325 0.3546153140625 0.6261732453125
12 0.6351928 0.1077563046875 0.5015250359375 0.1077563046875 0.5015250359375 0.40164062500000003 0.6351928 0.40164062500000003 0.6351928 0.1077563046875
12 0.5429376828125 0.5001055375 0.4243466734375 0.5001055375 0.4243466734375 0.6168352515625 0.5429376828125 0.6168352515625 0.5429376828125 0.5001055375
12 0.623596490625 0.5804920499999999 0.43792763125 0.5804920499999999 0.43792763125 0.767166940625 0.623596490625 0.767166940625 0.623596490625 0.5804920499999999
12 0.639129203125 0.3179632671875 0.5298145109375 0.3179632671875 0.5298145109375 0.4269106359375 0.639129203125 0.4269106359375 0.639129203125 0.3179632671875
12 0.42111202499999995 0.31306469375 0.3157044953125 0.31306469375 0.3157044953125 0.458908990625 0.42111202499999995 0.458908990625 0.42111202499999995 0.31306469375
12 0.644837353125 0.57636924375 0.5407108921875 0.57636924375 0.5407108921875 0.6921833875 0.644837353125 0.6921833875 0.644837353125 0.57636924375
12 0.677704678125 0.504501096875 0.5752266078125 0.504501096875 0.5752266078125 0.607313596875 0.677704678125 0.607313596875 0.677704678125 0.504501096875
12 0.24764985312499999 0.498733553125 0.174225146875 0.498733553125 0.174225146875 0.681929825 0.24764985312499999 0.681929825 0.24764985312499999 0.498733553125
12 0.2672733921875 0.441008771875 0.20318713437499997 0.441008771875 0.20318713437499997 0.5624067984375001 0.2672733921875 0.5624067984375001 0.2672733921875 0.441008771875
12 0.357483553125 0.3912966015625 0.197205775 0.3912966015625 0.197205775 0.8369764249999999 0.357483553125 0.8369764249999999 0.357483553125 0.3912966015625
12 0.3334649125 0.3967434203125 0.2417288015625 0.3967434203125 0.2417288015625 0.4953453953125 0.3334649125 0.4953453953125 0.3334649125 0.3967434203125
12 0.44802905624999995 0.6970353625000001 0.3674022296875 0.6970353625000001 0.3674022296875 0.8293297703125001 0.44802905624999995 0.8293297703125001 0.44802905624999995 0.6970353625000001
12 0.40634228749999995 0.42695723750000003 0.318756396875 0.42695723750000003 0.318756396875 0.512741228125 0.40634228749999995 0.512741228125 0.40634228749999995 0.42695723750000003
12 0.6262216734375 0.692506853125 0.506592653125 0.692506853125 0.506592653125 0.8192146375 0.6262216734375 0.8192146375 0.6262216734375 0.692506853125
12 0.4801946265625 0.82365405625 0.36160361875 0.82365405625 0.36160361875 0.93415844375 0.4801946265625 0.93415844375 0.4801946265625 0.82365405625
12 0.4134521203125 0.4784100875 0.3233644 0.4784100875 0.3233644 0.5821381578125 0.4134521203125 0.5821381578125 0.4134521203125 0.4784100875
12 0.10772752187500001 0.728851425 0.005799525 0.728851425 0.005799525 0.949860196875 0.10772752187500001 0.949860196875 0.10772752187500001 0.728851425
12 0.743226425 0.03240816875 0.5458379015625 0.03240816875 0.5458379015625 0.41216968125 0.743226425 0.41216968125 0.743226425 0.03240816875
12 0.25585891875 0.676484375 0.1835928359375 0.676484375 0.1835928359375 0.8513500546874999 0.25585891875 0.8513500546874999 0.25585891875 0.676484375
12 0.502501828125 0.6161033437500001 0.3588249265625 0.6161033437500001 0.3588249265625 0.7769613484375 0.502501828125 0.7769613484375 0.502501828125 0.6161033437500001
12 0.21749908593749998 0.8139048796875 0.09646655625 0.8139048796875 0.09646655625 0.9893188046875 0.21749908593749998 0.9893188046875 0.21749908593749998 0.8139048796875
12 0 0.7929838265625 0.08242781406250001 0.7929838265625 0.08242781406250001 0.6132661734375 0 0.6132661734375 0 0.7929838265625
12 0.2435142546875 0.663848684375 0.1815332609375 0.663848684375 0.1815332609375 0.7262883765625 0.2435142546875 0.7262883765625 0.2435142546875 0.663848684375
12 0.0360106 0.7681263703125001 0.0006706875000000001 0.7681263703125001 0.0006706875000000001 0.9149767000000001 0.0360106 0.9149767000000001 0.0360106 0.7681263703125001
12 0.673338815625 0.189514803125 0.3129879390625 0.189514803125 0.3129879390625 0.6564336625 0.673338815625 0.6564336625 0.673338815625 0.189514803125
12 0.6396491234374999 0.5181880484375 0.22509868437499997 0.5181880484375 0.22509868437499997 0.8968503296874999 0.6396491234374999 0.8968503296874999 0.6396491234374999 0.5181880484375
12 0.338866959375 0.6226850328125 0.24267543906250003 0.6226850328125 0.24267543906250003 0.6612513703125 0.338866959375 0.6612513703125 0.338866959375 0.6226850328125
12 0.10987938593749999 0.811293859375 0.0821381578125 0.811293859375 0.0821381578125 0.9802083328125001 0.10987938593749999 0.9802083328125001 0.10987938593749999 0.811293859375
12 0.10971034375 1 0.10971034375 0.9025712718750001 0.001495796875 0.9025712718750001 0.001495796875 1 0.10971034375 1
12 0.580475146875 0.777833059375 0.5425731 0.777833059375 0.5425731 0.8276384312499999 0.580475146875 0.8276384312499999 0.580475146875 0.777833059375
12 0.5157474421875 0.7618558109375 0.265992325 0.7618558109375 0.265992325 0.8655838812500001 0.5157474421875 0.8655838812500001 0.5157474421875 0.7618558109375
12 0.3582154609375 0.9030317984374999 0.21502649843750002 0.9030317984374999 0.21502649843750002 0.99980263125 0.3582154609375 0.99980263125 0.3582154609375 0.9030317984374999
12 0.40765442187499995 0.6211842109375 0.2466438234375 0.6211842109375 0.2466438234375 0.8802796046875001 0.40765442187499995 0.8802796046875001 0.40765442187499995 0.6211842109375
12 0.2598336984375 0.4185786734375 0.23479349374999997 0.4185786734375 0.23479349374999997 0.8301987390625 0.2598336984375 0.8301987390625 0.2598336984375 0.4185786734375
12 0.45690972187499995 0.2274177625 0.21545504375000002 0.2274177625 0.21545504375000002 0.4581304828125 0.45690972187499995 0.4581304828125 0.45690972187499995 0.2274177625
12 0.4810791296875 0.0000904609375 0.2459713078125 0.0000904609375 0.2459713078125 0.23117050468749997 0.4810791296875 0.23117050468749997 0.4810791296875 0.0000904609375
12 0.3801809203125 0.751321271875 0.3639601609375 0.751321271875 0.3639601609375 0.77358004375 0.3801809203125 0.77358004375 0.3801809203125 0.751321271875
12 0.200011878125 0.0000013703124999999999 0.00347861875 0.0000013703124999999999 0.00347861875 0.3437815234375 0.200011878125 0.3437815234375 0.200011878125 0.0000013703124999999999
12 0.60150219375 0.570121984375 0.3867799703125 0.570121984375 0.3867799703125 0.6273889796875001 0.60150219375 0.6273889796875001 0.60150219375 0.570121984375
12 0.23162828906250002 0.59399396875 0.0027467109375 0.59399396875 0.0027467109375 0.993895284375 0.23162828906250002 0.993895284375 0.23162828906250002 0.59399396875
12 0.7364802625 0.3688665015625 0.6336366953125 0.3688665015625 0.6336366953125 0.6806949015625 0.7364802625 0.6806949015625 0.7364802625 0.3688665015625
12 0.417809759375 0.46746710468749997 0.40250456874999996 0.46746710468749997 0.40250456874999996 0.6084594296875 0.417809759375 0.6084594296875 0.417809759375 0.46746710468749997
12 0.558715278125 0.9166255484375 0.3748775578125 0.9166255484375 0.3748775578125 0.997924890625 0.558715278125 0.997924890625 0.558715278125 0.9166255484375
12 0.6166995609375 0 0.6166995609375 0.1353618421875 0.7524415203125 0.1353618421875 0.7524415203125 0 0.6166995609375 0
12 0.163453034375 0.57582236875 9.140625e-7 0.57582236875 9.140625e-7 0.7029879390625 0.163453034375 0.7029879390625 0.163453034375 0.57582236875
12 0.7066356 0.360420778125 0.6712956875 0.360420778125 0.6712956875 0.40422834375 0.7066356 0.40422834375 0.7066356 0.360420778125
12 0.8511960890625 0.092469846875 0.7318119515625 0.092469846875 0.7318119515625 0.322815240625 0.8511960890625 0.322815240625 0.8511960890625 0.092469846875
12 0.10455409375 0.0838637609375 0.0024415203125 0.0838637609375 0.0024415203125 0.6324465453125 0.10455409375 0.6324465453125 0.10455409375 0.0838637609375
12 0.6366264625 0.20613075625000002 0.6045833328125 0.20613075625000002 0.6045833328125 0.257493146875 0.6366264625 0.257493146875 0.6366264625 0.20613075625000002
12 0.30615314374999997 0.1816858546875 0.1196290203125 0.1816858546875 0.1196290203125 0.35297971562499997 0.30615314374999997 0.35297971562499997 0.30615314374999997 0.1816858546875
12 0.6598821265625 0.251307565625 0.6467589546875 0.251307565625 0.6467589546875 0.264684759375 0.6598821265625 0.264684759375 0.6598821265625 0.251307565625
11 0.7282529234374999 0 0.7185672515625 0.0052083328125 0.709429825 0.0106907890625 0.69919590625 0.019188596875 0.6578947375 0.0482456140625 0.6493055562500001 0.055921053124999995 0.6396198828124999 0.0627741234375 0.6048976609375 0.08360745625 0.5968567250000001 0.087171053125 0.584429825 0.09539473750000001 0.5736476609375 0.100328946875 0.5557383046875 0.11074561406250001 0.530884503125 0.1274671046875 0.49086257343749995 0.1611842109375 0.46637426875 0.1875 0.45942982499999996 0.19682017499999999 0.44663742656250005 0.2110745609375 0.430007309375 0.22807017499999999 0.411366959375 0.2442434203125 0.401133040625 0.2516447375 0.3744517546875 0.274945175 0.3088450296875 0.3368969296875 0.298062865625 0.3486842109375 0.28125 0.3703399125 0.2532894734375 0.40241228125 0.2357456140625 0.420778509375 0.22459795312500003 0.434758771875 0.211257309375 0.454221490625 0.19919590625 0.47779605312499995 0.186403509375 0.5142543859375001 0.1842105265625 0.5233004390625 0.1750731 0.571820175 0.171966375 0.5970394734375 0.17086988281249998 0.618695175 0.170687134375 0.6515899125 0.17233187187500001 0.6759868421874999 0.17415935625 0.6880482453125001 0.18329678437500002 0.7294407890625 0.1858552625 0.73821271875 0.19426169531249998 0.759046053125 0.1999269 0.7798793859375001 0.2072368421875 0.796875 0.210526315625 0.8081140343750001 0.216739765625 0.8190789468749999 0.223135965625 0.8371710531250001 0.2306286546875 0.84923245625 0.2337353796875 0.8577302625 0.24323830468750002 0.9396929828125 0.2401315796875 0.9506578953125 0.234466375 0.9660087718750001 0.2306286546875 0.9734100874999999 0.23008040937500002 0.9887609656249999 0.2278874265625 0.9997258765625 0.548793859375 0.9997258765625 0.54459064375 0.9887609656249999 0.5365497078125 0.9810855265624999 0.53198099375 0.9734100874999999 0.523757309375 0.9684758765625 0.51955409375 0.9621710531250001 0.5115131578125001 0.9566885968750001 0.5071271937499999 0.9506578953125 0.4943347953125 0.9451754390625 0.491045321875 0.94133771875 0.49086257343749995 0.9358552625 0.49561403437499996 0.931195175 0.5025584796875 0.9213267546875 0.509320175 0.9158442984375 0.515533625 0.908168859375 0.5228435671875 0.9018640343750001 0.5403874265625 0.883223684375 0.5610380109374999 0.8634868421874999 0.5747441515625 0.845668859375 0.5815058484375 0.83360745625 0.5917397656250001 0.818804825 0.5990497078125 0.810581140625 0.612024853125 0.790570175 0.6240862578125 0.7642543859375001 0.631578946875 0.7439692984375 0.637975146875 0.7291666671875 0.6441885968750001 0.707510965625 0.649671053125 0.6924342109375 0.6564327484375 0.665570175 0.663742690625 0.64446271875 0.6803728062500001 0.582510965625 0.6875 0.5619517546874999 0.6964546781250001 0.5169956140624999 0.6993786546874999 0.506578946875 0.7043128656250001 0.48300438593750006 0.709064328125 0.45449561406249994 0.7147295328125 0.4306469296875 0.7235014625 0.38349780624999996 0.73355263125 0.3177083328125 0.7384868421874999 0.2705592109375 0.7428728062500001 0.204221490625 0.75073099375 0.1162280703125 0.7512792390625 0.084703946875 0.7547514625 0.0389254390625 0.7552997078125 0.0172697375 0.755116959375 0.01014254375 0.7531067250000001 0 0.7282529234374999 0