12 0.6989802625 0.0718215453125 0.58516081875 0.0718215453125 0.58516081875 0.28959840937500003 0.6989802625 0.28959840937500003 0.6989802625 0.0718215453125
12 0.7570805921875 0.062713815625 0.61694353125 0.062713815625 0.61694353125 0.34341557031250003 0.7570805921875 0.34341557031250003 0.7570805921875 0.062713815625
12 0.626831140625 0.0579536734375 0.47277777812500005 0.0579536734375 0.47277777812500005 0.2893983 0.626831140625 0.2893983 0.626831140625 0.0579536734375
12 0.6100466015625 0.0276946265625 0.4631953578125 0.0276946265625 0.4631953578125 0.11329769687499999 0.6100466015625 0.11329769687499999 0.6100466015625 0.0276946265625
12 0.8176270109375 0.24984786250000002 0.6882319078125 0.24984786250000002 0.6882319078125 0.4697574015625 0.8176270109375 0.4697574015625 0.8176270109375 0.24984786250000002
12 0.7243658625 0.2284251640625 0.5861823828125 0.2284251640625 0.5861823828125 0.502534265625 0.7243658625 0.502534265625 0.7243658625 0.2284251640625
12 0.59979349375 0.24453673281250002 0.4558717109375 0.24453673281250002 0.4558717109375 0.43478344375000005 0.59979349375 0.43478344375000005 0.59979349375 0.24453673281250002
12 1 0.013366228124999999 0.820007309375 0.013366228124999999 0.820007309375 0.21423245624999998 1 0.21423245624999998 1 0.013366228124999999
12 0.8834228796874999 0.0017859093749999998 0.698609284375 0.0017859093749999998 0.698609284375 0.1011197921875 0.8834228796874999 0.1011197921875 0.8834228796874999 0.0017859093749999998
12 0.22619608906250002 0.1742242328125 0.1629632671875 0.1742242328125 0.1629632671875 0.39486567968749997 0.22619608906250002 0.39486567968749997 0.22619608906250002 0.1742242328125
12 0.8760370984374999 0.15014528437500002 0.7294307390625 0.15014528437500002 0.7294307390625 0.37902686406249997 0.8760370984374999 0.37902686406249997 0.8760370984374999 0.15014528437500002
12 0.553283078125 0.38946683125 0.343200840625 0.38946683125 0.343200840625 0.8659059765625001 0.553283078125 0.8659059765625001 0.553283078125 0.38946683125
12 0.7801507671875 0.00219709375 0.648559028125 0.00219709375 0.648559028125 0.14575246718749998 0.7801507671875 0.14575246718749998 0.7801507671875 0.00219709375
12 0.86508315 0.1068873359375 0.7521061765625 0.1068873359375 0.7521061765625 0.2060402953125 0.86508315 0.2060402953125 0.86508315 0.1068873359375
12 0.336243603125 0.1761472046875 0.221863121875 0.1761472046875 0.221863121875 0.5573725328125 0.336243603125 0.5573725328125 0.336243603125 0.1761472046875
12 0.5937509140625 0.0650013703125 0.33349689374999997 0.0650013703125 0.33349689374999997 0.538145559375 0.5937509140625 0.538145559375 0.5937509140625 0.0650013703125
12 0.5944819078125 0.13408031874999998 0.51586896875 0.13408031874999998 0.51586896875 0.22792077812499997 0.5944819078125 0.22792077812499997 0.5944819078125 0.13408031874999998
12 0.7257090640625 0.4346011515625 0.58483918125 0.4346011515625 0.58483918125 0.7174986296875 0.7257090640625 0.7174986296875 0.7257090640625 0.4346011515625
12 0.239074378125 0.197571271875 0.16839638125 0.197571271875 0.16839638125 0.790466009375 0.239074378125 0.790466009375 0.239074378125 0.197571271875
12 0.5818183484375 0.589235196875 0.48947185624999995 0.589235196875 0.48947185624999995 0.8521737937499999 0.5818183484375 0.8521737937499999 0.5818183484375 0.589235196875
12 0.655640534375 0.4487924890625 0.5201416296875 0.4487924890625 0.5201416296875 0.9757689140625001 0.655640534375 0.9757689140625001 0.655640534375 0.4487924890625
12 0.32101516874999997 0.43158031875 0.25271655625 0.43158031875 0.25271655625 0.839905428125 0.32101516874999997 0.839905428125 0.32101516874999997 0.43158031875
12 0.0881953578125 0.230438596875 0.0134274484375 0.230438596875 0.0134274484375 0.5525219296875 0.0881953578125 0.5525219296875 0.0881953578125 0.230438596875
12 0.1931761703125 0.506467928125 0.042419590624999996 0.506467928125 0.042419590624999996 0.8016351421874999 0.1931761703125 0.8016351421874999 0.1931761703125 0.506467928125
12 0.40374817187499995 0.01204084375 0.23345942968750003 0.01204084375 0.23345942968750003 0.13023437499999999 0.40374817187499995 0.13023437499999999 0.40374817187499995 0.01204084375
12 0.9999990859375 0.23867872812500002 0.80554185 0.23867872812500002 0.80554185 0.3714309203125 0.9999990859375 0.3714309203125 0.9999990859375 0.23867872812500002
12 0.5315542765625 0.0011677625 0.3380729171875 0.0011677625 0.3380729171875 0.078804825 0.5315542765625 0.078804825 0.5315542765625 0.0011677625
12 1 0.13009594375 0.9067388515625 0.13009594375 0.9067388515625 0.2932428734375 1 0.2932428734375 1 0.13009594375
12 0.05986019687500001 0.466551534375 0.00010690781249999999 0.466551534375 0.00010690781249999999 0.771239034375 0.05986019687500001 0.771239034375 0.05986019687500001 0.466551534375
12 0.2540899125 0.25643777343749996 0.1980592109375 0.25643777343749996 0.1980592109375 0.48037691875000005 0.2540899125 0.48037691875000005 0.2540899125 0.25643777343749996
11 0.21016081875 0 0.205043859375 0.011513157812499999 0.19371345 0.0471491234375 0.18329678437500002 0.0693530703125 0.17726608125 0.0868969296875 0.171966375 0.09539473750000001 0.1642909359375 0.1118421046875 0.1505847953125 0.1274671046875 0.1408991234375 0.13459429843749998 0.1228070171875 0.1430921046875 0.09923245625 0.14857456093750002 0.0860745609375 0.1548793859375 0.0615862578125 0.1609100875 0.0447733921875 0.172971490625 0.0294225140625 0.194078946875 0.025584795312500002 0.19764254375 0.01169590625 0.1943530703125 0 0.1990131578125 0 0.80400219375 0.025402046875 0.80400219375 0.0376461984375 0.8018092109375001 0.07584064375 0.80071271875 0.08680555625 0.79605263125 0.10635964843750001 0.7908442984375 0.113669590625 0.785635965625 0.12353801093750001 0.7826206140624999 0.1328581875 0.7779605265625 0.14108187187500001 0.7708333328125 0.1463815796875 0.768366228125 0.1529605265625 0.762883771875 0.1549707609375 0.7626096484375 0.2172880109375 0.8286732453125 0.2202119890625 0.8462171046875 0.22843567187499997 0.8604714906250001 0.234466375 0.8777412281249999 0.2412280703125 0.8873355265624999 0.2454312859375 0.9092653515625001 0.24725877187499998 0.9232456140625 0.2463450296875 0.9361293859375 0.2439692984375 0.9473684203125 0.24470029218749997 0.9640899125000001 0.24287280625 0.9846491234375 0.24305555625 0.9887609656249999 0.24579678437500002 0.9997258765625 0.9491959062499999 0.9997258765625 0.9497441515625 0.99150219375 0.9506578953125 0.98821271875 0.9724049703125001 0.9627192984375 0.9873903515625001 0.9377741234375 0.990679825 0.9358552625 0.9941520468749999 0.9314692984375 0.996527778125 0.923793859375 0.9967105265624999 0.9067982453125 0.9943347953125 0.8651315796875 0.9923245609375 0.8462171046875 0.9915935671874999 0.8201754390625 0.9930555562500001 0.8168859656249999 0.9998172515625001 0.8155153515625001 0.9998172515625001 0.7184758765625 0.9937865499999999 0.7061403515625 0.9873903515625001 0.6899671046875 0.9841008765625 0.6842105265625 0.984466375 0.6814692984375 0.9875731 0.6765350875 0.991776315625 0.6584429828125 0.9901315796875 0.6455592109375 0.9873903515625001 0.6408991234375 0.9813596484374999 0.6526864031249999 0.9749634500000001 0.66008771875 0.9698464906250001 0.6557017546874999 0.9654605265624999 0.6466557015625 0.9672880109375 0.631304825 0.965277778125 0.6192434203125 0.9572368421874999 0.59375 0.9548611109375 0.58991228125 0.9501096484374999 0.585526315625 0.9369517546875 0.59292763125 0.9245248531250001 0.594846490625 0.921966375 0.5989583328125 0.9201388890625 0.609375 0.9086257312500001 0.612116228125 0.9073464906250001 0.59457236875 0.9040570171875 0.5830592109375 0.8996710531250001 0.5764802625 0.8932748531250001 0.5638706140624999 0.8868786546875 0.555098684375 0.875 0.5046600875 0.870796784375 0.48300438593750006 0.8620248531250001 0.43037280625 0.861293859375 0.420778509375 0.8625731 0.40570175468749997 0.8689692984375 0.393366228125 0.8742690062499999 0.3876096484375 0.8985745609375 0.3859649125 0.9157529234374999 0.3796600875 0.9228801171875001 0.37883771875 0.9407894734375001 0.3799342109375 0.9490131578125001 0.38212719375000004 0.973775584375 0.3796600875 0.9764254390625 0.3799342109375 0.9875731 0.3848684203125 0.9934210531250001 0.3796600875 0.9998172515625001 0.3780153515625 0.9998172515625001 0.0822368421875 0.99616228125 0.0759320171875 0.9939692984375 0.06716008749999999 0.9915935671874999 0.0611293859375 0.9875731 0.057017543749999997 0.9791666671874999 0.0427631578125 0.9751461984375001 0.0389254390625 0.9563231 0.007127193749999999 0.9479166671874999 0 0.21016081875 0