12 0.673 0.3063333328125 0.46849999999999997 0.3063333328125 0.46849999999999997 0.4916666671875 0.673 0.4916666671875 0.673 0.3063333328125
12 0.82580625 0.3394383328125 0.73278875 0.3394383328125 0.73278875 0.5075683328125 0.82580625 0.5075683328125 0.82580625 0.3394383328125
12 0.5025625 0.4618316671875 0.3494875 0.4618316671875 0.3494875 0.636475 0.5025625 0.636475 0.5025625 0.4618316671875
12 0.91900625 0.5516766671875 0.7089237500000001 0.5516766671875 0.7089237500000001 0.7933766671875 0.91900625 0.7933766671875 0.91900625 0.5516766671875
12 0.6389775 0.6660983328125 0.5104375 0.6660983328125 0.5104375 0.8247883328125001 0.6389775 0.8247883328125001 0.6389775 0.6660983328125
12 0.6058825 0.27752666718749996 0.5581825 0.27752666718749996 0.5581825 0.3321733328125 0.6058825 0.3321733328125 0.6058825 0.27752666718749996
12 0.7337137499999999 0.1928 0.72038625 0.1928 0.72038625 0.2108466671875 0.7337137499999999 0.2108466671875 0.7337137499999999 0.1928
12 0.49868125 0.38686 0.48764874999999996 0.38686 0.48764874999999996 0.4022 0.49868125 0.4022 0.49868125 0.38686
12 0.82099125 0.35438833281250004 0.80400875 0.35438833281250004 0.80400875 0.3702183328125 0.82099125 0.3702183328125 0.82099125 0.35438833281250004
12 0.24361000000000002 0.45815 0.22807 0.45815 0.22807 0.48521000000000003 0.24361000000000002 0.48521000000000003 0.24361000000000002 0.45815
12 0.36546625 0.6199816671875 0.35572375 0.6199816671875 0.35572375 0.6345783328125 0.36546625 0.6345783328125 0.36546625 0.6199816671875
12 0.56579125 0.3438583328125 0.55432375 0.3438583328125 0.55432375 0.357315 0.56579125 0.357315 0.56579125 0.3438583328125
12 0.46693375000000004 0.3602233328125 0.45640625 0.3602233328125 0.45640625 0.38001 0.46693375000000004 0.38001 0.46693375000000004 0.3602233328125
12 0.7093462500000001 0.3141133328125 0.69787875 0.3141133328125 0.69787875 0.3265133328125 0.7093462500000001 0.3265133328125 0.7093462500000001 0.3141133328125
12 0.18922875 0.42564 0.17893625 0.42564 0.17893625 0.43699333281249997 0.18922875 0.43699333281249997 0.18922875 0.42564
12 0.46566375000000004 0.4238016671875 0.45718625 0.4238016671875 0.45718625 0.43752500000000005 0.46566375000000004 0.43752500000000005 0.46566375000000004 0.4238016671875
12 0.2512275 0.40305666718750005 0.2429125 0.40305666718750005 0.2429125 0.4159566671875 0.2512275 0.4159566671875 0.2512275 0.40305666718750005
12 0.49577 0.46735166718750004 0.4847 0.46735166718750004 0.4847 0.4851216671875 0.49577 0.4851216671875 0.49577 0.46735166718750004
12 0.39008 0.505515 0.37700999999999996 0.505515 0.37700999999999996 0.5218316671875 0.39008 0.5218316671875 0.39008 0.505515
12 0.38198 0.309755 0.36753 0.309755 0.36753 0.3253383328125 0.38198 0.3253383328125 0.38198 0.309755
12 0.8797225 0.6056316671875 0.8634425 0.6056316671875 0.8634425 0.6235350000000001 0.8797225 0.6235350000000001 0.8797225 0.6056316671875
12 0.548485 0.1851816671875 0.53843 0.1851816671875 0.53843 0.1976316671875 0.548485 0.1976316671875 0.548485 0.1851816671875
12 0.5857625 0.5911366671875 0.5763475 0.5911366671875 0.5763475 0.6041766671875 0.5857625 0.6041766671875 0.5857625 0.5911366671875
12 0.57257 0.32914 0.530945 0.32914 0.530945 0.39156 0.57257 0.39156 0.57257 0.32914
12 0.8955187499999999 0.3276033328125 0.8867062499999999 0.3276033328125 0.8867062499999999 0.3374366671875 0.8955187499999999 0.3374366671875 0.8955187499999999 0.3276033328125
12 0.7332412500000001 0.190485 0.72378875 0.190485 0.72378875 0.2004683328125 0.7332412500000001 0.2004683328125 0.7332412500000001 0.190485
12 0.6843174999999999 0.28555166718749997 0.6760325 0.28555166718749997 0.6760325 0.29550166718750004 0.6843174999999999 0.29550166718750004 0.6843174999999999 0.28555166718749997
12 0.82458625 0.6198183328125 0.81506375 0.6198183328125 0.81506375 0.6288816671874999 0.82458625 0.6288816671874999 0.82458625 0.6198183328125
12 0.34385374999999996 0.25027499999999997 0.33290625 0.25027499999999997 0.33290625 0.2630716671875 0.34385374999999996 0.2630716671875 0.34385374999999996 0.25027499999999997
12 0.78885625 0.61261 0.78047875 0.61261 0.78047875 0.6204633328125 0.78885625 0.6204633328125 0.78885625 0.61261
12 0.69985125 0.1896383328125 0.69272875 0.1896383328125 0.69272875 0.198055 0.69985125 0.198055 0.69985125 0.1896383328125
12 0.47251374999999995 0.75031 0.46303124999999995 0.75031 0.46303124999999995 0.76271 0.47251374999999995 0.76271 0.47251374999999995 0.75031
12 0.29753124999999997 0.3543716671875 0.26350375000000004 0.3543716671875 0.26350375000000004 0.41516166718749997 0.29753124999999997 0.41516166718749997 0.29753124999999997 0.3543716671875
12 0.6303337499999999 0.3129483328125 0.62162125 0.3129483328125 0.62162125 0.323445 0.6303337499999999 0.323445 0.6303337499999999 0.3129483328125
12 0.57094625 0.27612833281250004 0.55991375 0.27612833281250004 0.55991375 0.290605 0.57094625 0.290605 0.57094625 0.27612833281250004
12 0.55212125 0.3630183328125 0.5455337499999999 0.3630183328125 0.5455337499999999 0.3726616671875 0.55212125 0.3726616671875 0.55212125 0.3630183328125
12 0.055281250000000004 0.943755 0.01704375 0.943755 0.01704375 0.9742116671875 0.055281250000000004 0.9742116671875 0.055281250000000004 0.943755
12 0.7014225 0.2592266671875 0.6872475 0.2592266671875 0.6872475 0.28472 0.7014225 0.28472 0.7014225 0.2592266671875
12 0.41469125 0.39347666718749996 0.40952875000000005 0.39347666718749996 0.40952875000000005 0.40079666718749996 0.41469125 0.40079666718749996 0.41469125 0.39347666718749996
11 0.13225 0.47766666718749995 0.15075 0.49133333281249997 0.1585 0.499 0.16825 0.505 0.17450000000000002 0.5113333328125 0.19075 0.5226666671875 0.20375000000000001 0.5286666671875 0.21525 0.5356666671875 0.23149999999999998 0.5416666671875 0.2425 0.549 0.25525000000000003 0.554 0.263 0.561 0.26875 0.5646666671875 0.2765 0.5730000000000001 0.29874999999999996 0.5916666671875 0.30825 0.6016666671875 0.3125 0.608 0.31475 0.6186666671875 0.3145 0.6326666671875001 0.3155 0.635 0.32 0.64 0.3285 0.644 0.33775 0.6573333328125 0.3435 0.6623333328125 0.35750000000000004 0.678 0.36075 0.6823333328125 0.36324999999999996 0.688 0.3695 0.6956666671875 0.374 0.706 0.378 0.712 0.389 0.725 0.39475 0.729 0.40225 0.737 0.413 0.7456666671875001 0.42774999999999996 0.761 0.46125 0.7893333328125001 0.47125000000000006 0.795 0.47874999999999995 0.8013333328125001 0.49424999999999997 0.8086666671874999 0.5035000000000001 0.8146666671875 0.522 0.819 0.53625 0.825 0.562 0.8323333328125001 0.5730000000000001 0.8400000000000001 0.5832499999999999 0.8446666671875 0.5900000000000001 0.8503333328125 0.61125 0.8636666671875 0.6445000000000001 0.8783333328125 0.68275 0.889 0.739 0.8943333328125 0.749 0.8939999999999999 0.792 0.8880000000000001 0.8099999999999999 0.8836666671875 0.829 0.877 0.8422499999999999 0.869 0.8522500000000001 0.8646666671875 0.8585 0.8593333328125 0.8692500000000001 0.8526666671875001 0.8895 0.8366666671875 0.9065 0.819 0.915 0.8116666671875 0.92425 0.7953333328125 0.9305 0.7863333328125 0.9407500000000001 0.7656666671875 0.9484999999999999 0.7443333328125 0.962 0.7223333328125 0.96225 0.718 0.9602499999999999 0.709 0.9595 0.6983333328125 0.9595 0.6853333328125 0.961 0.6573333328125 0.966 0.6093333328125 0.966 0.5583333328125 0.96225 0.5443333328125 0.95525 0.5303333328125001 0.94675 0.5013333328125 0.94425 0.48200000000000004 0.9410000000000001 0.4306666671875 0.932 0.3916666671875 0.9275 0.3643333328125 0.9157500000000001 0.3206666671875 0.901 0.2853333328125 0.8779999999999999 0.24133333281249997 0.86725 0.21833333281249998 0.852 0.192 0.8422499999999999 0.1776666671875 0.8355 0.16499999999999998 0.8147500000000001 0.1386666671875 0.7995 0.125 0.77725 0.11000000000000001 0.74875 0.09733333281249999 0.71675 0.09066666718750001 0.6845 0.0806666671875 0.6677500000000001 0.07766666718750001 0.6325000000000001 0.07466666718750001 0.5559999999999999 0.074 0.50875 0.0823333328125 0.481 0.0856666671875 0.4445 0.0963333328125 0.42874999999999996 0.10466666718749999 0.40725 0.1196666671875 0.37875000000000003 0.13033333281249998 0.367 0.136 0.33725 0.1586666671875 0.324 0.1716666671875 0.318 0.179 0.309 0.186 0.305 0.1906666671875 0.2925 0.1993333328125 0.28425 0.207 0.271 0.2166666671875 0.2525 0.2366666671875 0.2405 0.253 0.23525000000000001 0.2576666671875 0.22825 0.2673333328125 0.21575000000000003 0.2816666671875 0.20975000000000002 0.2866666671875 0.20575000000000002 0.2923333328125 0.19624999999999998 0.29933333281249996 0.19175 0.305 0.17825 0.313 0.16875 0.329 0.1645 0.3416666671875 0.15825 0.355 0.15025 0.36633333281249997 0.14250000000000002 0.38166666718750003 0.136 0.39 0.128 0.4046666671875 0.11474999999999999 0.42300000000000004 0.10874999999999999 0.4296666671875 0.0985 0.45133333281250004 0.09725 0.45466666718750004 0.0975 0.45766666718750004 0.10149999999999999 0.465 0.13225 0.47766666718749995