12 0.39264375 0.5036683328125 0.24775125 0.5036683328125 0.24775125 0.6059383328125 0.39264375 0.6059383328125 0.39264375 0.5036683328125
12 0.6735949999999999 0.4170016671875 0.52275 0.4170016671875 0.52275 0.5606316671875 0.6735949999999999 0.5606316671875 0.6735949999999999 0.4170016671875
12 0.78457875 0.3820016671875 0.63275125 0.3820016671875 0.63275125 0.561965 0.78457875 0.561965 0.78457875 0.3820016671875
12 0.555615 0.6636683328124999 0.43899999999999995 0.6636683328124999 0.43899999999999995 0.7964916671875 0.555615 0.7964916671875 0.555615 0.6636683328124999
12 0.61060625 0.3770016671875 0.41774875 0.3770016671875 0.41774875 0.6059383328125 0.61060625 0.6059383328125 0.61060625 0.3770016671875
12 0.6337900000000001 0.31355666718749997 0.46875 0.31355666718749997 0.46875 0.5080566671875 0.6337900000000001 0.5080566671875 0.6337900000000001 0.31355666718749997
12 0.5155937500000001 0.6816816671875 0.41165124999999997 0.6816816671875 0.41165124999999997 0.796185 0.5155937500000001 0.796185 0.5155937500000001 0.6816816671875
12 0.4855975 0.2613316671875 0.3503425 0.2613316671875 0.3503425 0.338275 0.4855975 0.338275 0.4855975 0.2613316671875
12 0.9373175 0.23795666718750003 0.7033075 0.23795666718750003 0.7033075 0.5048833328125 0.9373175 0.5048833328125 0.9373175 0.23795666718750003
12 0.96472125 0.514985 0.69152875 0.514985 0.69152875 0.5371016671875 0.96472125 0.5371016671875 0.96472125 0.514985
12 0.6633312499999999 0.1171066671875 0.53198375 0.1171066671875 0.53198375 0.30541999999999997 0.6633312499999999 0.30541999999999997 0.6633312499999999 0.1171066671875
11 0 0.5686666671875 0.00575 0.5726666671875 0.0125 0.5806666671875 0.025500000000000002 0.5806666671875 0.041499999999999995 0.593 0.05 0.5956666671875 0.05525 0.6033333328125 0.063 0.6063333328125 0.06899999999999999 0.6123333328125 0.07575 0.614 0.08825 0.6196666671875 0.095 0.6266666671875 0.10300000000000001 0.6316666671875 0.10874999999999999 0.6383333328125 0.11925 0.6453333328124999 0.12175 0.6493333328124999 0.12825 0.654 0.13474999999999998 0.6626666671875 0.14250000000000002 0.6683333328125001 0.14825 0.6756666671875 0.15825 0.682 0.16725 0.6910000000000001 0.17575000000000002 0.6966666671875 0.1815 0.7030000000000001 0.19125 0.7083333328125 0.1965 0.7146666671874999 0.20350000000000001 0.7186666671874999 0.20975000000000002 0.7253333328125 0.22200000000000003 0.7323333328125 0.2325 0.7416666671875001 0.24225 0.7456666671875001 0.24900000000000003 0.751 0.266 0.7583333328124999 0.27349999999999997 0.7646666671875 0.28925 0.772 0.29825 0.779 0.30575 0.7823333328125 0.31425000000000003 0.7883333328125001 0.3315 0.7956666671875 0.34125 0.8016666671875001 0.36675 0.8073333328125001 0.39449999999999996 0.8083333328125001 0.39825 0.8123333328125 0.39925 0.8173333328125001 0.40625 0.8220000000000001 0.41050000000000003 0.8296666671875 0.41600000000000004 0.8323333328125001 0.42275 0.842 0.43099999999999994 0.8460000000000001 0.43875000000000003 0.8536666671875001 0.4535 0.8593333328125 0.46275000000000005 0.867 0.476 0.8726666671875 0.4845 0.8789999999999999 0.5077499999999999 0.8853333328125 0.51475 0.8916666671875 0.533 0.8966666671875 0.548 0.9036666671875 0.5815 0.9076666671875 0.61775 0.9096666671875001 0.63425 0.907 0.6765 0.892 0.6940000000000001 0.8823333328125 0.7030000000000001 0.8786666671875001 0.71675 0.8693333328125 0.726 0.8646666671875 0.73225 0.8593333328125 0.7457499999999999 0.851 0.7625 0.8373333328125 0.767 0.8316666671874999 0.78575 0.8140000000000001 0.7929999999999999 0.805 0.8109999999999999 0.787 0.828 0.7676666671875 0.8425 0.7486666671875 0.8472500000000001 0.741 0.86825 0.7150000000000001 0.87675 0.7023333328125 0.8852499999999999 0.6823333328125 0.8985 0.659 0.905 0.6443333328125 0.9147500000000001 0.6273333328125 0.924 0.605 0.9365 0.579 0.9407500000000001 0.572 0.94625 0.5586666671875 0.9492499999999999 0.545 0.95175 0.5223333328125 0.9515 0.5173333328124999 0.94475 0.496 0.9410000000000001 0.47800000000000004 0.93725 0.4683333328125 0.9327500000000001 0.4523333328125 0.9172499999999999 0.4113333328125 0.89225 0.374 0.8869999999999999 0.367 0.86975 0.34900000000000003 0.8627499999999999 0.3393333328125 0.8472500000000001 0.3213333328125 0.841 0.3113333328125 0.8167500000000001 0.2793333328125 0.8125 0.272 0.78575 0.2363333328125 0.78075 0.231 0.7755 0.22233333281249998 0.76525 0.20866666718750002 0.7495 0.1906666671875 0.741 0.183 0.72325 0.16399999999999998 0.70075 0.1463333328125 0.6849999999999999 0.1356666671875 0.67225 0.129 0.647 0.1203333328125 0.599 0.1126666671875 0.5685 0.11299999999999999 0.53125 0.1203333328125 0.52 0.1236666671875 0.4915 0.1383333328125 0.46825 0.1473333328125 0.45475000000000004 0.154 0.43174999999999997 0.161 0.37475 0.1856666671875 0.34950000000000003 0.20033333281250001 0.32025000000000003 0.2216666671875 0.309 0.23133333281250001 0.2805 0.2496666671875 0.24325000000000002 0.2823333328125 0.2325 0.2896666671875 0.22200000000000003 0.2986666671875 0.20375000000000001 0.318 0.19125 0.3246666671875 0.1845 0.3313333328125 0.17350000000000002 0.3396666671875 0.1515 0.3636666671875 0.12725 0.3946666671875 0.10475000000000001 0.41900000000000004 0.09575 0.42699999999999994 0.08499999999999999 0.43899999999999995 0.06975 0.45866666718750004 0.061250000000000006 0.466 0.05375 0.4756666671875 0.0365 0.491 0.027500000000000004 0.5006666671875 0.006500000000000001 0.512 0 0.5143333328125 0 0.5686666671875