12 0.5469590640625 0.24725740156249998 0.40789473750000005 0.24725740156249998 0.40789473750000005 0.42109786250000003 0.5469590640625 0.42109786250000003 0.5469590640625 0.24725740156249998
12 0.8071281062500001 0.242065515625 0.51806560625 0.242065515625 0.51806560625 0.5386965453125 0.8071281062500001 0.5386965453125 0.8071281062500001 0.242065515625
12 0.865967653125 0.0564884875 0.5598145109375 0.0564884875 0.5598145109375 0.4034731359375 0.865967653125 0.4034731359375 0.865967653125 0.0564884875
12 0.9862070546874999 0.12048245625000001 0.6622322734375 0.12048245625000001 0.6622322734375 0.563963815625 0.9862070546874999 0.563963815625 0.9862070546874999 0.12048245625000001
12 0.2661129390625 0.408600603125 0.027830775000000002 0.408600603125 0.027830775000000002 0.5867612390625 0.2661129390625 0.5867612390625 0.2661129390625 0.408600603125
12 0.448609284375 0.31686540625 0.1959228796875 0.31686540625 0.1959228796875 0.5386060859375 0.448609284375 0.5386060859375 0.448609284375 0.31686540625
12 0.58398483125 0.555084978125 0.29492233125 0.555084978125 0.29492233125 0.7815871703124999 0.58398483125 0.7815871703124999 0.58398483125 0.555084978125
12 0.5402832609375 0.5117324562500001 0.0329586984375 0.5117324562500001 0.0329586984375 0.57298245625 0.5402832609375 0.57298245625 0.5402832609375 0.5117324562500001
12 0.3953856 0.48623629375000005 0.254515715625 0.48623629375000005 0.254515715625 0.714202303125 0.3953856 0.714202303125 0.3953856 0.48623629375000005
12 0.957398575 0.55865405625 0.5093996703125 0.55865405625 0.5093996703125 0.821959978125 0.957398575 0.821959978125 0.957398575 0.55865405625
12 0.741394371875 0.5591118421875 0.6111458328125 0.5591118421875 0.6111458328125 0.7262883765625 0.741394371875 0.7262883765625 0.741394371875 0.5591118421875
12 0.6354057015625 0.7743517 0.521820175 0.7743517 0.521820175 0.9087513703125 0.6354057015625 0.9087513703125 0.6354057015625 0.7743517
12 0.9763185312499999 0.5034923250000001 0.0432136328125 0.5034923250000001 0.0432136328125 0.613448465625 0.9763185312499999 0.613448465625 0.9763185312499999 0.5034923250000001
12 0.711914290625 0.714248903125 0.40234375 0.714248903125 0.40234375 0.8414144734375 0.711914290625 0.8414144734375 0.711914290625 0.714248903125
12 0.8706670328125 0.7678988484375 0.821716009375 0.7678988484375 0.821716009375 0.9415748359375 0.8706670328125 0.9415748359375 0.8706670328125 0.7678988484375
12 0.9425045687500001 0.7345257671875001 0.802612390625 0.7345257671875001 0.802612390625 0.948577303125 0.9425045687500001 0.948577303125 0.9425045687500001 0.7345257671875001
12 0.2600402046875 0.6163802078125 0.16158991250000002 0.6163802078125 0.16158991250000002 0.7510540015625 0.2600402046875 0.7510540015625 0.2600402046875 0.6163802078125
11 0.0334429828125 0.514528509375 0.0263157890625 0.5307017546874999 0.0211988296875 0.5370065796875 0.015716374999999998 0.546875 0 0.5693530703125 0.00018274843749999998 0.602796053125 0.013706140624999998 0.6115679828125 0.0252192984375 0.6170504390625 0.034722221875 0.6247258765625 0.0466008765625 0.63048245625 0.055921053124999995 0.6381578953125 0.065241228125 0.6422697375 0.07602339218750001 0.6502192984375 0.087171053125 0.6548793859375001 0.096491228125 0.662554825 0.10398391874999999 0.665570175 0.15076754375 0.694078946875 0.17817982500000001 0.721491228125 0.20084064375000002 0.75 0.2127192984375 0.761239034375 0.2375731 0.7779605265625 0.25402046718750004 0.785635965625 0.26224415156249997 0.7883771937499999 0.301169590625 0.79605263125 0.31798245625 0.8009868421874999 0.348866959375 0.8059210531250001 0.37024853750000003 0.81332236875 0.3927266078125 0.81798245625 0.405153509375 0.8229166671874999 0.41045321562500003 0.8264802625 0.4247076015625 0.8330592109375001 0.4338450296875 0.83991228125 0.44334795312499997 0.8451206140625 0.4513888890625 0.851973684375 0.4610745609375 0.8569078953125 0.47350146249999997 0.865679825 0.4846491234375 0.8708881578125001 0.4936038015625 0.8766447375 0.5095029234374999 0.883223684375 0.5173611109375 0.8884320171875 0.53051900625 0.8947368421874999 0.5413011703125 0.9032346484374999 0.5466008765625 0.90625 0.5555555562500001 0.91474780625 0.5654239765625 0.9205043859375 0.5778508765625 0.9295504390625 0.60398391875 0.9432565796875 0.6295687140624999 0.9544956140625 0.6458333328125 0.9597039468749999 0.6595394734375 0.962445175 0.6970029234374999 0.9654605265624999 0.73355263125 0.9753289468749999 0.74762426875 0.9775219296875 0.7644371343749999 0.9777960531250001 0.7936769 0.9756030703125 0.812134503125 0.9703947375 0.8247441515625 0.9646381578125001 0.841739765625 0.9544956140625 0.865314328125 0.939418859375 0.869883040625 0.9353070171875 0.8795687140625 0.9298245609375 0.8845029234374999 0.9251644734375001 0.8938231 0.9191337718750001 0.9099049703125001 0.9057017546875 0.915570175 0.9021381578125001 0.9221491234375 0.8955592109375001 0.92891081875 0.890625 0.9349415203125 0.88349780625 0.941703215625 0.8780153515625001 0.9470029234374999 0.8706140343750001 0.955043859375 0.8626644734375001 0.9998172515625001 0.8001644734375001 0.9998172515625001 0.3958333328125 0.9972587718750001 0.3818530703125 0.9941520468749999 0.3552631578125 0.9870248531250001 0.3119517546875 0.983187134375 0.2782346484375 0.980080409375 0.2606907890625 0.9745979531250001 0.2420504390625 0.96875 0.210526315625 0.9557748531250001 0.16831140312499998 0.948830409375 0.15268640312499998 0.9415204671874999 0.131578946875 0.9347587718750001 0.1197916671875 0.92891081875 0.107456140625 0.9221491234375 0.09731359687499999 0.9161184203125 0.084429825 0.9025950296874999 0.0655153515625 0.8888888890625 0.049890351562500004 0.8751827484374999 0.0361842109375 0.8538011703124999 0.02110745625 0.8245614031249999 0.0076754390625 0.8017178359375 0.0032894734375 0.759320175 0.0002741234375 0.734283625 0.0035635968749999996 0.7213084796875 0.006578946875 0.703033625 0.013706140624999998 0.683296784375 0.01946271875 0.6564327484375 0.021929825 0.6440058484375 0.0243969296875 0.61951754375 0.03508771875 0.6087353796875 0.04303728125 0.6025219296875 0.046052631249999997 0.5740131578125001 0.065241228125 0.5579312859375001 0.07456140312500001 0.5314327484375 0.0849780703125 0.5186403515625 0.09210526249999999 0.503472221875 0.098135965625 0.48044590625000005 0.109375 0.46966374218749996 0.11677631562499999 0.438596490625 0.13432017499999999 0.43092105312499995 0.1403508765625 0.41557017500000004 0.148026315625 0.4064327484375 0.154331140625 0.38980263125 0.1611842109375 0.3828581875 0.16557017499999999 0.3618421046875 0.1740679828125 0.347953215625 0.183114034375 0.3408260234375 0.189418859375 0.32711988281250004 0.1990131578125 0.317616959375 0.20531798281250002 0.3106725140625 0.20860745625 0.29093567187499997 0.2245065796875 0.2825292390625 0.2302631578125 0.27430555624999997 0.234375 0.2658991234375 0.2420504390625 0.2573099421875 0.24616228125 0.23592836250000002 0.2604166671875 0.23044590625 0.266721490625 0.222222221875 0.27165570156249996 0.21692251406250002 0.2782346484375 0.208150584375 0.2834429828125 0.20084064375000002 0.292489034375 0.19517543906249998 0.29605263125 0.1900584796875 0.3048245609375 0.1838450296875 0.30893640312500004 0.158991228125 0.337171053125 0.1359649125 0.365679825 0.11257310000000001 0.399671053125 0.094846490625 0.42023026249999995 0.087902046875 0.4298245609375 0.083150584375 0.43421052656250003 0.078033625 0.4432565796875 0.072185671875 0.4501096484375 0.062134503125 0.46710526249999995 0.057748537499999995 0.47258771875 0.0524488296875 0.484375 0.0447733921875 0.4947916671875 0.0389254390625 0.507401315625 0.0334429828125 0.514528509375