12 0.70475 0.238 0.596 0.238 0.596 0.40700000000000003 0.70475 0.40700000000000003 0.70475 0.238
12 0.42963625 0.3420016671875 0.30399875 0.3420016671875 0.30399875 0.4700183328125 0.42963625 0.4700183328125 0.42963625 0.3420016671875
12 0.7185975 0.2733166671875 0.6056225000000001 0.2733166671875 0.6056225000000001 0.42980999999999997 0.7185975 0.42980999999999997 0.7185975 0.2733166671875
12 0.471985 0.3149416671875 0.2536 0.3149416671875 0.2536 0.537925 0.471985 0.537925 0.471985 0.3149416671875
12 0.6785875 0.33895 0.5509025000000001 0.33895 0.5509025000000001 0.54647 0.6785875 0.54647 0.6785875 0.33895
12 0.358155 0.3039133328125 0.17602500000000001 0.3039133328125 0.17602500000000001 0.45324666718750006 0.358155 0.45324666718750006 0.358155 0.3039133328125
12 0.6151125000000001 0.35555 0.3668225 0.35555 0.3668225 0.56307 0.6151125000000001 0.56307 0.6151125000000001 0.35555
12 0.38781750000000004 0.45813166718750004 0.21862750000000003 0.45813166718750004 0.21862750000000003 0.5861416671875 0.38781750000000004 0.5861416671875 0.38781750000000004 0.45813166718750004
12 0.5952762500000001 0.1849766671875 0.43499875 0.1849766671875 0.43499875 0.3618966671875 0.5952762500000001 0.3618966671875 0.5952762500000001 0.1849766671875
12 0.53564375 0.6664233328125 0.41162124999999994 0.6664233328125 0.41162124999999994 0.8583166671875 0.53564375 0.8583166671875 0.53564375 0.6664233328125
12 0.440125 0.7309566671875001 0.267395 0.7309566671875001 0.267395 0.9148766671875 0.440125 0.9148766671875 0.440125 0.7309566671875001
12 0.73934875 0.693685 0.6581112499999999 0.693685 0.6581112499999999 0.8440749999999999 0.73934875 0.8440749999999999 0.73934875 0.693685
12 0.8138425 0.2994 0.7115475 0.2994 0.7115475 0.49878 0.8138425 0.49878 0.8138425 0.2994
12 0.5461725000000001 0.33422833281250003 0.46652250000000006 0.33422833281250003 0.46652250000000006 0.4841316671875 0.5461725000000001 0.4841316671875 0.5461725000000001 0.33422833281250003
12 0.63971 0.282065 0.48431499999999994 0.282065 0.48431499999999994 0.4874683328125 0.63971 0.4874683328125 0.63971 0.282065
12 0.7954100000000001 0.6400166671874999 0.72119 0.6400166671874999 0.72119 0.7623300000000001 0.7954100000000001 0.7623300000000001 0.7954100000000001 0.6400166671874999
12 0.83520375 0.5564783328125 0.6813962499999999 0.5564783328125 0.6813962499999999 0.7358416671875 0.83520375 0.7358416671875 0.83520375 0.5564783328125
12 0.5542 0.8197016671874999 0.39502000000000004 0.8197016671874999 0.39502000000000004 0.9732649999999999 0.5542 0.9732649999999999 0.5542 0.8197016671874999
12 0.604005 0.55774 0.42041000000000006 0.55774 0.42041000000000006 0.7039799999999999 0.604005 0.7039799999999999 0.604005 0.55774
12 0.44625750000000003 0.7126066671875 0.3730775 0.7126066671875 0.3730775 0.8316666671874999 0.44625750000000003 0.8316666671874999 0.44625750000000003 0.7126066671875
12 0.6693724999999999 0.6065266671875 0.5278925 0.6065266671875 0.5278925 0.8153466671875 0.6693724999999999 0.8153466671875 0.6693724999999999 0.6065266671875
12 0.4442125 0.60612 0.0963125 0.60612 0.0963125 0.8105466671875 0.4442125 0.8105466671875 0.4442125 0.60612
12 0.35608 0.43815 0.002075 0.43815 0.002075 0.6145833328125 0.35608 0.6145833328125 0.35608 0.43815
12 0.73876875 0.4199633328125 0.6772462499999999 0.4199633328125 0.6772462499999999 0.4726166671875 0.73876875 0.4726166671875 0.73876875 0.4199633328125
12 0.8820175000000001 0.1980816671875 0.6599725000000001 0.1980816671875 0.6599725000000001 0.541505 0.8820175000000001 0.541505 0.8820175000000001 0.1980816671875
12 0.99975 0 0.99975 0.0222816671875 1 0.0222816671875 1 0 0.99975 0
11 0.05125 0.6686666671875 0.05725 0.6746666671875 0.06625 0.6813333328125 0.0705 0.687 0.07925 0.6953333328125 0.08299999999999999 0.701 0.089 0.7066666671874999 0.11200000000000002 0.7393333328125 0.12225 0.7496666671875001 0.13025 0.755 0.1365 0.761 0.1505 0.7683333328125 0.16525 0.7793333328125 0.17425 0.7886666671875 0.181 0.794 0.18675 0.8009999999999999 0.19325 0.8056666671875 0.20175 0.8140000000000001 0.21800000000000003 0.8263333328125 0.23025 0.8326666671874999 0.23625 0.8383333328125 0.24725000000000003 0.845 0.27325 0.8653333328124999 0.27999999999999997 0.8693333328125 0.30225 0.8903333328124999 0.32125 0.9033333328125 0.33225 0.9083333328125001 0.34275 0.916 0.35775 0.9226666671875 0.36324999999999996 0.9266666671875001 0.38025000000000003 0.9349999999999999 0.38925 0.9416666671874999 0.403 0.9480000000000001 0.41200000000000003 0.954 0.4345 0.9653333328124999 0.47450000000000003 0.9763333328125 0.49325 0.9800000000000001 0.50475 0.9810000000000001 0.5205 0.9806666671875 0.54425 0.977 0.572 0.9673333328125 0.5860000000000001 0.9596666671875 0.607 0.9516666671875 0.6275000000000001 0.9356666671875 0.63875 0.9296666671875 0.64725 0.9216666671875 0.6755 0.9023333328125 0.68175 0.8960000000000001 0.68975 0.8903333328124999 0.70675 0.8720000000000001 0.7155 0.865 0.73925 0.8333333328125001 0.74675 0.82 0.761 0.799 0.7695000000000001 0.7823333328125 0.784 0.7593333328125 0.8087500000000001 0.7093333328125 0.8317500000000001 0.659 0.83725 0.644 0.8442500000000001 0.629 0.8637499999999999 0.593 0.8712500000000001 0.5763333328125 0.8772500000000001 0.5683333328125 0.88175 0.5586666671875 0.881 0.5549999999999999 0.87575 0.5466666671875 0.8585 0.5256666671875 0.852 0.514 0.8345 0.46900000000000003 0.8252499999999999 0.4413333328125 0.8182499999999999 0.4263333328125 0.8077500000000001 0.4086666671875 0.7885 0.372 0.7585 0.3223333328125 0.7355 0.29100000000000004 0.728 0.2786666671875 0.717 0.2653333328125 0.7115 0.2596666671875 0.6915 0.24500000000000002 0.6735 0.2293333328125 0.625 0.2 0.60725 0.1913333328125 0.596 0.184 0.5730000000000001 0.17366666718749998 0.5589999999999999 0.17033333281250002 0.54125 0.16833333281250001 0.506 0.1686666671875 0.48 0.17099999999999999 0.4505 0.17633333281250002 0.42225 0.184 0.39325 0.1983333328125 0.38125 0.207 0.37124999999999997 0.2116666671875 0.3565 0.2206666671875 0.343 0.23033333281249999 0.3275 0.236 0.30175 0.24866666718750002 0.29474999999999996 0.25433333281250003 0.28325 0.2613333328125 0.258 0.2816666671875 0.25 0.2866666671875 0.24474999999999997 0.2923333328125 0.23525000000000001 0.29933333281249996 0.22974999999999998 0.305 0.213 0.3156666671875 0.20074999999999998 0.327 0.17575000000000002 0.3546666671875 0.1615 0.3653333328125 0.15325 0.3776666671875 0.13999999999999999 0.3946666671875 0.121 0.4113333328125 0.1145 0.4193333328125 0.09825 0.433 0.087 0.4443333328125 0.074 0.46166666718749994 0.06575 0.47766666718749995 0.05675 0.489 0.053000000000000005 0.49533333281249997 0.04525 0.5026666671875 0.0395 0.511 0.0355 0.5146666671875 0.02525 0.5276666671875 0.0005 0.5513333328125001 0 0.6306666671875 0.014499999999999999 0.64 0.03675 0.6599999999999999 0.05125 0.6686666671875