12 0.5191849421875 0.33771929843750004 0.3384502921875 0.33771929843750004 0.3384502921875 0.48904057031250003 0.5191849421875 0.48904057031250003 0.5191849421875 0.33771929843750004
12 0.573912646875 0.34616228125 0.342589546875 0.34616228125 0.342589546875 0.66238486875 0.573912646875 0.66238486875 0.573912646875 0.34616228125
12 0.711059028125 0.30688322343749996 0.5516346859375 0.30688322343749996 0.5516346859375 0.57055646875 0.711059028125 0.57055646875 0.711059028125 0.30688322343749996
12 0.5491949921875 0.5284416125 0.3321536921875 0.5284416125 0.3321536921875 0.8287349234375 0.5491949921875 0.8287349234375 0.5491949921875 0.5284416125
12 0.8270266812499999 0.3219915015625 0.64172331875 0.3219915015625 0.64172331875 0.545930646875 0.8270266812499999 0.545930646875 0.8270266812499999 0.3219915015625
12 0.7508534359375 0.55581825625 0.50109831875 0.55581825625 0.50109831875 0.7771916125 0.7508534359375 0.7771916125 0.7508534359375 0.55581825625
12 0.9826653875 0.50390625 0.6862783265625 0.50390625 0.6862783265625 0.713379934375 0.9826653875 0.713379934375 0.9826653875 0.50390625
12 0.2711184203125 0.18209978124999998 0.008179825 0.18209978124999998 0.008179825 0.500153509375 0.2711184203125 0.500153509375 0.2711184203125 0.18209978124999998
12 0.9958497812499999 0.3799438046875 0.8225091375 0.3799438046875 0.8225091375 0.58831825625 0.9958497812499999 0.58831825625 0.9958497812499999 0.3799438046875
12 0.2975466015625 0.001555646875 0.07379111875 0.001555646875 0.07379111875 0.2751165015625 0.2975466015625 0.2751165015625 0.2975466015625 0.001555646875
12 0.82379111875 0.526565240625 0.6732775953125001 0.526565240625 0.6732775953125001 0.6562966015625 0.82379111875 0.6562966015625 0.82379111875 0.526565240625
12 0.11126644687500001 0.46527138125 0.0026845765625 0.46527138125 0.0026845765625 0.65972861875 0.11126644687500001 0.65972861875 0.11126644687500001 0.46527138125
12 0.38189784375 0.45419407968750003 0.1547249640625 0.45419407968750003 0.1547249640625 0.7923903515624999 0.38189784375 0.7923903515624999 0.38189784375 0.45419407968750003
12 0.72613486875 0.27273711562499997 0.649841009375 0.27273711562499997 0.649841009375 0.39523437499999997 0.72613486875 0.39523437499999997 0.72613486875 0.27273711562499997
12 0.091583515625 0.0892639796875 0.00033534375000000003 0.0892639796875 0.00033534375000000003 0.31429961562500003 0.091583515625 0.31429961562500003 0.091583515625 0.0892639796875
12 0.23626736093749998 0.378844571875 0.0056770828124999995 0.378844571875 0.0056770828124999995 0.72418174375 0.23626736093749998 0.72418174375 0.23626736093749998 0.378844571875
12 0.968384503125 0.5189446265625001 0.6712646203125 0.5189446265625001 0.6712646203125 0.58115405625 0.968384503125 0.58115405625 0.968384503125 0.5189446265625001
12 0.4890149859375 0.785751096875 0.15942434218749998 0.785751096875 0.15942434218749998 0.935438596875 0.4890149859375 0.935438596875 0.4890149859375 0.785751096875
12 0.1174616234375 0.78259183125 0.0040588453125 0.78259183125 0.0040588453125 0.9136965453125001 0.1174616234375 0.9136965453125001 0.1174616234375 0.78259183125
12 0.138398209375 0.0015570171875 0.0845038375 0.0015570171875 0.0845038375 0.0667434203125 0.138398209375 0.0667434203125 0.138398209375 0.0015570171875
12 0.809813596875 0.256624178125 0.6345211984375 0.256624178125 0.6345211984375 0.3355413921875 0.809813596875 0.3355413921875 0.809813596875 0.256624178125
12 0 0.51196271875 0.0423729890625 0.51196271875 0.0423729890625 0.140992325 0 0.140992325 0 0.51196271875
12 0.049620796875 0.08839501093749999 0.001128471875 0.08839501093749999 0.001128471875 0.15000959375 0.049620796875 0.15000959375 0.049620796875 0.08839501093749999
12 0.086670321875 0.9025260421875 0.000062134375 0.9025260421875 0.000062134375 0.9973752734374999 0.086670321875 0.9973752734374999 0.086670321875 0.9025260421875
12 0.546325840625 0.20425575624999998 0.39459155625000003 0.20425575624999998 0.39459155625000003 0.27255345468750003 0.546325840625 0.27255345468750003 0.546325840625 0.20425575624999998
12 0.39079404218749997 0.02204084375 0.3489537640625 0.02204084375 0.3489537640625 0.07157209375 0.39079404218749997 0.07157209375 0.39079404218749997 0.02204084375
11 0 0 0 0.7796052625 0.015716374999999998 0.7864583328125 0.0173611109375 0.7891995609375 0.017543859375 0.8018092109375001 0.018457601562500002 0.8064692984375 0.0201023390625 0.8100328953125 0.0407529234375 0.8314144734375001 0.05445906406249999 0.8432017546875 0.06085526249999999 0.851973684375 0.06286549687500001 0.8569078953125 0.0625 0.8623903515625001 0.055190057812500005 0.8736293859375 0.0500731 0.87883771875 0.043676900000000005 0.8829495609375 0.0400219296875 0.8876096484374999 0.0360014625 0.8966557015625 0.029788010937499998 0.9067982453125 0.024671053125000002 0.919956140625 0.015168128125 0.9240679828125 0.0126096484375 0.9265350874999999 0.0111476609375 0.9350328953125 0.011513157812499999 0.9396929828125 0.015899123437500003 0.953125 0.0190058484375 0.95860745625 0.025402046875 0.9629934203125 0.0345394734375 0.9777960531250001 0.037463449999999995 0.98053728125 0.040935671875 0.9810855265624999 0.1010599421875 0.9810855265624999 0.11933479531249999 0.9736842109375001 0.12390350937500001 0.9701206140625 0.12682748593749998 0.9654605265624999 0.13888888906250002 0.9745065796875 0.1368786546875 0.9830043859375 0.13523391875 0.9997258765625 0.9998172515625001 0.9997258765625 0.9998172515625001 0.47532894687500005 0.9872076015625 0.46628289531249995 0.9815423984375 0.4599780703125 0.9658260234375 0.445723684375 0.9557748531250001 0.4377741234375 0.9470029234374999 0.4322916671875 0.9279970765625001 0.4141995609375 0.89912280625 0.3892543859375 0.8810307015625 0.376918859375 0.8722587718750001 0.3728070171875 0.8662280703125 0.368695175 0.846856725 0.3536184203125 0.815972221875 0.3267543859375 0.79605263125 0.3119517546875 0.78508771875 0.3056469296875 0.7781432749999999 0.2998903515625 0.7701023390625 0.295778509375 0.7573099421875 0.2864583328125 0.73519736875 0.2733004390625 0.7096125734375 0.2615131578125 0.65862573125 0.2568530703125 0.6421783624999999 0.248903509375 0.6306652046875 0.2450657890625 0.6118421046875 0.236293859375 0.5974049703125 0.23355263124999998 0.566703215625 0.2302631578125 0.5561038015624999 0.2266995609375 0.530153509375 0.220668859375 0.504385965625 0.21025219375 0.480080409375 0.206688596875 0.45084064375 0.206688596875 0.44097222187499996 0.2055921046875 0.435489765625 0.203125 0.43128655 0.19956140312499998 0.4221491234375 0.195723684375 0.408260234375 0.1877741234375 0.397295321875 0.1842105265625 0.3903508765625 0.1768092109375 0.3779239765625 0.1696820171875 0.370614034375 0.16173245625 0.3607456140625 0.1540570171875 0.3408260234375 0.12883771875 0.32894736875 0.11019736875 0.32364766093749997 0.104989034375 0.3192616953125 0.10224780625 0.3157894734375 0.09758771875 0.3119517546875 0.0775767546875 0.3119517546875 0.0485197375 0.3108552625 0.0361842109375 0.3115862578125 0.0109649125 0.3099415203125 0 0 0