12 0.559027778125 0.40570175468749997 0.473866959375 0.40570175468749997 0.473866959375 0.47724780625 0.559027778125 0.47724780625 0.559027778125 0.40570175468749997
12 0.7673346125 0.394133771875 0.5754395109375 0.394133771875 0.5754395109375 0.4891666671875 0.7673346125 0.4891666671875 0.7673346125 0.394133771875
12 0.24508680625 0.5615858 0.1553042765625 0.5615858 0.1553042765625 0.67034950625 0.24508680625 0.67034950625 0.24508680625 0.5615858
12 0.882079678125 0.4991461078125 0.6091301171875 0.4991461078125 0.6091301171875 0.6932387609374999 0.882079678125 0.6932387609374999 0.882079678125 0.4991461078125
12 0.4116365125 0.32251644687500003 0.388655884375 0.32251644687500003 0.388655884375 0.40734100937499995 0.4116365125 0.40734100937499995 0.4116365125 0.32251644687500003
12 0.4529120984375 0.2168900765625 0.3781441890625 0.2168900765625 0.3781441890625 0.42215049374999997 0.4529120984375 0.42215049374999997 0.4529120984375 0.2168900765625
12 0.16500913749999999 0.8733209984375 0.057037646875 0.8733209984375 0.057037646875 0.9782415015625 0.16500913749999999 0.9782415015625 0.16500913749999999 0.8733209984375
12 0.626403509375 0.7191008765625 0.46343932812500005 0.7191008765625 0.46343932812500005 0.8058004390625 0.626403509375 0.8058004390625 0.626403509375 0.7191008765625
12 0.745116959375 0.2398697921875 0.510741959375 0.2398697921875 0.510741959375 0.328858278125 0.745116959375 0.328858278125 0.745116959375 0.2398697921875
12 0.708527046875 0.172805646875 0.5863961984375 0.172805646875 0.5863961984375 0.2845901859375 0.708527046875 0.2845901859375 0.708527046875 0.172805646875
12 0.6752933109375 0.43711896875 0.24804733125 0.43711896875 0.24804733125 0.54725603125 0.6752933109375 0.54725603125 0.6752933109375 0.43711896875
12 0.3211979171875 0.48532209374999996 0.21054184999999997 0.48532209374999996 0.21054184999999997 0.638214090625 0.3211979171875 0.638214090625 0.3211979171875 0.48532209374999996
12 0.45172149062500006 0.6975863484375 0.24896198906250003 0.6975863484375 0.24896198906250003 0.8346395281250001 0.45172149062500006 0.8346395281250001 0.45172149062500006 0.6975863484375
12 0.4891045328125 0.45927631562500004 0.384429825 0.45927631562500004 0.384429825 0.630570175 0.4891045328125 0.630570175 0.4891045328125 0.45927631562500004
12 0.36303819375 0.0914597046875 0.2805180921875 0.0914597046875 0.2805180921875 0.27273437500000003 0.36303819375 0.27273437500000003 0.36303819375 0.0914597046875
12 0.992552996875 0.654418859375 0.7017817984375 0.654418859375 0.7017817984375 0.7196052625 0.992552996875 0.7196052625 0.992552996875 0.654418859375
12 0.0533908984375 0.7617639796875 9.140625e-7 0.7617639796875 9.140625e-7 0.9345243968749999 0.0533908984375 0.9345243968749999 0.0533908984375 0.7617639796875
12 0.374543128125 0.48770010937499997 0.2748720765625 0.48770010937499997 0.2748720765625 0.6080016453125 0.374543128125 0.6080016453125 0.374543128125 0.48770010937499997
12 0.1651005109375 0.1402590453125 0.0125127921875 0.1402590453125 0.0125127921875 0.2563473140625 0.1651005109375 0.2563473140625 0.1651005109375 0.1402590453125
12 0.3577266078125 0.4226987390625 0.110778509375 0.4226987390625 0.110778509375 0.48037691875000005 0.3577266078125 0.48037691875000005 0.3577266078125 0.4226987390625
12 0.5732657156250001 0.11302220468749999 0.55075840625 0.11302220468749999 0.55075840625 0.15248218125 0.5732657156250001 0.15248218125 0.5732657156250001 0.11302220468749999
12 0.197722953125 0.29997395781249997 0.0952448828125 0.29997395781249997 0.0952448828125 0.45808525156249996 0.197722953125 0.45808525156249996 0.197722953125 0.29997395781249997
12 0.60099780625 0.000641446875 0.5562280703125 0.000641446875 0.5562280703125 0.1382456140625 0.60099780625 0.1382456140625 0.60099780625 0.000641446875
12 0.588959246875 0.1652974234375 0.4715889984375 0.1652974234375 0.4715889984375 0.315535909375 0.588959246875 0.315535909375 0.588959246875 0.1652974234375
12 0.3328554453125 0.0021504937500000003 0.263336075 0.0021504937500000003 0.263336075 0.17912143593750002 0.3328554453125 0.17912143593750002 0.3328554453125 0.0021504937500000003
12 0.5108945546875 0.36504248906250003 0.464690240625 0.36504248906250003 0.464690240625 0.4347601421875 0.5108945546875 0.4347601421875 0.5108945546875 0.36504248906250003
12 0.514740496875 0.626953125 0.408600146875 0.626953125 0.408600146875 0.708984375 0.514740496875 0.708984375 0.514740496875 0.626953125
12 0.11834703906249999 0.4253083875 0.000976790625 0.4253083875 0.000976790625 0.49461485781250003 0.11834703906249999 0.49461485781250003 0.11834703906249999 0.4253083875
12 0.17976425468749999 0.745149396875 0.14006030625000002 0.745149396875 0.14006030625000002 0.9936225328124999 0.17976425468749999 0.9936225328124999 0.17976425468749999 0.745149396875
12 0.138977521875 0.69621299375 0.0037235015625 0.69621299375 0.0037235015625 0.87409950625 0.138977521875 0.87409950625 0.138977521875 0.69621299375
12 0.9390871703125001 0.380448190625 0.5863039109375 0.380448190625 0.5863039109375 0.554124178125 0.9390871703125001 0.554124178125 0.9390871703125001 0.380448190625
12 0.1117553 0.4627069625 0.034363121875 0.4627069625 0.034363121875 0.550231634375 0.1117553 0.550231634375 0.1117553 0.4627069625
12 0.517998903125 0.273903509375 0.5005573828125 0.273903509375 0.5005573828125 0.3017817984375 0.517998903125 0.3017817984375 0.517998903125 0.273903509375
12 0 0.26413103125 0.07150219375 0.26413103125 0.07150219375 0.00045778437500000005 0 0.00045778437500000005 0 0.26413103125
12 0.6082684578124999 0.0012595937499999999 0.5802074203124999 0.0012595937499999999 0.5802074203124999 0.0322272484375 0.6082684578124999 0.0322272484375 0.6082684578124999 0.0012595937499999999
12 0.7358168859374999 0.1961979171875 0.7173081140625001 0.1961979171875 0.7173081140625001 0.215057565625 0.7358168859374999 0.215057565625 0.7358168859374999 0.1961979171875
12 0 0.6667776859375001 0.10055555625000001 0.6667776859375001 0.10055555625000001 0.477262884375 0 0.477262884375 0 0.6667776859375001
12 0.2582447 0.5593352515625 0.24712810625 0.5593352515625 0.24712810625 0.57079084375 0.2582447 0.57079084375 0.2582447 0.5593352515625
12 0.0445029234375 0.381500821875 0.025811403125 0.381500821875 0.025811403125 0.4029235203125 0.0445029234375 0.4029235203125 0.0445029234375 0.381500821875
12 0.56474689375 0.11634046093749999 0.555370065625 0.11634046093749999 0.555370065625 0.13085252187500002 0.56474689375 0.13085252187500002 0.56474689375 0.11634046093749999
12 0.37052905625 0.5298725328125 0.35652138125 0.5298725328125 0.35652138125 0.542391721875 0.37052905625 0.542391721875 0.37052905625 0.5298725328125
12 0.7239163015625001 0.6744791671875 0.7008899859375 0.6744791671875 0.7008899859375 0.69881030625 0.7239163015625001 0.69881030625 0.7239163015625001 0.6744791671875
12 0.1868896203125 0.0005482453125 0.00585891875 0.0005482453125 0.00585891875 0.11352521874999999 0.1868896203125 0.11352521874999999 0.1868896203125 0.0005482453125
12 0.6821363296875 0.40953810312499994 0.668448465625 0.40953810312499994 0.668448465625 0.4232250546875 0.6821363296875 0.4232250546875 0.6821363296875 0.40953810312499994
12 0.9233698828125 0.8974671046875 0.8842470765625 0.8974671046875 0.8842470765625 0.9570230265624999 0.9233698828125 0.9570230265624999 0.9233698828125 0.8974671046875
12 0.2609667390625 0.2429125546875 0.2473336984375 0.2429125546875 0.2473336984375 0.26392406875 0.2609667390625 0.26392406875 0.2609667390625 0.2429125546875
12 0.025535453125000003 0.0822149125 0.0089491953125 0.0822149125 0.0089491953125 0.10235745624999999 0.025535453125000003 0.10235745624999999 0.025535453125000003 0.0822149125
12 0.5894206875 0.0121929828125 0.5805025578125 0.0121929828125 0.5805025578125 0.0276315796875 0.5894206875 0.0276315796875 0.5894206875 0.0121929828125
12 0.18299159375000001 0.32006853125 0.16222405 0.32006853125 0.16222405 0.361450109375 0.18299159375000001 0.361450109375 0.18299159375000001 0.32006853125
12 0.27710800468749996 0.09914062500000001 0.2629322 0.09914062500000001 0.2629322 0.12040433125000001 0.27710800468749996 0.12040433125000001 0.27710800468749996 0.09914062500000001
12 0.5947953218750001 0.5950822375 0.5761038015625 0.5950822375 0.5761038015625 0.62074013125 0.5947953218750001 0.62074013125 0.5947953218750001 0.5950822375
12 0.675925621875 0.375309759375 0.6648930921875 0.375309759375 0.6648930921875 0.3878755484375 0.675925621875 0.3878755484375 0.675925621875 0.375309759375
12 0.15526681250000002 0.6195545499999999 0.14698099375 0.6195545499999999 0.14698099375 0.6277590453124999 0.15526681250000002 0.6277590453124999 0.15526681250000002 0.6195545499999999
12 0.038970212500000004 0.6845052078125 0.019988121875 0.6845052078125 0.019988121875 0.7019695718750001 0.038970212500000004 0.7019695718750001 0.038970212500000004 0.6845052078125
12 0.083940971875 0.979836896875 0.0762161921875 0.979836896875 0.0762161921875 0.988913103125 0.083940971875 0.988913103125 0.083940971875 0.979836896875
12 0.3110508046875 0.522700109375 0.3032072375 0.522700109375 0.3032072375 0.531987390625 0.3110508046875 0.531987390625 0.3110508046875 0.522700109375
12 0.49426260937500005 0.38668174375 0.48425347187499995 0.38668174375 0.48425347187499995 0.3977425984375 0.49426260937500005 0.3977425984375 0.49426260937500005 0.38668174375
12 0.17203125 0.6459224234375001 0.1643941890625 0.6459224234375001 0.1643941890625 0.65486156875 0.17203125 0.65486156875 0.17203125 0.6459224234375001
12 0.636413559375 0.541351425 0.5657355625 0.541351425 0.5657355625 0.6363843203124999 0.636413559375 0.6363843203124999 0.636413559375 0.541351425
12 0.4208671421875 0.56941200625 0.3227841734375 0.56941200625 0.3227841734375 0.6815638703125 0.4208671421875 0.6815638703125 0.4208671421875 0.56941200625
12 0.5273894375 0.3359608 0.5194855625 0.3359608 0.5194855625 0.34702165625000003 0.5273894375 0.34702165625000003 0.5273894375 0.3359608
12 0.3359064328125 0.7485581140625001 0.323760965625 0.7485581140625001 0.323760965625 0.766091009375 0.3359064328125 0.766091009375 0.3359064328125 0.7485581140625001
12 0.8253170687500001 0.016844846875 0.7332757671875 0.016844846875 0.7332757671875 0.1316529609375 0.8253170687500001 0.1316529609375 0.8253170687500001 0.016844846875
12 0.2933278515625 0.6867269734375 0.27893823125 0.6867269734375 0.27893823125 0.7165953953125 0.2933278515625 0.7165953953125 0.2933278515625 0.6867269734375
12 0.419708515625 0.726243146875 0.40158168906249997 0.726243146875 0.40158168906249997 0.7488555375 0.419708515625 0.7488555375 0.419708515625 0.726243146875
12 0.4037783265625 0.11919682031250001 0.390655153125 0.11919682031250001 0.390655153125 0.138434759375 0.4037783265625 0.138434759375 0.4037783265625 0.11919682031250001
12 0.2429724046875 0.7667434203125 0.2206496703125 0.7667434203125 0.2206496703125 0.7933168859374999 0.2429724046875 0.7933168859374999 0.2429724046875 0.7667434203125
12 0.5402037640625 0.1872875546875 0.5301105625 0.1872875546875 0.5301105625 0.20162691875 0.5402037640625 0.20162691875 0.5402037640625 0.1872875546875
12 0.3170394734375 0.6905030156249999 0.300635965625 0.6905030156249999 0.300635965625 0.71794545 0.3170394734375 0.71794545 0.3170394734375 0.6905030156249999
12 0.421905153125 0.0820093203125 0.410613121875 0.0820093203125 0.410613121875 0.0976178734375 0.421905153125 0.0976178734375 0.421905153125 0.0820093203125
11 0.5310672515625 0 0.5264985375 0.006578946875 0.523757309375 0.009320175 0.519919590625 0.011239034375 0.518274853125 0.01480263125 0.5228435671875 0.0359100875 0.5228435671875 0.0389254390625 0.519919590625 0.0493421046875 0.5197368421874999 0.0529057015625 0.52101608125 0.0603070171875 0.5197368421874999 0.0627741234375 0.51644736875 0.0646929828125 0.5131578953125 0.0649671046875 0.4736842109375 0.065241228125 0.40935672500000003 0.06798245625 0.40222953281249996 0.068804825 0.3961988296875 0.07099780624999999 0.38980263125 0.07648026249999999 0.373903509375 0.084429825 0.36549707656249997 0.0915570171875 0.3591008765625 0.094846490625 0.34612573125 0.104989034375 0.3388157890625 0.109375 0.330774853125 0.11650219375 0.32200292343750003 0.1217105265625 0.31633771875 0.127741228125 0.309393275 0.13212719374999998 0.30391081875000003 0.1392543859375 0.296418128125 0.1458333328125 0.2922149125 0.1510416671875 0.2744883046875 0.16337719374999998 0.2501827484375 0.1880482453125 0.21856725156249998 0.2319078953125 0.21089181250000003 0.24067982500000001 0.205043859375 0.2524671046875 0.197185671875 0.2631578953125 0.192616959375 0.2733004390625 0.1853070171875 0.2842653515625 0.173062865625 0.3083881578125 0.0849780703125 0.44407894687500005 0.0915570171875 0.4588815796875 0.092653509375 0.4640899125 0.09411549687500001 0.4794407890625 0.0963084796875 0.5298793859375001 0.0986842109375 0.54303728125 0.09996345 0.556195175 0.104349415625 0.5759320171875 0.10891812812499999 0.6033442984375 0.113669590625 0.618695175 0.11933479531249999 0.6455592109375 0.1237207609375 0.657346490625 0.1350511703125 0.6839364031249999 0.1412646203125 0.694078946875 0.147295321875 0.7077850875 0.1540570171875 0.71792763125 0.159356725 0.7286184203125 0.1657529234375 0.7368421046875 0.173793859375 0.7513706140624999 0.18128655 0.7595942984375 0.184758771875 0.7658991234375 0.1907894734375 0.7705592109375 0.1966374265625 0.778508771875 0.20230263124999998 0.7817982453125001 0.21034356718749997 0.7922149125 0.216739765625 0.7971491234375 0.22112573124999998 0.80235745625 0.229349415625 0.80701754375 0.23720760156249998 0.8146929828125 0.245614034375 0.8193530703125 0.25694444375000003 0.8286732453125 0.268274853125 0.8338815796875 0.27576754375 0.8407346484374999 0.292580409375 0.8462171046875 0.30226608125 0.8516995609375 0.3072002921875 0.853070175 0.3252923984375 0.8547149125000001 0.3671418125 0.8544407890624999 0.4157529234375 0.8514254390625 0.4451754390625 0.8423793859375 0.45431286562500006 0.83826754375 0.4650950296875 0.8314144734375001 0.47496345 0.8267543859375 0.47934941562500005 0.8229166671874999 0.49671052656250003 0.8130482453125 0.5032894734375 0.8078399125000001 0.515716375 0.80235745625 0.530884503125 0.79303728125 0.541849415625 0.7889254390625 0.5535453218749999 0.78125 0.5685307015625 0.7760416671875 0.5767543859375001 0.76946271875 0.5868055562500001 0.764528509375 0.5939327484375 0.7576754390625 0.6028874265625 0.7532894734375 0.614400584375 0.7442434203125 0.6209795328125 0.740679825 0.62737573125 0.7390350875 0.631578946875 0.736293859375 0.6575292390625 0.734375 0.66246345 0.7327302625 0.6966374265625 0.7272478062500001 0.708150584375 0.726151315625 0.736293859375 0.7258771937499999 0.8726242687499999 0.729989034375 0.9038742687499999 0.7669956140624999 0.905884503125 0.7705592109375 0.9122807015625 0.7864583328125 0.9150219296875 0.8081140343750001 0.916849415625 0.814418859375 0.9192251468749999 0.8182565796875 0.9248903515625001 0.8231907890624999 0.93201754375 0.8316885968750001 0.9491959062499999 0.84375 0.9502923984375 0.84375 0.9552266078124999 0.8393640343750001 0.9630847953125 0.8275767546875 0.9672880109375 0.81962719375 0.9716739765625 0.8078399125000001 0.9755116953125 0.7870065796875 0.9751461984375001 0.78207236875 0.9727704671874999 0.77110745625 0.97258771875 0.7587719296875 0.9762426906250001 0.7450657890625 0.9771564328125001 0.732456140625 0.9751461984375001 0.7256030703125 0.9724049703125001 0.720668859375 0.9654605265624999 0.716008771875 0.9561403515625001 0.7127192984375 0.9557748531250001 0.7088815796875 0.96326754375 0.7066885968750001 0.97258771875 0.705866228125 0.9881213453125 0.7064144734375 0.9998172515625001 0.702028509375 0.9998172515625001 0.6077302625 0.9879385968750001 0.5896381578125001 0.9797149125000001 0.57428728125 0.972953215625 0.564418859375 0.9658260234375 0.5490679828125 0.959064328125 0.5383771937499999 0.9411549703125001 0.5046600875 0.921783625 0.47313596562500004 0.910453215625 0.45230263125 0.90241228125 0.435581140625 0.8912646203125 0.4161184203125 0.8790204671874999 0.399945175 0.8625731 0.38048245625 0.8452119890625 0.3552631578125 0.838633040625 0.3440241234375 0.8146929828125 0.310581140625 0.7997076015625 0.2919407890625 0.7821637421875 0.27275219375000004 0.7498172515625 0.22505482500000001 0.728070175 0.2017543859375 0.7196637421875 0.19599780625000002 0.7103435671875 0.1875 0.6856725140625 0.172971490625 0.6690423984375 0.1669407890625 0.6610014625 0.1611842109375 0.6509502921875 0.1557017546875 0.640533625 0.148026315625 0.6323099421875 0.143366228125 0.62426900625 0.1356907890625 0.6154970765625001 0.1296600875 0.609283625 0.123081140625 0.5997807015625 0.11650219375 0.5977704671875 0.11321271875000001 0.6005116953125 0.09923245625 0.6027046781250001 0.09457236875 0.6091008765625 0.0904605265625 0.6122076015625 0.0838815796875 0.6145833328125 0.0811403515625 0.6217105265625 0.0783991234375 0.62426900625 0.0756578953125 0.6271929828125 0.0704495609375 0.634685671875 0.065241228125 0.6390716375000001 0.0556469296875 0.6467470765625001 0.0501644734375 0.65003655 0.0419407890625 0.6529605265625 0.0391995609375 0.6567982453125001 0.037828946875000005 0.66173245625 0.0205592109375 0.66483918125 0.01644736875 0.6694078953125 0.015350876562499999 0.6716008765625 0.0134320171875 0.6763523390625 0 0.5310672515625 0