12 0.44925 0.602 0.36025 0.602 0.36025 0.7406666671875 0.44925 0.7406666671875 0.44925 0.602
12 0.8822325 0.6767983328125 0.7642525 0.6767983328125 0.7642525 0.8349216671875 0.8822325 0.8349216671875 0.8822325 0.6767983328125
12 0.44049125 0.328775 0.23870874999999997 0.328775 0.23870874999999997 0.46419166718750005 0.44049125 0.46419166718750005 0.44049125 0.328775
12 0.9687187500000001 0.45336999999999994 0.84768625 0.45336999999999994 0.84768625 0.68335 0.9687187500000001 0.68335 0.9687187500000001 0.45336999999999994
12 0.73233125 0.424885 0.6446237499999999 0.424885 0.6446237499999999 0.5666483328125 0.73233125 0.5666483328125 0.73233125 0.424885
12 0.7685237500000001 0.6802566671875 0.6660462500000001 0.6802566671875 0.6660462500000001 0.8588033328125 0.7685237500000001 0.8588033328125 0.7685237500000001 0.6802566671875
12 0.123955 0.570725 0.11567000000000001 0.570725 0.11567000000000001 0.579015 0.123955 0.579015 0.123955 0.570725
12 0.71113875 0.4244833328125 0.70487625 0.4244833328125 0.70487625 0.4329366671875 0.71113875 0.4329366671875 0.71113875 0.4244833328125
12 0.8821925 0.5985366671875 0.8746425 0.5985366671875 0.8746425 0.60719 0.8821925 0.60719 0.8821925 0.5985366671875
12 0.7243625 0.48911499999999997 0.7180225 0.48911499999999997 0.7180225 0.4972116671875 0.7243625 0.4972116671875 0.7243625 0.48911499999999997
12 0.8111787500000001 0.234625 0.80405625 0.234625 0.80405625 0.2432416671875 0.8111787500000001 0.2432416671875 0.8111787500000001 0.234625
12 0.1398425 0.7549833328125 0.1313975 0.7549833328125 0.1313975 0.7645500000000001 0.1398425 0.7645500000000001 0.1398425 0.7549833328125
12 0.30644499999999997 0.390665 0.300975 0.390665 0.300975 0.398395 0.30644499999999997 0.398395 0.30644499999999997 0.390665
12 0.92305375 0.5360699999999999 0.9138612500000001 0.5360699999999999 0.9138612500000001 0.5446566671874999 0.92305375 0.5446566671874999 0.92305375 0.5360699999999999
12 0.28690375 0.4266 0.28145625 0.4266 0.28145625 0.43342666718749995 0.28690375 0.43342666718749995 0.28690375 0.4266
12 0.6429787499999999 0.5421333328125 0.63534125 0.5421333328125 0.63534125 0.5535666671875 0.6429787499999999 0.5535666671875 0.6429787499999999 0.5421333328125
12 0.9570975 0.3850566671875 0.9481775000000001 0.3850566671875 0.9481775000000001 0.39489 0.9570975 0.39489 0.9570975 0.3850566671875
12 0.64252375 0.2698216671875 0.63775125 0.2698216671875 0.63775125 0.277705 0.64252375 0.277705 0.64252375 0.2698216671875
12 0.57149875 0.22159833281250002 0.56619625 0.22159833281250002 0.56619625 0.229575 0.57149875 0.229575 0.57149875 0.22159833281250002
12 0.251535 0.3675233328125 0.245045 0.3675233328125 0.245045 0.3753166671875 0.251535 0.3753166671875 0.251535 0.3675233328125
12 0.22913875 0.4943733328125 0.22349625 0.4943733328125 0.22349625 0.5010666671874999 0.22913875 0.5010666671874999 0.22913875 0.4943733328125
12 0.7995075 0.6831733328125 0.7874075 0.6831733328125 0.7874075 0.6918266671875 0.7995075 0.6918266671875 0.7995075 0.6831733328125
12 0.45550750000000007 0.5663533328125 0.44781250000000006 0.5663533328125 0.44781250000000006 0.5762266671875 0.45550750000000007 0.5762266671875 0.45550750000000007 0.5663533328125
12 0.9002337499999999 0.36682000000000003 0.8907812500000001 0.36682000000000003 0.8907812500000001 0.37862 0.9002337499999999 0.37862 0.9002337499999999 0.36682000000000003
12 0.42332000000000003 0.3789166671875 0.4175 0.3789166671875 0.4175 0.38671 0.42332000000000003 0.38671 0.42332000000000003 0.3789166671875
12 0.4922375 0.0634183328125 0.4867675 0.0634183328125 0.4867675 0.07183500000000001 0.4922375 0.07183500000000001 0.4922375 0.0634183328125
12 0.5520475 0.17494 0.5456075 0.17494 0.5456075 0.1831333328125 0.5520475 0.1831333328125 0.5520475 0.17494
12 0.26390375 0.5262866671875 0.25416125 0.5262866671875 0.25416125 0.5368666671875 0.26390375 0.5368666671875 0.26390375 0.5262866671875
12 0.364095 0.6897 0.35856 0.6897 0.35856 0.69702 0.364095 0.69702 0.364095 0.6897
12 0.8435124999999999 0.3055316671875 0.8351974999999999 0.3055316671875 0.8351974999999999 0.3214216671875 0.8435124999999999 0.3214216671875 0.8435124999999999 0.3055316671875
12 0.2494075 0.1578933328125 0.24400249999999998 0.1578933328125 0.24400249999999998 0.1651866671875 0.2494075 0.1651866671875 0.2494075 0.1578933328125
12 0.35365 0.0436666671875 0.21150000000000002 0.0436666671875 0.21150000000000002 0.14887333281249998 0.35365 0.14887333281249998 0.35365 0.0436666671875
12 0.59661 0.077 0.44025 0.077 0.44025 0.20750666718750002 0.59661 0.20750666718750002 0.59661 0.077
11 0.18175 0 0.17225 0.013333332812500001 0.1655 0.0266666671875 0.15975 0.0336666671875 0.14925 0.05 0.14250000000000002 0.0626666671875 0.13974999999999999 0.0773333328125 0.14325000000000002 0.0883333328125 0.14550000000000002 0.0926666671875 0.16075 0.1126666671875 0.1955 0.1463333328125 0.20274999999999999 0.1513333328125 0.21025 0.1586666671875 0.21525 0.1613333328125 0.22425 0.16999999999999998 0.25375000000000003 0.191 0.26 0.1973333328125 0.26549999999999996 0.2 0.27275 0.20866666718750002 0.2805 0.21433333281250003 0.28625 0.22033333281249998 0.298 0.2273333328125 0.30025 0.23033333281249999 0.298 0.2713333328125 0.2945 0.273 0.29 0.27799999999999997 0.26975 0.286 0.26325 0.2916666671875 0.2445 0.2996666671875 0.22625 0.312 0.197 0.3516666671875 0.18675 0.368 0.18025 0.3823333328125 0.172 0.3956666671875 0.16575 0.417 0.15875 0.4286666671875 0.15475 0.445 0.14675 0.4623333328125 0.13825 0.49066666718749996 0.13225 0.49766666718749997 0.1255 0.5143333328125 0.11975 0.522 0.11325 0.5453333328125 0.10024999999999999 0.5690000000000001 0.08825 0.5866666671874999 0.08525 0.5936666671874999 0.08249999999999999 0.6063333328125 0.08225 0.635 0.0805 0.6426666671875 0.07225000000000001 0.6656666671875 0.0675 0.696 0.063 0.712 0.058499999999999996 0.722 0.0505 0.7623333328124999 0.041499999999999995 0.7696666671875 0.0375 0.7753333328124999 0.034499999999999996 0.7823333328125 0.0305 0.8046666671875 0.029249999999999998 0.8226666671875 0.027000000000000003 0.834 0.027000000000000003 0.8626666671875001 0.02525 0.8673333328125 0.01875 0.8763333328125 0.01575 0.884 0.0155 0.8869999999999999 0.01775 0.8943333328125 0.018 0.8996666671875 0.01125 0.9063333328125 0.00775 0.9126666671875 0.0075 0.923 0.00825 0.9256666671874999 0.01875 0.942 0.02475 0.9466666671875 0.03725 0.9493333328125001 0.0505 0.9453333328125 0.057999999999999996 0.9536666671875 0.06275 0.9633333328125 0.06925 0.9683333328125 0.075 0.978 0.079 0.9733333328124999 0.0885 0.9493333328125001 0.122 0.9470000000000001 0.12225 0.95 0.12525 0.952 0.129 0.952 0.1355 0.95 0.1375 0.9480000000000001 0.1405 0.9480000000000001 0.1525 0.9556666671875 0.1665 0.96 0.1785 0.9696666671875 0.18775 0.9800000000000001 0.1965 0.986 0.19575 0.9893333328124999 0.18625 0.9996666671875 0.603 0.9996666671875 0.608 0.9963333328124999 0.6195 0.9926666671875 0.6375 0.9906666671875 0.6519999999999999 0.9869999999999999 0.65725 0.9869999999999999 0.6595 0.9890000000000001 0.66425 0.9996666671875 0.7150000000000001 0.9996666671875 0.71825 0.994 0.731 0.978 0.74075 0.969 0.745 0.9633333328125 0.7525000000000001 0.9573333328125001 0.7577499999999999 0.9483333328124999 0.76625 0.943 0.771 0.9356666671875 0.78 0.9306666671875 0.786 0.922 0.79125 0.9199999999999999 0.79625 0.9099999999999999 0.80525 0.9053333328125 0.80725 0.9003333328125 0.81125 0.8960000000000001 0.8175000000000001 0.8939999999999999 0.82025 0.889 0.84975 0.8766666671875001 0.852 0.8726666671875 0.8465 0.8653333328124999 0.8467499999999999 0.859 0.849 0.8513333328125 0.85025 0.8496666671875 0.8585 0.8536666671875001 0.8622500000000001 0.852 0.8637499999999999 0.8463333328125 0.8627499999999999 0.8403333328124999 0.8637499999999999 0.8353333328125 0.8720000000000001 0.8326666671874999 0.875 0.827 0.87575 0.8223333328125 0.87375 0.8156666671874999 0.87375 0.8109999999999999 0.87625 0.8093333328125001 0.8815 0.8136666671875 0.8877499999999999 0.8140000000000001 0.8977499999999999 0.807 0.9109999999999999 0.8009999999999999 0.915 0.798 0.9255000000000001 0.7769999999999999 0.9272500000000001 0.759 0.9359999999999999 0.7426666671875 0.9445 0.7326666671875001 0.9465 0.7230000000000001 0.94625 0.7186666671874999 0.945 0.716 0.95 0.706 0.9512499999999999 0.6976666671875 0.95075 0.6940000000000001 0.9477499999999999 0.6886666671875 0.94675 0.6799999999999999 0.94675 0.6703333328125 0.9487500000000001 0.658 0.9505000000000001 0.653 0.9545 0.6496666671875 0.9577500000000001 0.6436666671875 0.95975 0.6346666671875 0.962 0.6096666671875 0.96675 0.6026666671875 0.9695 0.5956666671875 0.9705 0.5823333328125 0.97325 0.5666666671875 0.9792500000000001 0.5483333328125 0.98525 0.505 0.98675 0.4623333328125 0.9862500000000001 0.44299999999999995 0.9824999999999999 0.3933333328125 0.9775 0.37 0.9657500000000001 0.3413333328125 0.95875 0.3323333328125 0.954 0.3233333328125 0.9470000000000001 0.3136666671875 0.9295 0.29333333281249996 0.907 0.2736666671875 0.8975 0.2683333328125 0.89125 0.26233333281250004 0.8717499999999999 0.24933333281249997 0.859 0.244 0.84975 0.23733333281250002 0.8247500000000001 0.2306666671875 0.8089999999999999 0.2216666671875 0.79525 0.2176666671875 0.78675 0.211 0.7707499999999999 0.20433333281250002 0.76775 0.2006666671875 0.7625 0.1903333328125 0.76275 0.187 0.7735000000000001 0.1673333328125 0.77425 0.1636666671875 0.77275 0.1606666671875 0.769 0.1573333328125 0.76025 0.154 0.74675 0.1433333328125 0.73475 0.141 0.73175 0.136 0.7295 0.128 0.72825 0.097 0.72975 0.048 0.7264999999999999 0.014333332812499999 0.7224999999999999 0 0.18175 0