12 0.52357090625 0.2883785640625 0.42434210468750005 0.2883785640625 0.42434210468750005 0.4561663921875 0.52357090625 0.4561663921875 0.52357090625 0.2883785640625
12 0.5114437140625 0.2144174890625 0.4353326015625 0.2144174890625 0.4353326015625 0.3901987390625 0.5114437140625 0.3901987390625 0.5114437140625 0.2144174890625
12 0.4591072734375 0.1884142 0.3406990125 0.1884142 0.3406990125 0.48321409062500004 0.4591072734375 0.48321409062500004 0.4591072734375 0.1884142
12 0.40757675468750004 0.408233278125 0.3565826015625 0.408233278125 0.3565826015625 0.4911800984375 0.40757675468750004 0.4911800984375 0.40757675468750004 0.408233278125
12 0.7277832609375 0.12112390312500002 0.40209978125 0.12112390312500002 0.40209978125 0.460783990625 0.7277832609375 0.460783990625 0.7277832609375 0.12112390312500002
12 0.569579678125 0.270903234375 0.262938596875 0.270903234375 0.262938596875 0.5669860203125 0.569579678125 0.5669860203125 0.569579678125 0.270903234375
12 0 0.7240912828125 0.0895687140625 0.7240912828125 0.0895687140625 0.431670778125 0 0.431670778125 0 0.7240912828125
12 0.5962070546875 0.5007017546875 0.548325109375 0.5007017546875 0.548325109375 0.57522478125 0.5962070546875 0.57522478125 0.5962070546875 0.5007017546875
12 0.73165935625 0.276110196875 0.62771564375 0.276110196875 0.62771564375 0.29297971562499997 0.73165935625 0.29297971562499997 0.73165935625 0.276110196875
12 0.8048702484374999 0.12963815781250002 0.696105628125 0.12963815781250002 0.696105628125 0.333251096875 0.8048702484374999 0.333251096875 0.8048702484374999 0.12963815781250002
12 0.54052814375 0.6268599234375001 0.24365314374999997 0.6268599234375001 0.24365314374999997 0.6651302078125 0.54052814375 0.6651302078125 0.54052814375 0.6268599234375001
12 0.57056469375 0.26798656875 0.5427174703125 0.26798656875 0.5427174703125 0.31245751093749996 0.57056469375 0.31245751093749996 0.57056469375 0.26798656875
12 0.8778682390625001 1 0.8778682390625001 0.6691598140624999 0.7744745984375 0.6691598140624999 0.7744745984375 1 0.8778682390625001 1
12 0.1054230625 0.7605276859375001 0.059127375 0.7605276859375001 0.059127375 0.9999986296875001 0.1054230625 0.9999986296875001 0.1054230625 0.7605276859375001
12 0.6614373171875 0.3621820171875 0.542663559375 0.3621820171875 0.542663559375 0.5482182015625 0.6614373171875 0.5482182015625 0.6614373171875 0.3621820171875
12 0.3109137421875 0.4144586078125 0.20861842031250002 0.4144586078125 0.20861842031250002 0.591155428125 0.3109137421875 0.591155428125 0.3109137421875 0.4144586078125
12 0.6121673984375 0.4621587171875 0.574356725 0.4621587171875 0.574356725 0.5676274671875 0.6121673984375 0.5676274671875 0.6121673984375 0.4621587171875
12 0.2639153875 0.8340912828124999 0.14306560625 0.8340912828124999 0.14306560625 0.8827069625 0.2639153875 0.8827069625 0.2639153875 0.8340912828124999
12 0.67059301875 0.383023575 0.4758908984375 0.383023575 0.4758908984375 0.4072615125 0.67059301875 0.4072615125 0.67059301875 0.383023575
12 0.60742233125 0.457901590625 0.3325191890625 0.457901590625 0.3325191890625 0.5176850328125 0.60742233125 0.5176850328125 0.60742233125 0.457901590625
12 0.22802722968750003 0.7320559203125 0.0666511328125 0.7320559203125 0.0666511328125 0.9949945171874999 0.22802722968750003 0.9949945171874999 0.22802722968750003 0.7320559203125
12 0.7228088453125 0.24170093124999997 0.6111750734375 0.24170093124999997 0.6111750734375 0.5559087171875 0.7228088453125 0.5559087171875 0.7228088453125 0.24170093124999997
12 0.7757108921875 0.1671861296875 0.7291721484375 0.1671861296875 0.7291721484375 0.1904180375 0.7757108921875 0.1904180375 0.7757108921875 0.1671861296875
12 0.642272478125 0.09384046093750001 0.5159292765625 0.09384046093750001 0.5159292765625 0.20828125000000003 0.642272478125 0.20828125000000003 0.642272478125 0.09384046093750001
12 0.6274945171875 0.8876055375 0.6029733187499999 0.8876055375 0.6029733187499999 0.9991159546875 0.6274945171875 0.9991159546875 0.6274945171875 0.8876055375
12 0.60522478125 0.4969476421875 0.3825676171875 0.4969476421875 0.3825676171875 0.523315515625 0.60522478125 0.523315515625 0.60522478125 0.4969476421875
12 0.5486759875 0.1113294953125 0.4347231359375 0.1113294953125 0.4347231359375 0.21661458281249998 0.5486759875 0.21661458281249998 0.5486759875 0.1113294953125
12 0.6667479890625 0.2723697921875 0.526610928125 0.2723697921875 0.526610928125 0.42233415625 0.6667479890625 0.42233415625 0.6667479890625 0.2723697921875
12 0.6722715640625 0.15422012031250001 0.6040953953125 0.15422012031250001 0.6040953953125 0.258499178125 0.6722715640625 0.258499178125 0.6722715640625 0.15422012031250001
12 0.3718649484375 0.40442160156250007 0.3522578578125 0.40442160156250007 0.3522578578125 0.43493146875 0.3718649484375 0.43493146875 0.3718649484375 0.40442160156250007
12 0.5997925796875 0.447966009375 0.45782437812500004 0.447966009375 0.45782437812500004 0.640411184375 0.5997925796875 0.640411184375 0.5997925796875 0.447966009375
12 0.128296784375 0.2745668859375 0.09375 0.2745668859375 0.09375 0.3490899125 0.128296784375 0.3490899125 0.128296784375 0.2745668859375
12 0.21633863281250001 0.314758771875 0.183807565625 0.314758771875 0.183807565625 0.572203946875 0.21633863281250001 0.572203946875 0.21633863281250001 0.314758771875
12 0.5478508765625001 0.47067434218750004 0.3447258765625 0.47067434218750004 0.3447258765625 0.6894846484375 0.5478508765625001 0.6894846484375 0.5478508765625001 0.47067434218750004
12 0.508118603125 0.5724780703125 0.393738121875 0.5724780703125 0.393738121875 0.6960745609375001 0.508118603125 0.6960745609375001 0.508118603125 0.5724780703125
12 0.3052978796875 0.707245065625 0.1380610375 0.707245065625 0.1380610375 0.8703919953125 0.3052978796875 0.8703919953125 0.3052978796875 0.707245065625
12 0.3659667390625 0.506467928125 0.233642178125 0.506467928125 0.233642178125 0.6339103625 0.3659667390625 0.6339103625 0.3659667390625 0.506467928125
12 0.569153875 0.091827028125 0.3795778515625 0.091827028125 0.3795778515625 0.15096902343750002 0.569153875 0.15096902343750002 0.569153875 0.091827028125
12 0.3985599421875 0.14018914531249999 0.2449963453125 0.14018914531249999 0.2449963453125 0.22803453906249999 0.3985599421875 0.22803453906249999 0.3985599421875 0.14018914531249999
12 0.45892269687500004 0.1354057015625 0.3281862203125 0.1354057015625 0.3281862203125 0.280241228125 0.45892269687500004 0.280241228125 0.45892269687500004 0.1354057015625
12 0.39715551875 0.274520284375 0.2976690421875 0.274520284375 0.2976690421875 0.40846217031250004 0.39715551875 0.40846217031250004 0.39715551875 0.274520284375
12 0.6038815796875 0.1151274671875 0.4801023390625 0.1151274671875 0.4801023390625 0.2884361296875 0.6038815796875 0.2884361296875 0.6038815796875 0.1151274671875
12 0.329193165625 0.220916940625 0.2274479171875 0.220916940625 0.2274479171875 0.385163103125 0.329193165625 0.385163103125 0.329193165625 0.220916940625
12 0.54074013125 0.383834978125 0.4553527046875 0.383834978125 0.4553527046875 0.506790021875 0.54074013125 0.506790021875 0.54074013125 0.383834978125
12 0.3843996703125 0.8216872265624999 0.1253664109375 0.8216872265624999 0.1253664109375 0.994721765625 0.3843996703125 0.994721765625 0.3843996703125 0.8216872265624999
12 0.52014254375 0.4999684765625 0.4417726609375 0.4999684765625 0.4417726609375 0.649932840625 0.52014254375 0.649932840625 0.52014254375 0.4999684765625
12 0.517516446875 0.100158990625 0.2803344296875 0.100158990625 0.2803344296875 0.1875 0.517516446875 0.1875 0.517516446875 0.100158990625
12 0.4068987578125 0.446640625 0.3806999265625 0.446640625 0.3806999265625 0.48793174375000004 0.4068987578125 0.48793174375000004 0.4068987578125 0.446640625
12 0.1835325296875 0.5859388703125 0.01715095 0.5859388703125 0.01715095 0.8173834984375 0.1835325296875 0.8173834984375 0.1835325296875 0.5859388703125
12 0.058414656249999995 0.630811403125 0.04467379375 0.630811403125 0.04467379375 0.651661184375 0.058414656249999995 0.651661184375 0.058414656249999995 0.630811403125
12 0.3870851609375 0.33545093125 0.038697003125000004 0.33545093125 0.038697003125000004 0.750733278125 0.3870851609375 0.750733278125 0.3870851609375 0.33545093125
12 0.9999990859375 0.786827028125 0.9096061765625001 0.786827028125 0.9096061765625001 0.8684470937500001 0.9999990859375 0.8684470937500001 0.9999990859375 0.786827028125
12 0.70291849375 0.18470120625 0.6945413015625 0.18470120625 0.6945413015625 0.19688870625 0.70291849375 0.19688870625 0.70291849375 0.18470120625
12 0.743315971875 0.2786869515625 0.6697688234375 0.2786869515625 0.6697688234375 0.384887609375 0.743315971875 0.384887609375 0.743315971875 0.2786869515625
12 0.046799159374999996 0.38878563593750004 0.0338294953125 0.38878563593750004 0.0338294953125 0.4102878296875 0.046799159374999996 0.4102878296875 0.046799159374999996 0.38878563593750004
12 0.37577028437500004 0.44245065781250004 0.3654395109375 0.44245065781250004 0.3654395109375 0.45696271875 0.37577028437500004 0.45696271875 0.37577028437500004 0.44245065781250004
12 0.1215816890625 0.26046874999999997 0.0023803 0.26046874999999997 0.0023803 0.6001288375 0.1215816890625 0.6001288375 0.1215816890625 0.26046874999999997
12 0.1364601609375 0.6291392546875 0.11647112500000001 0.6291392546875 0.11647112500000001 0.649671053125 0.1364601609375 0.649671053125 0.1364601609375 0.6291392546875
12 0.9973154234375 0.5954125546875 0.791748903125 0.5954125546875 0.791748903125 0.6899876640625 0.9973154234375 0.6899876640625 0.9973154234375 0.5954125546875
12 0.9003152406250001 0.9522615125 0.8574990859374999 0.9522615125 0.8574990859374999 0.99597861875 0.9003152406250001 0.99597861875 0.9003152406250001 0.9522615125
12 0.7051991953125001 0.3374643640625 0.6668695171875 0.3374643640625 0.6668695171875 0.39495888125 0.7051991953125001 0.39495888125 0.7051991953125001 0.3374643640625
12 0.53710891875 0.6516968203125 0.3349597953125 0.6516968203125 0.3349597953125 0.7281880484375 0.53710891875 0.7281880484375 0.53710891875 0.6516968203125
12 0.20904513906250002 0.592530153125 0.1141968203125 0.592530153125 0.1141968203125 0.717042215625 0.20904513906250002 0.717042215625 0.20904513906250002 0.592530153125
12 0.22999543125000002 0.48326206093749996 0.2121427265625 0.48326206093749996 0.2121427265625 0.5128344296875 0.22999543125000002 0.5128344296875 0.22999543125000002 0.48326206093749996
12 0.515792215625 0.21990816875000002 0.4656514984375 0.21990816875000002 0.4656514984375 0.2843626640625 0.515792215625 0.2843626640625 0.515792215625 0.21990816875000002
12 0.999450840625 0.613219571875 0.854065240625 0.613219571875 0.854065240625 0.842833059375 0.999450840625 0.842833059375 0.999450840625 0.613219571875
12 0.40154239843750006 0.9507017546875 0.388008040625 0.9507017546875 0.388008040625 0.9697094296875 0.40154239843750006 0.9697094296875 0.40154239843750006 0.9507017546875
12 0.024032346875 0.7014432562499999 0.009414290625 0.7014432562499999 0.009414290625 0.719455865625 0.024032346875 0.719455865625 0.024032346875 0.7014432562499999
12 0.3094490125 0.907653509375 0.2198492328125 0.907653509375 0.2198492328125 0.977598684375 0.3094490125 0.977598684375 0.3094490125 0.907653509375
12 0.660232090625 0.2973355265625 0.6483607453125 0.2973355265625 0.6483607453125 0.3127741234375 0.660232090625 0.3127741234375 0.660232090625 0.2973355265625
11 0.190241228125 0.5962171046875 0.1875 0.6099232453125001 0.1887792390625 0.6145833328125 0.192616959375 0.6219846484375 0.194992690625 0.634046053125 0.19773391875 0.6381578953125 0.20833333281250002 0.647203946875 0.215277778125 0.6513157890625 0.2388523390625 0.6724232453125001 0.26663011718749996 0.691885965625 0.2779605265625 0.7014802625 0.2903874265625 0.7102521937499999 0.295687134375 0.7127192984375 0.42817982499999996 0.7395833328125 0.44608918124999997 0.737116228125 0.47277046718750004 0.726973684375 0.49945175468749997 0.710526315625 0.521564328125 0.690241228125 0.5361842109375 0.673793859375 0.5456871343749999 0.6609100875 0.5639619890625001 0.631578946875 0.5793128656250001 0.6091008765625 0.5942982453125001 0.582510965625 0.5977704671875 0.571546053125 0.6045321640625 0.55701754375 0.6129385968750001 0.5466008765625 0.6255482453125001 0.5282346484375 0.652046784375 0.4846491234375 0.6657529234374999 0.45915570156249996 0.68201754375 0.4177631578125 0.6849415203125 0.40570175468749997 0.686403509375 0.3911732453125 0.6887792390625 0.3807565796875 0.6922514625 0.3763706140625 0.7006578953125 0.3700657890625 0.71253655 0.3580043859375 0.7216739765625 0.342653509375 0.734831871875 0.3111293859375 0.7512792390625 0.268366228125 0.758223684375 0.252741228125 0.7646198828124999 0.2294407890625 0.7701023390625 0.21354166718749998 0.7759502921875 0.19133771875 0.7911184203125 0.154331140625 0.79915935625 0.1403508765625 0.8108552625 0.1280153515625 0.8132309937500001 0.1244517546875 0.8177997078124999 0.11677631562499999 0.817616959375 0.112938596875 0.8123172515625001 0.111293859375 0.8068347953125 0.111293859375 0.7889254390625 0.11403508749999999 0.7728435671875 0.11403508749999999 0.756578946875 0.11101973750000001 0.67105263125 0.10169956093750002 0.648026315625 0.095668859375 0.61951754375 0.08525219375000001 0.60855263125 0.0830592109375 0.59612573125 0.08278508749999999 0.5623172515625 0.08991228125 0.5168128656250001 0.0951206140625 0.49616228125 0.09923245625 0.48446637499999995 0.10361842031249999 0.4592470765625 0.1162280703125 0.4274488296875 0.12856359687500002 0.40405701718750003 0.13459429843749998 0.3640350875 0.1513157890625 0.351973684375 0.1548793859375 0.3283991234375 0.158168859375 0.3177997078125 0.16255482500000001 0.3009868421875 0.174616228125 0.28819444375000003 0.18667763125 0.2505482453125 0.23163377187499998 0.2375731 0.251918859375 0.2123538015625 0.30235745625 0.208150584375 0.31606359687499996 0.19919590625 0.35334429843750004 0.1948099421875 0.40487938593750006 0.19298245625 0.418311403125 0.18987573124999998 0.43201754374999995 0.1876827484375 0.460526315625 0.1876827484375 0.5041118421874999 0.190606725 0.564418859375 0.190606725 0.5865729171875 0.190241228125 0.5962171046875