12 0.710673428125 0.307567159375 0.5815049343750001 0.307567159375 0.5815049343750001 0.5679427078125 0.710673428125 0.5679427078125 0.710673428125 0.307567159375
12 0.746398940625 0.245452303125 0.5827019375 0.245452303125 0.5827019375 0.461334978125 0.746398940625 0.461334978125 0.746398940625 0.245452303125
12 0.7203371703125 0.2944339359375 0.4827878296875 0.2944339359375 0.4827878296875 0.6665035640625 0.7203371703125 0.6665035640625 0.7203371703125 0.2944339359375
12 0.6452631578125 0.49204906875 0.5178216375 0.49204906875 0.5178216375 0.6739651859375 0.6452631578125 0.6739651859375 0.6452631578125 0.49204906875
12 0.58441155 0.511436403125 0.5210562859375 0.511436403125 0.5210562859375 0.5937883765625 0.58441155 0.5937883765625 0.58441155 0.511436403125
12 0.8978874265625001 0.253830865625 0.76519736875 0.253830865625 0.76519736875 0.37056058125 0.8978874265625001 0.37056058125 0.8978874265625001 0.253830865625
12 0.8389903140625 0.3678591015625 0.76843293125 0.3678591015625 0.76843293125 0.46344024062500006 0.8389903140625 0.46344024062500006 0.8389903140625 0.3678591015625
12 0.199584246875 0.59767955 0.15710435 0.59767955 0.15710435 0.65769325625 0.199584246875 0.65769325625 0.199584246875 0.59767955
12 0.628814875 0.591796875 0.5332940421875 0.591796875 0.5332940421875 0.7082524671875 0.628814875 0.7082524671875 0.628814875 0.591796875
12 0.5784228796875001 0.5445600328125 0.5622021203124999 0.5445600328125 0.5622021203124999 0.567254659375 0.5784228796875001 0.567254659375 0.5784228796875001 0.5445600328125
12 0.24823007968750002 0.5861650218750001 0.1506953578125 0.5861650218750001 0.1506953578125 0.7131496703125 0.24823007968750002 0.7131496703125 0.24823007968750002 0.5861650218750001
12 0.7561759875 0.243903509375 0.744799890625 0.243903509375 0.744799890625 0.2596381578125 0.7561759875 0.2596381578125 0.7561759875 0.243903509375
12 0.6571655703125 0.3389048796875 0.6240844296875 0.3389048796875 0.6240844296875 0.3913199015625 0.6571655703125 0.3913199015625 0.6571655703125 0.3389048796875
12 0.8704824562500001 0.2832182015625 0.8609612578125001 0.2832182015625 0.8609612578125001 0.3008881578125 0.8704824562500001 0.3008881578125 0.8704824562500001 0.2832182015625
12 0.6134722218750001 0.6335923796875 0.5847697375 0.6335923796875 0.5847697375 0.6562047703125 0.6134722218750001 0.6562047703125 0.6134722218750001 0.6335923796875
12 0.6940990499999999 0.16290021875 0.6721107453124999 0.16290021875 0.6721107453124999 0.18133771875 0.6940990499999999 0.18133771875 0.6940990499999999 0.16290021875
12 0.266334978125 0.62102521875 0.2483141453125 0.62102521875 0.2483141453125 0.6467982453125 0.266334978125 0.6467982453125 0.266334978125 0.62102521875
12 0.18024396874999998 0.6234525765625001 0.165457784375 0.6234525765625001 0.165457784375 0.650231634375 0.18024396874999998 0.650231634375 0.18024396874999998 0.6234525765625001
12 0.5771683109375 0.5579728625 0.566387975 0.5579728625 0.566387975 0.572153234375 0.5771683109375 0.572153234375 0.5771683109375 0.5579728625
12 0.4268000734375 0.52029468125 0.41206688593749996 0.52029468125 0.41206688593749996 0.5417173796875 0.4268000734375 0.5417173796875 0.4268000734375 0.52029468125
12 0.6332547515625 0.193260690625 0.62358004375 0.193260690625 0.62358004375 0.20993558124999998 0.6332547515625 0.20993558124999998 0.6332547515625 0.193260690625
12 0.622355628125 0.3073629390625 0.6149506578125 0.3073629390625 0.6149506578125 0.318125 0.622355628125 0.318125 0.622355628125 0.3073629390625
12 0.12597313593749998 0.3764007671875 0.110843384375 0.3764007671875 0.110843384375 0.39483826718750004 0.12597313593749998 0.39483826718750004 0.12597313593749998 0.3764007671875
12 0.37733826718749996 0.20657894687499997 0.36777869218750003 0.20657894687499997 0.36777869218750003 0.2196929828125 0.37733826718749996 0.2196929828125 0.37733826718749996 0.20657894687499997
12 0.47104166718749996 0.114898575 0.457668128125 0.114898575 0.457668128125 0.1322944078125 0.47104166718749996 0.1322944078125 0.47104166718749996 0.114898575
12 0.8347989765625 0.2876288375 0.8273099421874999 0.2876288375 0.8273099421874999 0.2972121703125 0.8347989765625 0.2972121703125 0.8347989765625 0.2876288375
12 0.3167379390625 0.0704906796875 0.3043548984375 0.0704906796875 0.3043548984375 0.0876233546875 0.3167379390625 0.0876233546875 0.3167379390625 0.0704906796875
12 0.780716375 0.374924615625 0.7710416671875 0.374924615625 0.7710416671875 0.3889898578125 0.780716375 0.3889898578125 0.780716375 0.374924615625
12 0.42746801874999996 0.26899808125 0.4192132671875 0.26899808125 0.4192132671875 0.28361156875 0.42746801874999996 0.28361156875 0.42746801874999996 0.26899808125
12 0.5813176171875 0.6857415015625 0.57102521875 0.6857415015625 0.57102521875 0.6992694625 0.5813176171875 0.6992694625 0.5813176171875 0.6857415015625
12 0.8736092843750001 0.30291392500000003 0.866624634375 0.30291392500000003 0.866624634375 0.3119544953125 0.8736092843750001 0.3119544953125 0.8736092843750001 0.30291392500000003
12 0.47645650625 0.0557552078125 0.4507913015625 0.0557552078125 0.4507913015625 0.08212308125 0.47645650625 0.08212308125 0.47645650625 0.0557552078125
12 0.3842470765625 0.19036184218750002 0.3721016078125 0.19036184218750002 0.3721016078125 0.2051480265625 0.3842470765625 0.2051480265625 0.3842470765625 0.19036184218750002
12 0.46664016875 0.24538514218750002 0.45279331093749997 0.24538514218750002 0.45279331093749997 0.269143365625 0.46664016875 0.269143365625 0.46664016875 0.24538514218750002
12 0.48189510156250004 0.702801534375 0.47318165156249997 0.702801534375 0.47318165156249997 0.71443530625 0.48189510156250004 0.71443530625 0.48189510156250004 0.702801534375
12 0.7004650953125 0.3098190796875 0.6930911921875 0.3098190796875 0.6930911921875 0.318963815625 0.7004650953125 0.318963815625 0.7004650953125 0.3098190796875
12 0.5611613671875 0.6814583328125 0.5530966734375 0.6814583328125 0.5530966734375 0.6925657890625 0.5611613671875 0.6925657890625 0.5611613671875 0.6814583328125
12 0.707325475 0.20312911250000001 0.6979486484375 0.20312911250000001 0.6979486484375 0.2147162828125 0.707325475 0.2147162828125 0.707325475 0.20312911250000001
12 0.728660453125 0.3706167765625 0.718605628125 0.3706167765625 0.718605628125 0.3830455046875 0.728660453125 0.3830455046875 0.728660453125 0.3706167765625
12 0.89869060625 0.351206140625 0.8903737203125001 0.351206140625 0.8903737203125001 0.36144188593750004 0.89869060625 0.36144188593750004 0.89869060625 0.351206140625
12 0.5024661921875 0.720126096875 0.4950922875 0.720126096875 0.4950922875 0.7315350875 0.5024661921875 0.7315350875 0.5024661921875 0.720126096875
12 0.5283196265625001 0.24384594375000002 0.5205071265625001 0.24384594375000002 0.5205071265625001 0.254202303125 0.5283196265625001 0.254202303125 0.5283196265625001 0.24384594375000002
12 0.7615204671875 0.3211759875 0.755080409375 0.3211759875 0.755080409375 0.3314117328125 0.7615204671875 0.3314117328125 0.7615204671875 0.3211759875
12 0.66511513125 0.2584018640625 0.65715095 0.2584018640625 0.65715095 0.26820997812499997 0.66511513125 0.26820997812499997 0.66511513125 0.2584018640625
12 0.558738121875 0.5812911187500001 0.5320805921875 0.5812911187500001 0.5320805921875 0.615485196875 0.558738121875 0.615485196875 0.558738121875 0.5812911187500001
12 0.6157684578125 0.5120298796875 0.60688870625 0.5120298796875 0.60688870625 0.5221477515624999 0.6157684578125 0.5221477515624999 0.6157684578125 0.5120298796875
12 0.15785270468749998 0.5565940234375 0.1456158625 0.5565940234375 0.1456158625 0.573532071875 0.15785270468749998 0.573532071875 0.15785270468749998 0.5565940234375
12 0.192116228125 0.6082182015625001 0.1819078953125 0.6082182015625001 0.1819078953125 0.624446271875 0.192116228125 0.624446271875 0.192116228125 0.6082182015625001
12 0.6133552625 0.5231716015625001 0.6063706140625 0.5231716015625001 0.6063706140625 0.532979715625 0.6133552625 0.532979715625 0.6133552625 0.5231716015625001
12 0.641885965625 0.1554769734375 0.63448099375 0.1554769734375 0.63448099375 0.166239034375 0.641885965625 0.166239034375 0.641885965625 0.1554769734375
12 0.565411184375 0.3141049890625 0.5586129390625 0.3141049890625 0.5586129390625 0.3234662828125 0.565411184375 0.3234662828125 0.565411184375 0.3141049890625
12 0.55527595 0.17975328906250002 0.5462883765625001 0.17975328906250002 0.5462883765625001 0.1923190796875 0.55527595 0.1923190796875 0.55527595 0.17975328906250002
12 0.5831213453124999 0.7256976421875 0.569221490625 0.7256976421875 0.569221490625 0.739878015625 0.5831213453124999 0.739878015625 0.5831213453124999 0.7256976421875
12 0.34521107500000003 0.8292955046875001 0.3300813234375 0.8292955046875001 0.3300813234375 0.8508799343750001 0.34521107500000003 0.8508799343750001 0.34521107500000003 0.8292955046875001
12 0.4924725875 0.53764665625 0.4850676171875 0.53764665625 0.4850676171875 0.54780290625 0.4924725875 0.54780290625 0.4924725875 0.53764665625
12 0.8319206875 0.43568256562499996 0.8253051906250001 0.43568256562499996 0.8253051906250001 0.44469024062500007 0.8319206875 0.44469024062500007 0.8319206875 0.43568256562499996
12 0.0091054453125 0.27169545 0.00022569375 0.27169545 0.00022569375 0.2842146375 0.0091054453125 0.2842146375 0.0091054453125 0.27169545
12 0.5312582234375001 0.6194078953125 0.5244069812500001 0.6194078953125 0.5244069812500001 0.6293695171875 0.5312582234375001 0.6293695171875 0.5312582234375001 0.6194078953125
12 0.1991237203125 0.9546258218749999 0.1893046421875 0.9546258218749999 0.1893046421875 0.9672491781250001 0.1991237203125 0.9672491781250001 0.1991237203125 0.9546258218749999
12 0.42629660156250004 0.6496751640625 0.416477521875 0.6496751640625 0.416477521875 0.6642886515625 0.42629660156250004 0.6642886515625 0.42629660156250004 0.6496751640625
12 0.3116100140625 0.0736321265625 0.29727521874999996 0.0736321265625 0.29727521874999996 0.091987390625 0.3116100140625 0.091987390625 0.3116100140625 0.0736321265625
12 0.3241465640625 0.31186814687500003 0.31550255781250003 0.31186814687500003 0.31550255781250003 0.32387198437500003 0.3241465640625 0.32387198437500003 0.3241465640625 0.31186814687500003
12 0.450728253125 0.7012609656250001 0.44184850156250005 0.7012609656250001 0.44184850156250005 0.711578946875 0.450728253125 0.711578946875 0.450728253125 0.7012609656250001
12 0.24887792343749998 0.26175575625 0.2398903515625 0.26175575625 0.2398903515625 0.2743791125 0.24887792343749998 0.2743791125 0.24887792343749998 0.26175575625
12 0.48215186406250005 0.7443832234375 0.4724387796875 0.7443832234375 0.4724387796875 0.7556167765625 0.48215186406250005 0.7556167765625 0.48215186406250005 0.7443832234375
12 0.8970029234375 0.332815240625 0.8891301171875 0.332815240625 0.8891301171875 0.343577303125 0.8970029234375 0.343577303125 0.8970029234375 0.332815240625
12 0.22721948125 0.33779057031250004 0.218094846875 0.33779057031250004 0.218094846875 0.35141995625 0.22721948125 0.35141995625 0.22721948125 0.33779057031250004
12 0.23626279218750001 0.48029742343750004 0.225893640625 0.48029742343750004 0.225893640625 0.493825384375 0.23626279218750001 0.493825384375 0.23626279218750001 0.48029742343750004
12 0.5880592109375 0.130882675 0.580884503125 0.130882675 0.580884503125 0.1408442984375 0.5880592109375 0.1408442984375 0.5880592109375 0.130882675
12 0.490535453125 0.7632524671875001 0.48407346562500003 0.7632524671875001 0.48407346562500003 0.773370340625 0.490535453125 0.773370340625 0.490535453125 0.7632524671875001
12 0.608444809375 0.131022478125 0.598587353125 0.131022478125 0.598587353125 0.1421683109375 0.608444809375 0.1421683109375 0.608444809375 0.131022478125
12 0.089556834375 0.824997259375 0.0787764984375 0.824997259375 0.0787764984375 0.8419928734375001 0.089556834375 0.8419928734375001 0.089556834375 0.824997259375
12 0.8362573093749999 0.0873177078125 0.7897185671875 0.0873177078125 0.7897185671875 0.1426603625 0.8362573093749999 0.1426603625 0.8362573093749999 0.0873177078125
12 0.1697459796875 0.6932031249999999 0.16033077499999998 0.6932031249999999 0.16033077499999998 0.7057223140625 0.1697459796875 0.7057223140625 0.1697459796875 0.6932031249999999
12 0.8191529609374999 0.5560115125 0.7804559578125 0.5560115125 0.7804559578125 0.6019490125 0.8191529609374999 0.6019490125 0.8191529609374999 0.5560115125
12 0.056503106250000004 0.6589967109375 0.0225977703125 0.6589967109375 0.0225977703125 0.7077028515625 0.056503106250000004 0.7077028515625 0.056503106250000004 0.6589967109375
12 0.6452878296875 0.3581811953125 0.637913925 0.3581811953125 0.637913925 0.36911595468749997 0.6452878296875 0.36911595468749997 0.6452878296875 0.3581811953125
12 0.2053216375 0.6822066890625 0.196776315625 0.6822066890625 0.196776315625 0.6940158984375 0.2053216375 0.6940158984375 0.2053216375 0.6822066890625
12 0.4028033625 0.424096765625 0.3950475140625 0.424096765625 0.3950475140625 0.43503152343749996 0.4028033625 0.43503152343749996 0.4028033625 0.424096765625
12 0.10159356718749998 0.8719476421874999 0.0713815796875 0.8719476421874999 0.0713815796875 0.9122299890625 0.10159356718749998 0.9122299890625 0.10159356718749998 0.8719476421874999
12 0.7308351609375 0.1315378296875 0.59045504375 0.1315378296875 0.59045504375 0.2187417765625 0.7308351609375 0.2187417765625 0.7308351609375 0.1315378296875
12 0.8480601249999999 0.45614720468750003 0.8355327125 0.45614720468750003 0.8355327125 0.4667036734375 0.8480601249999999 0.4667036734375 0.8480601249999999 0.45614720468750003
12 0.55192525625 0.590503015625 0.542800621875 0.590503015625 0.542800621875 0.6011472046875 0.55192525625 0.6011472046875 0.55192525625 0.590503015625
12 0.8636010593749999 0.5764514796875 0.8297578578125 0.5764514796875 0.8297578578125 0.62325795 0.8636010593749999 0.62325795 0.8636010593749999 0.5764514796875
12 0.791472953125 0.40580729218749995 0.7202448828125 0.40580729218749995 0.7202448828125 0.5265666125 0.791472953125 0.5265666125 0.791472953125 0.40580729218749995
12 0.3345349046875 0.0665350875 0.2958379015625 0.0665350875 0.2958379015625 0.11272478125 0.3345349046875 0.11272478125 0.3345349046875 0.0665350875
12 0.5735846125 0.7329427078124999 0.5631332234374999 0.7329427078124999 0.5631332234374999 0.7450836078124999 0.5735846125 0.7450836078124999 0.5735846125 0.7329427078124999
12 0.19187591406249999 0.98947094375 0.1823930921875 0.98947094375 0.1823930921875 0.999788925 0.19187591406249999 0.999788925 0.19187591406249999 0.98947094375
12 0.5459932390625 0.608403234375 0.5379906796875 0.608403234375 0.5379906796875 0.6184059765625001 0.5459932390625 0.6184059765625001 0.5459932390625 0.608403234375
11 0.0756578953125 0.5307017546874999 0.078216375 0.5411184203125 0.08040935625 0.555921053125 0.083150584375 0.5657894734375 0.089546784375 0.5786732453125001 0.09539473750000001 0.5970394734375 0.1025219296875 0.610471490625 0.107456140625 0.626096490625 0.1127558484375 0.6348684203125 0.1202485375 0.6537828953125 0.127741228125 0.6683114031249999 0.1328581875 0.6806469296875 0.135599415625 0.6853070171875 0.1419956140625 0.6924342109375 0.1478435671875 0.7017543859375001 0.153143275 0.7066885968750001 0.1827485375 0.73985745625 0.1900584796875 0.7458881578125001 0.1955409359375 0.752741228125 0.203581871875 0.759320175 0.20942982500000001 0.7661732453125001 0.2150950296875 0.7702850875 0.2224049703125 0.780153509375 0.2337353796875 0.792489034375 0.24067982500000001 0.797971490625 0.246527778125 0.805098684375 0.2532894734375 0.8103070171875 0.25950292343750003 0.8177083328125001 0.265716375 0.8223684203125 0.271929825 0.82894736875 0.27741228125 0.8325109656249999 0.2849049703125 0.8401864031249999 0.29294590625 0.84457236875 0.30135233906250003 0.8514254390625 0.30866228125 0.8549890343750001 0.3302266078125 0.8626644734375001 0.351973684375 0.86650219375 0.37097953281249996 0.8681469296875 0.405153509375 0.8651315796875 0.4163011703125 0.8623903515625001 0.42817982499999996 0.8569078953125 0.445723684375 0.8514254390625 0.45559210468750005 0.8453947375 0.469846490625 0.8396381578125001 0.480080409375 0.8316885968750001 0.48665935625 0.8286732453125 0.491776315625 0.8231907890624999 0.500365496875 0.8166118421874999 0.50621345 0.8083881578125001 0.51169590625 0.8034539468749999 0.5158991234375 0.7963267546874999 0.5243055562500001 0.790296053125 0.530884503125 0.782346490625 0.537097953125 0.7779605265625 0.54459064375 0.76946271875 0.551169590625 0.76644736875 0.5579312859375001 0.76014254375 0.5853435671875 0.7412280703125 0.59137426875 0.738760965625 0.5997807015625 0.732456140625 0.614400584375 0.7258771937499999 0.620796784375 0.7209429828125 0.6374269 0.712445175 0.6441885968750001 0.7064144734375 0.65241228125 0.70230263125 0.6739766078125 0.6858552625 0.7108918125 0.6477521937499999 0.7258771937499999 0.63048245625 0.9660087718750001 0.341831140625 0.9597953218749999 0.3286732453125 0.9438961984375001 0.3100328953125 0.9347587718750001 0.3009868421875 0.915570175 0.2864583328125 0.9075292390625 0.2826206140625 0.8934576015625 0.2733004390625 0.8841374265624999 0.2686403515625 0.8768274859374999 0.2634320171875 0.854349415625 0.2505482453125 0.80226608125 0.2236842109375 0.7828947375 0.21546052656249998 0.7763157890625 0.211348684375 0.755116959375 0.20394736875000002 0.7288011703125 0.1850328953125 0.7169225140625 0.180098684375 0.7033991234375 0.17269736875 0.6927997078125 0.1688596484375 0.6803728062500001 0.1611842109375 0.6657529234374999 0.1548793859375 0.6577119890625001 0.149671053125 0.5970394734375 0.1271929828125 0.5904605265625 0.12335526249999999 0.5747441515625 0.11677631562499999 0.5637792390625 0.11019736875 0.5345394734375 0.09758771875 0.5087719296875 0.08991228125 0.4833698828125 0.075383771875 0.46217105312499995 0.0592105265625 0.43457602343749996 0.046052631249999997 0.4190423984375 0.042489034375 0.38194444375000003 0.03837719375 0.3528874265625 0.040570175 0.33040935625 0.0452302625 0.31597222187499996 0.051260965625 0.2861842109375 0.069901315625 0.262975146875 0.08662280624999999 0.2505482453125 0.0970394734375 0.2436038015625 0.1041666671875 0.2357456140625 0.11047149062499999 0.223866959375 0.1247258765625 0.20230263124999998 0.15625 0.19828216406250002 0.1609100875 0.191885965625 0.171875 0.18293128593750002 0.1844846484375 0.1794590640625 0.1916118421875 0.17269736875 0.202028509375 0.165935671875 0.217653509375 0.15972222187500001 0.226973684375 0.1536915203125 0.24150219375 0.1474780703125 0.251096490625 0.141812865625 0.266721490625 0.1341374265625 0.28125 0.1083698828125 0.341831140625 0.10288742656250001 0.3599232453125 0.096856725 0.3747258765625 0.0922880109375 0.393366228125 0.0846125734375 0.4166666671875 0.078216375 0.44983552656250003 0.07529239843749999 0.45942982499999996 0.07054093593750001 0.469846490625 0.067616959375 0.48382675468749997 0.0674342109375 0.4950657890625 0.06871345 0.5186403515625 0.0703581875 0.5233004390625 0.0756578953125 0.5307017546874999