12 0.6273538015625 0.48026178750000004 0.5193713453125001 0.48026178750000004 0.5193713453125001 0.58766584375 0.6273538015625 0.58766584375 0.6273538015625 0.48026178750000004
12 0.587341009375 0.4573053734375 0.48101790937500005 0.4573053734375 0.48101790937500005 0.6244819078125 0.587341009375 0.6244819078125 0.587341009375 0.4573053734375
12 0.4945065796875 0.45689281875 0.36926169531249997 0.45689281875 0.36926169531249997 0.636610471875 0.4945065796875 0.636610471875 0.4945065796875 0.45689281875
12 0.47775310624999995 0.36904742343749997 0.3845531796875 0.36904742343749997 0.3845531796875 0.517180646875 0.47775310624999995 0.517180646875 0.47775310624999995 0.36904742343749997
12 0.31845120625 0.39061129375000003 0.20449835468750002 0.39061129375000003 0.20449835468750002 0.5747231359375 0.31845120625 0.5747231359375 0.31845120625 0.39061129375000003
12 0.6076050796875 0.3203207234375 0.4910279609375 0.3203207234375 0.4910279609375 0.4062417765625 0.6076050796875 0.4062417765625 0.6076050796875 0.3203207234375
12 0.64837719375 0.4053947375 0.46881213437499997 0.4053947375 0.46881213437499997 0.7628179828125 0.64837719375 0.7628179828125 0.64837719375 0.4053947375
12 0.4083854171875 0.5065625 0.2752074203125 0.5065625 0.2752074203125 0.7400219296875 0.4083854171875 0.7400219296875 0.4083854171875 0.5065625
12 0.5496217109375 0.294983553125 0.4454952484375 0.294983553125 0.4454952484375 0.39093201718750004 0.5496217109375 0.39093201718750004 0.5496217109375 0.294983553125
12 0.73242233125 0.153991228125 0.49023483125 0.153991228125 0.49023483125 0.2858278515625 0.73242233125 0.2858278515625 0.73242233125 0.153991228125
12 0.81158534375 0.51196271875 0.6034548609375 0.51196271875 0.6034548609375 0.8562006578125001 0.81158534375 0.8562006578125001 0.81158534375 0.51196271875
12 0.93878198125 0.58754111875 0.7477421421875 0.58754111875 0.7477421421875 0.7147066890625 0.93878198125 0.7147066890625 0.93878198125 0.58754111875
12 0.39477521875 0.37126781875 0.313232821875 0.37126781875 0.313232821875 0.45563459375 0.39477521875 0.45563459375 0.39477521875 0.37126781875
12 0.9223638515625 0.44572505468749996 0.7016602703125 0.44572505468749996 0.7016602703125 0.62361156875 0.9223638515625 0.62361156875 0.9223638515625 0.44572505468749996
12 0.7110599421875 0.40853070156250004 0.5262463453125 0.40853070156250004 0.5262463453125 0.49088267500000005 0.7110599421875 0.49088267500000005 0.7110599421875 0.40853070156250004
12 0.2969974421875 0.24311951718749997 0.17297331875 0.24311951718749997 0.17297331875 0.42814692968749996 0.2969974421875 0.42814692968749996 0.2969974421875 0.24311951718749997
12 0.680664290625 0.017487664062499998 0.48535179062499995 0.017487664062499998 0.48535179062499995 0.1919860203125 0.680664290625 0.1919860203125 0.680664290625 0.017487664062499998
12 0.5676270109375 0.1273958328125 0.2834475515625 0.1273958328125 0.2834475515625 0.281661184375 0.5676270109375 0.281661184375 0.5676270109375 0.1273958328125
12 0.7769773390625 0.273057840625 0.4525146203125 0.273057840625 0.4525146203125 0.4128577296875 0.7769773390625 0.4128577296875 0.7769773390625 0.273057840625
12 0.226440971875 0.5416721484375 0.1622322734375 0.5416721484375 0.1622322734375 0.66462719375 0.226440971875 0.66462719375 0.226440971875 0.5416721484375
12 0.13832145468749998 0.0158401859375 0.113389071875 0.0158401859375 0.113389071875 0.1519777953125 0.13832145468749998 0.1519777953125 0.13832145468749998 0.0158401859375
12 0.22790570156249998 0.28829906875 0.1485599421875 0.28829906875 0.1485599421875 0.5283511515625 0.22790570156249998 0.5283511515625 0.22790570156249998 0.28829906875
12 0.23962445156249998 0.0010540015624999999 0.0562746703125 0.0010540015624999999 0.0562746703125 0.1795819625 0.23962445156249998 0.1795819625 0.23962445156249998 0.0010540015624999999
12 0.7740478796875 0.5056702296875 0.636109284375 0.5056702296875 0.636109284375 0.5695271375 0.7740478796875 0.5695271375 0.7740478796875 0.5056702296875
12 0.0959466375 0.0037993421875 0.021849415625 0.0037993421875 0.021849415625 0.10734649062499999 0.0959466375 0.10734649062499999 0.0959466375 0.0037993421875
12 0.4320074921875 0.4022382125 0.36779879375 0.4022382125 0.36779879375 0.43858415624999997 0.4320074921875 0.43858415624999997 0.4320074921875 0.4022382125
12 0.8828125 0.22750959375000002 0.6806633765625001 0.22750959375000002 0.6806633765625001 0.494294134375 0.8828125 0.494294134375 0.8828125 0.22750959375000002
12 0.3388971125 0.000503015625 0.2338550796875 0.000503015625 0.2338550796875 0.16539062499999999 0.3388971125 0.16539062499999999 0.3388971125 0.000503015625
12 0.30778600156249997 0.2185375546875 0.257645284375 0.2185375546875 0.257645284375 0.50875959375 0.30778600156249997 0.50875959375 0.30778600156249997 0.2185375546875
12 0.144836440625 0.161773575 0.0049442609375 0.161773575 0.0049442609375 0.2016913375 0.144836440625 0.2016913375 0.144836440625 0.161773575
11 0 0 0 0.1943530703125 0.0127923984375 0.198739034375 0.027412281249999997 0.2006578953125 0.0338084796875 0.203125 0.037463449999999995 0.2061403515625 0.05080409375 0.20641447343750002 0.0625 0.2080592109375 0.100328946875 0.20860745625 0.114400584375 0.20778508750000002 0.1255482453125 0.20586622812500002 0.141812865625 0.2001096484375 0.1697733921875 0.1943530703125 0.18201754375 0.188596490625 0.191885965625 0.1858552625 0.203033625 0.184758771875 0.2086988296875 0.18832236875 0.21144005781250003 0.1927083328125 0.2127192984375 0.19928728125 0.2127192984375 0.205043859375 0.2110745609375 0.21354166718749998 0.208150584375 0.21902412343750002 0.20138888906250002 0.2256030703125 0.196454678125 0.23464912343750002 0.190241228125 0.240953946875 0.1834795328125 0.2557565796875 0.1838450296875 0.2782346484375 0.186403509375 0.28207236875 0.1907894734375 0.2853618421875 0.19353070156250002 0.2891995609375 0.1931652046875 0.3018092109375 0.1900584796875 0.3155153515625 0.18329678437500002 0.3286732453125 0.180921053125 0.33525219375000004 0.1796418125 0.341831140625 0.173062865625 0.3525219296875 0.1705043859375 0.358278509375 0.1686769 0.365953946875 0.1646564328125 0.391721490625 0.16301169531249998 0.398848684375 0.16081871406249998 0.40296052656250003 0.1591739765625 0.4092653515625 0.157346490625 0.42900219375 0.153508771875 0.45449561406249994 0.14948830468750002 0.501918859375 0.14948830468750002 0.544133771875 0.15021929843749998 0.55701754375 0.154239765625 0.5833333328125 0.15807748593749998 0.600054825 0.16173245625 0.6091008765625 0.1677631578125 0.6200657890625 0.17269736875 0.6337719296875 0.179276315625 0.643366228125 0.1845760234375 0.653508771875 0.1990131578125 0.6735197375 0.2063231 0.6814692984375 0.211257309375 0.68832236875 0.2178362578125 0.694078946875 0.2236842109375 0.7028508765625 0.234283625 0.7135416671875 0.2649853796875 0.738760965625 0.2838084796875 0.7513706140624999 0.29331140312500004 0.7552083328125 0.3048245609375 0.7642543859375001 0.3174342109375 0.76946271875 0.3263888890625 0.7754934203125 0.3470394734375 0.7815241234375 0.36092836250000004 0.787554825 0.37097953281249996 0.7900219296875 0.41648391875 0.796875 0.4672880109375 0.8075657890624999 0.4850146203125 0.8149671046875 0.5084064328125 0.819901315625 0.525402046875 0.8270285093749999 0.5458698828124999 0.8316885968750001 0.5745614031249999 0.8404605265624999 0.600328946875 0.8453947375 0.6240862578125 0.8516995609375 0.65076754375 0.8563596484374999 0.671418128125 0.8640350874999999 0.6982821640625 0.8717105265624999 0.712171053125 0.8771929828125 0.7379385968750001 0.8829495609375 0.76334064375 0.8911732453125 0.7845394734375 0.8958333328125001 0.8243786546875 0.89912280625 0.8393640343750001 0.89912280625 0.905884503125 0.8939144734375001 0.93037280625 0.8900767546875 0.9555921046875 0.88212719375 0.97258771875 0.8793859656249999 0.9875731 0.8785635968750001 0.9952485375 0.8755482453125 0.9998172515625001 0.8722587718750001 0.9998172515625001 0.8464912281249999 0.9985380109375 0.8390899125000001 0.9870248531250001 0.7974232453125001 0.965277778125 0.7009320171875 0.9576023390625 0.672971490625 0.947185671875 0.64446271875 0.935489765625 0.6052631578125001 0.9173976609375 0.55071271875 0.9036915203125 0.5142543859375001 0.8870614031249999 0.47998903437499996 0.8638523390625 0.42626096562500004 0.8483187140625 0.3936403515625 0.7892909359375 0.2837171046875 0.771564328125 0.25712719375000004 0.7618786546874999 0.238760965625 0.75073099375 0.2203947375 0.7377558484375 0.2017543859375 0.7298976609375 0.1924342109375 0.7118055562500001 0.16419956093750002 0.7033991234375 0.154331140625 0.6860380109374999 0.127741228125 0.6615497078125 0.09457236875 0.634685671875 0.0625 0.6072733921875 0.0359100875 0.5897295328125 0.0235745609375 0.578581871875 0.017543859375 0.551900584375 0 0 0