12 0.5411111109375 0.1979166671875 0.3859649125 0.1979166671875 0.3859649125 0.42548245625 0.5411111109375 0.42548245625 0.5411111109375 0.1979166671875
12 0.55053728125 0.11590597656249998 0.3957529234375 0.11590597656249998 0.3957529234375 0.4301137609375 0.55053728125 0.4301137609375 0.55053728125 0.11590597656249998
12 0.4538569078125 0.1733991234375 0.27319353125 0.1733991234375 0.27319353125 0.5271600875 0.4538569078125 0.5271600875 0.4538569078125 0.1733991234375
12 0.654845578125 0.11526452812500002 0.5033561765625 0.11526452812500002 0.5033561765625 0.40548656875000005 0.654845578125 0.40548656875000005 0.654845578125 0.11526452812500002
12 0.380066703125 0.3309635421875 0.2537235015625 0.3309635421875 0.2537235015625 0.549409265625 0.380066703125 0.549409265625 0.380066703125 0.3309635421875
12 0.40554733125000003 0.2616132125 0.3078298609375 0.2616132125 0.3078298609375 0.43858415624999997 0.40554733125000003 0.43858415624999997 0.40554733125000003 0.2616132125
12 0.771271015625 0.08152686406250001 0.671112025 0.08152686406250001 0.671112025 0.24128563593750002 0.771271015625 0.24128563593750002 0.771271015625 0.08152686406250001
12 0.5966483921875 0.282578125 0.494170321875 0.282578125 0.494170321875 0.44947779531250004 0.5966483921875 0.44947779531250004 0.5966483921875 0.282578125
12 0.6099853796875 0.22824013124999998 0.5208735375 0.22824013124999998 0.5208735375 0.3697807015625 0.6099853796875 0.3697807015625 0.6099853796875 0.22824013124999998
12 0.901610928125 0.07360745625000001 0.5690908265625 0.07360745625000001 0.5690908265625 0.4343256578125 0.901610928125 0.4343256578125 0.901610928125 0.07360745625000001
12 0.4945367328125 0.30340460468749997 0.3848565421875 0.30340460468749997 0.3848565421875 0.5615844296875 0.4945367328125 0.5615844296875 0.4945367328125 0.30340460468749997
12 0.6942150953125 0.0640858 0.4698492328125 0.0640858 0.4698492328125 0.233825384375 0.6942150953125 0.233825384375 0.6942150953125 0.0640858
12 0.9031990125 0.08084155625 0.72570815 0.08084155625 0.72570815 0.2844544953125 0.9031990125 0.2844544953125 0.9031990125 0.08084155625
12 0.84722861875 0.3838363484375 0.601013340625 0.3838363484375 0.601013340625 0.5236362390625 0.84722861875 0.5236362390625 0.84722861875 0.3838363484375
12 0.6663203578125 0.38438322343750003 0.548522478125 0.38438322343750003 0.548522478125 0.49671875 0.6663203578125 0.49671875 0.6663203578125 0.38438322343750003
12 0.8728645828125 0.2621134875 0.651550621875 0.2621134875 0.651550621875 0.40768366250000004 0.8728645828125 0.40768366250000004 0.8728645828125 0.2621134875
12 0.5997916671875 0.43574424375 0.3948355265625 0.43574424375 0.3948355265625 0.6108840453125 0.5997916671875 0.6108840453125 0.5997916671875 0.43574424375
12 0.46441611875 0.5751343203125 0.3139025953125 0.5751343203125 0.3139025953125 0.7102658984375 0.46441611875 0.7102658984375 0.46441611875 0.5751343203125
12 0.6143485015625 0.593674615625 0.506744334375 0.593674615625 0.506744334375 0.753984375 0.6143485015625 0.753984375 0.6143485015625 0.593674615625
12 0.662507309375 0.46705592031250004 0.6060489765625 0.46705592031250004 0.6060489765625 0.6000822375 0.662507309375 0.6000822375 0.662507309375 0.46705592031250004
12 0.6435553734374999 0.548582784375 0.2534183109375 0.548582784375 0.2534183109375 0.786620065625 0.6435553734374999 0.786620065625 0.6435553734374999 0.548582784375
12 0.538085709375 0.601776315625 0.4604486484375 0.601776315625 0.4604486484375 0.7634594296875 0.538085709375 0.7634594296875 0.538085709375 0.601776315625
12 0.8172615125 0.3806757125 0.4405528140625 0.3806757125 0.4405528140625 0.6461773578125001 0.8172615125 0.6461773578125001 0.8172615125 0.3806757125
12 0.2725822375 0.48257401250000004 0.180052996875 0.48257401250000004 0.180052996875 0.7669380484375 0.2725822375 0.7669380484375 0.2725822375 0.48257401250000004
12 0 0.475434484375 0.09338450312499999 0.475434484375 0.09338450312499999 0.19253700625 0 0.19253700625 0 0.475434484375
12 0.1610096859375 0.373719846875 0.0885005484375 0.373719846875 0.0885005484375 0.5755016453125 0.1610096859375 0.5755016453125 0.1610096859375 0.373719846875
12 0.49902412343749997 0.10272203906249999 0.16601608125 0.10272203906249999 0.16601608125 0.7805783984375 0.49902412343749997 0.7805783984375 0.49902412343749997 0.10272203906249999
12 0.7007447 0.5714048796875 0.606872259375 0.5714048796875 0.606872259375 0.6590666125 0.7007447 0.6590666125 0.7007447 0.5714048796875
12 0.514924159375 0.5317146375 0.41476516874999997 0.5317146375 0.41476516874999997 0.6035375546874999 0.514924159375 0.6035375546874999 0.514924159375 0.5317146375
12 0.6123053734374999 0.7603919953125 0.42871070937500005 0.7603919953125 0.42871070937500005 0.8934183109375 0.6123053734374999 0.8934183109375 0.6123053734374999 0.7603919953125
12 0.8600456875000001 0.3736732453125 0.8079221484374999 0.3736732453125 0.8079221484374999 0.447373903125 0.8600456875000001 0.447373903125 0.8600456875000001 0.3736732453125
12 0.44879111875 0.7850657890625 0.2660517171875 0.7850657890625 0.2660517171875 0.8995065796875 0.44879111875 0.8995065796875 0.44879111875 0.7850657890625
12 0.6734703953125 0.383192159375 0.6527028515625 0.383192159375 0.6527028515625 0.479598409375 0.6734703953125 0.479598409375 0.6734703953125 0.383192159375
12 0.8441164109375 0.367952303125 0.5885005484375 0.367952303125 0.5885005484375 0.41720668906249997 0.8441164109375 0.41720668906249997 0.8441164109375 0.367952303125
12 0.3848263890625 0.5811773578125 0.15325840625 0.5811773578125 0.15325840625 0.8250726421874999 0.3848263890625 0.8250726421874999 0.3848263890625 0.5811773578125
12 0.9839482828125 0.11196820156250001 0.8890999640624999 0.11196820156250001 0.8890999640624999 0.37618969375 0.9839482828125 0.37618969375 0.9839482828125 0.11196820156250001
12 0.91143823125 0.22986705000000002 0.7594608921875 0.22986705000000002 0.7594608921875 0.2864925984375 0.91143823125 0.2864925984375 0.91143823125 0.22986705000000002
12 0.9769892171875 0.116637884375 0.9194947000000001 0.116637884375 0.9194947000000001 0.23309347656249998 0.9769892171875 0.23309347656249998 0.9769892171875 0.116637884375
12 0.474822734375 0.7743517 0.40945358125000003 0.7743517 0.40945358125000003 0.86920093125 0.474822734375 0.86920093125 0.474822734375 0.7743517
12 0.628173428125 0.749313321875 0.22631853125 0.749313321875 0.22631853125 0.8195353624999999 0.628173428125 0.8195353624999999 0.628173428125 0.749313321875
12 0.1515497078125 0.254514803125 0.00176900625 0.254514803125 0.00176900625 0.8228755484375 0.1515497078125 0.8228755484375 0.1515497078125 0.254514803125
12 0.7443841375 0.5569832781249999 0.4128417390625 0.5569832781249999 0.4128417390625 0.6104947921874999 0.7443841375 0.6104947921874999 0.7443841375 0.5569832781249999
12 0.9110115125 0 0.9110115125 0.10766584374999999 1 0.10766584374999999 1 0 0.9110115125 0
12 0.74499543125 0.055985471875000005 0.3419197734375 0.055985471875000005 0.3419197734375 0.1136636515625 0.74499543125 0.1136636515625 0.74499543125 0.055985471875000005
12 0.4370111484375 0.0875246703125 0.26953125 0.0875246703125 0.26953125 0.15838541718750002 0.4370111484375 0.15838541718750002 0.4370111484375 0.0875246703125
12 0.9328618421874999 0.051681743749999995 0.19995248593749998 0.051681743749999995 0.19995248593749998 0.23542900156250002 0.9328618421874999 0.23542900156250002 0.9328618421874999 0.051681743749999995
12 0.8659658265625 0.0544750546875 0.60961896875 0.0544750546875 0.60961896875 0.106018365625 0.8659658265625 0.106018365625 0.8659658265625 0.0544750546875
12 0.2181999265625 0.5106811953125 0.155089546875 0.5106811953125 0.155089546875 0.8040172703125 0.2181999265625 0.8040172703125 0.2181999265625 0.5106811953125
12 0.072601425 0.6997382125 9.140625e-7 0.6997382125 9.140625e-7 0.8998725328124999 0.072601425 0.8998725328124999 0.072601425 0.6997382125
12 0.8221427265625 0.4678344296875 0.664184028125 0.4678344296875 0.664184028125 0.669616228125 0.8221427265625 0.669616228125 0.8221427265625 0.4678344296875
12 0.7107245984375 0.04841968125 0.5939647296875 0.04841968125 0.5939647296875 0.0812184765625 0.7107245984375 0.0812184765625 0.7107245984375 0.04841968125
12 0.8960572000000001 0.3531647484375 0.786559759375 0.3531647484375 0.786559759375 0.52500959375 0.8960572000000001 0.52500959375 0.8960572000000001 0.3531647484375
12 0.999556834375 0.1158840453125 0.9545440421875 0.1158840453125 0.9545440421875 0.166100603125 0.999556834375 0.166100603125 0.999556834375 0.1158840453125
12 0.930558296875 0.2383127734375 0.8692479890625 0.2383127734375 0.8692479890625 0.393403234375 0.930558296875 0.393403234375 0.930558296875 0.2383127734375
12 0.1538697 0.9615899125 0.000549159375 0.9615899125 0.000549159375 0.9983717109375 0.1538697 0.9983717109375 0.1538697 0.9615899125
12 0.32797331875 0.56977933125 0.3058168859375 0.56977933125 0.3058168859375 0.6028303187499999 0.32797331875 0.6028303187499999 0.32797331875 0.56977933125
12 0.129127375 0.6062280703125 0.10890990468749999 0.6062280703125 0.10890990468749999 0.6381578953125 0.129127375 0.6381578953125 0.129127375 0.6062280703125
12 0.8115542765624999 0.0561266453125 0.7196957234375 0.0561266453125 0.7196957234375 0.0789117328125 0.8115542765624999 0.0789117328125 0.8115542765624999 0.0561266453125
12 0.477957784375 0.6059429828125 0.44831048906250004 0.6059429828125 0.44831048906250004 0.664078946875 0.477957784375 0.664078946875 0.477957784375 0.6059429828125
12 1 0.1511979171875 0.9724122812499999 0.1511979171875 0.9724122812499999 0.295211075 1 0.295211075 1 0.1511979171875
12 0.2430985015625 0.441408990625 0.23248629375 0.441408990625 0.23248629375 0.45580592031249995 0.2430985015625 0.45580592031249995 0.2430985015625 0.441408990625
12 0.31197459843750003 0.5120559203124999 0.30033168906249996 0.5120559203124999 0.30033168906249996 0.5272532890625 0.31197459843750003 0.5272532890625 0.31197459843750003 0.5120559203124999
12 0.3339300078125 0.5988802078125001 0.32183022656250004 0.5988802078125001 0.32183022656250004 0.6162075109375 0.3339300078125 0.6162075109375 0.3339300078125 0.5988802078125001
12 0.9981076390625001 0.32295093124999996 0.8407593203125 0.32295093124999996 0.8407593203125 0.5039514796875 0.9981076390625001 0.5039514796875 0.9981076390625001 0.32295093124999996
12 0.1710197375 0.6156017 0.0251461984375 0.6156017 0.0251461984375 0.8668215453125001 0.1710197375 0.8668215453125001 0.1710197375 0.6156017
12 0.19037737500000002 0.5667516453125 0.1755911921875 0.5667516453125 0.1755911921875 0.5838843203125 0.19037737500000002 0.5838843203125 0.19037737500000002 0.5667516453125
12 0.27864400625 0.32779468125 0.267741228125 0.32779468125 0.267741228125 0.34347176562500004 0.27864400625 0.34347176562500004 0.27864400625 0.32779468125
12 0.0577202125 0.0905756578125 0.046344115625 0.0905756578125 0.046344115625 0.11102521875 0.0577202125 0.11102521875 0.0577202125 0.0905756578125
12 0.1485599421875 0.54420093125 0.13171418125 0.54420093125 0.13171418125 0.568348409375 0.1485599421875 0.568348409375 0.1485599421875 0.54420093125
12 0.2517361109375 0.7601411734375 0.23654605312500002 0.7601411734375 0.23654605312500002 0.7838061953125 0.2517361109375 0.7838061953125 0.2517361109375 0.7601411734375
12 0.3538815796875 0.807815240625 0.1505116953125 0.807815240625 0.1505116953125 0.9910115125000001 0.3538815796875 0.9910115125000001 0.3538815796875 0.807815240625
12 0.8948903515625 0.3620230265625 0.8785489765625 0.3620230265625 0.8785489765625 0.39383771875 0.8948903515625 0.39383771875 0.8948903515625 0.3620230265625
12 0.0442516453125 0.9402467109374999 0.031128471875 0.9402467109374999 0.031128471875 0.9581907890625001 0.0442516453125 0.9581907890625001 0.0442516453125 0.9402467109374999
12 0.6122669953125001 0.074432565625 0.6006240859374999 0.074432565625 0.6006240859374999 0.094575109375 0.6122669953125001 0.094575109375 0.6122669953125001 0.074432565625
12 0.2816547875 0.2967173796875 0.269127375 0.2967173796875 0.269127375 0.31522340937500004 0.2816547875 0.31522340937500004 0.2816547875 0.2967173796875
12 0.3224022296875 0.5766557015625 0.3118740859375 0.5766557015625 0.3118740859375 0.5915570171875 0.3224022296875 0.5915570171875 0.3224022296875 0.5766557015625
12 0.3225091375 0.0073245609375 0.052001096875 0.0073245609375 0.052001096875 0.2021491234375 0.3225091375 0.2021491234375 0.3225091375 0.0073245609375
12 0.7273711625 0.6053700656250001 0.6788788375 0.6053700656250001 0.6788788375 0.69834155625 0.7273711625 0.69834155625 0.7273711625 0.6053700656250001
12 0.1530144375 0.197456140625 0.10040296093750001 0.197456140625 0.10040296093750001 0.2621381578125 0.1530144375 0.2621381578125 0.1530144375 0.197456140625
12 0.5441822000000001 0.0639555921875 0.5280838812499999 0.0639555921875 0.5280838812499999 0.07969024062499999 0.5441822000000001 0.07969024062499999 0.5441822000000001 0.0639555921875
12 0.8110535453125 0.376794134375 0.800273209375 0.376794134375 0.800273209375 0.3878549890625 0.8110535453125 0.3878549890625 0.8110535453125 0.376794134375
12 0.9368274859374999 0.0017859093749999998 0.841491228125 0.0017859093749999998 0.841491228125 0.09544545 0.9368274859374999 0.09544545 0.9368274859374999 0.0017859093749999998
12 0.571075475 0.263573190625 0.55978344375 0.263573190625 0.55978344375 0.278416940625 0.571075475 0.278416940625 0.571075475 0.263573190625
12 0.3202585890625 0.20886650156250003 0.3081588078125 0.20886650156250003 0.3081588078125 0.22765762031249998 0.3202585890625 0.22765762031249998 0.3202585890625 0.20886650156250003
12 0.6407775953125 0.392153234375 0.6258232828125 0.392153234375 0.6258232828125 0.41131167812499997 0.6407775953125 0.41131167812499997 0.6407775953125 0.392153234375
12 0.66960069375 0.5011979171875 0.660476059375 0.5011979171875 0.660476059375 0.5124753296875 0.66960069375 0.5124753296875 0.66960069375 0.5011979171875
12 0.3644024125 0.1891488484375 0.3543475875 0.1891488484375 0.3543475875 0.20416255468750003 0.3644024125 0.20416255468750003 0.3644024125 0.1891488484375
12 0.4100840640625 0.7813843203124999 0.395581140625 0.7813843203124999 0.395581140625 0.7903919953125 0.4100840640625 0.7903919953125 0.4100840640625 0.7813843203124999
12 0.601799159375 0.27663788437500003 0.5896080046875001 0.27663788437500003 0.5896080046875001 0.293186678125 0.601799159375 0.293186678125 0.601799159375 0.27663788437500003
12 0.5345458703125 0.8656318531249999 0.3355710890625 0.8656318531249999 0.3355710890625 0.912690515625 0.5345458703125 0.912690515625 0.5345458703125 0.8656318531249999
12 0.9047249640624999 0.168366228125 0.8179322000000001 0.168366228125 0.8179322000000001 0.2633991234375 0.9047249640624999 0.2633991234375 0.9047249640624999 0.168366228125
12 0.4639894 0.131573465625 0.4505610375 0.131573465625 0.4505610375 0.1509594296875 0.4639894 0.1509594296875 0.4639894 0.131573465625
12 0.239074378125 0.31215049375000004 0.22479257968750002 0.31215049375000004 0.22479257968750002 0.339340734375 0.239074378125 0.339340734375 0.239074378125 0.31215049375000004
12 0.6451041671875 0.17764117343750002 0.6351699562500001 0.17764117343750002 0.6351699562500001 0.1940638703125 0.6451041671875 0.1940638703125 0.6451041671875 0.17764117343750002
12 0.2454230625 0.08889665625 0.098816703125 0.08889665625 0.098816703125 0.4259936953125 0.2454230625 0.4259936953125 0.2454230625 0.08889665625
12 0.7158059203125 0.285604440625 0.704117325 0.285604440625 0.704117325 0.300333059375 0.7158059203125 0.300333059375 0.7158059203125 0.285604440625
12 0.6828380843749999 0.52194353125 0.6726297515625 0.52194353125 0.6726297515625 0.5371408984375 0.6828380843749999 0.5371408984375 0.6828380843749999 0.52194353125
12 0.9246984656249999 0.327901590625 0.9131926171875 0.327901590625 0.9131926171875 0.3426302078125 0.9246984656249999 0.3426302078125 0.9246984656249999 0.327901590625
12 0.71756853125 0.4256469296875 0.70723775625 0.4256469296875 0.70723775625 0.43861293906250004 0.71756853125 0.43861293906250004 0.71756853125 0.4256469296875
12 0.73163194375 0.3426480265625 0.723444809375 0.3426480265625 0.723444809375 0.351688596875 0.73163194375 0.351688596875 0.73163194375 0.3426480265625
12 0.28039565 0.858214090625 0.002075109375 0.858214090625 0.002075109375 0.9962760421875 0.28039565 0.9962760421875 0.28039565 0.858214090625
12 0.695594846875 0.397745340625 0.685264071875 0.397745340625 0.685264071875 0.4123149671875 0.695594846875 0.4123149671875 0.695594846875 0.397745340625
12 0.835799525 0.3899533984375 0.8272852703125 0.3899533984375 0.8272852703125 0.40106085468749997 0.835799525 0.40106085468749997 0.835799525 0.3899533984375
12 0.6592105265625 0.7232661734375 0.64743055625 0.7232661734375 0.64743055625 0.7349849234375 0.6592105265625 0.7349849234375 0.6592105265625 0.7232661734375
12 0.45648209062499995 0.28708470468749997 0.4380500734375 0.28708470468749997 0.4380500734375 0.31423108593750004 0.45648209062499995 0.31423108593750004 0.45648209062499995 0.28708470468749997
12 0.5990944812500001 0.6374300984375 0.589381396875 0.6374300984375 0.589381396875 0.6494339359375 0.5990944812500001 0.6494339359375 0.5990944812500001 0.6374300984375
12 0.2582319078125 0.5504838265625 0.2417680921875 0.5504838265625 0.2417680921875 0.5745161734375 0.2582319078125 0.5745161734375 0.2582319078125 0.5504838265625
12 0.825397478125 0.36052220468749996 0.8162033984375 0.36052220468749996 0.8162033984375 0.37079906875 0.825397478125 0.37079906875 0.825397478125 0.36052220468749996
12 0.3840478796875 0.8242913921874999 0.37620431249999997 0.8242913921874999 0.37620431249999997 0.8339103625 0.3840478796875 0.8339103625 0.3840478796875 0.8242913921874999
12 0.658283078125 0.13172834375 0.64933388125 0.13172834375 0.64933388125 0.14531112968749998 0.658283078125 0.14531112968749998 0.658283078125 0.13172834375
12 0.8431624640625 0.18212719375 0.8287125359375 0.18212719375 0.8287125359375 0.20422697343750001 0.8431624640625 0.20422697343750001 0.8431624640625 0.18212719375
12 0.6755683484375 0.661946271875 0.6662298984375 0.661946271875 0.6662298984375 0.6717927625 0.6755683484375 0.6717927625 0.6755683484375 0.661946271875
12 0 0.9077453406249999 0.040450475 0.9077453406249999 0.040450475 0.8280934765625 0 0.8280934765625 0 0.9077453406249999
12 0.5159576015625 0.569000821875 0.507481725 0.569000821875 0.507481725 0.579436678125 0.5159576015625 0.579436678125 0.5159576015625 0.569000821875
12 0.614860196875 0.7412787828125 0.6058415562499999 0.7412787828125 0.6058415562499999 0.749198190625 0.614860196875 0.749198190625 0.614860196875 0.7412787828125
12 0.136656615625 0.1550452296875 0.09722861875 0.1550452296875 0.09722861875 0.21757538437499999 0.136656615625 0.21757538437499999 0.136656615625 0.1550452296875
12 0.573609284375 0.0037075109374999997 0.3126224421875 0.0037075109374999997 0.3126224421875 0.09205455 0.573609284375 0.09205455 0.573609284375 0.0037075109374999997
12 0.64062043125 0.6133347046875001 0.6318393640625 0.6133347046875001 0.6318393640625 0.625190515625 0.64062043125 0.625190515625 0.64062043125 0.6133347046875001
12 0.3130528140625 0.8407757671875 0.30315698125 0.8407757671875 0.30315698125 0.8525849781250001 0.3130528140625 0.8525849781250001 0.3130528140625 0.8407757671875
12 0.48643823125 0.8596655703125 0.4784046046875 0.8596655703125 0.4784046046875 0.8688486843750001 0.48643823125 0.8688486843750001 0.48643823125 0.8596655703125
12 0.585948465625 0.7519010421875 0.5771363296875001 0.7519010421875 0.5771363296875001 0.75982045 0.585948465625 0.75982045 0.585948465625 0.7519010421875
12 0.8174597953125 0.1587184765625 0.8055884499999999 0.1587184765625 0.8055884499999999 0.1767310859375 0.8174597953125 0.1767310859375 0.8174597953125 0.1587184765625
12 0.56840551875 0.6685238484375 0.5605016453125 0.6685238484375 0.5605016453125 0.676202028125 0.56840551875 0.676202028125 0.56840551875 0.6685238484375
12 0.9618220031250001 0.715577028125 0.8633717109375001 0.715577028125 0.8633717109375001 0.8767091562499999 0.9618220031250001 0.8767091562499999 0.9618220031250001 0.715577028125
12 1 0.4462267 0.55578581875 0.4462267 0.55578581875 0.998839090625 1 0.998839090625 1 0.4462267
12 0.5799159359375 0.8295189140625 0.5724269 0.8295189140625 0.5724269 0.8374712171875001 0.5799159359375 0.8374712171875001 0.5799159359375 0.8295189140625
12 0.1773684203125 0.790374178125 0.05334429843750001 0.790374178125 0.05334429843750001 0.8766159546875001 0.1773684203125 0.8766159546875001 0.1773684203125 0.790374178125
12 0.722152778125 0.5973012609375 0.7006981 0.5973012609375 0.7006981 0.6214487390625 0.722152778125 0.6214487390625 0.722152778125 0.5973012609375
12 0.8932803359375001 0.232262884375 0.88113486875 0.232262884375 0.88113486875 0.247106634375 0.8932803359375001 0.247106634375 0.8932803359375001 0.232262884375
12 0.739226059375 0.2899026859375 0.7324552265625 0.2899026859375 0.7324552265625 0.29860060312500003 0.739226059375 0.29860060312500003 0.739226059375 0.2899026859375
12 0.3571016078125 0.721813321875 0.3450475140625 0.721813321875 0.3450475140625 0.7401000546875001 0.3571016078125 0.7401000546875001 0.3571016078125 0.721813321875
11 0.159356725 0.7982456140624999 0.1602704671875 0.8081140343750001 0.162097953125 0.8122258765625 0.16831140312499998 0.8190789468749999 0.17415935625 0.8275767546875 0.180007309375 0.8333333328125001 0.2092470765625 0.8525219296875 0.217653509375 0.8563596484374999 0.23008040937500002 0.8645833328125001 0.2423245609375 0.8692434203125 0.2567616953125 0.8774671046875 0.26717836250000004 0.8807565796875 0.2845394734375 0.88980263125 0.2962353796875 0.8939144734375001 0.3057383046875 0.898026315625 0.3112207609375 0.9015899125000001 0.321454678125 0.90542763125 0.3428362578125 0.9109100874999999 0.37152777812500004 0.915570175 0.3888888890625 0.9169407890624999 0.42562134531250007 0.9183114031249999 0.467653509375 0.91803728125 0.4837353796875 0.9161184203125 0.49378655 0.9131030703125 0.51169590625 0.9032346484374999 0.518274853125 0.8974780703125 0.5303362578125 0.8895285093749999 0.5612207609375 0.8645833328125001 0.56798245625 0.8571820171875 0.5745614031249999 0.851973684375 0.580774853125 0.84457236875 0.5868055562500001 0.8396381578125001 0.5921052625 0.8325109656249999 0.5985014625 0.8267543859375 0.60398391875 0.8193530703125 0.6109283624999999 0.8130482453125 0.616776315625 0.80537280625 0.6240862578125 0.797971490625 0.6328581875 0.78508771875 0.6377923984375 0.780153509375 0.63980263125 0.7765899125 0.6663011703125 0.7439692984375 0.6748903515625 0.7357456140624999 0.6896929828125 0.71875 0.6966374265625 0.7088815796875 0.7028508765625 0.703125 0.7076023390625 0.694901315625 0.71253655 0.6899671046875 0.71875 0.6795504390625 0.7260599421875 0.671875 0.7381213453125001 0.6513157890625 0.741776315625 0.642543859375 0.750365496875 0.6271929828125 0.7531067250000001 0.6200657890625 0.76334064375 0.601973684375 0.7717470765625001 0.5803179828125 0.7900219296875 0.544956140625 0.8020833328125001 0.52741228125 0.8062865499999999 0.5189144734375 0.8135964906250001 0.5095942984375 0.8214546781250001 0.49616228125 0.8274853796875 0.487938596875 0.8320540937500001 0.476973684375 0.840643275 0.4635416671875 0.8464912281249999 0.4490131578125 0.85233918125 0.439418859375 0.8563596484374999 0.42817982499999996 0.859466375 0.421875 0.8662280703125 0.4120065796875 0.8687865499999999 0.40570175468749997 0.8720760234375 0.4004934203125 0.877010234375 0.397203946875 0.8824926906250001 0.39610745625 0.8872441515625 0.3936403515625 0.8952850874999999 0.382401315625 0.9312865499999999 0.3618421046875 0.9367690062499999 0.3599232453125 0.9442616953125 0.352796053125 0.9493786546875 0.350054825 0.9566885968750001 0.3478618421875 0.9597953218749999 0.3453947375 0.9621710531250001 0.341831140625 0.9685672515625001 0.339364034375 0.97733918125 0.3338815796875 0.9846491234375 0.3264802625 0.9936038015624999 0.320723684375 0.9998172515625001 0.3130482453125 0.9998172515625001 0.06716008749999999 0.980080409375 0.0740131578125 0.9727704671874999 0.0775767546875 0.9577850874999999 0.08168859687499999 0.9449926906250001 0.0907346484375 0.9373172515625001 0.0942982453125 0.9276315796875 0.0962171046875 0.9147295328125 0.0959429828125 0.8993055562500001 0.09292763125 0.8799342109375001 0.084429825 0.8485014625 0.0778508765625 0.8329678359375 0.0723684203125 0.7984283624999999 0.0666118421875 0.7743055562500001 0.0600328953125 0.7560307015625 0.058936403125 0.7381213453125001 0.06085526249999999 0.73044590625 0.060581140624999995 0.6838450296875 0.054002193750000003 0.6703216375000001 0.049890351562500004 0.6578947375 0.049616228125 0.6472953218749999 0.053179825 0.6329495609375 0.0548245609375 0.565972221875 0.058114034375 0.5352704671875 0.06414473750000001 0.47807017500000004 0.0693530703125 0.455774853125 0.07264254375 0.41794590625000005 0.0838815796875 0.407346490625 0.08826754375 0.33260233906250003 0.1118421046875 0.31176900625 0.12362938593749999 0.303545321875 0.131578946875 0.2989766078125 0.13459429843749998 0.2931286546875 0.1408991234375 0.285635965625 0.14665570156250002 0.2796052625 0.1537828953125 0.2735745609375 0.1587171046875 0.23830409375 0.2001096484375 0.222222221875 0.22587719375 0.21655701718749998 0.23958333281250002 0.21089181250000003 0.2502741234375 0.2041301171875 0.2686403515625 0.19773391875 0.28207236875 0.1904239765625 0.30290570156249996 0.1858552625 0.3125 0.1770833328125 0.342653509375 0.16648391875 0.3908991234375 0.1619152046875 0.42132675468749997 0.158260234375 0.440241228125 0.15551900624999998 0.4739583328125 0.155153509375 0.5638706140624999 0.1584429828125 0.7357456140624999 0.15972222187500001 0.758223684375 0.159356725 0.7982456140624999