12 0.6551279234375 0.5021929828125 0.4846491234375 0.5021929828125 0.4846491234375 0.655608553125 0.6551279234375 0.655608553125 0.6551279234375 0.5021929828125
12 0.6215067609375 0.4035101421875 0.40423885156250006 0.4035101421875 0.40423885156250006 0.6512266999999999 0.6215067609375 0.6512266999999999 0.6215067609375 0.4035101421875
12 0.6960444078125 0.387176534375 0.4816895109375 0.387176534375 0.4816895109375 0.5774232453125 0.6960444078125 0.5774232453125 0.6960444078125 0.387176534375
12 0.5790405703125 0.3204358546875 0.3550420328125 0.3204358546875 0.3550420328125 0.552612390625 0.5790405703125 0.552612390625 0.5790405703125 0.3204358546875
12 0.552428728125 0.5750424890625 0.3186641078125 0.5750424890625 0.3186641078125 0.845121984375 0.552428728125 0.845121984375 0.552428728125 0.5750424890625
12 0.8317863671874999 0.43020696249999996 0.6223145109375 0.43020696249999996 0.6223145109375 0.6017776859375 0.8317863671874999 0.6017776859375 0.8317863671874999 0.43020696249999996
12 0.795227521875 0.5847464359375001 0.5621957234375 0.5847464359375001 0.5621957234375 0.7812184765625 0.795227521875 0.7812184765625 0.795227521875 0.5847464359375001
12 0.2999269 0.647231359375 0.1939692984375 0.647231359375 0.1939692984375 0.8161458328125001 0.2999269 0.8161458328125001 0.2999269 0.647231359375
12 0.394836440625 0.004303728125 0.2506716015625 0.004303728125 0.2506716015625 0.24874999999999997 0.394836440625 0.24874999999999997 0.394836440625 0.004303728125
12 0.45843475937499994 0.5977014796875 0.3589482828125 0.5977014796875 0.3589482828125 0.733839090625 0.45843475937499994 0.733839090625 0.45843475937499994 0.5977014796875
12 0.4062490859375 0.3717955046875 0.23876918906250003 0.3717955046875 0.23876918906250003 0.54006853125 0.4062490859375 0.54006853125 0.4062490859375 0.3717955046875
12 0 0.55581825625 0.1262207609375 0.55581825625 0.1262207609375 0.3626411734375 0 0.3626411734375 0 0.55581825625
12 0.16507035781249998 0.03368969375 0.077484465625 0.03368969375 0.077484465625 0.4090570171875 0.16507035781249998 0.4090570171875 0.16507035781249998 0.03368969375
12 0.08636513125 0.6846313046875 0.0021984656250000002 0.6846313046875 0.0021984656250000002 0.7955934765625 0.08636513125 0.7955934765625 0.08636513125 0.6846313046875
12 0 0.324280428125 0.10769736875 0.324280428125 0.10769736875 0.0000013703124999999999 0 0.0000013703124999999999 0 0.324280428125
12 0.1729120984375 0.9141077296875 0.007628837500000001 0.9141077296875 0.007628837500000001 0.9857935859375001 0.1729120984375 0.9857935859375001 0.1729120984375 0.9141077296875
12 0.283751828125 0.0019229718749999999 0.2557986109375 0.0019229718749999999 0.2557986109375 0.2203686953125 0.283751828125 0.2203686953125 0.283751828125 0.0019229718749999999
12 0.5832520109375 0.005540021875 0.42163103125 0.005540021875 0.42163103125 0.19093475937499998 0.5832520109375 0.19093475937499998 0.5832520109375 0.005540021875
12 0.49180555625 0.00022889218750000003 0.44276315781250003 0.00022889218750000003 0.44276315781250003 0.07136650156249999 0.49180555625 0.07136650156249999 0.49180555625 0.00022889218750000003
12 0.3716739765625 0.7431784546875 0.343658625 0.7431784546875 0.343658625 0.8754728625 0.3716739765625 0.8754728625 0.3716739765625 0.7431784546875
12 0.07006853125 0.8513267546875 9.140625e-7 0.8513267546875 9.140625e-7 0.9182072375000001 0.07006853125 0.9182072375000001 0.07006853125 0.8513267546875
12 0.9031688593749999 0.60484375 0.7921454671875 0.60484375 0.7921454671875 0.7318283984375 0.9031688593749999 0.7318283984375 0.9031688593749999 0.60484375
12 0.0720833328125 0.5655222046875 0.0010380109375 0.5655222046875 0.0010380109375 0.7184142 0.0720833328125 0.7184142 0.0720833328125 0.5655222046875
12 0.3002923984375 0.255981359375 0.15991228125 0.255981359375 0.15991228125 0.5247807015625 0.3002923984375 0.5247807015625 0.3002923984375 0.255981359375
12 0.4262079671875 0.8445161734375001 0.2803344296875 0.8445161734375001 0.2803344296875 0.8913226421875 0.4262079671875 0.8913226421875 0.4262079671875 0.8445161734375001
11 0 0 0 0.5575657890625 0.012426900000000001 0.585526315625 0.01644736875 0.5890899125 0.024671053125000002 0.604989034375 0.031432748437500005 0.6140350875 0.036915204687499995 0.62883771875 0.0625 0.6803728062500001 0.06999269062499999 0.689418859375 0.071820175 0.694078946875 0.0751096484375 0.7080592109375 0.09758771875 0.7478070171875 0.10014619843749999 0.7546600875 0.10672514687500001 0.76480263125 0.11257310000000001 0.780153509375 0.1197002921875 0.7897478062500001 0.1255482453125 0.8018092109375001 0.12920321562499998 0.8034539468749999 0.1403508765625 0.80235745625 0.150402046875 0.8072916671874999 0.1564327484375 0.8174342109375001 0.16337719374999998 0.8223684203125 0.17233187187500001 0.8371710531250001 0.1955409359375 0.85855263125 0.20577485312500002 0.8662280703125 0.21692251406250002 0.8700657890624999 0.2288011703125 0.8777412281249999 0.24378655 0.883223684375 0.252741228125 0.8892543859375 0.2591374265625 0.8919956140625 0.267543859375 0.8939144734375001 0.2821637421875 0.89446271875 0.2938596484375 0.8928179828125 0.30025584843750003 0.8908991234375 0.30774853750000003 0.8870614031249999 0.31853070156249996 0.8854166671874999 0.32584064375 0.8870614031249999 0.335526315625 0.8908991234375 0.3658625734375 0.8950109656249999 0.3806652046875 0.8947368421874999 0.39163011718749996 0.8930921046875 0.40241228125 0.8895285093749999 0.4115497078125 0.883223684375 0.42434210468750005 0.8782894734375001 0.432383040625 0.8722587718750001 0.4513888890625 0.8659539468749999 0.4661915203125 0.8569078953125 0.47807017500000004 0.8527960531250001 0.4884868421875 0.8453947375 0.4985380109375 0.8404605265624999 0.5060307015625 0.8338815796875 0.5224780703125 0.8256578953125 0.5307017546874999 0.81962719375 0.5389254390625 0.8168859656249999 0.54605263125 0.8119517546875 0.5553728062500001 0.8075657890624999 0.5818713453125001 0.7993421046875 0.6209795328125 0.79769736875 0.6564327484375 0.7935855265625 0.67105263125 0.7908442984375 0.6999269 0.7817982453125001 0.7224049703125 0.776864034375 0.7341008765625 0.7708333328125 0.762975146875 0.763706140625 0.8017178359375 0.74917763125 0.82730263125 0.7357456140624999 0.8393640343750001 0.7266995609375 0.8517909359375 0.71491228125 0.86476608125 0.6998355265625 0.8700657890624999 0.69133771875 0.8764619890625 0.68366228125 0.890533625 0.6609100875 0.8994883046875 0.6321271937499999 0.9004020468749999 0.6200657890625 0.8916301171875001 0.6088267546874999 0.8899853796875 0.6047149125 0.8845029234374999 0.582510965625 0.8786549703125001 0.566885965625 0.8654970765625001 0.5438596484375 0.8528874265624999 0.524945175 0.8165204671874999 0.4745065796875 0.7938596484375 0.449561403125 0.7759502921875 0.42516447343749997 0.7635233921875 0.409813596875 0.74616228125 0.3908991234375 0.732456140625 0.37856359687499996 0.7127192984375 0.3634868421875 0.7061403515625 0.3596491234375 0.6982821640625 0.352796053125 0.671418128125 0.3385416671875 0.6467470765625001 0.3314144734375 0.6350511703125 0.3248355265625 0.618421053125 0.3177083328125 0.6111111109375 0.3130482453125 0.578033625 0.2966008765625 0.5661549703125 0.2891995609375 0.553179825 0.2828947375 0.5444078953125 0.276864034375 0.528508771875 0.26918859687499996 0.51955409375 0.262883771875 0.494883040625 0.24972587656249998 0.45650584843750003 0.2373903515625 0.4325657890625 0.23355263124999998 0.41794590625000005 0.23464912343750002 0.41246345 0.2368421046875 0.40698099374999996 0.2412280703125 0.3888888890625 0.25 0.381578946875 0.2557565796875 0.3645833328125 0.26178728125 0.3561769 0.2678179828125 0.3439327484375 0.26918859687499996 0.3267543859375 0.2680921046875 0.3274853796875 0.2568530703125 0.34137426875 0.2557565796875 0.3455774859375 0.2524671046875 0.34777046718750004 0.24479166718749998 0.3494152046875 0.2423245609375 0.3538011703125 0.24067982500000001 0.35599415156249997 0.2368421046875 0.356725146875 0.22916666718749998 0.359466375 0.22505482500000001 0.3786549703125 0.2047697375 0.3830409359375 0.1927083328125 0.385599415625 0.1880482453125 0.390168128125 0.1833881578125 0.399671053125 0.1768092109375 0.40387426875 0.1713267546875 0.4064327484375 0.1661184203125 0.40625 0.16419956093750002 0.41483918124999997 0.15241228125 0.41593567187499997 0.1540570171875 0.4186769 0.154331140625 0.43092105312499995 0.148026315625 0.44133771875 0.1365131578125 0.45851608125 0.12390350937500001 0.4674707609375 0.112938596875 0.4760599421875 0.09292763125 0.48775584843750003 0.08333333281250001 0.4985380109375 0.0775767546875 0.5084064328125 0.06798245625 0.5111476609375 0.06414473750000001 0.51169590625 0.053453946875000005 0.5104166671875 0.048793859375 0.5063961984375001 0.0452302625 0.49707602343749996 0.041392543749999997 0.4936038015625 0.037280701562500004 0.49908625781250004 0.0260416671875 0.5063961984375001 0.015350876562499999 0.50621345 0.011239034375 0.49305555625 0 0 0