12 0.7296774484374999 0.4062486296875 0.6198839546875 0.4062486296875 0.6198839546875 0.578899396875 0.7296774484374999 0.578899396875 0.7296774484374999 0.4062486296875
12 0.23089638125 0.385940240625 0.127502740625 0.385940240625 0.127502740625 0.5222615125 0.23089638125 0.5222615125 0.23089638125 0.385940240625
12 0.558288559375 0.58850191875 0.4251105625 0.58850191875 0.4251105625 0.74084566875 0.558288559375 0.74084566875 0.558288559375 0.58850191875
12 0.4093320546875 0.384979440625 0.2889099046875 0.384979440625 0.2889099046875 0.572295778125 0.4093320546875 0.572295778125 0.4093320546875 0.384979440625
12 0.499496528125 0.9574013156250001 0.453628471875 0.9574013156250001 0.453628471875 0.9966995609374999 0.499496528125 0.9966995609374999 0.499496528125 0.9574013156250001
12 0.6021125734375 0.751008771875 0.42718567187499995 0.751008771875 0.42718567187499995 0.97165021875 0.6021125734375 0.97165021875 0.6021125734375 0.751008771875
12 0.5364994515625 0.1794202296875 0.46008315 0.1794202296875 0.46008315 0.22414336562499998 0.5364994515625 0.22414336562499998 0.5364994515625 0.1794202296875
12 0.6524113671875 0.21335800468750002 0.6307903875 0.21335800468750002 0.6307903875 0.2304906796875 0.6524113671875 0.2304906796875 0.6524113671875 0.21335800468750002
12 0.8413084796874999 0.22780016406249998 0.8198245609375 0.22780016406249998 0.8198245609375 0.24644325625 0.8413084796874999 0.24644325625 0.8413084796874999 0.22780016406249998
12 0.9197386703125 0.26715049375 0.7003782890625 0.26715049375 0.7003782890625 0.4769887609375 0.9197386703125 0.4769887609375 0.9197386703125 0.26715049375
12 0.828140534375 0.65977521875 0.7792827124999999 0.65977521875 0.7792827124999999 0.717911184375 0.828140534375 0.717911184375 0.828140534375 0.65977521875
12 0.7875977703125 0.21949287343749999 0.7700191890625 0.21949287343749999 0.7700191890625 0.23534265312499997 0.7875977703125 0.23534265312499997 0.7875977703125 0.21949287343749999
12 0.89914016875 0.5794092656250001 0.8860169953125 0.5794092656250001 0.8860169953125 0.5997902953125 0.89914016875 0.5997902953125 0.89914016875 0.5794092656250001
12 0.7969974421875 0.22499040625000002 0.6278088453125 0.22499040625000002 0.6278088453125 0.36827165625 0.7969974421875 0.36827165625 0.7969974421875 0.22499040625000002
12 0.4412235015625 0.2504879390625 0.307800621875 0.2504879390625 0.307800621875 0.4412828953125 0.4412235015625 0.4412828953125 0.4412235015625 0.2504879390625
12 0.24429641875 0.42547012031250003 0.23372989843749997 0.42547012031250003 0.23372989843749997 0.4387897484375 0.24429641875 0.4387897484375 0.24429641875 0.42547012031250003
12 0.321045321875 0.2493434765625 0.1887207609375 0.2493434765625 0.1887207609375 0.408003015625 0.321045321875 0.408003015625 0.321045321875 0.2493434765625
12 0.28197094375 0.6599465453125 0.2663697 0.6599465453125 0.2663697 0.6759909546875 0.28197094375 0.6759909546875 0.28197094375 0.6599465453125
12 0.22105445937499998 0.5790707234375 0.1854404234375 0.5790707234375 0.1854404234375 0.6411430921875 0.22105445937499998 0.6411430921875 0.22105445937499998 0.5790707234375
12 0.3517150953125 0.6422190234375 0.2747505484375 0.6422190234375 0.2747505484375 0.706169134375 0.3517150953125 0.706169134375 0.3517150953125 0.6422190234375
12 0.230553728125 0.41806469375 0.2206195171875 0.41806469375 0.2206195171875 0.43154605312500005 0.230553728125 0.43154605312500005 0.230553728125 0.41806469375
12 0.6851471124999999 0.3720600328125 0.6722761328125 0.3720600328125 0.6722761328125 0.3896614578125 0.6851471124999999 0.3896614578125 0.6851471124999999 0.3720600328125
12 0.6804925078124999 0.7701535093749999 0.66716465625 0.7701535093749999 0.66716465625 0.7899067984375 0.6804925078124999 0.7899067984375 0.6804925078124999 0.7701535093749999
12 0.1402055921875 0.89027138125 0.118094846875 0.89027138125 0.118094846875 0.926137609375 0.1402055921875 0.926137609375 0.1402055921875 0.89027138125
12 0.6745303359375 0.2369846484375 0.66238486875 0.2369846484375 0.66238486875 0.2552028515625 0.6745303359375 0.2552028515625 0.6745303359375 0.2369846484375
12 0.2178115859375 0.431328125 0.2062600515625 0.431328125 0.2062600515625 0.4431839359375 0.2178115859375 0.4431839359375 0.2178115859375 0.431328125
12 0.823425621875 0.4806058109375 0.676574378125 0.4806058109375 0.676574378125 0.5975191890625 0.823425621875 0.5975191890625 0.823425621875 0.4806058109375
12 0.2661933484375 0.30405975937499996 0.2552905703125 0.30405975937499996 0.2552905703125 0.3152055921875 0.2661933484375 0.3152055921875 0.2661933484375 0.30405975937499996
12 0.667129934375 0.3227809765625 0.6541602703125 0.3227809765625 0.6541602703125 0.3393297703125 0.667129934375 0.3393297703125 0.667129934375 0.3227809765625
12 0.6705327125 0.31384183125 0.551148575 0.31384183125 0.551148575 0.4749739578125 0.6705327125 0.4749739578125 0.6705327125 0.31384183125
12 0.395503471875 0.9561663921875001 0.3803737203125 0.9561663921875001 0.3803737203125 0.9774300984375 0.395503471875 0.9774300984375 0.395503471875 0.9561663921875001
12 0.1386567984375 0.45765076718750003 0.11598135937500001 0.45765076718750003 0.11598135937500001 0.48790844375000003 0.1386567984375 0.48790844375000003 0.1386567984375 0.45765076718750003
12 0.5961759875 0.259653234375 0.57179185 0.259653234375 0.57179185 0.2947875546875 0.5961759875 0.2947875546875 0.5961759875 0.259653234375
12 0.6344225140625 0.5451343203125 0.624367690625 0.5451343203125 0.624367690625 0.5600904609375 0.6344225140625 0.5600904609375 0.6344225140625 0.5451343203125
12 0.15464820937499998 0.34167626093750003 0.1434475515625 0.34167626093750003 0.1434475515625 0.3566899671875 0.15464820937499998 0.3566899671875 0.15464820937499998 0.34167626093750003
12 0.166450109375 0.51740405625 0.1470257671875 0.51740405625 0.1470257671875 0.538747259375 0.166450109375 0.538747259375 0.166450109375 0.51740405625
12 0.3465113296875 0.2744997265625 0.3385471484375 0.2744997265625 0.3385471484375 0.28543448437499996 0.3465113296875 0.28543448437499996 0.3465113296875 0.2744997265625
12 0.6867178359375 0.6839967109375 0.6726571640625 0.6839967109375 0.6726571640625 0.6995504390625 0.6867178359375 0.6995504390625 0.6867178359375 0.6839967109375
12 0.5972249640625 0.47918585468749997 0.5863678734375 0.47918585468749997 0.5863678734375 0.49566611875 0.5972249640625 0.49566611875 0.5972249640625 0.47918585468749997
12 0.3334658265625 0.47359512031250006 0.320342653125 0.47359512031250006 0.320342653125 0.4902700109375 0.3334658265625 0.4902700109375 0.3334658265625 0.47359512031250006
12 0.1739583328125 0.46045778437499996 0.1627119890625 0.46045778437499996 0.1627119890625 0.476307565625 0.1739583328125 0.476307565625 0.1739583328125 0.46045778437499996
12 0.3277019375 0.20955866250000002 0.317806103125 0.20955866250000002 0.317806103125 0.2218393640625 0.3277019375 0.2218393640625 0.3277019375 0.20955866250000002
12 0.169524853125 0.5697341015624999 0.1068421046875 0.5697341015624999 0.1068421046875 0.703950109375 0.169524853125 0.703950109375 0.169524853125 0.5697341015624999
12 0.26594206875 0.25714912343749996 0.254565971875 0.25714912343749996 0.254565971875 0.26909539531250004 0.26594206875 0.26909539531250004 0.26594206875 0.25714912343749996
12 0.0737161921875 0.53827165625 0.049149306250000004 0.53827165625 0.049149306250000004 0.57720531875 0.0737161921875 0.57720531875 0.0737161921875 0.53827165625
12 0.44564510156250003 0.854266721875 0.437169225 0.854266721875 0.437169225 0.86545915625 0.44564510156250003 0.86545915625 0.44564510156250003 0.854266721875
12 0.48123172500000005 0.940737390625 0.47189327499999995 0.940737390625 0.47189327499999995 0.9533031796874999 0.48123172500000005 0.9533031796874999 0.48123172500000005 0.940737390625
12 0.319533990625 0.2847231359375 0.309859284375 0.2847231359375 0.309859284375 0.2960882671875 0.319533990625 0.2960882671875 0.319533990625 0.2847231359375
12 0.545043859375 0.29465049374999996 0.5340570171875 0.29465049374999996 0.5340570171875 0.3103275765625 0.545043859375 0.3103275765625 0.545043859375 0.29465049374999996
12 0.5209685671875001 0.5466091015625001 0.51321271875 0.5466091015625001 0.51321271875 0.556417215625 0.5209685671875001 0.556417215625 0.5209685671875001 0.5466091015625001
12 0.2282940421875 0.9098629390624999 0.213844115625 0.9098629390624999 0.213844115625 0.9329111843750001 0.2282940421875 0.9329111843750001 0.2282940421875 0.9098629390624999
12 0.21835252187499998 0.8842859093750001 0.20327759531249998 0.8842859093750001 0.20327759531249998 0.9101493968750001 0.21835252187499998 0.9101493968750001 0.21835252187499998 0.8842859093750001
12 0.54358004375 0.346371984375 0.5325932015625 0.346371984375 0.5325932015625 0.3615117875 0.54358004375 0.3615117875 0.54358004375 0.346371984375
12 0.380054825 0.3042708328125 0.37141081875 0.3042708328125 0.37141081875 0.3149945171875 0.380054825 0.3149945171875 0.380054825 0.3042708328125
12 0.48495888125000003 0.8552330046875 0.4769563234375 0.8552330046875 0.4769563234375 0.8659566890624999 0.48495888125000003 0.8659566890624999 0.48495888125000003 0.8552330046875
12 0.696091009375 0.84321271875 0.6828161546875 0.84321271875 0.6828161546875 0.8647971484375001 0.696091009375 0.8647971484375001 0.696091009375 0.84321271875
12 0.1366346859375 0.722717928125 0.10567525625 0.722717928125 0.10567525625 0.774354440625 0.1366346859375 0.774354440625 0.1366346859375 0.722717928125
12 0.7160654234375 0.8451247265624999 0.557373903125 0.8451247265624999 0.557373903125 0.9873972046875 0.7160654234375 0.9873972046875 0.7160654234375 0.8451247265624999
12 0.6295504390625 0.8397258765625001 0.6214254390625 0.8397258765625001 0.6214254390625 0.8507017546875 0.6295504390625 0.8507017546875 0.6295504390625 0.8397258765625001
12 0.320953034375 0.8505235750000001 0.2327567609375 0.8505235750000001 0.2327567609375 0.9966419953125 0.320953034375 0.9966419953125 0.320953034375 0.8505235750000001
12 0.545204678125 0.58740816875 0.5221783624999999 0.58740816875 0.5221783624999999 0.6101027953125 0.545204678125 0.6101027953125 0.545204678125 0.58740816875
12 0.41169682031250004 0.6733717109375 0.355879934375 0.6733717109375 0.355879934375 0.76803728125 0.41169682031250004 0.76803728125 0.41169682031250004 0.6733717109375
12 0.8101197000000001 0.6915899125 0.6127311765625 0.6915899125 0.6127311765625 0.8831195171875 0.8101197000000001 0.8831195171875 0.8101197000000001 0.6915899125
12 0.360825109375 0.766206140625 0.312515534375 0.766206140625 0.312515534375 0.8714912281249999 0.360825109375 0.8714912281249999 0.360825109375 0.766206140625
12 0.9999990859375 0.387176534375 0.9420769375000001 0.387176534375 0.9420769375000001 0.6426096484375 0.9999990859375 0.6426096484375 0.9999990859375 0.387176534375
11 0.6370614031249999 0.9657346484374999 0.6610014625 0.9377741234375 0.7118055562500001 0.8717105265624999 0.7169225140625 0.8621162281249999 0.7443347953125 0.819901315625 0.76480263125 0.7993421046875 0.791849415625 0.767543859375 0.796966375 0.7587719296875 0.802814328125 0.7530153515625 0.8081140343750001 0.7439692984375 0.815606725 0.7349232453125001 0.8209064328125001 0.7217653515625 0.8271198828124999 0.7146381578125001 0.843384503125 0.6888706140624999 0.8676900578125 0.6529605265625 0.8735380109375 0.6428179828125 0.8885233921875001 0.623081140625 0.8993055562500001 0.6058114031249999 0.9038742687499999 0.600054825 0.9086257312500001 0.591008771875 0.9166666671874999 0.57894736875 0.92105263125 0.5677083328125 0.9247076015625 0.5622258765625 0.92891081875 0.55866228125 0.9325657890624999 0.553179825 0.937134503125 0.5435855265625 0.94298245625 0.537828946875 0.9462719296875 0.530153509375 0.9570540937500001 0.5150767546874999 0.9621710531250001 0.5046600875 0.9660087718750001 0.501918859375 0.9689327484374999 0.498081140625 0.9749634500000001 0.48492324531250003 0.97898391875 0.48382675468749997 0.9833698828124999 0.480811403125 0.9857456140625 0.4775219296875 0.9877558484375 0.470668859375 0.9934210531250001 0.46792763125 0.9974415203125 0.4640899125 0.9998172515625001 0.45641447343749997 0.9998172515625001 0.27521929843750004 0.9744152046875 0.26480263125 0.9479166671874999 0.257401315625 0.9375 0.2530153515625 0.911366959375 0.24725877187499998 0.8854166671874999 0.23766447343750002 0.8623903515625001 0.2330043859375 0.83351608125 0.2247807015625 0.7936769 0.2192982453125 0.7713815796875 0.21408991249999998 0.7571271937499999 0.2127192984375 0.7328216375000001 0.21326754375 0.689437134375 0.2182017546875 0.669956140625 0.21792763124999998 0.6529605265625 0.21354166718749998 0.6290204671875 0.2108004390625 0.5842470765625001 0.19764254375 0.5447733921875 0.194078946875 0.507492690625 0.1825657890625 0.4837353796875 0.17790570156250002 0.47295321562500003 0.1768092109375 0.46564327499999997 0.1768092109375 0.4139254390625 0.1828399125 0.3424707609375 0.194901315625 0.3287646203125 0.1984649125 0.3157894734375 0.205043859375 0.2732090640625 0.2338267546875 0.2598684203125 0.2442434203125 0.24378655 0.2541118421875 0.215277778125 0.2642543859375 0.1993786546875 0.2733004390625 0.1849415203125 0.2864583328125 0.17361111093749998 0.299616228125 0.1684941515625 0.3072916671875 0.1619152046875 0.3149671046875 0.1483918125 0.33662280624999996 0.1434576015625 0.3484100875 0.13432017499999999 0.366776315625 0.1299342109375 0.3818530703125 0.121893275 0.40186403437499996 0.1171418125 0.4216008765625 0.1096491234375 0.44380482499999996 0.09758771875 0.5197368421874999 0.0966739765625 0.555921053125 0.09758771875 0.578125 0.09758771875 0.6439144734375 0.096491228125 0.66639254375 0.096491228125 0.692799615625 0.0946637421875 0.7220394734375 0.09137426875 0.748081140625 0.0891812859375 0.7571271937499999 0.08205409375 0.7724780703125 0.0670687140625 0.8149671046875 0.0592105265625 0.8316885968750001 0.052814328125 0.8484100874999999 0.037463449999999995 0.8755482453125 0.0345394734375 0.883223684375 0.03125 0.9076206140625 0.0290570171875 0.9177631578125001 0.0266812859375 0.9246162281249999 0.025402046875 0.9443530703125 0.0224780703125 0.9690241234375 0.023026315624999998 0.9997258765625 0.60544590625 0.9997258765625 0.6127558484375 0.9912280703125 0.6370614031249999 0.9657346484374999