12 0.60360875 0.5703316671875001 0.43275125000000003 0.5703316671875001 0.43275125000000003 0.6978816671875 0.60360875 0.6978816671875 0.60360875 0.5703316671875001
12 0.6245737499999999 0.41731666718750005 0.46136625000000003 0.41731666718750005 0.46136625000000003 0.5898433328125 0.6245737499999999 0.5898433328125 0.6245737499999999 0.41731666718750005
12 0.8134762500000001 0.4536933328125 0.64648375 0.4536933328125 0.64648375 0.6537266671874999 0.8134762500000001 0.6537266671874999 0.8134762500000001 0.4536933328125
12 0.51818875 0.33642500000000003 0.23474124999999998 0.33642500000000003 0.23474124999999998 0.5040683328125 0.51818875 0.5040683328125 0.51818875 0.33642500000000003
12 0.42468125 0.1889666671875 0.15148875 0.1889666671875 0.15148875 0.48812 0.42468125 0.48812 0.42468125 0.1889666671875
12 0.8319699999999999 0.18709499999999998 0.6904899999999999 0.18709499999999998 0.6904899999999999 0.4558116671875 0.8319699999999999 0.4558116671875 0.8319699999999999 0.18709499999999998
12 0.5786749999999999 0.1336283328125 0.36663999999999997 0.1336283328125 0.36663999999999997 0.43147833281250003 0.5786749999999999 0.43147833281250003 0.5786749999999999 0.1336283328125
12 0.7769775 0.6015616671874999 0.6448975 0.6015616671874999 0.6448975 0.8710916671875 0.7769775 0.8710916671875 0.7769775 0.6015616671874999
12 0.6608262500000001 0.65446 0.49053874999999997 0.65446 0.49053874999999997 0.8833 0.6608262500000001 0.8833 0.6608262500000001 0.65446
12 0.69018625 0.2573233328125 0.5842287500000001 0.2573233328125 0.5842287500000001 0.4431966671875 0.69018625 0.4431966671875 0.69018625 0.2573233328125
12 0.5867600000000001 0.6931983328125 0.473785 0.6931983328125 0.473785 0.8172216671875001 0.5867600000000001 0.8172216671875001 0.5867600000000001 0.6931983328125
12 0.27325499999999997 0.19055 0.139345 0.19055 0.139345 0.3446033328125 0.27325499999999997 0.3446033328125 0.27325499999999997 0.19055
12 0.92443875 0.5 0.66540625 0.5 0.66540625 0.88802 0.92443875 0.88802 0.92443875 0.5
12 0.78176875 0.22867666718750002 0.69967625 0.22867666718750002 0.69967625 0.3670233328125 0.78176875 0.3670233328125 0.78176875 0.22867666718750002
11 0.14875 0.29533333281249996 0.154 0.30533333281249997 0.16175 0.32966666718750004 0.1675 0.341 0.18525 0.3906666671875 0.19424999999999998 0.40533333281250006 0.1995 0.4186666671875 0.20550000000000002 0.4296666671875 0.21175000000000002 0.44699999999999995 0.2185 0.457 0.2265 0.4723333328125 0.24225 0.4943333328125 0.24975 0.51 0.257 0.5213333328124999 0.2625 0.533 0.28025 0.5563333328125 0.28700000000000003 0.571 0.2945 0.58 0.3 0.5903333328125 0.31425000000000003 0.609 0.32025000000000003 0.6146666671875 0.327 0.6243333328125 0.3335 0.631 0.33625 0.6363333328125 0.3435 0.644 0.34775 0.6516666671875 0.361 0.6686666671875 0.36375 0.674 0.37 0.6823333328125 0.37374999999999997 0.692 0.37875000000000003 0.6983333328125 0.38675000000000004 0.7123333328125 0.39649999999999996 0.722 0.40125 0.729 0.40774999999999995 0.735 0.41125 0.7416666671875001 0.4225 0.7566666671875 0.4305 0.7636666671875 0.43949999999999995 0.7743333328124999 0.4535 0.7883333328125001 0.47050000000000003 0.8103333328125 0.484 0.8220000000000001 0.48724999999999996 0.8263333328125 0.4965 0.8466666671875 0.50225 0.851 0.513 0.8623333328125 0.5215 0.874 0.53175 0.8806666671875 0.54475 0.885 0.5505 0.893 0.554 0.8960000000000001 0.56575 0.8993333328125 0.5715 0.9039999999999999 0.5815 0.9066666671875 0.5845 0.909 0.58525 0.9143333328125 0.5815 0.9223333328125 0.579 0.9223333328125 0.57125 0.9189999999999999 0.5700000000000001 0.9273333328125 0.5700000000000001 0.9363333328125 0.5730000000000001 0.9363333328125 0.57575 0.9289999999999999 0.58 0.924 0.58175 0.924 0.5875 0.93 0.5934999999999999 0.933 0.60775 0.9316666671875 0.61825 0.9353333328125 0.62175 0.9353333328125 0.63125 0.9286666671875 0.644 0.9259999999999999 0.6735 0.9286666671875 0.69275 0.9246666671874999 0.69825 0.9246666671874999 0.7072499999999999 0.9273333328125 0.71675 0.9273333328125 0.727 0.9256666671874999 0.745 0.9186666671875001 0.74925 0.9156666671875 0.75625 0.9076666671875 0.7787499999999999 0.8939999999999999 0.7849999999999999 0.8913333328125 0.79725 0.89 0.8005000000000001 0.8876666671875 0.8039999999999999 0.8813333328124999 0.8085000000000001 0.8686666671875001 0.8147500000000001 0.8576666671875 0.8185 0.8533333328125 0.8242499999999999 0.8496666671875 0.82875 0.8403333328124999 0.8332499999999999 0.8353333328125 0.8345 0.8226666671875 0.83675 0.82 0.8432499999999999 0.818 0.84475 0.8160000000000001 0.8494999999999999 0.8023333328125 0.8557499999999999 0.7976666671875 0.85775 0.7946666671875 0.8605 0.7823333328125 0.86725 0.7676666671875 0.87375 0.746 0.8800000000000001 0.7306666671875 0.8845000000000001 0.7126666671875 0.8925000000000001 0.6910000000000001 0.9012499999999999 0.659 0.9025000000000001 0.6466666671875 0.9055 0.632 0.91225 0.5846666671875 0.9164999999999999 0.5683333328125 0.9167500000000001 0.5416666671875 0.9257500000000001 0.5183333328125 0.9262499999999999 0.5076666671875001 0.9349999999999999 0.5056666671875 0.93725 0.503 0.9390000000000001 0.49233333281249997 0.9390000000000001 0.47866666718750006 0.9262499999999999 0.41733333281249996 0.9262499999999999 0.4006666671875 0.93 0.369 0.93 0.359 0.92675 0.33599999999999997 0.92175 0.31433333281250003 0.9125 0.29133333281249996 0.90725 0.281 0.90175 0.26433333281250004 0.89 0.2436666671875 0.8654999999999999 0.2106666671875 0.8484999999999999 0.1926666671875 0.84175 0.184 0.8225 0.1643333328125 0.80725 0.1556666671875 0.79825 0.1486666671875 0.7725 0.136 0.70775 0.1266666671875 0.6835 0.1266666671875 0.6685 0.13 0.634 0.1346666671875 0.60875 0.1436666671875 0.5675 0.1526666671875 0.5549000000000001 0.1536666671875 0.5435 0.152 0.522 0.1463333328125 0.50575 0.1403333328125 0.47925000000000006 0.1326666671875 0.45775 0.13033333281249998 0.42675 0.125 0.395 0.1243333328125 0.37725 0.1286666671875 0.35475 0.1366666671875 0.34025 0.1433333328125 0.31725 0.1506666671875 0.28650000000000003 0.16699999999999998 0.26575000000000004 0.175 0.2465 0.1846666671875 0.23700000000000002 0.1906666671875 0.21749999999999997 0.19766666718749998 0.20125 0.19866666718749998 0.17925 0.194 0.16899999999999998 0.1933333328125 0.13774999999999998 0.1963333328125 0.13274999999999998 0.2006666671875 0.131 0.213 0.13075 0.24133333281249997 0.134 0.25433333281250003 0.14350000000000002 0.2783333328125 0.14875 0.29533333281249996