12 0.535264071875 0.3569078953125 0.43347861875 0.3569078953125 0.43347861875 0.506573465625 0.535264071875 0.506573465625 0.535264071875 0.3569078953125
12 0.5523675078125 0.4039761515625 0.4329833703125 0.4039761515625 0.4329833703125 0.52253700625 0.5523675078125 0.52253700625 0.5523675078125 0.4039761515625
12 0.5006103796875 0.1966091015625 0.370972221875 0.1966091015625 0.370972221875 0.2955783984375 0.5006103796875 0.2955783984375 0.5006103796875 0.1966091015625
12 0.6657410453125 0.312332784375 0.5432428734375 0.312332784375 0.5432428734375 0.40214638125 0.6657410453125 0.40214638125 0.6657410453125 0.312332784375
12 0.6692498171875 0.46563596562500004 0.525084978125 0.46563596562500004 0.525084978125 0.5868530703125 0.6692498171875 0.5868530703125 0.6692498171875 0.46563596562500004
12 0.3490296046875 0.466507675 0.2637627921875 0.466507675 0.2637627921875 0.563278509375 0.3490296046875 0.563278509375 0.3490296046875 0.466507675
12 0.5343329671875 0.578430646875 0.4554148390625 0.578430646875 0.4554148390625 0.777282071875 0.5343329671875 0.777282071875 0.5343329671875 0.578430646875
12 0.3546134875 0.31851288437499997 0.2254632671875 0.31851288437499997 0.2254632671875 0.4966735203125 0.3546134875 0.4966735203125 0.3546134875 0.31851288437499997
12 0.41311769062500003 0.6177974234375 0.3110051171875 0.6177974234375 0.3110051171875 0.7393791125 0.41311769062500003 0.7393791125 0.41311769062500003 0.6177974234375
12 0.575530884375 0.23606907968750002 0.47622715624999995 0.23606907968750002 0.47622715624999995 0.3300932015625 0.575530884375 0.3300932015625 0.575530884375 0.23606907968750002
12 0.4546500359375 0.47026041718749995 0.30560215625 0.47026041718749995 0.30560215625 0.6093283984375 0.4546500359375 0.6093283984375 0.4546500359375 0.47026041718749995
12 0.29748629375 0.4878851421875 0.1922615125 0.4878851421875 0.1922615125 0.6341872265624999 0.29748629375 0.6341872265624999 0.29748629375 0.4878851421875
12 0.5166620984375 0.2939761515625 0.3905637796875 0.2939761515625 0.3905637796875 0.44503700625000003 0.5166620984375 0.44503700625000003 0.5166620984375 0.2939761515625
12 0.4877923984375 0.652129934375 0.41699195937500005 0.652129934375 0.41699195937500005 0.73947094375 0.4877923984375 0.73947094375 0.4877923984375 0.652129934375
12 0.6671445546875 0.1565090453125 0.5516054453125 0.1565090453125 0.5516054453125 0.275985471875 0.6671445546875 0.275985471875 0.6671445546875 0.1565090453125
12 0.45745888125 0.31219298281249996 0.3154906796875 0.31219298281249996 0.3154906796875 0.5505975875 0.45745888125 0.5505975875 0.45745888125 0.31219298281249996
12 0.5196235375 0.4394517546875 0.41348318749999996 0.4394517546875 0.41348318749999996 0.6416008765625001 0.5196235375 0.6416008765625001 0.5196235375 0.4394517546875
12 0.25283717031249997 0.24389528437500002 0.1492607828125 0.24389528437500002 0.1492607828125 0.4028316890625 0.25283717031249997 0.4028316890625 0.25283717031249997 0.24389528437500002
12 0.6793832234375 0.2045298796875 0.527648940625 0.2045298796875 0.527648940625 0.3803111296875 0.6793832234375 0.3803111296875 0.6793832234375 0.2045298796875
12 0.6513057390625 0.09214912343750001 0.506896015625 0.09214912343750001 0.506896015625 0.210526315625 0.6513057390625 0.210526315625 0.6513057390625 0.09214912343750001
12 0.5216072734375 0.0724643640625 0.32995705468750003 0.0724643640625 0.32995705468750003 0.22435032968750002 0.5216072734375 0.22435032968750002 0.5216072734375 0.0724643640625
12 0.6676644734375 0.300475603125 0.43389985312499996 0.300475603125 0.43389985312499996 0.5659772484375 0.6676644734375 0.5659772484375 0.6676644734375 0.300475603125
12 0.24581962656249998 0.3983004390625 0.1582337359375 0.3983004390625 0.1582337359375 0.5662993421875 0.24581962656249998 0.5662993421875 0.24581962656249998 0.3983004390625
12 0.3596491234375 0.127258771875 0.237518275 0.127258771875 0.237518275 0.32061951718750004 0.3596491234375 0.32061951718750004 0.3596491234375 0.127258771875
12 0.601104715625 0.72441200625 0.5336613671875 0.72441200625 0.5336613671875 0.8429728624999999 0.601104715625 0.8429728624999999 0.601104715625 0.72441200625
12 0.40040570156250005 0.4317173796875 0.3749853796875 0.4317173796875 0.3749853796875 0.48454358593749997 0.40040570156250005 0.48454358593749997 0.40040570156250005 0.4317173796875
12 0.6540533625 0.1018983 0.3918457609375 0.1018983 0.3918457609375 0.3690501640625 0.6540533625 0.3690501640625 0.6540533625 0.1018983
12 0.54519736875 0.038496435937500004 0.4528508765625 0.038496435937500004 0.4528508765625 0.1342612390625 0.54519736875 0.1342612390625 0.54519736875 0.038496435937500004
12 0.49059941562500003 0.2530509875 0.24084429843750002 0.2530509875 0.24084429843750002 0.7305893640625001 0.49059941562500003 0.7305893640625001 0.49059941562500003 0.2530509875
12 0.27996801875 0.14428728125 0.13677905625 0.14428728125 0.13677905625 0.5496820171875 0.27996801875 0.5496820171875 0.27996801875 0.14428728125
12 0.10272203906249999 0.0099780703125 0.0302129015625 0.0099780703125 0.0302129015625 0.3384703953125 0.10272203906249999 0.3384703953125 0.10272203906249999 0.0099780703125
12 0.548706140625 0.58904879375 0.50891081875 0.58904879375 0.50891081875 0.9680783984374999 0.548706140625 0.9680783984374999 0.548706140625 0.58904879375
12 0.5301507671875 0.0069106359374999995 0.34094206875 0.0069106359374999995 0.34094206875 0.131148575 0.5301507671875 0.131148575 0.5301507671875 0.0069106359374999995
12 0.3650977703125 0.2554331140625 0.3180089546875 0.2554331140625 0.3180089546875 0.6937883765625 0.3650977703125 0.6937883765625 0.3650977703125 0.2554331140625
12 0.7033086625 0.6527700109375 0.520324378125 0.6527700109375 0.520324378125 0.99810718125 0.7033086625 0.99810718125 0.7033086625 0.6527700109375
12 0.6708991234374999 0.7382360203125 0.5664071640625 0.7382360203125 0.5664071640625 0.799850603125 0.6708991234374999 0.799850603125 0.6708991234374999 0.7382360203125
12 0.6381076390625 0.829924615625 0.5913843203125 0.829924615625 0.5913843203125 0.9996642 0.6381076390625 0.9996642 0.6381076390625 0.829924615625
12 0.14086988281249999 0.0011444625 0.0012207609375 0.0011444625 0.0012207609375 0.1296833875 0.14086988281249999 0.1296833875 0.14086988281249999 0.0011444625
12 0.09494060625 0.2969983546875 0.0370184578125 0.2969983546875 0.0370184578125 0.37097313593750003 0.09494060625 0.37097313593750003 0.09494060625 0.2969983546875
12 0.3345787640625 0.5031743421875 0.31873994843750003 0.5031743421875 0.31873994843750003 0.7126480265625 0.3345787640625 0.7126480265625 0.3345787640625 0.5031743421875
12 0.6977540203125 0.2730112390625 0.3862298984375 0.2730112390625 0.3862298984375 0.9640501640625001 0.6977540203125 0.9640501640625001 0.6977540203125 0.2730112390625
11 0 0 0 0.7859100875 0.0049342109375 0.80701754375 0.006213450000000001 0.8155153515625001 0.0087719296875 0.8459429828125 0.0107821640625 0.859375 0.010599415625 0.8873355265624999 0.0126096484375 0.898026315625 0.016081871875 0.9106359656249999 0.0169956140625 0.9364035093749999 0.02266081875 0.9838267546875 0.023940057812500002 0.98821271875 0.0321637421875 0.9997258765625 0.7130847953125 0.9997258765625 0.7134502921875 0.9857456140625 0.7165570171875 0.9621710531250001 0.7200292390625 0.9103618421874999 0.7205774859375 0.883223684375 0.726242690625 0.7450657890625 0.72496345 0.723135965625 0.7218567250000001 0.693804825 0.7161915203125 0.5666118421874999 0.716008771875 0.542489034375 0.713633040625 0.518366228125 0.7092470765625001 0.4953399125 0.705774853125 0.42023026249999995 0.7002923984375 0.3796600875 0.696820175 0.368421053125 0.6951754390625 0.358278509375 0.6935307015625 0.337171053125 0.6907894734375 0.3171600875 0.6880482453125001 0.303453946875 0.6842105265625 0.292489034375 0.6834795328125 0.2881030703125 0.6798245609375 0.25082236875 0.6754385968750001 0.2171052625 0.6716008765625 0.201206140625 0.6663011703125 0.169956140625 0.6633771937499999 0.157346490625 0.656615496875 0.13980263125 0.6491228062500001 0.11705043906249998 0.637975146875 0.0942982453125 0.62426900625 0.071546053125 0.619152046875 0.0657894734375 0.6142178359375 0.0567434203125 0.60709064375 0.048793859375 0.6027046781250001 0.037828946875000005 0.6122076015625 0.026864034375 0.6209795328125 0.011239034375 0.624634503125 0 0 0