12 0.712 0.3986666671875 0.66225 0.3986666671875 0.66225 0.4503333328125 0.712 0.4503333328125 0.712 0.3986666671875
12 0.7023937499999999 0.3966466671875 0.66479625 0.3966466671875 0.66479625 0.4405933328125 0.7023937499999999 0.4405933328125 0.7023937499999999 0.3966466671875
12 0.74759 0.3113616671875 0.6576850000000001 0.3113616671875 0.6576850000000001 0.3878583328125 0.74759 0.3878583328125 0.74759 0.3113616671875
12 0.6759025000000001 0.3275166671875 0.6463625000000001 0.3275166671875 0.6463625000000001 0.38342333281249996 0.6759025000000001 0.38342333281249996 0.6759025000000001 0.3275166671875
12 0.97712 0.15204833281250002 0.962335 0.15204833281250002 0.962335 0.163705 0.97712 0.163705 0.97712 0.15204833281250002
12 0.2593775 0.7073783328125 0.22817249999999997 0.7073783328125 0.22817249999999997 0.762675 0.2593775 0.762675 0.2593775 0.7073783328125
12 0.75047375 0.3136383328125 0.71046625 0.3136383328125 0.71046625 0.3680016671875 0.75047375 0.3680016671875 0.75047375 0.3136383328125
12 0.65934375 0.33337500000000003 0.64632125 0.33337500000000003 0.64632125 0.3625916671875 0.65934375 0.3625916671875 0.65934375 0.33337500000000003
12 0.9260575 0.5495616671875 0.8942574999999999 0.5495616671875 0.8942574999999999 0.5858583328125 0.9260575 0.5858583328125 0.9260575 0.5495616671875
12 0.7000425 0.34863333281250003 0.6720275 0.34863333281250003 0.6720275 0.37858 0.7000425 0.37858 0.7000425 0.34863333281250003
12 0.7223575 0.3218983328125 0.7004925 0.3218983328125 0.7004925 0.3597416671875 0.7223575 0.3597416671875 0.7223575 0.3218983328125
12 0.62010625 0.3557533328125 0.61036375 0.3557533328125 0.61036375 0.37146 0.62010625 0.37146 0.62010625 0.3557533328125
12 0.4757225 0.51661 0.4627525 0.51661 0.4627525 0.54719 0.4757225 0.54719 0.4757225 0.51661
12 0.68280125 0.3207766671875 0.6726687499999999 0.3207766671875 0.6726687499999999 0.33515 0.68280125 0.33515 0.68280125 0.3207766671875
12 0.93934 0.08501 0.912225 0.08501 0.912225 0.1246233328125 0.93934 0.1246233328125 0.93934 0.08501
12 0.59754875 0.4659933328125 0.58702125 0.4659933328125 0.58702125 0.4845266671875 0.59754875 0.4845266671875 0.59754875 0.4659933328125
12 0.9138937500000001 0.5659633328125 0.89665125 0.5659633328125 0.89665125 0.5831233328125001 0.9138937500000001 0.5831233328125001 0.9138937500000001 0.5659633328125
12 0.48569874999999996 0.3509033328125 0.47475125 0.3509033328125 0.47475125 0.3639433328125 0.48569874999999996 0.3639433328125 0.48569874999999996 0.3509033328125
12 0.84462875 0.462025 0.8379862499999999 0.462025 0.8379862499999999 0.4748216671875 0.84462875 0.4748216671875 0.84462875 0.462025
12 0.324225 0.4575483328125 0.314445 0.4575483328125 0.314445 0.47148500000000004 0.324225 0.47148500000000004 0.324225 0.4575483328125
12 0.34427625 0.5047900000000001 0.33345875 0.5047900000000001 0.33345875 0.5173433328125 0.34427625 0.5173433328125 0.34427625 0.5047900000000001
12 0.46451125 0.5194300000000001 0.45589874999999996 0.5194300000000001 0.45589874999999996 0.53005 0.46451125 0.53005 0.46451125 0.5194300000000001
12 0.77709625 0.335545 0.7668487500000001 0.335545 0.7668487500000001 0.3480483328125 0.77709625 0.3480483328125 0.77709625 0.335545
12 0.12406375 0.587075 0.11397125 0.587075 0.11397125 0.601725 0.12406375 0.601725 0.12406375 0.587075
12 0.52113875 0.3186883328125 0.51401625 0.3186883328125 0.51401625 0.3339783328125 0.52113875 0.3339783328125 0.52113875 0.3186883328125
12 0.83145875 0.5529216671875 0.8218612500000001 0.5529216671875 0.8218612500000001 0.565565 0.83145875 0.565565 0.83145875 0.5529216671875
12 0.5259087499999999 0.41491666718750003 0.45260625 0.41491666718750003 0.45260625 0.5505766671875 0.5259087499999999 0.5505766671875 0.5259087499999999 0.41491666718750003
12 0.97882625 0.45204000000000005 0.9664887500000001 0.45204000000000005 0.9664887500000001 0.4639733328125 0.97882625 0.4639733328125 0.97882625 0.45204000000000005
12 0.35733875 0.6874133328124999 0.34774125 0.6874133328124999 0.34774125 0.7045133328125 0.35733875 0.7045133328125 0.35733875 0.6874133328124999
12 0.6496000000000001 0.6403316671875 0.61525 0.6403316671875 0.61525 0.6872216671875 0.6496000000000001 0.6872216671875 0.6496000000000001 0.6403316671875
11 0 0 0 0.9996666671875 0.99975 0.9996666671875 0.99975 0.30239666718749997 0.99975 0.2986666671875 0.9904999999999999 0.2923333328125 0.9884999999999999 0.2893333328125 0.99075 0.2863333328125 0.99975 0.284 0.99975 0.2366666671875 0.9935 0.23533333281250002 0.99075 0.2323333328125 0.978 0.197 0.9720000000000001 0.1863333328125 0.9640000000000001 0.17466666718749999 0.9557499999999999 0.1673333328125 0.9445 0.1536666671875 0.9414999999999999 0.14466666718750001 0.9352499999999999 0.13633333281249999 0.93025 0.1256666671875 0.9215 0.1163333328125 0.9157500000000001 0.101 0.9067500000000001 0.0913333328125 0.9029999999999999 0.0836666671875 0.898 0.077 0.8955 0.06999999999999999 0.8932499999999999 0.0533333328125 0.89125 0.0496666671875 0.8869999999999999 0.0466666671875 0.88225 0.039 0.8807499999999999 0.0293333328125 0.8787499999999999 0.024 0.86525 0.009 0.852 0 0 0