12 0.72258875 0.49366666718749996 0.5677512499999999 0.49366666718749996 0.5677512499999999 0.6592399999999999 0.72258875 0.6592399999999999 0.72258875 0.49366666718749996
12 0.6452924999999999 0.5170083328125 0.5529474999999999 0.5170083328125 0.5529474999999999 0.6991383328125 0.6452924999999999 0.6991383328125 0.6452924999999999 0.5170083328125
12 0.6459662500000001 0.5984700000000001 0.54055875 0.5984700000000001 0.54055875 0.8429366671875 0.6459662500000001 0.8429366671875 0.6459662500000001 0.5984700000000001
12 0.52990625 0.5794666671875001 0.44811875 0.5794666671875001 0.44811875 0.7454 0.52990625 0.7454 0.52990625 0.5794666671875001
12 0.5987862500000001 0.4143883328125 0.47836375000000003 0.4143883328125 0.47836375000000003 0.7861316671874999 0.5987862500000001 0.7861316671874999 0.5987862500000001 0.4143883328125
12 0.60668875 0.3790666671875 0.52807625 0.3790666671875 0.52807625 0.5916333328125 0.60668875 0.5916333328125 0.60668875 0.3790666671875
12 0.5794987500000001 0.7062183328125 0.5015562499999999 0.7062183328125 0.5015562499999999 0.8640950000000001 0.5794987500000001 0.8640950000000001 0.5794987500000001 0.7062183328125
12 0.8734137499999999 0.6019300000000001 0.7379162499999999 0.6019300000000001 0.7379162499999999 0.7203366671875 0.8734137499999999 0.7203366671875 0.8734137499999999 0.6019300000000001
12 0.99588 0.27441499999999996 0.885955 0.27441499999999996 0.885955 0.40267166718749997 0.99588 0.40267166718749997 0.99588 0.27441499999999996
12 0.8164675000000001 0.2762033328125 0.7138074999999999 0.2762033328125 0.7138074999999999 0.4373366671875 0.8164675000000001 0.4373366671875 0.8164675000000001 0.2762033328125
12 0.5214237500000001 0.6647933328125 0.42193625 0.6647933328125 0.42193625 0.9862466671875 0.5214237500000001 0.9862466671875 0.5214237500000001 0.6647933328125
12 0.8516237500000001 0.2032883328125 0.73919625 0.2032883328125 0.73919625 0.317545 0.8516237500000001 0.317545 0.8516237500000001 0.2032883328125
12 0.65078625 0.3754083328125 0.5845637499999999 0.3754083328125 0.5845637499999999 0.5568850000000001 0.65078625 0.5568850000000001 0.65078625 0.3754083328125
12 0.95611625 0.528035 0.8124387499999999 0.528035 0.8124387499999999 0.6763916671875 0.95611625 0.6763916671875 0.95611625 0.528035
12 0.7596125 0.42740999999999996 0.6720275 0.42740999999999996 0.6720275 0.6943366671875 0.7596125 0.6943366671875 0.7596125 0.42740999999999996
12 0.67396625 0.46370500000000003 0.62193375 0.46370500000000003 0.62193375 0.6430683328125 0.67396625 0.6430683328125 0.67396625 0.46370500000000003
12 0.94140625 0.7265633328125001 0.8124987499999999 0.7265633328125001 0.8124987499999999 0.8841166671874999 0.94140625 0.8841166671874999 0.94140625 0.7265633328125001
12 0.8745125 0.320475 0.8002925 0.320475 0.8002925 0.523925 0.8745125 0.523925 0.8745125 0.320475
12 0.9999987499999999 0.4731866671875 0.92141625 0.4731866671875 0.92141625 0.6127533328125 0.9999987499999999 0.6127533328125 0.9999987499999999 0.4731866671875
12 0.9999987499999999 0.3253583328125 0.83795125 0.3253583328125 0.83795125 0.5288083328125001 0.9999987499999999 0.5288083328125001 0.9999987499999999 0.3253583328125
12 0.80896125 0.397135 0.7457287499999999 0.397135 0.7457287499999999 0.578125 0.80896125 0.578125 0.80896125 0.397135
12 0.7023625 0.299805 0.6374825000000001 0.299805 0.6374825000000001 0.617515 0.7023625 0.617515 0.7023625 0.299805
12 0.79498125 0.8630800000000001 0.65325875 0.8630800000000001 0.65325875 0.9767666671875 0.79498125 0.9767666671875 0.79498125 0.8630800000000001
12 0.69186375 0.8760183328125001 0.5805962499999999 0.8760183328125001 0.5805962499999999 0.9521083328125 0.69186375 0.9521083328125 0.69186375 0.8760183328125001
12 0.9969487499999999 0.6337083328124999 0.8809812499999999 0.6337083328124999 0.8809812499999999 0.7282716671875 0.9969487499999999 0.7282716671875 0.9969487499999999 0.6337083328124999
11 0.43375 0.8960000000000001 0.43525 0.9176666671874999 0.44299999999999995 0.9623333328125 0.44425 0.984 0.44299999999999995 0.9996666671875 0.99975 0.9996666671875 0.99975 0.16 0.99 0.16799999999999998 0.97525 0.17733333281250002 0.97075 0.1786666671875 0.961 0.1806666671875 0.9032500000000001 0.183 0.8865000000000001 0.185 0.8632500000000001 0.193 0.82925 0.20033333281250001 0.8009999999999999 0.2116666671875 0.7887500000000001 0.219 0.77425 0.2253333328125 0.7537499999999999 0.24100000000000002 0.7394999999999999 0.24900000000000003 0.73225 0.25433333281250003 0.71075 0.263 0.69425 0.2733333328125 0.6849999999999999 0.282 0.67725 0.2866666671875 0.6719999999999999 0.2923333328125 0.661 0.298 0.65425 0.303 0.6445000000000001 0.31233333281250003 0.632 0.32799999999999996 0.6224999999999999 0.33599999999999997 0.60675 0.3523333328125 0.6002500000000001 0.3566666671875 0.585 0.3633333328125 0.56525 0.37666666718749997 0.5589999999999999 0.3846666671875 0.55375 0.38933333281250004 0.54775 0.3976666671875 0.53 0.41633333281249996 0.52225 0.4286666671875 0.515 0.4376666671875 0.5105000000000001 0.446 0.50175 0.45499999999999996 0.49675 0.4636666671875 0.48825 0.47466666718750006 0.48475 0.4813333328125 0.477 0.4903333328125 0.471 0.5013333328125 0.46575 0.5086666671875 0.45875000000000005 0.5246666671875 0.45225 0.5366666671875 0.446 0.5533333328125 0.43825000000000003 0.5686666671875 0.43375 0.588 0.4265 0.608 0.42275 0.6376666671875 0.42000000000000004 0.6903333328125 0.42000000000000004 0.7849999999999999 0.4245 0.8366666671875 0.42975 0.8623333328125 0.43375 0.8960000000000001