12 0.7975749999999999 0.4819983328125 0.6365000000000001 0.4819983328125 0.6365000000000001 0.6872216671875 0.7975749999999999 0.6872216671875 0.7975749999999999 0.4819983328125
12 0.8731087499999999 0.502035 0.6600962499999999 0.502035 0.6600962499999999 0.6574716671874999 0.8731087499999999 0.6574716671874999 0.8731087499999999 0.502035
12 0.93359375 0.33789166718749997 0.68164125 0.33789166718749997 0.68164125 0.5227883328125 0.93359375 0.5227883328125 0.93359375 0.33789166718749997
12 0.7554937500000001 0.723835 0.52868625 0.723835 0.52868625 0.8855383328125 0.7554937500000001 0.8855383328125 0.7554937500000001 0.723835
12 0.951295 0.2348633328125 0.77234 0.2348633328125 0.77234 0.33707666718749996 0.951295 0.33707666718749996 0.951295 0.2348633328125
12 0.6841437499999999 0.43200833281250006 0.51800625 0.43200833281250006 0.51800625 0.5517183328125 0.6841437499999999 0.5517183328125 0.6841437499999999 0.43200833281250006
12 0.6708974999999999 0.7976083328125 0.48046749999999994 0.7976083328125 0.48046749999999994 0.9055183328125 0.6708974999999999 0.9055183328125 0.6708974999999999 0.7976083328125
12 0.9401249999999999 0.30314 0.70636 0.30314 0.70636 0.4064933328125 0.9401249999999999 0.4064933328125 0.9401249999999999 0.30314
12 0.3998425 0.47786333281250004 0.27838250000000003 0.47786333281250004 0.27838250000000003 0.6842433328124999 0.3998425 0.6842433328124999 0.3998425 0.47786333281250004
12 0.62689125 0.147135 0.43072375 0.147135 0.43072375 0.5644516671875001 0.62689125 0.5644516671875001 0.62689125 0.147135
12 0.79986625 0.1289066671875 0.62493875 0.1289066671875 0.62493875 0.41341333281250003 0.79986625 0.41341333281250003 0.79986625 0.1289066671875
12 0.54284625 0.3321933328125 0.40832375 0.3321933328125 0.40832375 0.5987933328125 0.54284625 0.5987933328125 0.54284625 0.3321933328125
12 0.48944124999999994 0.1552733328125 0.35870375 0.1552733328125 0.35870375 0.38411333281250004 0.48944124999999994 0.38411333281250004 0.48944124999999994 0.1552733328125
12 0.98046875 0.1906333328125 0.8759762500000001 0.1906333328125 0.8759762500000001 0.2657466671875 0.98046875 0.2657466671875 0.98046875 0.1906333328125
12 0.505065 0.7567966671875 0.38506999999999997 0.7567966671875 0.38506999999999997 0.8799233328125 0.505065 0.8799233328125 0.505065 0.7567966671875
11 0.2535 0.6853333328125 0.2565 0.702 0.262 0.7223333328125 0.271 0.735 0.28175 0.7436666671875 0.2935 0.7593333328125 0.3005 0.7726666671875 0.307 0.7793333328125 0.314 0.7893333328125001 0.3375 0.8136666671875 0.3435 0.818 0.351 0.8263333328125 0.36324999999999996 0.8363333328125 0.38025000000000003 0.8456666671875 0.38775 0.851 0.4305 0.8710000000000001 0.44000000000000006 0.8773333328125 0.45425000000000004 0.8843333328125 0.47800000000000004 0.892 0.534 0.9033333328125 0.572 0.9073333328125001 0.5934999999999999 0.9036666671875 0.6092500000000001 0.9023333328125 0.6224999999999999 0.899 0.6475 0.8949999999999999 0.66075 0.89 0.68525 0.8783333328125 0.70875 0.8633333328124999 0.737 0.8393333328124999 0.75 0.8263333328125 0.779 0.7893333328125001 0.805 0.749 0.8167500000000001 0.735 0.8390000000000001 0.7023333328125 0.8477499999999999 0.6853333328125 0.8552500000000001 0.6666666671875 0.86 0.659 0.86875 0.6313333328125 0.873 0.6206666671875001 0.8779999999999999 0.6136666671875 0.8905 0.5913333328125 0.8939999999999999 0.5806666671875 0.9012499999999999 0.5646666671875 0.908 0.532 0.91325 0.496 0.91425 0.47133333281249995 0.9259999999999999 0.4046666671875 0.9285 0.3673333328125 0.931 0.355 0.9337500000000001 0.3303333328125 0.93675 0.31266666718749997 0.94275 0.2906666671875 0.9512499999999999 0.251 0.9555 0.24 0.9662499999999999 0.2186666671875 0.9744999999999999 0.1983333328125 0.9807499999999999 0.1903333328125 0.977 0.1873333328125 0.9657500000000001 0.1833333328125 0.9265000000000001 0.17533333281250002 0.89925 0.16833333281250001 0.87425 0.159 0.8494999999999999 0.1523333328125 0.82925 0.1453333328125 0.8109999999999999 0.1413333328125 0.79825 0.1356666671875 0.7737499999999999 0.12933333281249998 0.75725 0.1236666671875 0.74425 0.12166666718750001 0.72075 0.1213333328125 0.69475 0.1236666671875 0.6595 0.131 0.6245 0.1406666671875 0.6105 0.1426666671875 0.57375 0.146 0.5205 0.14566666718750002 0.47925000000000006 0.1493333328125 0.45625 0.154 0.43600000000000005 0.1566666671875 0.422 0.1613333328125 0.40374999999999994 0.172 0.394 0.1796666671875 0.3865 0.184 0.37975 0.191 0.3705 0.19766666718749998 0.34775 0.2193333328125 0.34175 0.2286666671875 0.33575 0.23533333281250002 0.33199999999999996 0.24266666718750002 0.325 0.252 0.319 0.2676666671875 0.31275 0.27799999999999997 0.30775 0.2916666671875 0.3025 0.3023333328125 0.2945 0.327 0.28825 0.3426666671875 0.27799999999999997 0.37966666718750003 0.265 0.445 0.264 0.4543333328125 0.261 0.46799999999999997 0.25875 0.4926666671875 0.255 0.5673333328125 0.25575000000000003 0.5845 0.25225 0.634 0.25275 0.6746666671875 0.2535 0.6853333328125