12 0.5785 0.483 0.46175 0.483 0.46175 0.5836666671875 0.5785 0.5836666671875 0.5785 0.483
12 0.5928337499999999 0.4954033328125 0.43646124999999997 0.4954033328125 0.43646124999999997 0.5963966671875001 0.5928337499999999 0.5963966671875001 0.5928337499999999 0.4954033328125
12 0.5546875 0.47406 0.3774425 0.47406 0.3774425 0.49534 0.5546875 0.49534 0.5546875 0.47406
12 0.9023424999999999 0.5027250000000001 0.6455075 0.5027250000000001 0.6455075 0.579955 0.9023424999999999 0.579955 0.9023424999999999 0.5027250000000001
12 0.6867062500000001 0.48634000000000005 0.53497375 0.48634000000000005 0.53497375 0.5201733328125 0.6867062500000001 0.5201733328125 0.6867062500000001 0.48634000000000005
12 0.48400875 0.4169333328125 0.39392125 0.4169333328125 0.39392125 0.48932000000000003 0.48400875 0.48932000000000003 0.48400875 0.4169333328125
12 0.9979262500000001 0.238035 0.90051375 0.238035 0.90051375 0.3879383328125 0.9979262500000001 0.3879383328125 0.9979262500000001 0.238035
12 0.46582125 0.46187500000000004 0.19775375 0.46187500000000004 0.19775375 0.5576583328125 0.46582125 0.5576583328125 0.46582125 0.46187500000000004
12 0.9839325000000001 0.534505 0.9564975 0.534505 0.9564975 0.828775 0.9839325000000001 0.828775 0.9839325000000001 0.534505
12 0.85116625 0.32731 0.7699287499999999 0.32731 0.7699287499999999 0.5509433328125 0.85116625 0.5509433328125 0.85116625 0.32731
12 0.965545 0.808145 0.87625 0.808145 0.87625 0.9093016671875 0.965545 0.9093016671875 0.965545 0.808145
12 0.6612862500000001 0.05354 0.5623487500000001 0.05354 0.5623487500000001 0.0799266671875 0.6612862500000001 0.0799266671875 0.6612862500000001 0.05354
12 0.9954224999999999 0.5213216671875001 0.9362175 0.5213216671875001 0.9362175 0.9903983328124999 0.9954224999999999 0.9903983328124999 0.9954224999999999 0.5213216671875001
12 0.98236125 0.4058433328125 0.84869375 0.4058433328125 0.84869375 0.5446766671875001 0.98236125 0.5446766671875001 0.98236125 0.4058433328125
12 0.8193962499999999 0.5424 0.59368875 0.5424 0.59368875 0.8065599999999999 0.8193962499999999 0.8065599999999999 0.8193962499999999 0.5424
12 1 0.23690000000000003 0.9644937499999999 0.23690000000000003 0.9644937499999999 0.52352 1 0.52352 1 0.23690000000000003
12 0.7285762499999999 0.0570466671875 0.67181375 0.0570466671875 0.67181375 0.1576333328125 0.7285762499999999 0.1576333328125 0.7285762499999999 0.0570466671875
12 0.6532600000000001 0.310955 0.502015 0.310955 0.502015 0.532145 0.6532600000000001 0.532145 0.6532600000000001 0.310955
12 0.77459875 0.0892533328125 0.69903625 0.0892533328125 0.69903625 0.15537333281250001 0.77459875 0.15537333281250001 0.77459875 0.0892533328125
12 0.1601575 0.45780333281249996 0.0128175 0.45780333281249996 0.0128175 0.5968833328125001 0.1601575 0.5968833328125001 0.1601575 0.45780333281249996
12 0.8368825 0.06356 0.7207325 0.06356 0.7207325 0.2165533328125 0.8368825 0.2165533328125 0.8368825 0.06356
12 0.9678950000000001 0.55774 0.8739000000000001 0.55774 0.8739000000000001 0.6753333328125 0.9678950000000001 0.6753333328125 0.9678950000000001 0.55774
12 0.65002375 0.4770516671875 0.20788625 0.4770516671875 0.20788625 0.7736016671875 0.65002375 0.7736016671875 0.65002375 0.4770516671875
12 0.7174987500000001 0.3662116671875 0.6516412500000001 0.3662116671875 0.6516412500000001 0.5107416671875 0.7174987500000001 0.5107416671875 0.7174987500000001 0.3662116671875
12 0 0.713865 0.08786000000000001 0.713865 0.08786000000000001 0.5296216671875 0 0.5296216671875 0 0.713865
12 0.404845 0.5048416671875 0.233825 0.5048416671875 0.233825 0.6201583328125 0.404845 0.6201583328125 0.404845 0.5048416671875
12 0.30654875000000004 0.4659633328125 0.19491624999999999 0.4659633328125 0.19491624999999999 0.53599 0.30654875000000004 0.53599 0.30654875000000004 0.4659633328125
12 0.474395 0.1287016671875 0.383025 0.1287016671875 0.383025 0.2912183328125 0.474395 0.2912183328125 0.474395 0.1287016671875
12 0.88989125 0.0005283328125000001 0.8083487500000001 0.0005283328125000001 0.8083487500000001 0.0954983328125 0.88989125 0.0954983328125 0.88989125 0.0005283328125000001
12 0.4169325 0.2222916671875 0.2271125 0.2222916671875 0.2271125 0.35420833281249997 0.4169325 0.35420833281249997 0.4169325 0.2222916671875
12 1 0.128135 0.9363699999999999 0.128135 0.9363699999999999 0.22310500000000003 1 0.22310500000000003 1 0.128135
12 0.71423375 0 0.71423375 0.061380000000000004 0.7847912499999999 0.061380000000000004 0.7847912499999999 0 0.71423375 0
12 0.6832900000000001 0.23814000000000002 0.45929000000000003 0.23814000000000002 0.45929000000000003 0.31915333281249997 0.6832900000000001 0.31915333281249997 0.6832900000000001 0.23814000000000002
12 0.26764 0.34838833281250003 0.1203 0.34838833281250003 0.1203 0.4504383328125 0.26764 0.4504383328125 0.26764 0.34838833281250003
12 0.19942500000000002 0.5054716671875 0.17997000000000002 0.5054716671875 0.17997000000000002 0.5283816671875 0.19942500000000002 0.5283816671875 0.19942500000000002 0.5054716671875
12 0.1057425 0.7111799999999999 0.0310975 0.7111799999999999 0.0310975 0.7484533328125 0.1057425 0.7484533328125 0.1057425 0.7111799999999999
12 0.41999875 0.08968000000000001 0.38176125 0.08968000000000001 0.38176125 0.1518533328125 0.41999875 0.1518533328125 0.41999875 0.08968000000000001
12 0.17468 0.3984583328125 0.15955 0.3984583328125 0.15955 0.4140416671875 0.17468 0.4140416671875 0.17468 0.3984583328125
12 0.04150375 0.617605 0.024781249999999998 0.617605 0.024781249999999998 0.657135 0.04150375 0.657135 0.04150375 0.617605
12 0.30270375 1 0.30270375 0.9550383328125 0.23538125000000001 0.9550383328125 0.23538125000000001 1 0.30270375 1
12 0.8903800000000001 0.6316733328125 0.7912600000000001 0.6316733328125 0.7912600000000001 0.8722333328125 0.8903800000000001 0.8722333328125 0.8903800000000001 0.6316733328125
11 0.8825 0 0.8734999999999999 0.0043333328125 0.86075 0.0136666671875 0.8612500000000001 0.0276666671875 0.866 0.043 0.8675 0.044666667187499995 0.87475 0.047 0.87675 0.0503333328125 0.8779999999999999 0.0783333328125 0.87475 0.10266666718749999 0.87225 0.11399999999999999 0.86725 0.1246666671875 0.86425 0.13999999999999999 0.8605 0.15 0.8557499999999999 0.189 0.8535 0.2026666671875 0.85025 0.2146666671875 0.85 0.24333333281249997 0.8487500000000001 0.251 0.85 0.266 0.84975 0.2816666671875 0.8474999999999999 0.29100000000000004 0.84175 0.29733333281249996 0.8390000000000001 0.3043333328125 0.8402499999999999 0.3333333328125 0.8394999999999999 0.3413333328125 0.8375 0.34500000000000003 0.83675 0.3453333328125 0.834 0.3416666671875 0.829 0.321 0.8247500000000001 0.317 0.81775 0.30733333281249997 0.8125 0.30333333281249997 0.8015000000000001 0.28700000000000003 0.775 0.26433333281250004 0.77025 0.25833333281250004 0.75875 0.255 0.75125 0.24700000000000003 0.74775 0.24500000000000002 0.74 0.24266666718750002 0.72325 0.24066666718750002 0.71425 0.23566666718749998 0.705 0.2323333328125 0.68575 0.2286666671875 0.6587500000000001 0.2293333328125 0.628 0.23500000000000001 0.5934999999999999 0.23533333281250002 0.58375 0.2366666671875 0.5595 0.24666666718750002 0.5465 0.2553333328125 0.5245 0.2616666671875 0.50875 0.269 0.49675 0.2713333328125 0.48250000000000004 0.2803333328125 0.4715 0.28300000000000003 0.458 0.2943333328125 0.44675000000000004 0.2976666671875 0.43899999999999995 0.3043333328125 0.41900000000000004 0.31 0.409 0.3186666671875 0.39925 0.3223333328125 0.3935 0.32799999999999996 0.37975 0.3353333328125 0.36825 0.3446666671875 0.35924999999999996 0.3483333328125 0.35375 0.3553333328125 0.346 0.359 0.2615 0.4286666671875 0.2375 0.45199999999999996 0.2125 0.47933333281249996 0.1905 0.5046666671875 0.18825 0.5093333328125 0.18725 0.5146666671875 0.18775 0.519 0.19125 0.5203333328124999 0.83825 0.9653333328124999 0.845 0.9823333328125001 0.85625 0.9996666671875 0.99975 0.9996666671875 0.99975 0 0.8825 0