12 0.8422304453124999 0.532346490625 0.73501370625 0.532346490625 0.73501370625 0.71040021875 0.8422304453124999 0.71040021875 0.8422304453124999 0.532346490625
12 0.4966438234375 0.50390625 0.26947094374999997 0.50390625 0.26947094374999997 0.78149396875 0.4966438234375 0.78149396875 0.4966438234375 0.50390625
12 0.39361476562500003 0.32697916718750003 0.22259502968749997 0.32697916718750003 0.22259502968749997 0.5123739031250001 0.39361476562500003 0.5123739031250001 0.39361476562500003 0.32697916718750003
12 0.7248538015625 0.678131853125 0.571045321875 0.678131853125 0.571045321875 0.8995052078124999 0.7248538015625 0.8995052078124999 0.7248538015625 0.678131853125
12 0.7559201390625 0.2838130484375 0.662047696875 0.2838130484375 0.662047696875 0.42480537343749997 0.7559201390625 0.42480537343749997 0.7559201390625 0.2838130484375
12 0.59970120625 0.4516762609375 0.535064875 0.4516762609375 0.535064875 0.5400233 0.59970120625 0.5400233 0.59970120625 0.4516762609375
12 0.48080409375000005 0.3608100328125 0.384429825 0.3608100328125 0.384429825 0.4866022484375 0.48080409375000005 0.4866022484375 0.48080409375000005 0.3608100328125
12 0.2504267171875 0.46673519687500004 0.150940240625 0.46673519687500004 0.150940240625 0.584290021875 0.2504267171875 0.584290021875 0.2504267171875 0.46673519687500004
12 0.20819170312500002 0.6243215453125 0.1250612203125 0.6243215453125 0.1250612203125 0.708688321875 0.20819170312500002 0.708688321875 0.20819170312500002 0.6243215453125
12 0.25868146875 0.37525219375 0.21934484687500003 0.37525219375 0.21934484687500003 0.43993421093749996 0.25868146875 0.43993421093749996 0.25868146875 0.37525219375
12 0.26084064375 0.6060786734375 0.2362280703125 0.6060786734375 0.2362280703125 0.6361088265625 0.26084064375 0.6361088265625 0.26084064375 0.6060786734375
11 0.0557383046875 0.742598684375 0.0626827484375 0.7483552625 0.0672514625 0.7502741234375 0.08753655 0.7568530703125 0.10270467812499999 0.7604166671875 0.1165935671875 0.7623355265625 0.1525950296875 0.7639802625 0.16648391875 0.7678179828125 0.182383040625 0.7807017546874999 0.187134503125 0.7864583328125 0.19444444375 0.79303728125 0.1999269 0.80071271875 0.2061403515625 0.8059210531250001 0.21180555625 0.81332236875 0.21801900624999998 0.8182565796875 0.22459795312500003 0.8259320171875 0.233187134375 0.8316885968750001 0.23976608124999998 0.83826754375 0.24415204687499997 0.8412828953125 0.25201023437500003 0.850054825 0.268274853125 0.8615679828125 0.303179825 0.8771929828125 0.3223684203125 0.8815789468749999 0.3415570171875 0.8876096484374999 0.385599415625 0.8950109656249999 0.41429093593750005 0.9040570171875 0.42068713437499994 0.9076206140625 0.42781432812500003 0.9150219296875 0.4360380109375 0.9205043859375 0.442616959375 0.9265350874999999 0.46253655 0.9399671046875 0.48556286562500006 0.9503837718750001 0.503472221875 0.9547697375 0.5208333328125 0.9566885968750001 0.5822368421874999 0.9564144734375001 0.6059941515625 0.9588815796875 0.6262792390625 0.9572368421874999 0.6544225140625 0.951206140625 0.6845760234375 0.93832236875 0.6935307015625 0.931195175 0.7006578953125 0.9268092109375001 0.7138157890625 0.9158442984375 0.744883040625 0.883223684375 0.7752192984375 0.85553728125 0.7838084796875 0.8459429828125 0.803179825 0.82730263125 0.8141447375 0.8152412281249999 0.8198099421875 0.8075657890624999 0.82584064375 0.8015350874999999 0.8318713453125 0.7935855265625 0.84923245625 0.774671053125 0.8548976609375 0.7669956140624999 0.8623903515625001 0.7598684203125 0.8768274859374999 0.743421053125 0.883223684375 0.733278509375 0.8876096484374999 0.723135965625 0.895650584375 0.694901315625 0.9036915203125 0.6842105265625 0.9102704671874999 0.669133771875 0.9137426906250001 0.6584429828125 0.9234283624999999 0.6192434203125 0.9270833328125001 0.6107456140624999 0.9349415203125 0.5868969296875 0.9411549703125001 0.5740131578125001 0.9470029234374999 0.555921053125 0.9528508765625 0.54303728125 0.9621710531250001 0.5131578953125 0.9654605265624999 0.5057565796875 0.9714912281249999 0.49396929843750004 0.9749634500000001 0.4893092109375 0.9923245609375 0.476151315625 0.9998172515625001 0.4717653515625 0.9998172515625001 0.4342299890625 0.9992690062499999 0.4333881578125 0.9998172515625001 0.4328399125 0.9872076015625 0.43804824531250003 0.9795321640625 0.44709429843750004 0.9753289468749999 0.44983552656250003 0.9619883046875 0.4481907890625 0.9470029234374999 0.43421052656250003 0.9263523390625 0.4059758765625 0.9131944437499999 0.3911732453125 0.898026315625 0.376096490625 0.8810307015625 0.3640350875 0.8461257312500001 0.3467653515625 0.8410087718750001 0.342653509375 0.8251096484374999 0.3267543859375 0.81798245625 0.32099780624999996 0.8117690062499999 0.3141447375 0.794956140625 0.30043859687499996 0.775402046875 0.287828946875 0.75858918125 0.2809758765625 0.7432383046875 0.270010965625 0.7361111109375 0.2623355265625 0.709429825 0.23821271875 0.6657529234374999 0.205043859375 0.65551900625 0.194078946875 0.64766081875 0.183114034375 0.6388888890625 0.172971490625 0.6319444437499999 0.1661184203125 0.62573099375 0.1614583328125 0.596491228125 0.149671053125 0.5592105265625 0.1436403515625 0.5396564328125 0.1376096484375 0.5115131578125001 0.1337719296875 0.5025584796875 0.1337719296875 0.4936038015625 0.13514254375 0.48665935625 0.1381578953125 0.4740497078125 0.14610745625 0.45303362500000005 0.163651315625 0.417580409375 0.203125 0.4119152046875 0.20833333281250002 0.40661549687500004 0.215186403125 0.40021929843750004 0.22094298281250002 0.39418859687499996 0.2294407890625 0.38834064375 0.23464912343750002 0.381578946875 0.24369517499999999 0.3759137421875 0.248081140625 0.3686038015625 0.25548245625 0.3545321640625 0.26206140312500004 0.344846490625 0.2678179828125 0.3274853796875 0.27521929843750004 0.296966375 0.2993421046875 0.286366959375 0.309758771875 0.2810672515625 0.316885965625 0.2735745609375 0.3240131578125 0.2680921046875 0.3311403515625 0.2626096484375 0.3360745609375 0.25603070156249996 0.3451206140625 0.2244152046875 0.376096490625 0.2178362578125 0.3859649125 0.1973684203125 0.41173245625000005 0.19097222187500001 0.4221491234375 0.173062865625 0.44654605312499995 0.1681286546875 0.455866228125 0.156615496875 0.47313596562500004 0.148757309375 0.48355263125 0.14163011718750002 0.4997258765625 0.134685671875 0.5115131578125001 0.1282894734375 0.5254934203125 0.12079678437500001 0.5364583328125 0.1165935671875 0.5444078953125 0.1091008765625 0.5545504390625 0.10398391874999999 0.5641447375 0.096491228125 0.575383771875 0.09137426875 0.5858004390625 0.08516081875 0.59457236875 0.077668128125 0.6088267546874999 0.071820175 0.6170504390625 0.06798245625 0.62417763125 0.059027778125 0.6354166671875 0.046052631249999997 0.649671053125 0.0391081875 0.658991228125 0.033991228125 0.6641995609375 0.027777778125000003 0.6732456140624999 0.021564328125 0.6787280703125 0.015716374999999998 0.686403509375 0.012061403125 0.6896929828125 0.0032894734375 0.7025767546874999 0.00018274843749999998 0.705043859375 0.00018274843749999998 0.712445175 0.0252192984375 0.720668859375 0.0462353796875 0.7373903515625 0.0557383046875 0.742598684375