12 0.5498821265625 0.3925452296875 0.453582784375 0.3925452296875 0.453582784375 0.585475603125 0.5498821265625 0.585475603125 0.5498821265625 0.3925452296875
12 0.5913697 0.36543174375 0.46527138125 0.36543174375 0.46527138125 0.503219571875 0.5913697 0.503219571875 0.5913697 0.36543174375
12 0.4464720390625 0.48275767500000005 0.3001105625 0.48275767500000005 0.3001105625 0.6510307015625 0.4464720390625 0.6510307015625 0.4464720390625 0.48275767500000005
12 0.4076845765625 0.4185786734375 0.30520650625 0.4185786734375 0.30520650625 0.5423588265625 0.4076845765625 0.5423588265625 0.4076845765625 0.4185786734375
12 0.4741822 0.24865679843750002 0.3563843203125 0.24865679843750002 0.3563843203125 0.3837883765625 0.4741822 0.3837883765625 0.4741822 0.24865679843750002
12 0.5119024125 0.58950795 0.3103636703125 0.58950795 0.3103636703125 0.825530428125 0.5119024125 0.825530428125 0.5119024125 0.58950795
12 0.4102174703125 0.3380592109375 0.3075566515625 0.3380592109375 0.3075566515625 0.46687500000000004 0.4102174703125 0.46687500000000004 0.4102174703125 0.3380592109375
12 0.7330939328125 0.6491091015625 0.566712353125 0.6491091015625 0.566712353125 0.77032620625 0.7330939328125 0.77032620625 0.7330939328125 0.6491091015625
12 0.7482913015625 0.49337719375000005 0.531982821875 0.49337719375000005 0.531982821875 0.70925986875 0.7482913015625 0.70925986875 0.7482913015625 0.49337719375000005
12 0.6286613671875 0.1992173796875 0.41430646875 0.1992173796875 0.41430646875 0.4852288921875 0.6286613671875 0.4852288921875 0.6286613671875 0.1992173796875
12 0.4744883046875 0.0031592656249999997 0.3468019 0.0031592656249999997 0.3468019 0.12693941875 0.4744883046875 0.12693941875 0.4744883046875 0.0031592656249999997
12 0.83197094375 0.0839528515625 0.7451781796875 0.0839528515625 0.7451781796875 0.24288925468749997 0.83197094375 0.24288925468749997 0.83197094375 0.0839528515625
12 0.2243951015625 0.0105975875 0.1525566515625 0.0105975875 0.1525566515625 0.0695120609375 0.2243951015625 0.0695120609375 0.2243951015625 0.0105975875
12 0.167205775 0.46847724843750005 0.07083150625 0.46847724843750005 0.07083150625 0.66824424375 0.167205775 0.66824424375 0.167205775 0.46847724843750005
12 0.9855957609375 0.1630084984375 0.8581542390625 0.1630084984375 0.8581542390625 0.34675575625 0.9855957609375 0.34675575625 0.9855957609375 0.1630084984375
12 0.1996774484375 0.6221929828125 0.09646655625 0.6221929828125 0.09646655625 0.773804825 0.1996774484375 0.773804825 0.1996774484375 0.6221929828125
12 0.88189784375 0.24311951718749997 0.76165844375 0.24311951718749997 0.76165844375 0.4028782890625 0.88189784375 0.4028782890625 0.88189784375 0.24311951718749997
12 0.3228161546875 0.5091255484375 0.1669316515625 0.5091255484375 0.1669316515625 0.74478344375 0.3228161546875 0.74478344375 0.3228161546875 0.5091255484375
12 0.0722048609375 0.55654879375 0.00024396875 0.55654879375 0.00024396875 0.7435005484375 0.0722048609375 0.7435005484375 0.0722048609375 0.55654879375
12 0.805420321875 0.056212993749999995 0.616454678125 0.056212993749999995 0.616454678125 0.24481222656249998 0.805420321875 0.24481222656249998 0.805420321875 0.056212993749999995
12 0.7537079671875 0.0694887609375 0.6994170328125 0.0694887609375 0.6994170328125 0.17587308125 0.7537079671875 0.17587308125 0.7537079671875 0.0694887609375
12 0.3688961984375 0.0028385421875000002 0.1936038015625 0.0028385421875000002 0.1936038015625 0.1579290015625 0.3688961984375 0.1579290015625 0.3688961984375 0.0028385421875000002
12 0.9954833703125001 0.0209649125 0.7711175078125 0.0209649125 0.7711175078125 0.23977521875000002 0.9954833703125001 0.23977521875000002 0.9954833703125001 0.0209649125
12 1 0.0025616781250000003 0.9246820171874999 0.0025616781250000003 0.9246820171874999 0.1083977515625 1 0.1083977515625 1 0.0025616781250000003
12 0.38876370625 0.4176754390625 0.3075264984375 0.4176754390625 0.3075264984375 0.4480482453125 0.38876370625 0.4480482453125 0.38876370625 0.4176754390625
12 0.3269042390625 0.248016721875 0.16210891875 0.248016721875 0.16210891875 0.5451959984375 0.3269042390625 0.5451959984375 0.3269042390625 0.248016721875
12 0.208862390625 0.001946271875 0.046265534375 0.001946271875 0.046265534375 0.0781633765625 0.208862390625 0.0781633765625 0.208862390625 0.001946271875
12 0.5285645109375 0.1213089359375 0.3366694078125 0.1213089359375 0.3366694078125 0.2705386515625 0.5285645109375 0.2705386515625 0.5285645109375 0.1213089359375
12 0.7365104171875 0.0010540015624999999 0.6189574203125 0.0010540015624999999 0.6189574203125 0.061615954687499995 0.7365104171875 0.061615954687499995 0.7365104171875 0.0010540015624999999
12 0.143127740625 0.759612115625 9.140625e-7 0.759612115625 9.140625e-7 0.9381400765624999 0.143127740625 0.9381400765624999 0.143127740625 0.759612115625
12 0.741210709375 0.189239309375 0.5624990859375 0.189239309375 0.5624990859375 0.44540433124999995 0.741210709375 0.44540433124999995 0.741210709375 0.189239309375
12 0.563719846875 0.4044791671875 0.18334886718750001 0.4044791671875 0.18334886718750001 0.8787225875000001 0.563719846875 0.8787225875000001 0.563719846875 0.4044791671875
12 0.789367690625 0.21121162343750002 0.685241228125 0.21121162343750002 0.685241228125 0.3652028515625 0.789367690625 0.3652028515625 0.789367690625 0.21121162343750002
12 0.195526315625 1 0.195526315625 0.881195175 0.08694444375 0.881195175 0.08694444375 1 0.195526315625 1
12 0 0.6024163921875 0.14770467812500002 0.6024163921875 0.14770467812500002 0.4317612390625 0 0.4317612390625 0 0.6024163921875
12 0.81164565 0.5685416671875 0.4735115125 0.5685416671875 0.4735115125 0.973936403125 0.81164565 0.973936403125 0.81164565 0.5685416671875
12 0.650940240625 0.0012582234375 0.561950840625 0.0012582234375 0.561950840625 0.089745065625 0.650940240625 0.089745065625 0.650940240625 0.0012582234375
12 0.3248291296875 0.0629879390625 0.0611577125 0.0629879390625 0.0611577125 0.1759649125 0.3248291296875 0.1759649125 0.3248291296875 0.0629879390625
12 0.9983908984375001 0.261610471875 0.9791493062500001 0.261610471875 0.9791493062500001 0.35618558125 0.9983908984375001 0.35618558125 0.9983908984375001 0.261610471875
12 0.3548583703125 1 0.3548583703125 0.740387884375 0.1031496703125 0.740387884375 0.1031496703125 1 0.3548583703125 1
12 0.96136513125 0.0011211625 0.7554331140625 0.0011211625 0.7554331140625 0.0510169953125 0.96136513125 0.0510169953125 0.96136513125 0.0011211625
12 0.75976516875 0.17358552656249998 0.329101790625 0.17358552656249998 0.329101790625 0.936036184375 0.75976516875 0.936036184375 0.75976516875 0.17358552656249998
12 0.358214546875 0.2149671046875 0.2941282890625 0.2149671046875 0.2941282890625 0.6185307015625 0.358214546875 0.6185307015625 0.358214546875 0.2149671046875
12 0.9999990859375 0.434051534375 0.8458854171875 0.434051534375 0.8458854171875 0.77224780625 0.9999990859375 0.77224780625 0.9999990859375 0.434051534375
12 0.271362390625 0.4345093203125 0.0015871703125 0.4345093203125 0.0015871703125 0.81646655625 0.271362390625 0.81646655625 0.271362390625 0.4345093203125
12 0.9999990859375 0.07509594375 0.990691703125 0.07509594375 0.990691703125 0.0989446265625 0.9999990859375 0.0989446265625 0.9999990859375 0.07509594375
12 0.9903572734375 0.341629659375 0.79968293125 0.341629659375 0.79968293125 0.42521792812500003 0.9903572734375 0.42521792812500003 0.9903572734375 0.341629659375
12 0.305236659375 0.13462719375 0.122497259375 0.13462719375 0.122497259375 0.18269188593750002 0.305236659375 0.18269188593750002 0.305236659375 0.13462719375
12 0.558724415625 0.48040981406250005 0.5526023390625 0.48040981406250005 0.5526023390625 0.49590597656249996 0.558724415625 0.49590597656249996 0.558724415625 0.48040981406250005
12 0.98046875 0.0021504937500000003 0.5810553734374999 0.0021504937500000003 0.5810553734374999 0.096358278125 0.98046875 0.096358278125 0.98046875 0.0021504937500000003
12 0.6046564328125 0.44433799374999994 0.5935855265625001 0.44433799374999994 0.5935855265625001 0.46166529531249995 0.6046564328125 0.46166529531249995 0.6046564328125 0.44433799374999994
12 0.711040753125 0.2186499453125 0.7000922875 0.2186499453125 0.7000922875 0.26950795 0.711040753125 0.26950795 0.711040753125 0.2186499453125
12 0.9902348312499999 0.22119106406250003 0.665039290625 0.22119106406250003 0.665039290625 0.4237047703125 0.9902348312499999 0.4237047703125 0.9902348312499999 0.22119106406250003
12 0.250793128125 0.7161705046875 0.08441155 0.7161705046875 0.08441155 0.7940816890625 0.250793128125 0.7940816890625 0.250793128125 0.7161705046875
12 0.198917215625 0.395751096875 0.1902421421875 0.395751096875 0.1902421421875 0.4069846484375 0.198917215625 0.4069846484375 0.198917215625 0.395751096875
12 0.815643275 0.2814446265625 0.78396564375 0.2814446265625 0.78396564375 0.32243695156249996 0.815643275 0.32243695156249996 0.815643275 0.2814446265625
12 0.0753865125 0.042354715625 0.0685352703125 0.042354715625 0.0685352703125 0.05125822343749999 0.0753865125 0.05125822343749999 0.0753865125 0.042354715625
12 0.172278875 0.8420682562499999 0.149742325 0.8420682562499999 0.149742325 0.8732661734375 0.172278875 0.8732661734375 0.172278875 0.8420682562499999
12 0.603913559375 0.286422696875 0.5083927265625 0.286422696875 0.5083927265625 0.41523848750000003 0.603913559375 0.41523848750000003 0.603913559375 0.286422696875
12 0.1738861484375 0.514124178125 0.165470578125 0.514124178125 0.165470578125 0.5251850328125001 0.1738861484375 0.5251850328125001 0.1738861484375 0.514124178125
12 0.7423702484375 0.038817159375 0.5759886703125 0.038817159375 0.5759886703125 0.09347450625 0.7423702484375 0.09347450625 0.7423702484375 0.038817159375
12 0.452483553125 0.45172012031250003 0.40054276250000004 0.45172012031250003 0.40054276250000004 0.503356634375 0.452483553125 0.503356634375 0.452483553125 0.45172012031250003
12 0.5720897296875 0.3621929828125 0.56462810625 0.3621929828125 0.56462810625 0.372428728125 0.5720897296875 0.372428728125 0.5720897296875 0.3621929828125
12 0.18317342812499998 0.45837171093749995 0.17571180625 0.45837171093749995 0.17571180625 0.4696052625 0.18317342812499998 0.4696052625 0.18317342812499998 0.45837171093749995
12 0.8999323828125 0.23331551562500003 0.8832693718750001 0.23331551562500003 0.8832693718750001 0.2478851421875 0.8999323828125 0.2478851421875 0.8999323828125 0.23331551562500003
12 0.4092680921875 0.76722450625 0.3963971125 0.76722450625 0.3963971125 0.7855112390625 0.4092680921875 0.7855112390625 0.4092680921875 0.76722450625
12 0.190882675 0.4837033984375 0.18240679843750002 0.4837033984375 0.18240679843750002 0.49481085468749997 0.190882675 0.49481085468749997 0.190882675 0.4837033984375
12 0 0.388366228125 0.151366959375 0.388366228125 0.151366959375 0.014830043749999999 0 0.014830043749999999 0 0.388366228125
12 0.3875612203125 0.7486609093750001 0.3751324921875 0.7486609093750001 0.3751324921875 0.7659882125 0.3875612203125 0.7659882125 0.3875612203125 0.7486609093750001
12 0.1975858921875 0.4334320171875 0.160323465625 0.4334320171875 0.160323465625 0.5267708328125 0.1975858921875 0.5267708328125 0.1975858921875 0.4334320171875
12 0.3347322734375 0.0021066343750000003 0.3107757671875 0.0021066343750000003 0.3107757671875 0.17486705 0.3347322734375 0.17486705 0.3347322734375 0.0021066343750000003
12 0.572161915625 0.167288925 0.5645559203125 0.167288925 0.5645559203125 0.1769490125 0.572161915625 0.1769490125 0.572161915625 0.167288925
12 0.2989802625 0.516036184375 0.23226973750000002 0.516036184375 0.23226973750000002 0.5833278515625 0.2989802625 0.5833278515625 0.2989802625 0.516036184375
12 0.17258223749999999 0.44256030625 0.1650639625 0.44256030625 0.1650639625 0.45392543906249994 0.17258223749999999 0.45392543906249994 0.17258223749999999 0.44256030625
12 0.4058991234375 0.7187623359375 0.3934173984375 0.7187623359375 0.3934173984375 0.7358264796875 0.4058991234375 0.7358264796875 0.4058991234375 0.7187623359375
12 0.30922331875000003 0.726454221875 0.29526864062499997 0.726454221875 0.29526864062499997 0.7464459984375 0.30922331875000003 0.7464459984375 0.30922331875000003 0.726454221875
12 0.8286138515625 0.4158333328125 0.689942434375 0.4158333328125 0.689942434375 0.950866228125 0.8286138515625 0.950866228125 0.8286138515625 0.4158333328125
12 0.347107090625 0.169211896875 0.23834247031250003 0.169211896875 0.23834247031250003 0.25449424375 0.347107090625 0.25449424375 0.347107090625 0.169211896875
12 0.235921053125 0.014906798437499999 0.2296564328125 0.014906798437499999 0.2296564328125 0.0235690796875 0.235921053125 0.0235690796875 0.235921053125 0.014906798437499999
12 0.877047696875 0.27390899062499996 0.8690451390625 0.27390899062499996 0.8690451390625 0.28492872812500003 0.877047696875 0.28492872812500003 0.877047696875 0.27390899062499996
12 0.5410535453125 0.77561129375 0.52828125 0.77561129375 0.52828125 0.79470120625 0.5410535453125 0.79470120625 0.5410535453125 0.77561129375
12 0.60856176875 0.08212171093750001 0.5955391078125001 0.08212171093750001 0.5955391078125001 0.0961293859375 0.60856176875 0.0961293859375 0.60856176875 0.08212171093750001
12 0.9244261703125 0.11188185312500001 0.91639254375 0.11188185312500001 0.91639254375 0.1245052078125 0.9244261703125 0.1245052078125 0.9244261703125 0.11188185312500001
12 0.782033078125 0.120057565625 0.77265625 0.120057565625 0.77265625 0.131165021875 0.782033078125 0.131165021875 0.782033078125 0.120057565625
12 0.598614765625 0.2982483546875 0.5918165203125 0.2982483546875 0.5918165203125 0.3078316890625 0.598614765625 0.3078316890625 0.598614765625 0.2982483546875
12 0.9594873906249999 0.2472642546875 0.9535974046875 0.2472642546875 0.9535974046875 0.257741228125 0.9594873906249999 0.257741228125 0.9594873906249999 0.2472642546875
12 0.9083698828125 0.1494750546875 0.9021783624999999 0.1494750546875 0.9021783624999999 0.1601576203125 0.9083698828125 0.1601576203125 0.9083698828125 0.1494750546875
12 0.10829769687499999 0.1007017546875 0.1017863671875 0.1007017546875 0.1017863671875 0.10950109687500001 0.10829769687499999 0.10950109687500001 0.10829769687499999 0.1007017546875
12 0.6851809203125 0.29397478125 0.511109284375 0.29397478125 0.511109284375 0.527801534375 0.6851809203125 0.527801534375 0.6851809203125 0.29397478125
12 0.537612390625 0.014165295312500001 0.5317224046875 0.014165295312500001 0.5317224046875 0.023416940625 0.537612390625 0.023416940625 0.537612390625 0.014165295312500001
12 0.27063870625 0.418067434375 0.2635425796875 0.418067434375 0.2635425796875 0.429344846875 0.27063870625 0.429344846875 0.27063870625 0.418067434375
12 0.492387609375 0.305237115625 0.4846628296875 0.305237115625 0.4846628296875 0.316955865625 0.492387609375 0.316955865625 0.492387609375 0.305237115625
12 0.603527046875 0.2557250546875 0.5947149125 0.2557250546875 0.5947149125 0.26795915625 0.603527046875 0.26795915625 0.603527046875 0.2557250546875
12 0.724473684375 0.155700384375 0.7179093562500001 0.155700384375 0.7179093562500001 0.164919134375 0.724473684375 0.164919134375 0.724473684375 0.155700384375
12 0.587554825 0.005264528125 0.48666301093750003 0.005264528125 0.48666301093750003 0.1336225328125 0.587554825 0.1336225328125 0.587554825 0.005264528125
12 0.939788925 0.2811472046875 0.934235196875 0.2811472046875 0.934235196875 0.29233963749999997 0.939788925 0.29233963749999997 0.939788925 0.2811472046875
12 0.8046144 0.3014336625 0.7959703953124999 0.3014336625 0.7959703953124999 0.313067434375 0.8046144 0.313067434375 0.8046144 0.3014336625
12 0.81324013125 0.1928714359375 0.806876828125 0.1928714359375 0.806876828125 0.20263843124999997 0.81324013125 0.20263843124999997 0.81324013125 0.1928714359375
12 1 0.804932840625 0.8654166671875 0.804932840625 0.8654166671875 0.996827028125 1 0.996827028125 1 0.804932840625
12 0.9717680921875 0.1869682015625 0.96475603125 0.1869682015625 0.96475603125 0.2059758765625 0.9717680921875 0.2059758765625 0.9717680921875 0.1869682015625
12 0.18886147656250002 0.44774396875000005 0.1785690796875 0.44774396875000005 0.1785690796875 0.46045778437499996 0.18886147656250002 0.46045778437499996 0.18886147656250002 0.44774396875000005
12 0.5541849421875 0.3914281796875 0.546399853125 0.3914281796875 0.546399853125 0.4017845390625 0.5541849421875 0.4017845390625 0.5541849421875 0.3914281796875
12 0.30430555625 0.5508963812500001 0.28065423906250003 0.5508963812500001 0.28065423906250003 0.5821628296875 0.30430555625 0.5821628296875 0.30430555625 0.5508963812500001
12 0.36152595 0.20482593124999998 0.3171838453125 0.20482593124999998 0.3171838453125 0.25989446250000003 0.36152595 0.25989446250000003 0.36152595 0.20482593124999998
12 0.6180985015625 0.637299890625 0.60748629375 0.637299890625 0.60748629375 0.652497259375 0.6180985015625 0.652497259375 0.6180985015625 0.637299890625
12 0.5979184937500001 0.06473410156250001 0.5925127921875 0.06473410156250001 0.5925127921875 0.07259594375 0.5979184937500001 0.07259594375 0.5979184937500001 0.06473410156250001
12 0.7557392171874999 0.301868146875 0.7501197000000001 0.301868146875 0.7501197000000001 0.312265625 0.7557392171874999 0.312265625 0.7557392171874999 0.301868146875
12 0.992180190625 0.31324150156249997 0.97168676875 0.31324150156249997 0.97168676875 0.3338527953125 0.992180190625 0.3338527953125 0.992180190625 0.31324150156249997
12 0.547727521875 0.33370614062500004 0.5411394375 0.33370614062500004 0.5411394375 0.34524671093750003 0.547727521875 0.34524671093750003 0.547727521875 0.33370614062500004
12 0.6406195171875 0.3023190796875 0.6337956874999999 0.3023190796875 0.6337956874999999 0.3129166671875 0.6406195171875 0.3129166671875 0.6406195171875 0.3023190796875
12 0.658455775 0.0733127734375 0.6520924703125 0.0733127734375 0.6520924703125 0.08278371718750001 0.658455775 0.08278371718750001 0.658455775 0.0733127734375
12 0.676413559375 0.2611992875 0.6702677265625 0.2611992875 0.6702677265625 0.27163514218749996 0.676413559375 0.27163514218749996 0.676413559375 0.2611992875
12 0.23651132968750002 0.3728275765625 0.22857638906250002 0.3728275765625 0.22857638906250002 0.3822985203125 0.23651132968750002 0.3822985203125 0.23651132968750002 0.3728275765625
12 0.869772478125 0.19039747812500002 0.8636266453125 0.19039747812500002 0.8636266453125 0.1999808109375 0.869772478125 0.1999808109375 0.869772478125 0.19039747812500002
12 0.3063660453125 0.47014665625 0.23709155625 0.47014665625 0.23709155625 0.5486526859375 0.3063660453125 0.5486526859375 0.3063660453125 0.47014665625
12 0.3690177265625 0.8438432015625 0.2686759875 0.8438432015625 0.2686759875 0.9886787281249999 0.3690177265625 0.9886787281249999 0.3690177265625 0.8438432015625
12 0.7077037640625 0.77709978125 0.670227521875 0.77709978125 0.670227521875 0.8093256578125001 0.7077037640625 0.8093256578125001 0.7077037640625 0.77709978125
12 0.7101050796874999 0.22765624999999998 0.703959246875 0.22765624999999998 0.703959246875 0.2366968203125 0.7101050796874999 0.2366968203125 0.7101050796874999 0.22765624999999998
12 0.622635234375 0.47682839843749997 0.614671053125 0.47682839843749997 0.614671053125 0.48850603125000003 0.622635234375 0.48850603125000003 0.622635234375 0.47682839843749997
12 0.7756560671875 0.294873903125 0.769267178125 0.294873903125 0.769267178125 0.30388157968749996 0.7756560671875 0.30388157968749996 0.7756560671875 0.294873903125
12 0.6984000359375 0.1229331140625 0.693200840625 0.1229331140625 0.693200840625 0.1301206140625 0.6984000359375 0.1301206140625 0.6984000359375 0.1229331140625
12 0.8555409359375 0.09608689687500001 0.8495358187500001 0.09608689687500001 0.8495358187500001 0.106243146875 0.8555409359375 0.106243146875 0.8555409359375 0.09608689687500001
12 0.485306103125 0.375254934375 0.47856085468750004 0.375254934375 0.47856085468750004 0.3857319078125 0.485306103125 0.3857319078125 0.485306103125 0.375254934375
12 0.1080519 0.025404331250000002 0.0998355265625 0.025404331250000002 0.0998355265625 0.033965185937499996 0.1080519 0.033965185937499996 0.1080519 0.025404331250000002
12 0.587056834375 0.38827302656249996 0.5809110015625001 0.38827302656249996 0.5809110015625001 0.39834978125 0.587056834375 0.39834978125 0.587056834375 0.38827302656249996
12 0.9999990859375 0.34188185312499997 0.996853984375 0.34188185312499997 0.996853984375 0.3513527953125 0.9999990859375 0.3513527953125 0.9999990859375 0.34188185312499997
12 0.846504934375 0.23302357499999998 0.8390433109375 0.23302357499999998 0.8390433109375 0.2437856359375 0.846504934375 0.2437856359375 0.846504934375 0.23302357499999998
12 0.734523940625 0.2331058109375 0.7293430187500001 0.2331058109375 0.7293430187500001 0.24150493437499998 0.734523940625 0.24150493437499998 0.734523940625 0.2331058109375
12 0.71233004375 0.24942434218749998 0.7036860375 0.24942434218749998 0.7036860375 0.2647368421875 0.71233004375 0.2647368421875 0.71233004375 0.24942434218749998
12 0.712987025 0.0213815796875 0.7069362203125 0.0213815796875 0.7069362203125 0.030526315625 0.712987025 0.030526315625 0.712987025 0.0213815796875
12 0.68782620625 0.1197395828125 0.681314875 0.1197395828125 0.681314875 0.12928453906249998 0.68782620625 0.12928453906249998 0.68782620625 0.1197395828125
12 0.7288578218749999 0.32282620624999997 0.7105939328125 0.32282620624999997 0.7105939328125 0.3473382671875 0.7288578218749999 0.3473382671875 0.7288578218749999 0.32282620624999997
12 0.798821271875 0.092567159375 0.7929769734375001 0.092567159375 0.7929769734375001 0.1020764796875 0.798821271875 0.1020764796875 0.798821271875 0.092567159375
12 0.7729230625 0.14596491250000002 0.7680930187499999 0.14596491250000002 0.7680930187499999 0.15341008750000001 0.7729230625 0.15341008750000001 0.7729230625 0.14596491250000002
12 0.6059868421875 0.049850603125 0.598114034375 0.049850603125 0.598114034375 0.060286457812500006 0.6059868421875 0.060286457812500006 0.6059868421875 0.049850603125
12 0.5251160453125 0.879157071875 0.44460983125000003 0.879157071875 0.44460983125000003 0.95043174375 0.5251160453125 0.95043174375 0.5251160453125 0.879157071875
12 0.727920321875 0.7478947375 0.715438596875 0.7478947375 0.715438596875 0.7652905703124999 0.727920321875 0.7652905703124999 0.727920321875 0.7478947375
12 0.8183287640625 0.031059484375 0.8125301531250001 0.031059484375 0.8125301531250001 0.0397574015625 0.8183287640625 0.0397574015625 0.8183287640625 0.031059484375
12 0.5181350515625 0.7049725875 0.5033488671875 0.7049725875 0.5033488671875 0.7239802625 0.5181350515625 0.7239802625 0.5181350515625 0.7049725875
12 0.42547880156250006 0.186426809375 0.41876096562500004 0.186426809375 0.41876096562500004 0.1958977515625 0.42547880156250006 0.1958977515625 0.42547880156250006 0.186426809375
12 0.27809941562499996 0.6433182562499999 0.26194078906249996 0.6433182562499999 0.26194078906249996 0.683830865625 0.27809941562499996 0.683830865625 0.27809941562499996 0.6433182562499999
12 0.204529421875 0.36661595468749997 0.1985480625 0.36661595468749997 0.1985480625 0.375692159375 0.204529421875 0.375692159375 0.204529421875 0.36661595468749997
12 0.3952330046875 0.060278234374999996 0.38943439375 0.060278234374999996 0.38943439375 0.0681702296875 0.3952330046875 0.0681702296875 0.3952330046875 0.060278234374999996
12 0.712299890625 0.31787006562500003 0.7027403140625 0.31787006562500003 0.7027403140625 0.33215186406249997 0.712299890625 0.33215186406249997 0.712299890625 0.31787006562500003
12 0.6723894375 0.2160978625 0.6625703578125 0.2160978625 0.6625703578125 0.2321422703125 0.6723894375 0.2321422703125 0.6723894375 0.2160978625
12 0.9676827484375 0.1040858 0.96298245625 0.1040858 0.96298245625 0.1121642 0.9676827484375 0.1121642 0.9676827484375 0.1040858
12 0.76878198125 0.014374999999999999 0.76246801875 0.014374999999999999 0.76246801875 0.0227741234375 0.76878198125 0.0227741234375 0.76878198125 0.014374999999999999
12 0.895999634375 0.011776315625 0.89013340625 0.011776315625 0.89013340625 0.021436403125 0.895999634375 0.021436403125 0.895999634375 0.011776315625
12 0.2507666296875 0.15009594375 0.24312956875 0.15009594375 0.24312956875 0.16228344374999998 0.2507666296875 0.16228344374999998 0.2507666296875 0.15009594375
12 0.3371957234375 0.147913925 0.31172971562499996 0.147913925 0.31172971562499996 0.1840542765625 0.3371957234375 0.1840542765625 0.3371957234375 0.147913925
12 0.7668457609375 0.92962719375 0.283936403125 0.92962719375 0.283936403125 0.99957236875 0.7668457609375 0.99957236875 0.7668457609375 0.92962719375
12 0.7274945171875 0.07183388125 0.717819809375 0.07183388125 0.717819809375 0.08691611875000001 0.7274945171875 0.08691611875000001 0.7274945171875 0.07183388125
12 0.72904879375 0.334533990625 0.7201690421875 0.334533990625 0.7201690421875 0.3488157890625 0.72904879375 0.3488157890625 0.72904879375 0.334533990625
12 0.1982364765625 0.0731017 0.19141264687499998 0.0731017 0.19141264687499998 0.0815309765625 0.1982364765625 0.0815309765625 0.1982364765625 0.0731017
12 0.152327303125 0.0923108546875 0.146013340625 0.0923108546875 0.146013340625 0.1015981359375 0.152327303125 0.1015981359375 0.152327303125 0.0923108546875
12 0.4252174703125 0.21600603125 0.40193165156250005 0.21600603125 0.40193165156250005 0.2505455046875 0.4252174703125 0.2505455046875 0.4252174703125 0.21600603125
12 0.36687956875 0.381596765625 0.3572432390625 0.381596765625 0.3572432390625 0.394768365625 0.36687956875 0.394768365625 0.36687956875 0.381596765625
12 0.442947734375 0.46920367343749997 0.4310763890625 0.46920367343749997 0.4310763890625 0.48880619531249997 0.442947734375 0.48880619531249997 0.442947734375 0.46920367343749997
12 0.3641282890625 0.5917447921875 0.35022843593749997 0.5917447921875 0.35022843593749997 0.6123560859375 0.3641282890625 0.6123560859375 0.3641282890625 0.5917447921875
12 0.703094846875 0.26618832187499997 0.6855783984375 0.26618832187499997 0.6855783984375 0.2886197921875 0.703094846875 0.2886197921875 0.703094846875 0.26618832187499997
12 0.59910361875 0.308274396875 0.5942553 0.308274396875 0.5942553 0.31831003281250003 0.59910361875 0.31831003281250003 0.59910361875 0.308274396875
12 0.3516392546875 0.1714103625 0.31193530625 0.1714103625 0.31193530625 0.229225603125 0.3516392546875 0.229225603125 0.3516392546875 0.1714103625
11 0 0.9997258765625 0.8430190062499999 0.9997258765625 0.8397295328125001 0.9904057015625 0.8315058484375 0.9731359656249999 0.826937134375 0.9577850874999999 0.8212719296875 0.9454495609375 0.8185307015625 0.935581140625 0.8143274859374999 0.898848684375 0.8081140343750001 0.8670504390625 0.8004385968750001 0.8012609656249999 0.7953216375000001 0.7708333328125 0.789473684375 0.723135965625 0.7843567250000001 0.7017543859375001 0.7764985375 0.654331140625 0.771564328125 0.634046053125 0.765168128125 0.5973135968750001 0.7591374265625 0.5751096484375 0.7514619890625001 0.540296053125 0.744883040625 0.5191885968750001 0.7404970765625001 0.498903509375 0.7377558484375 0.4912280703125 0.7326388890625 0.480811403125 0.7277046781250001 0.4599780703125 0.7213084796875 0.44380482499999996 0.71491228125 0.40707236875 0.712171053125 0.39775219375000004 0.709064328125 0.390625 0.7028508765625 0.367598684375 0.7013888890625 0.3571820171875 0.7015716375000001 0.3516995609375 0.7037646203125 0.3478618421875 0.7061403515625 0.345668859375 0.7097953218749999 0.3453947375 0.7271564328125 0.360471490625 0.73519736875 0.3643092109375 0.741776315625 0.3719846484375 0.7521929828125 0.3771929828125 0.7576754390625 0.3829495609375 0.7702850875 0.390625 0.7775950296875 0.3963815796875 0.78362573125 0.398848684375 0.7936769 0.4010416671875 0.8008040937500001 0.40625 0.8095760234375 0.41063596562500004 0.8194444437499999 0.4120065796875 0.823830409375 0.41748903437499996 0.8320540937500001 0.420778509375 0.859466375 0.42571271875 0.8755482453125 0.4270833328125 0.9091739765625 0.42105263125 0.915935671875 0.418311403125 0.9248903515625001 0.4120065796875 0.9451754390625 0.40707236875 0.9603435671874999 0.40076754374999995 0.9756944437499999 0.39912280624999996 0.9808114031249999 0.396929825 0.9875731 0.3922697375 0.9998172515625001 0.375 0.9998172515625001 0.0002741234375 0.0224780703125 0 0.0224780703125 0.01178728125 0.0235745609375 0.015899123437500003 0.031432748437500005 0.0296052625 0.036915204687499995 0.0444078953125 0.04148391875 0.052357456250000003 0.0471491234375 0.0655153515625 0.055372806249999997 0.0756578953125 0.0626827484375 0.08908991250000001 0.06816520468750001 0.0940241234375 0.0736476609375 0.10224780625 0.0811403515625 0.10800438593749999 0.0873538015625 0.11677631562499999 0.0924707609375 0.11924342031249999 0.1010599421875 0.126918859375 0.1176900578125 0.13349780625000002 0.120614034375 0.13514254375 0.1251827484375 0.13980263125 0.14108187187500001 0.14610745625 0.1505847953125 0.155153509375 0.16703216406250002 0.1595394734375 0.17543859687500002 0.16584429843749998 0.17891081874999998 0.1672149125 0.201206140625 0.1724232453125 0.21600877187499998 0.17790570156250002 0.2282529234375 0.1806469296875 0.237938596875 0.18146929843749998 0.28673245625 0.1787280703125 0.2940423984375 0.1787280703125 0.305921053125 0.180921053125 0.3130482453125 0.186403509375 0.318347953125 0.19517543906249998 0.3234649125 0.2017543859375 0.325475146875 0.206688596875 0.3260233921875 0.2146381578125 0.32090643281250003 0.22916666718749998 0.311403509375 0.240953946875 0.30537280624999996 0.24671052656249998 0.28819444375000003 0.25603070156249996 0.27521929843750004 0.2615131578125 0.2677266078125 0.2678179828125 0.2591374265625 0.2724780703125 0.2233187140625 0.30043859687499996 0.2110745609375 0.3146929828125 0.203033625 0.3303179828125 0.1984649125 0.33662280624999996 0.1904239765625 0.3525219296875 0.184393275 0.3618421046875 0.177814328125 0.379385965625 0.17233187187500001 0.3892543859375 0.1681286546875 0.4021381578125 0.16337719374999998 0.420778509375 0.1595394734375 0.43119517500000004 0.1557017546875 0.4473684203125 0.153143275 0.45449561406249994 0.15204678437500002 0.45559210468750005 0.14930555625 0.45559210468750005 0.1452850875 0.45230263125 0.1390716375 0.44983552656250003 0.12353801093750001 0.4473684203125 0.09978070156249999 0.43996710468750005 0.040570175 0.4306469296875 0.027046784375 0.43119517500000004 0.013706140624999998 0.43311403437499996 0 0.43695175468749997 0 0.9997258765625