12 0.59812043125 0.14857319062500002 0.3530710890625 0.14857319062500002 0.3530710890625 0.3926055375 0.59812043125 0.3926055375 0.59812043125 0.14857319062500002
12 0.5247807015625 0.012452028125 0.3048099421875 0.012452028125 0.3048099421875 0.4152837171875 0.5247807015625 0.4152837171875 0.5247807015625 0.012452028125
12 0.6691282890625 0.23107867343750002 0.4402467109375 0.23107867343750002 0.4402467109375 0.70056058125 0.6691282890625 0.70056058125 0.6691282890625 0.23107867343750002
12 0.4448857828125 0.3013007125 0.21673702499999997 0.3013007125 0.21673702499999997 0.5497738484375 0.4448857828125 0.5497738484375 0.4448857828125 0.3013007125
12 0.52258315 0.011902412499999999 0.4749753296875 0.011902412499999999 0.4749753296875 0.403382675 0.52258315 0.403382675 0.52258315 0.011902412499999999
12 0.66802905625 0.033141446875 0.49017269687500004 0.033141446875 0.49017269687500004 0.4711293859375 0.66802905625 0.4711293859375 0.66802905625 0.033141446875
12 0.8419490125 0.33050575625 0.7586357828125 0.33050575625 0.7586357828125 0.9644174890625001 0.8419490125 0.9644174890625001 0.8419490125 0.33050575625
12 0.4023446640625 0.0011910640625 0.3710946640625 0.0011910640625 0.3710946640625 0.2284251640625 0.4023446640625 0.2284251640625 0.4023446640625 0.0011910640625
12 0.5675657890625 0.41455180937499997 0.34112573125 0.41455180937499997 0.34112573125 0.6225589359375 0.5675657890625 0.6225589359375 0.5675657890625 0.41455180937499997
12 0.40197825312499996 0.0008251093750000001 0.1849369515625 0.0008251093750000001 0.1849369515625 0.261932565625 0.40197825312499996 0.261932565625 0.40197825312499996 0.0008251093750000001
12 0.7002403140625 0.1459333875 0.6405783984375 0.1459333875 0.6405783984375 0.7131949015625 0.7002403140625 0.7131949015625 0.7002403140625 0.1459333875
12 0.64257858125 0.462249178125 0.2460946640625 0.462249178125 0.2460946640625 0.8304756031249999 0.64257858125 0.8304756031249999 0.64257858125 0.462249178125
12 0.6424552265625 0.0190433109375 0.1983634875 0.0190433109375 0.1983634875 0.71850603125 0.6424552265625 0.71850603125 0.6424552265625 0.0190433109375
12 0.650450475 0.6156003296875 0.4247432390625 0.6156003296875 0.4247432390625 0.8140871703125001 0.650450475 0.8140871703125001 0.650450475 0.6156003296875
12 0.744965278125 0.4487924890625 0.648591009375 0.4487924890625 0.648591009375 0.75238075625 0.744965278125 0.75238075625 0.744965278125 0.4487924890625
12 0.4923702484375 0.2601027953125 0.3259886703125 0.2601027953125 0.3259886703125 0.4023752734375 0.4923702484375 0.4023752734375 0.4923702484375 0.2601027953125
12 0.7556158625 0.7781058109375001 0.3420413015625 0.7781058109375001 0.3420413015625 0.99728344375 0.7556158625 0.99728344375 0.7556158625 0.7781058109375001
12 0.4214482828125 0.16278097656249998 0.2289428 0.16278097656249998 0.2289428 0.363830865625 0.4214482828125 0.363830865625 0.4214482828125 0.16278097656249998
12 0.6917105265625 0.377198465625 0.554382309375 0.377198465625 0.554382309375 0.6203618421875 0.6917105265625 0.6203618421875 0.6917105265625 0.377198465625
12 0.8173839546874999 0.751371984375 0.665039290625 0.751371984375 0.665039290625 0.9859306468750001 0.8173839546874999 0.9859306468750001 0.8173839546874999 0.751371984375
12 0.5989373171875 0.86709566875 0.4498894375 0.86709566875 0.4498894375 0.9947190234375001 0.5989373171875 0.9947190234375001 0.5989373171875 0.86709566875
12 0.3659064328125 0.002700109375 0.2356578953125 0.002700109375 0.2356578953125 0.1003865125 0.3659064328125 0.1003865125 0.3659064328125 0.002700109375
12 0.76605263125 0.291688596875 0.6538706140625 0.291688596875 0.6538706140625 0.502258771875 0.76605263125 0.502258771875 0.76605263125 0.291688596875
12 0.48699926875 0.6010882671875 0.350402046875 0.6010882671875 0.350402046875 0.74876370625 0.48699926875 0.74876370625 0.48699926875 0.6010882671875
12 0.3563843203125 0 0.3563843203125 0.07486842031249999 0.50689784375 0.07486842031249999 0.50689784375 0 0.3563843203125 0
11 0.16301169531249998 0 0.16648391875 0.025493420312499997 0.16758040937500002 0.053204770312500003 0.07931286562499999 0.1858552625 0.07492689999999999 0.180098684375 0.0626827484375 0.176260965625 0.0561038015625 0.1825657890625 0.039473684375 0.203125 0.0310672515625 0.2201206140625 0.027960526562499997 0.22807017499999999 0.0266812859375 0.23903508750000002 0.026498537500000002 0.251918859375 0.025402046875 0.25849780624999996 0.0211988296875 0.2631578953125 0.012426900000000001 0.2697368421875 0.010599415625 0.27768640312500004 0.0047514624999999994 0.315241228125 0.0025584796875 0.34457236875 0 0.3544407890625 0 0.444901315625 0.002741228125 0.45449561406249994 0.00383771875 0.471491228125 0.00383771875 0.483278509375 0 0.50082236875 0 0.99287280625 0.004203215625 0.9997258765625 0.2686403515625 0.9997258765625 0.2947733921875 0.9887609656249999 0.296783625 0.9849232453125 0.296418128125 0.9747807015625 0.2975146203125 0.9728618421874999 0.3017178359375 0.96957236875 0.3033625734375 0.96957236875 0.3092105265625 0.9819078953125 0.31597222187499996 0.9857456140625 0.32273391875 0.9934210531250001 0.3318713453125 0.9997258765625 0.8474049703125001 0.9997258765625 0.85398391875 0.9854714906250001 0.8618421046875 0.9775219296875 0.863669590625 0.97423245625 0.8713450296874999 0.9364035093749999 0.8815789468749999 0.908168859375 0.88834064375 0.898026315625 0.8941885968750001 0.8793859656249999 0.8978435671874999 0.8717105265624999 0.9013157890624999 0.8563596484374999 0.9053362578125 0.8470394734375001 0.9046052625 0.8349780703125 0.9029605265624999 0.8231907890624999 0.896564328125 0.8122258765625 0.89601608125 0.8083881578125001 0.8963815796875 0.794956140625 0.8985745609375 0.7743969296875 0.9047880109375 0.7447916671875 0.9080774859374999 0.716008771875 0.909356725 0.695723684375 0.9091739765625 0.6694078953125 0.9057017546875 0.62116228125 0.90241228125 0.591008771875 0.901133040625 0.58196271875 0.8972953218749999 0.56633771875 0.8921783624999999 0.5307017546874999 0.884320175 0.498903509375 0.8782894734375001 0.469846490625 0.8660453218749999 0.43092105312499995 0.8559941515625 0.40625 0.85233918125 0.39446271875 0.8448464906250001 0.3807565796875 0.838633040625 0.3670504390625 0.8256578953125 0.346491228125 0.8154239765625 0.33415570156249996 0.7953216375000001 0.3182565796875 0.7830774859375 0.305098684375 0.7552997078125 0.2669956140625 0.7463450296875 0.2524671046875 0.72733918125 0.20942982500000001 0.719115496875 0.194901315625 0.71326754375 0.18201754375 0.70230263125 0.16392543906249998 0.6942616953125 0.1529605265625 0.688596490625 0.1419956140625 0.6750731 0.1225328953125 0.6427266078125 0.0794956140625 0.6372441515625 0.07099780624999999 0.6306652046875 0.063596490625 0.615314328125 0.043311403124999995 0.6008771937499999 0.029331140625000002 0.5805921046875 0.0126096484375 0.5688961984375001 0 0.16301169531249998 0