12 0.8466164109375001 0.274671053125 0.70211896875 0.274671053125 0.70211896875 0.43205592031249995 0.8466164109375001 0.43205592031249995 0.8466164109375001 0.274671053125
12 0.6193850515625 0.3742680921875 0.09350603125 0.3742680921875 0.09350603125 0.7675794953125 0.6193850515625 0.7675794953125 0.6193850515625 0.3742680921875
12 0.7516483921875 0.393172971875 0.596008771875 0.393172971875 0.596008771875 0.460829221875 0.7516483921875 0.460829221875 0.7516483921875 0.393172971875
12 0.6558232828125 0.427139528125 0.45745888125 0.427139528125 0.45745888125 0.53892406875 0.6558232828125 0.53892406875 0.6558232828125 0.427139528125
12 0.5171500359375 0.162506853125 0.302184759375 0.162506853125 0.302184759375 0.5047299890625 0.5171500359375 0.5047299890625 0.5171500359375 0.162506853125
12 0.63671875 0.0887143640625 0.4531240859375 0.0887143640625 0.4531240859375 0.2427055921875 0.63671875 0.2427055921875 0.63671875 0.0887143640625
12 0.993347953125 0.2692338265625 0.8269663749999999 0.2692338265625 0.8269663749999999 0.32182977031250004 0.993347953125 0.32182977031250004 0.993347953125 0.2692338265625
12 0.7780756578125 0.11929276250000001 0.56665021875 0.11929276250000001 0.56665021875 0.318695175 0.7780756578125 0.318695175 0.7780756578125 0.11929276250000001
12 0.3259895828125 0.6472779609375 0.0866091015625 0.6472779609375 0.0866091015625 0.8073108546875 0.3259895828125 0.8073108546875 0.3259895828125 0.6472779609375
12 0.375793128125 0.08596628281249999 0.3053581875 0.08596628281249999 0.3053581875 0.39633086562500003 0.375793128125 0.39633086562500003 0.375793128125 0.08596628281249999
12 0.1846308484375 0.006958607812500001 0.0712280703125 0.006958607812500001 0.0712280703125 0.724000821875 0.1846308484375 0.724000821875 0.1846308484375 0.006958607812500001
12 0.27749543125 0.7829125546875 0.1607355625 0.7829125546875 0.1607355625 0.9617146375000001 0.27749543125 0.9617146375000001 0.27749543125 0.7829125546875
12 0.322815240625 0.390838815625 0.23724323906250003 0.390838815625 0.23724323906250003 0.6045230265625 0.322815240625 0.6045230265625 0.322815240625 0.390838815625
12 0.3682255109375 0.686096490625 0.22357273437499997 0.686096490625 0.22357273437499997 0.9398793859374999 0.3682255109375 0.9398793859374999 0.3682255109375 0.686096490625
12 0.11676078281249999 0.5886389796875 0.0783086625 0.5886389796875 0.0783086625 0.73118558125 0.11676078281249999 0.73118558125 0.11676078281249999 0.5886389796875
12 0.5339354890625 0.05287280625 0.3088386328125 0.05287280625 0.3088386328125 0.16978618437499998 0.5339354890625 0.16978618437499998 0.5339354890625 0.05287280625
12 1 0.7753618421875 0.6350100515625 0.7753618421875 0.6350100515625 0.9941721484375 1 0.9941721484375 1 0.7753618421875
12 0.461151315625 0.14684895781250001 0.3850402046875 0.14684895781250001 0.3850402046875 0.31201069062500003 0.461151315625 0.31201069062500003 0.461151315625 0.14684895781250001
12 0.794983553125 0.44954632656250004 0.744080775 0.44954632656250004 0.744080775 0.5348286734375 0.794983553125 0.5348286734375 0.794983553125 0.44954632656250004
12 0.098143275 0.82365405625 0.0364985375 0.82365405625 0.0364985375 0.9649205046875 0.098143275 0.9649205046875 0.098143275 0.82365405625
12 0.9659420687500001 0.0015570171875 0.7381588078125 0.0015570171875 0.7381588078125 0.15747258749999998 0.9659420687500001 0.15747258749999998 0.9659420687500001 0.0015570171875
12 0.9669179453125001 0.19702028437500002 0.9051507671874999 0.19702028437500002 0.9051507671874999 0.24975603125 0.9669179453125001 0.24975603125 0.9669179453125001 0.19702028437500002
12 0.1539309203125 0.0024725875000000002 0.0068366234375 0.0024725875000000002 0.0068366234375 0.1725767546875 0.1539309203125 0.1725767546875 0.1539309203125 0.0024725875000000002
11 0.087171053125 0 0.076206140625 0.007401315625 0.06286549687500001 0.011239034375 0.0610380109375 0.015350876562499999 0.06286549687500001 0.0169956140625 0.0650584796875 0.022203946874999998 0.0677997078125 0.032072368750000003 0.06853070156249999 0.0389254390625 0.065241228125 0.0529057015625 0.0606725140625 0.0630482453125 0.058296784375 0.0666118421875 0.0546418125 0.069901315625 0.0385599421875 0.0748355265625 0.031432748437500005 0.0740131578125 0.02503655 0.071546053125 0.018640351562499997 0.0786732453125 0.012061403125 0.0888157890625 0.008223684375 0.09292763125 0.0021929828125 0.103070175 0 0.107456140625 0 0.9997258765625 0.0826023390625 0.9997258765625 0.08771929843750001 0.9956140343750001 0.09210526249999999 0.98821271875 0.09338450312499999 0.9783442984375 0.0939327484375 0.961348684375 0.0922880109375 0.9503837718750001 0.090643275 0.91337719375 0.092653509375 0.91008771875 0.0946637421875 0.9095394734375001 0.10069444375 0.9098135968750001 0.1069078953125 0.9169407890624999 0.1131213453125 0.9202302625 0.1217105265625 0.9287280703125 0.130847953125 0.935581140625 0.13523391875 0.94133771875 0.14236111093749998 0.9470942984375 0.148026315625 0.95394736875 0.1595394734375 0.9621710531250001 0.16228070156250002 0.9651864031249999 0.1703216375 0.96792763125 0.1997441515625 0.9720394734375001 0.21491228125 0.9766995609375 0.225328946875 0.9777960531250001 0.2521929828125 0.9753289468749999 0.26407163749999996 0.9720394734375001 0.290570175 0.96792763125 0.3026315796875 0.96491228125 0.3137792390625 0.95860745625 0.32913011718749996 0.9533991234375 0.36896929843750004 0.9279057015625 0.37902046718750004 0.9191337718750001 0.38614766093749997 0.9152960531250001 0.41849415156249997 0.8892543859375 0.43329678437499997 0.876918859375 0.44078947343749997 0.8684210531250001 0.4462719296875 0.8643092109375001 0.46217105312499995 0.8459429828125 0.47277046718750004 0.83662280625 0.4936038015625 0.81167763125 0.5001827484375 0.805098684375 0.50548245625 0.7971491234375 0.5115131578125001 0.7911184203125 0.5162646203125 0.783991228125 0.5188231 0.78125 0.5248538015624999 0.7776864031249999 0.530153509375 0.77110745625 0.5372807015625 0.765625 0.5423976609375 0.759320175 0.5515350875 0.752741228125 0.5610380109374999 0.743695175 0.5729166671875 0.7368421046875 0.5915570171875 0.7192982453125001 0.6006944437499999 0.71326754375 0.6087353796875 0.705866228125 0.6182383046875 0.7001096484375 0.63523391875 0.6858552625 0.6430921046875 0.6754385968750001 0.6642909359375 0.6526864031249999 0.6701388890625 0.6441885968750001 0.676169590625 0.6384320171875 0.6814692984375 0.6299342109375 0.6869517546874999 0.6244517546874999 0.6927997078125 0.6154057015625 0.7147295328125 0.5915570171875 0.7626096484375 0.544133771875 0.7759502921875 0.5265899125 0.78198099375 0.5158991234375 0.7880116953125 0.5098684203125 0.7936769 0.5005482453125001 0.8048245609375 0.48684210468750005 0.978070175 0.3240131578125 0.9822733921875001 0.321820175 0.9888523390625 0.3149671046875 0.9998172515625001 0.308114034375 0.9998172515625001 0.23985745625 0.9733187140625 0.232456140625 0.9612573093749999 0.22505482500000001 0.9411549703125001 0.21847587656249998 0.93037280625 0.211348684375 0.9183114031249999 0.20641447343750002 0.9071637421875 0.20038377187499998 0.8839546781250001 0.1932565796875 0.8742690062499999 0.186403509375 0.8587353796875 0.180098684375 0.84923245625 0.17269736875 0.8320540937500001 0.16584429843749998 0.8203581874999999 0.1587171046875 0.8075657890624999 0.154331140625 0.7980628656250001 0.14830043906249998 0.7832602343749999 0.1422697375 0.7728435671875 0.13514254375 0.75548245625 0.1280153515625 0.7459795328125 0.12198464843750001 0.7264254390625 0.1162280703125 0.7114400578125 0.109375 0.64144736875 0.084429825 0.6076388890625 0.0778508765625 0.5889985375 0.07264254375 0.44974415156249997 0.0575657890625 0.4111982828125 0.055921053124999995 0.3806652046875 0.0592105265625 0.34722222187499996 0.0712719296875 0.34137426875 0.075383771875 0.3234649125 0.08415570156249999 0.3157894734375 0.08991228125 0.3072002921875 0.0940241234375 0.28600146249999997 0.1096491234375 0.280884503125 0.11650219375 0.26023391875 0.137883771875 0.2512792390625 0.15021929843749998 0.24524853750000003 0.1559758765625 0.2404970765625 0.16337719374999998 0.2337353796875 0.1705043859375 0.22898391875000002 0.179276315625 0.22167397656249999 0.1888706140625 0.215643275 0.202028509375 0.2076023390625 0.2127192984375 0.203216375 0.22587719375 0.2001096484375 0.2302631578125 0.1948099421875 0.23464912343750002 0.1880482453125 0.25082236875 0.182383040625 0.257401315625 0.17616959062499998 0.267543859375 0.1716008765625 0.2733004390625 0.1611842109375 0.303453946875 0.15551900624999998 0.3259320171875 0.1529605265625 0.3330592109375 0.15021929843749998 0.3360745609375 0.1474780703125 0.3305921046875 0.1461988296875 0.32428728125 0.1452850875 0.316885965625 0.1451023390625 0.3018092109375 0.1471125734375 0.287828946875 0.15003655 0.2782346484375 0.151133040625 0.268366228125 0.1509502921875 0.2609649125 0.14912280625000002 0.24725877187499998 0.1474780703125 0.240953946875 0.14016812812499999 0.22971491249999998 0.1381578953125 0.22505482500000001 0.1365131578125 0.21792763124999998 0.1328581875 0.1924342109375 0.13103070156250002 0.16337719374999998 0.1313961984375 0.15021929843749998 0.1350511703125 0.1282894734375 0.13633040937500002 0.1154057015625 0.1361476609375 0.085526315625 0.1374269 0.0751096484375 0.13633040937500002 0.06414473750000001 0.1368786546875 0.050438596875 0.1350511703125 0.037554825 0.137975146875 0.0337171046875 0.1412646203125 0.0271381578125 0.1443713453125 0.0150767546875 0.139437134375 0.011239034375 0.1341374265625 0.01014254375 0.1290204671875 0.0076754390625 0.11951754375000001 0 0.087171053125 0