12 0.76158125 0.43366499999999997 0.59399875 0.43366499999999997 0.59399875 0.5966083328125 0.76158125 0.5966083328125 0.76158125 0.43366499999999997
12 0.6885375 0.4202883328125 0.5556025 0.4202883328125 0.5556025 0.5399983328125 0.6885375 0.5399983328125 0.6885375 0.4202883328125
12 0.8566900000000001 0.549725 0.6481950000000001 0.549725 0.6481950000000001 0.7067883328125 0.8566900000000001 0.7067883328125 0.8566900000000001 0.549725
12 0.8470774999999999 0.346475 0.7486275 0.346475 0.7486275 0.45039833281249997 0.8470774999999999 0.45039833281249997 0.8470774999999999 0.346475
12 0.54095375 0.28174 0.40777625000000006 0.28174 0.40777625000000006 0.5183933328125 0.54095375 0.5183933328125 0.54095375 0.28174
12 0.77044625 0.3843583328125 0.65142875 0.3843583328125 0.65142875 0.4828283328125 0.77044625 0.4828283328125 0.77044625 0.3843583328125
12 0.9918212499999999 0.3173 0.70446875 0.3173 0.70446875 0.5153800000000001 0.9918212499999999 0.5153800000000001 0.9918212499999999 0.3173
12 0.38445999999999997 0.43139666718749997 0.22735500000000003 0.43139666718749997 0.22735500000000003 0.6805833328124999 0.38445999999999997 0.6805833328124999 0.38445999999999997 0.43139666718749997
12 0.38827375000000003 0.187825 0.32852125 0.187825 0.32852125 0.39941499999999996 0.38827375000000003 0.39941499999999996 0.38827375000000003 0.187825
12 0.42727624999999997 0.7316883328125 0.33639375 0.7316883328125 0.33639375 0.8659649999999999 0.42727624999999997 0.8659649999999999 0.42727624999999997 0.7316883328125
12 0.76532 0.23767166718750002 0.6809700000000001 0.23767166718750002 0.6809700000000001 0.3860283328125 0.76532 0.3860283328125 0.76532 0.23767166718750002
12 0.8995675000000001 0.1892083328125 0.7937925 0.1892083328125 0.7937925 0.344645 0.8995675000000001 0.344645 0.8995675000000001 0.1892083328125
12 0.98346 0.23571833281250001 0.8475949999999999 0.23571833281250001 0.8475949999999999 0.3518483328125 0.98346 0.3518483328125 0.98346 0.23571833281250001
12 0.544555 0.716635 0.423705 0.716635 0.423705 0.819825 0.544555 0.819825 0.544555 0.716635
12 0.35116625 0.205485 0.26406874999999996 0.205485 0.26406874999999996 0.46508833281250006 0.35116625 0.46508833281250006 0.35116625 0.205485
12 0.93160875 0.3267416671875 0.81643625 0.3267416671875 0.81643625 0.40047166718750005 0.93160875 0.40047166718750005 0.93160875 0.3267416671875
12 0.5517587500000001 0.6619666671875 0.26269624999999996 0.6619666671875 0.26269624999999996 0.7299599999999999 0.5517587500000001 0.7299599999999999 0.5517587500000001 0.6619666671875
12 0.8035287500000001 0.34147 0.6427612500000001 0.34147 0.6427612500000001 0.42675666718749994 0.8035287500000001 0.42675666718749994 0.8035287500000001 0.34147
11 0.1655 0.7923333328125 0.1825 0.7889999999999999 0.19025 0.7856666671875 0.1975 0.7769999999999999 0.20575000000000002 0.765 0.21749999999999997 0.7423333328124999 0.22325 0.739 0.22825 0.739 0.27625 0.7856666671875 0.292 0.799 0.30225 0.8053333328125 0.3115 0.8140000000000001 0.316 0.8166666671874999 0.33875 0.8393333328124999 0.35150000000000003 0.85 0.374 0.8643333328124999 0.40099999999999997 0.8766666671875001 0.441 0.8876666671875 0.45375 0.8876666671875 0.50525 0.8773333328125 0.53175 0.8663333328125 0.5435 0.8573333328125001 0.5650000000000001 0.8446666671875 0.577 0.8316666671874999 0.7497499999999999 0.7016666671875 0.7675 0.6900000000000001 0.77625 0.6816666671875 0.787 0.674 0.79775 0.663 0.8119999999999999 0.6456666671875 0.8394999999999999 0.618 0.844 0.6153333328125 0.84975 0.6073333328125 0.85625 0.6033333328125 0.86075 0.5953333328125 0.86725 0.5913333328125 0.869 0.589 0.8710000000000001 0.5823333328125 0.87475 0.5766666671875 0.8797499999999999 0.5743333328125 0.88325 0.5696666671874999 0.8867499999999999 0.5599999999999999 0.8977499999999999 0.5586666671875 0.8967499999999999 0.545 0.8995 0.5363333328125 0.90625 0.529 0.91225 0.5166666671875 0.916 0.5146666671875 0.91875 0.5113333328125 0.9255000000000001 0.49866666718749997 0.9289999999999999 0.497 0.9337500000000001 0.4916666671875 0.93775 0.4803333328125 0.9432499999999999 0.4743333328125 0.95 0.458 0.95875 0.445 0.97775 0.40133333281250005 0.98325 0.3913333328125 0.99975 0.3306666671875 0.99975 0.30133333281249997 0.98325 0.28700000000000003 0.9744999999999999 0.2816666671875 0.95875 0.26433333281250004 0.9494999999999999 0.2576666671875 0.92775 0.23866666718750001 0.90425 0.22200000000000003 0.86425 0.1903333328125 0.836 0.17266666718749998 0.7837500000000001 0.148 0.74425 0.1436666671875 0.722 0.13799999999999998 0.7072499999999999 0.1383333328125 0.6639999999999999 0.14466666718750001 0.62 0.154 0.604375 0.1556666671875 0.5730000000000001 0.1553333328125 0.5195000000000001 0.149 0.5045 0.14466666718750001 0.49124999999999996 0.1443333328125 0.47925000000000006 0.148 0.46875 0.1556666671875 0.44299999999999995 0.16899999999999998 0.41825 0.17733333281250002 0.3685 0.187 0.30025 0.21200000000000002 0.2665 0.24 0.2535 0.254 0.24325000000000002 0.277 0.23525000000000001 0.29100000000000004 0.231 0.30333333281249997 0.22675 0.3206666671875 0.22125 0.3533333328125 0.21800000000000003 0.40433333281249995 0.21525 0.4296666671875 0.21325 0.489 0.215 0.5226666671875 0.21325 0.557 0.209 0.5946666671874999 0.20775000000000002 0.62 0.20425 0.6586666671875 0.20175 0.6716666671875 0.19975 0.6913333328125 0.19575 0.7086666671875 0.19325 0.7136666671875 0.18275 0.726 0.16825 0.7386666671875 0.15925 0.7443333328125 0.152 0.7516666671875 0.12525 0.7586666671875 0.1165 0.7716666671875 0.11525 0.7783333328125 0.11499999999999999 0.7826666671875 0.11699999999999999 0.7853333328125001 0.1275 0.79 0.1655 0.7923333328125