12 0.538 0.46399999999999997 0.438 0.46399999999999997 0.438 0.5133333328125 0.538 0.5133333328125 0.538 0.46399999999999997
12 0.78557625 0.5203333328124999 0.64024875 0.5203333328124999 0.64024875 0.7005466671875 0.78557625 0.7005466671875 0.78557625 0.5203333328124999
12 0.6854875 0.4667166671875 0.5410775 0.4667166671875 0.5410775 0.6875833328125001 0.6854875 0.6875833328125001 0.6854875 0.4667166671875
12 0.5269775 0.48884999999999995 0.20007250000000001 0.48884999999999995 0.20007250000000001 0.7416166671875 0.5269775 0.7416166671875 0.5269775 0.48884999999999995
12 0.6737075 0.03955 0.5001225 0.03955 0.5001225 0.47542333281250004 0.6737075 0.47542333281250004 0.6737075 0.03955
12 0.62860125 0.615235 0.47784375 0.615235 0.47784375 0.8378916671875001 0.62860125 0.8378916671875001 0.62860125 0.615235
12 0.8386850000000001 0.6604016671874999 0.6544800000000001 0.6604016671874999 0.6544800000000001 0.8513183328125 0.8386850000000001 0.8513183328125 0.8386850000000001 0.6604016671874999
12 0.34253 0.351645 0.0043950000000000005 0.351645 0.0043950000000000005 0.6750483328125 0.34253 0.6750483328125 0.34253 0.351645
12 0.9403075 0.24080333281250002 0.7413325000000001 0.24080333281250002 0.7413325000000001 0.4707833328125 0.9403075 0.4707833328125 0.9403075 0.24080333281250002
12 0.78711 0.0899233328125 0.646485 0.0899233328125 0.646485 0.4224433328125 0.78711 0.4224433328125 0.78711 0.0899233328125
12 0.97198375 0.483725 0.78192125 0.483725 0.78192125 0.6875016671874999 0.97198375 0.6875016671874999 0.97198375 0.483725
12 0.31854375 0.3312166671875 0.18487625000000002 0.3312166671875 0.18487625000000002 0.54183 0.31854375 0.54183 0.31854375 0.3312166671875
12 0.89157 0.6002183328124999 0.796905 0.6002183328124999 0.796905 0.7305083328124999 0.89157 0.7305083328124999 0.89157 0.6002183328124999
12 0.14654499999999998 0.5091566671875001 0.00116 0.5091566671875001 0.00116 0.6145433328125 0.14654499999999998 0.6145433328125 0.14654499999999998 0.5091566671875001
12 0.84426875 0.35897 0.77487125 0.35897 0.77487125 0.45613666718749996 0.84426875 0.45613666718749996 0.84426875 0.35897
12 0.911285 0.24121166718749998 0.8426199999999999 0.24121166718749998 0.8426199999999999 0.3600283328125 0.911285 0.3600283328125 0.911285 0.24121166718749998
12 0.47563000000000005 0.27699833281249997 0.37275 0.27699833281249997 0.37275 0.38206833281249997 0.47563000000000005 0.38206833281249997 0.47563000000000005 0.27699833281249997
12 0.4762575 0.2593566671875 0.3338025 0.2593566671875 0.3338025 0.50301 0.4762575 0.50301 0.4762575 0.2593566671875
11 0.0465 0.6803333328125001 0.061 0.6883333328125001 0.08025 0.6953333328125 0.08575 0.6990000000000001 0.10149999999999999 0.7056666671875 0.11200000000000002 0.713 0.12525 0.7186666671874999 0.13574999999999998 0.7253333328125 0.1515 0.7316666671875 0.16125 0.7376666671875001 0.18375 0.745 0.21025 0.7563333328125 0.24025 0.7766666671875 0.28375 0.7933333328125001 0.29925 0.8006666671874999 0.33399999999999996 0.8089999999999999 0.4165 0.8400000000000001 0.44525 0.8443333328125 0.47000000000000003 0.8516666671875001 0.5037499999999999 0.8560000000000001 0.5395 0.8586666671875 0.57675 0.8643333328124999 0.63075 0.8676666671875 0.6825 0.8683333328125 0.69275 0.8673333328125 0.70975 0.8640000000000001 0.7205 0.8586666671875 0.739 0.8526666671875001 0.7535000000000001 0.8453333328125 0.766 0.8406666671874999 0.8275 0.7963333328125 0.8342499999999999 0.792 0.8467499999999999 0.787 0.8622500000000001 0.7763333328125 0.8880000000000001 0.7506666671875 0.90625 0.7243333328125 0.9182499999999999 0.6956666671875 0.9237500000000001 0.686 0.95625 0.6363333328125 0.96325 0.6223333328125 0.967 0.6083333328125 0.9644999999999999 0.5743333328125 0.96425 0.5316666671875 0.9550000000000001 0.4836666671875 0.94525 0.4563333328125 0.9417500000000001 0.441 0.9407500000000001 0.43333333281249997 0.94025 0.3933333328125 0.9375 0.367 0.9327500000000001 0.3416666671875 0.91525 0.2826666671875 0.9087500000000001 0.2686666671875 0.9005000000000001 0.24466666718750002 0.88475 0.21233333281250003 0.8755000000000001 0.1906666671875 0.85175 0.1513333328125 0.8307499999999999 0.124 0.8247500000000001 0.118 0.8115 0.10833333281249999 0.80575 0.101 0.7985 0.0866666671875 0.78625 0.0736666671875 0.77275 0.062333332812499996 0.74875 0.048333332812500004 0.71575 0.0343333328125 0.67925 0.0236666671875 0.6585 0.0206666671875 0.6315000000000001 0.0213333328125 0.609 0.0256666671875 0.57925 0.036 0.55575 0.0463333328125 0.54525 0.053000000000000005 0.525 0.060333332812499994 0.50125 0.072 0.46925 0.095 0.44175000000000003 0.11100000000000002 0.43150000000000005 0.1183333328125 0.42125 0.1226666671875 0.40599999999999997 0.13233333281249998 0.39249999999999996 0.1386666671875 0.37825000000000003 0.149 0.33975 0.18 0.32999999999999996 0.191 0.30325 0.217 0.2465 0.258 0.22825 0.2763333328125 0.21225 0.2886666671875 0.1855 0.31266666718749997 0.17975000000000002 0.3193333328125 0.1705 0.3243333328125 0.157 0.33599999999999997 0.14125000000000001 0.354 0.12275 0.37066666718749997 0.1025 0.40033333281249994 0.047 0.465 0.02375 0.49533333281249997 0.0052499999999999995 0.5216666671875 0.00025 0.526 0 0.6656666671875 0.01575 0.6683333328125001 0.026750000000000003 0.6736666671875 0.0465 0.6803333328125001