12 0.67851608125 0.25 0.5248538015624999 0.25 0.5248538015624999 0.45397478125 0.67851608125 0.45397478125 0.67851608125 0.25
12 0.499512975 0.42649808125 0.16210983125 0.42649808125 0.16210983125 0.6084142 0.499512975 0.6084142 0.499512975 0.42649808125
12 0.4364629015625 0.27882538437500004 0.22467013906250002 0.27882538437500004 0.22467013906250002 0.4557963265625 0.4364629015625 0.4557963265625 0.4364629015625 0.27882538437500004
12 0.7338267546874999 0.09008771875 0.576721490625 0.09008771875 0.576721490625 0.2601918859375 0.7338267546874999 0.2601918859375 0.7338267546874999 0.09008771875
12 0.6926270109375 0.459137884375 0.48315515312499996 0.459137884375 0.48315515312499996 0.780121984375 0.6926270109375 0.780121984375 0.6926270109375 0.459137884375
12 0.54681469375 0.1651603625 0.3179331140625 0.1651603625 0.3179331140625 0.2944339359375 0.54681469375 0.2944339359375 0.54681469375 0.1651603625
12 0.8563843203125 0.1362308109375 0.6904906796875 0.1362308109375 0.6904906796875 0.26806743437499997 0.8563843203125 0.26806743437499997 0.8563843203125 0.1362308109375
12 0.9234621703125001 0.297088815625 0.762086075 0.297088815625 0.762086075 0.5320120609375001 0.9234621703125001 0.5320120609375001 0.9234621703125001 0.297088815625
12 0.3931889625 0.59793174375 0.073609284375 0.59793174375 0.073609284375 0.9401548796875 0.3931889625 0.9401548796875 0.3931889625 0.59793174375
12 0.57903965625 0.532469846875 0.357970578125 0.532469846875 0.357970578125 0.8898930921874999 0.57903965625 0.8898930921874999 0.57903965625 0.532469846875
12 0.23117050468749997 0.5803988484375 0.1531058109375 0.5803988484375 0.1531058109375 0.6815638703125 0.23117050468749997 0.6815638703125 0.23117050468749997 0.5803988484375
12 0.8569343937499999 0.2628481359375 0.197754934375 0.2628481359375 0.197754934375 0.358977521875 0.8569343937499999 0.358977521875 0.8569343937499999 0.2628481359375
12 0.31052448906249996 0.3954166671875 0.28371527812499997 0.3954166671875 0.28371527812499997 0.5640570171875 0.31052448906249996 0.5640570171875 0.31052448906249996 0.3954166671875
12 0.3217772296875 0.657897478125 0.11547788750000001 0.657897478125 0.11547788750000001 0.7153919953125001 0.3217772296875 0.7153919953125001 0.3217772296875 0.657897478125
11 0.01480263125 0.7447916671875 0.0149853796875 0.748903509375 0.0126096484375 0.7541118421874999 0.0074926906249999994 0.76946271875 0.0074926906249999994 0.774671053125 0.0111476609375 0.7848135968750001 0.012426900000000001 0.78673245625 0.014071637500000001 0.7859100875 0.018274853125 0.7927631578125001 0.0162646203125 0.799616228125 0.015533625 0.8081140343750001 0.0126096484375 0.8166118421874999 0.0063961984375 0.8212719296875 0.0031067250000000003 0.8251096484374999 0 0.8305921046875 0.00018274843749999998 0.8604714906250001 0.008954678125 0.8697916671874999 0.019188596875 0.8780153515625001 0.0392909359375 0.8900767546875 0.050986842187500006 0.8947368421874999 0.058662281250000003 0.9015899125000001 0.07638888906249999 0.9150219296875 0.0946637421875 0.9279057015625 0.103435671875 0.9328399125000001 0.11220760156250001 0.9396929828125 0.1290204671875 0.9495614031249999 0.13980263125 0.9542214906250001 0.16228070156250002 0.9597039468749999 0.1801900578125 0.96025219375 0.2399488296875 0.9575109656249999 0.27923976562499997 0.9572368421874999 0.3015350875 0.9547697375 0.328581871875 0.955043859375 0.355080409375 0.9509320171875 0.384320175 0.94133771875 0.40953947343749997 0.92571271875 0.44937865468749993 0.8936403515625001 0.4713084796875 0.8725328953125 0.47934941562500005 0.8670504390625 0.4872076015625 0.8634868421874999 0.491045321875 0.8607456140625 0.5131578953125 0.8514254390625 0.5307017546874999 0.841831140625 0.5385599421875 0.8390899125000001 0.5478801171875001 0.834429825 0.5685307015625 0.8270285093749999 0.5829678359375 0.8237390343750001 0.609466375 0.8223684203125 0.620614034375 0.8185307015625 0.6281067250000001 0.814418859375 0.64601608125 0.8009868421874999 0.6608187140624999 0.787828946875 0.6684941515625 0.7787828953125 0.6873172515625 0.7604166671875 0.698830409375 0.7475328953125 0.708150584375 0.7349232453125001 0.7138157890625 0.7258771937499999 0.7627923984375 0.6376096484375 0.771564328125 0.61951754375 0.79148391875 0.5827850875 0.8313231 0.515625 0.859283625 0.47834429843750004 0.86476608125 0.4734100875 0.871527778125 0.4646381578125 0.8786549703125001 0.45915570156249996 0.888706140625 0.44873903437499996 0.8923611109375 0.44353070156249996 0.8978435671874999 0.4276315796875 0.90625 0.3908991234375 0.910453215625 0.3796600875 0.9161184203125 0.372258771875 0.9197733921875001 0.3626644734375 0.9259868421874999 0.33415570156249996 0.9309210531250001 0.3056469296875 0.9342105265624999 0.2935855265625 0.937134503125 0.285635965625 0.94298245625 0.2779605265625 0.948099415625 0.266721490625 0.9475511703124999 0.25548245625 0.9448099421875 0.2516447375 0.94298245625 0.2505482453125 0.9331140343750001 0.2458881578125 0.91959064375 0.23766447343750002 0.9091739765625 0.2330043859375 0.9014985375 0.226151315625 0.8923611109375 0.21957236875000002 0.8866959062499999 0.2138157890625 0.8733552625 0.205043859375 0.8649488296875001 0.1981907890625 0.8569078953125 0.19380482500000001 0.846856725 0.1861293859375 0.8338815796875 0.1806469296875 0.823830409375 0.173793859375 0.8088450296874999 0.1666666671875 0.8017178359375 0.16173245625 0.7892909359375 0.1557017546875 0.7786915203125 0.148848684375 0.7567616953125 0.138706140625 0.739400584375 0.134046053125 0.7114400578125 0.13130482500000001 0.7065058484375 0.1299342109375 0.6650219296875 0.09841008749999999 0.643274853125 0.086348684375 0.6302997078125 0.082510965625 0.5842470765625001 0.0740131578125 0.551169590625 0.071546053125 0.540570175 0.071546053125 0.5264985375 0.07346491250000001 0.491776315625 0.08415570156249999 0.48209064375 0.091008771875 0.46966374218749996 0.098135965625 0.459795321875 0.1060855265625 0.4528508765625 0.1099232453125 0.44462719375 0.11759868437500001 0.43932748593750004 0.12116228124999999 0.43274853750000003 0.12883771875 0.4259868421875 0.13459429843749998 0.42068713437499994 0.14144736875 0.41282894687500005 0.148026315625 0.4075292390625 0.1546052625 0.4016812859375 0.1595394734375 0.39601608125 0.1669407890625 0.3877923984375 0.1740679828125 0.382492690625 0.1806469296875 0.3755482453125 0.185581140625 0.3697002921875 0.1921600875 0.360562865625 0.1984649125 0.3563596484375 0.20285087656249998 0.3384502921875 0.21546052656249998 0.3234649125 0.2330043859375 0.316885965625 0.24287280625 0.3139619890625 0.2458881578125 0.30391081875000003 0.262883771875 0.2962353796875 0.2708333328125 0.29075292343750003 0.278508771875 0.28527046718750004 0.2826206140625 0.2796052625 0.28974780624999996 0.27266081875000003 0.2955043859375 0.265716375 0.30400219375000004 0.26169590625 0.3075657890625 0.255847953125 0.319901315625 0.2485380109375 0.3264802625 0.24031432812500003 0.341008771875 0.234466375 0.3470394734375 0.2306286546875 0.358278509375 0.22843567187499997 0.3626644734375 0.222222221875 0.37116228125 0.2182017546875 0.381578946875 0.215643275 0.3854166671875 0.2107090640625 0.38980263125 0.2086988296875 0.3930921046875 0.20467836250000002 0.4059758765625 0.1979166671875 0.41557017500000004 0.19170321562499998 0.4322916671875 0.1860380109375 0.43996710468750005 0.178545321875 0.45751096562500004 0.1734283625 0.4646381578125 0.1661184203125 0.480811403125 0.159356725 0.49095394687500005 0.153143275 0.5076754390625 0.14692982500000001 0.5172697375 0.1381578953125 0.5391995609375 0.13194444375 0.5485197375 0.1255482453125 0.5682565796875 0.12335526249999999 0.569901315625 0.120614034375 0.573739034375 0.1182383046875 0.5827850875 0.112938596875 0.5923793859375001 0.109283625 0.5934758765625 0.1059941515625 0.5967653515625 0.10453216406250002 0.600328946875 0.10288742656250001 0.609375 0.100328946875 0.616776315625 0.09210526249999999 0.6165021937499999 0.090277778125 0.6145833328125 0.0897295328125 0.610471490625 0.08991228125 0.5934758765625 0.087902046875 0.5885416671875 0.07693713437500001 0.591008771875 0.0643274859375 0.5890899125 0.049524853125000004 0.5885416671875 0.0411184203125 0.5912828953125 0.0334429828125 0.5984100875 0.03051900625 0.6047149125 0.0303362578125 0.6091008765625 0.0334429828125 0.6192434203125 0.0321637421875 0.6447368421874999 0.0365497078125 0.669133771875 0.036366959375 0.6787280703125 0.035453215625 0.6839364031249999 0.025584795312500002 0.696820175 0.0126096484375 0.69764254375 0.009320175 0.7053179828125 0.00858918125 0.709429825 0.0091374265625 0.7129934203125 0.0126096484375 0.721491228125 0.0122441515625 0.7346491234375 0.01480263125 0.7447916671875