12 0.609813596875 0.3020833328125 0.539473684375 0.3020833328125 0.539473684375 0.506573465625 0.609813596875 0.506573465625 0.609813596875 0.3020833328125
12 0.38305646875 0.3391118421875 0.298094846875 0.3391118421875 0.298094846875 0.4614254390625 0.38305646875 0.4614254390625 0.38305646875 0.3391118421875
12 0.9864190421875 0.7217105265625 0.878814875 0.7217105265625 0.878814875 0.8324890343750001 0.9864190421875 0.8324890343750001 0.9864190421875 0.7217105265625
12 0.4740296046875 0.005309759375 0.3731377921875 0.005309759375 0.3731377921875 0.130737390625 0.4740296046875 0.130737390625 0.4740296046875 0.005309759375
12 0.4693603796875 0.3441461078125 0.3289802625 0.3441461078125 0.3289802625 0.5479427078125 0.4693603796875 0.5479427078125 0.4693603796875 0.3441461078125
12 0.0948793859375 0.647438321875 0.055756579687499995 0.647438321875 0.055756579687499995 0.684836896875 0.0948793859375 0.684836896875 0.0948793859375 0.647438321875
12 0.9873035453125001 0.8377083328125 0.9003901687500001 0.8377083328125 0.9003901687500001 0.9332894734374999 0.9873035453125001 0.9332894734374999 0.9873035453125001 0.8377083328125
12 0.41772569375 0.5050054828125 0.3146975515625 0.5050054828125 0.3146975515625 0.6727302625 0.41772569375 0.6727302625 0.41772569375 0.5050054828125
12 0.46841465624999995 0.73004111875 0.353851425 0.73004111875 0.353851425 0.91790844375 0.46841465624999995 0.91790844375 0.46841465624999995 0.73004111875
12 0.5422980625 0.87066611875 0.43182474375 0.87066611875 0.43182474375 0.9838240125000001 0.5422980625 0.9838240125000001 0.5422980625 0.87066611875
12 0.6202394 0.131195175 0.581909721875 0.131195175 0.581909721875 0.2161567984375 0.6202394 0.2161567984375 0.6202394 0.131195175
12 0.9521134874999999 0.26264254375 0.939487390625 0.26264254375 0.939487390625 0.2804495609375 0.9521134874999999 0.2804495609375 0.9521134874999999 0.26264254375
12 0.5996016078124999 0.189073465625 0.5830153515625 0.189073465625 0.5830153515625 0.2060690796875 0.5996016078124999 0.2060690796875 0.5996016078124999 0.189073465625
12 0.4455455046875 0.3629427078125 0.43580317968750004 0.3629427078125 0.43580317968750004 0.377166940625 0.4455455046875 0.377166940625 0.4455455046875 0.3629427078125
12 0.4127421421875 0.353040021875 0.40073373593749995 0.353040021875 0.40073373593749995 0.3724259875 0.4127421421875 0.3724259875 0.4127421421875 0.353040021875
12 0.421063596875 0.086918859375 0.40999269062500004 0.086918859375 0.40999269062500004 0.1000328953125 0.421063596875 0.1000328953125 0.421063596875 0.086918859375
12 0.462424159375 0.2972779609375 0.454078034375 0.2972779609375 0.454078034375 0.3128316890625 0.462424159375 0.3128316890625 0.462424159375 0.2972779609375
12 0.3444499265625 0.6050150765625 0.3371911546875 0.6050150765625 0.3371911546875 0.6173972046875 0.3444499265625 0.6173972046875 0.3444499265625 0.6050150765625
12 0.3551982828125 0.7812486296875 0.345485196875 0.7812486296875 0.345485196875 0.79638843125 0.3551982828125 0.79638843125 0.3551982828125 0.7812486296875
12 0.6796637421875 0.42629111875000003 0.670921053125 0.42629111875000003 0.670921053125 0.44382401250000003 0.6796637421875 0.44382401250000003 0.6796637421875 0.42629111875000003
12 0.9858470390624999 0.36929139218749996 0.9741127562499999 0.36929139218749996 0.9741127562499999 0.3799739578125 0.9858470390624999 0.3799739578125 0.9858470390624999 0.36929139218749996
12 0.5811229890625 0.34372532968749997 0.56633680625 0.34372532968749997 0.56633680625 0.3711211625 0.5811229890625 0.3711211625 0.5811229890625 0.34372532968749997
12 0.55139254375 0.0628961078125 0.5404057015625 0.0628961078125 0.5404057015625 0.082580865625 0.55139254375 0.082580865625 0.55139254375 0.0628961078125
12 0.699942434375 0.31012883750000003 0.6877512796875 0.31012883750000003 0.6877512796875 0.3223163375 0.699942434375 0.3223163375 0.699942434375 0.31012883750000003
12 0.025940240625 0.5445778515625 0.00842379375 0.5445778515625 0.00842379375 0.57602521875 0.025940240625 0.57602521875 0.025940240625 0.5445778515625
12 0.734542215625 0.6572628843749999 0.7205345390625 0.6572628843749999 0.7205345390625 0.68013843125 0.734542215625 0.68013843125 0.734542215625 0.6572628843749999
12 0.404586075 0.7927727515625 0.3957063234375 0.7927727515625 0.3957063234375 0.80683799375 0.404586075 0.80683799375 0.404586075 0.7927727515625
12 0.9027750359375 0.7463089359375 0.8940999640625 0.7463089359375 0.8940999640625 0.7624794406250001 0.9027750359375 0.7624794406250001 0.9027750359375 0.7463089359375
12 0.309860196875 0.385516721875 0.3019563234375 0.385516721875 0.3019563234375 0.39670915625 0.309860196875 0.39670915625 0.309860196875 0.385516721875
12 0.9473949203125 0.5301521375 0.94029879375 0.5301521375 0.94029879375 0.54357593125 0.9473949203125 0.54357593125 0.9473949203125 0.5301521375
12 0.9031633765624999 0.8749931468750001 0.8946875000000001 0.8749931468750001 0.8946875000000001 0.8886800984375001 0.9031633765624999 0.8886800984375001 0.9031633765624999 0.8749931468750001
12 0.40672240468750004 0.00261513125 0.39210435 0.00261513125 0.39210435 0.0218530703125 0.40672240468750004 0.0218530703125 0.40672240468750004 0.00261513125
12 0.3544088078125 0.27811540625000003 0.3321153140625 0.27811540625000003 0.3321153140625 0.30489446249999996 0.3544088078125 0.30489446249999996 0.3544088078125 0.27811540625000003
12 0.3219883046875 0.158179825 0.3108260234375 0.158179825 0.3108260234375 0.17378837656249999 0.3219883046875 0.17378837656249999 0.3219883046875 0.158179825
12 0.651238121875 0.7806195171875 0.632943165625 0.7806195171875 0.632943165625 0.8028782890624999 0.651238121875 0.8028782890624999 0.651238121875 0.7806195171875
12 0.3052951390625 0.4144078953125 0.29870705468750003 0.4144078953125 0.29870705468750003 0.424216009375 0.3052951390625 0.424216009375 0.3052951390625 0.4144078953125
12 0.9427138156250001 0.9127576749999999 0.9342379390625 0.9127576749999999 0.9342379390625 0.9256195171874999 0.9427138156250001 0.9256195171874999 0.9427138156250001 0.9127576749999999
12 0.392704678125 0.9071107453125 0.3851279234375 0.9071107453125 0.3851279234375 0.9210142546875 0.392704678125 0.9210142546875 0.392704678125 0.9071107453125
12 0.8997532890625 0.44400219375 0.8863797515625 0.44400219375 0.8863797515625 0.4649342109375 0.8997532890625 0.4649342109375 0.8997532890625 0.44400219375
12 0.9680911921875 0.626403509375 0.9567150953124999 0.626403509375 0.9567150953124999 0.64068530625 0.9680911921875 0.64068530625 0.9680911921875 0.626403509375
12 0.0157775953125 0.456688596875 0.0004724046875 0.456688596875 0.0004724046875 0.488135965625 0.0157775953125 0.488135965625 0.0157775953125 0.456688596875
12 0.571075475 0.5071916125 0.55978344375 0.5071916125 0.55978344375 0.5284553187500001 0.571075475 0.5284553187500001 0.571075475 0.5071916125
12 0.0336312140625 0.8598807562499999 0.019073465625 0.8598807562499999 0.019073465625 0.8832826203125 0.0336312140625 0.8832826203125 0.0336312140625 0.8598807562499999
12 0.758522478125 0.96908031875 0.7502677265625 0.96908031875 0.7502677265625 0.982092928125 0.758522478125 0.982092928125 0.758522478125 0.96908031875
12 0.518035453125 0.7153138703125 0.497589546875 0.7153138703125 0.497589546875 0.748797971875 0.518035453125 0.748797971875 0.518035453125 0.7153138703125
12 0.8189692984375 0.8078042765625 0.8070065796874999 0.8078042765625 0.8070065796874999 0.824032346875 0.8189692984375 0.824032346875 0.8189692984375 0.8078042765625
12 0.37157803437500003 0.327952303125 0.3652384875 0.327952303125 0.3652384875 0.33671875 0.37157803437500003 0.33671875 0.37157803437500003 0.327952303125
12 0.30765168125 0.1219544953125 0.3007474421875 0.1219544953125 0.3007474421875 0.1329303734375 0.30765168125 0.1329303734375 0.30765168125 0.1219544953125
12 0.588927265625 0.253876096875 0.5272825296875 0.253876096875 0.5272825296875 0.3247368421875 0.588927265625 0.3247368421875 0.588927265625 0.253876096875
12 0.9808506937500001 0.4662650765625 0.9351653875 0.4662650765625 0.9351653875 0.4976000546875 0.9808506937500001 0.4976000546875 0.9808506937500001 0.4662650765625
12 0.88374543125 0.812989309375 0.8760206500000001 0.812989309375 0.8760206500000001 0.824708059375 0.88374543125 0.824708059375 0.88374543125 0.812989309375
12 0.9313358921875 0.7162787828125 0.916321271875 0.7162787828125 0.916321271875 0.73611156875 0.9313358921875 0.73611156875 0.9313358921875 0.7162787828125
12 0.8088532531249999 0.6635855265624999 0.785872625 0.6635855265624999 0.785872625 0.6884649125 0.8088532531249999 0.6884649125 0.8088532531249999 0.6635855265624999
12 0.5569535812499999 0.75894325625 0.5475383765624999 0.75894325625 0.5475383765624999 0.7732826203125 0.5569535812499999 0.7732826203125 0.5569535812499999 0.75894325625
12 0.8203389984375 0.773895284375 0.8105199203125 0.773895284375 0.8105199203125 0.789092653125 0.8203389984375 0.789092653125 0.8203389984375 0.773895284375
12 0.860930190625 0.5084827296875 0.7767635234375 0.5084827296875 0.7767635234375 0.62310718125 0.860930190625 0.62310718125 0.860930190625 0.5084827296875
12 0.6027220390625 0.7123725328125 0.46661275625 0.7123725328125 0.46661275625 0.9180002734375 0.6027220390625 0.9180002734375 0.6027220390625 0.7123725328125
12 0.7179724046875 0.3287075109375 0.701950840625 0.3287075109375 0.701950840625 0.346583059375 0.7179724046875 0.346583059375 0.7179724046875 0.3287075109375
12 0.3565533625 0.7217708328125 0.349989034375 0.7217708328125 0.349989034375 0.732088815625 0.3565533625 0.732088815625 0.3565533625 0.7217708328125
12 0.67715551875 0.1327974234375 0.6021427265625 0.1327974234375 0.6021427265625 0.251358278125 0.67715551875 0.251358278125 0.67715551875 0.1327974234375
12 0.8218073828125 0.5782346484375 0.7787774125 0.5782346484375 0.7787774125 0.6200054828125 0.8218073828125 0.6200054828125 0.8218073828125 0.5782346484375
12 0.3864702125 0.31792763125 0.380130665625 0.31792763125 0.380130665625 0.3269682015625 0.3864702125 0.3269682015625 0.3864702125 0.31792763125
12 0.9796500359375001 0.667428728125 0.9744508406250001 0.667428728125 0.9744508406250001 0.6743695171875 0.9796500359375001 0.6743695171875 0.9796500359375001 0.667428728125
12 0.94394736875 0.633549890625 0.9349597953125001 0.633549890625 0.9349597953125001 0.6496518640625 0.94394736875 0.6496518640625 0.94394736875 0.633549890625
12 0.9022359281250001 0.7249438046875001 0.8917077843750001 0.7249438046875001 0.8917077843750001 0.7413665015625 0.9022359281250001 0.7413665015625 0.9022359281250001 0.7249438046875001
12 0.8665168124999999 0.49225603125 0.8248903515625001 0.49225603125 0.8248903515625001 0.5734183109375001 0.8665168124999999 0.5734183109375001 0.8665168124999999 0.49225603125
12 0.14701754375 0.5633826749999999 0.1291045328125 0.5633826749999999 0.1291045328125 0.5894517546875 0.14701754375 0.5894517546875 0.14701754375 0.5633826749999999
12 0.6089756937499999 0.1599163921875 0.6019636328125 0.1599163921875 0.6019636328125 0.1715035640625 0.6089756937499999 0.1715035640625 0.6089756937499999 0.1599163921875
12 0.137084246875 0.6381236296874999 0.00024396875 0.6381236296874999 0.00024396875 0.7959608 0.137084246875 0.7959608 0.137084246875 0.6381236296874999
12 0.3374186765625 0.5891872265625 0.3036960890625 0.5891872265625 0.3036960890625 0.7643270281250001 0.3374186765625 0.7643270281250001 0.3374186765625 0.5891872265625
12 0.6147532890625 0.1425534546875 0.6049725875 0.1425534546875 0.6049725875 0.158471765625 0.6147532890625 0.158471765625 0.6147532890625 0.1425534546875
12 0.7966419953125 0.6684964359375 0.787341921875 0.6684964359375 0.787341921875 0.6842886515625 0.7966419953125 0.6842886515625 0.7966419953125 0.6684964359375
12 0.2075950296875 0.6367146375 0.1669152046875 0.6367146375 0.1669152046875 0.6823752734374999 0.2075950296875 0.6823752734374999 0.2075950296875 0.6367146375
12 0.660523575 1 0.660523575 0.634735471875 0.5455327125 0.634735471875 0.5455327125 1 0.660523575 1
12 0.3966986484375 0.45103344375 0.286408078125 0.45103344375 0.286408078125 0.5509183109375 0.3966986484375 0.5509183109375 0.3966986484375 0.45103344375
12 0.26043676875 0.6181633765625001 0.186339546875 0.6181633765625001 0.186339546875 0.68334978125 0.26043676875 0.68334978125 0.26043676875 0.6181633765625001
11 0.32200292343750003 0 0.3137792390625 0.021929825 0.30774853750000003 0.0463267546875 0.301169590625 0.06853070156249999 0.2966008765625 0.0904605265625 0.2891081875 0.1455592109375 0.28728070156249996 0.164473684375 0.28581871406250003 0.191885965625 0.2827119890625 0.2173793859375 0.2786915203125 0.23985745625 0.2779605265625 0.2494517546875 0.27777777812500004 0.2796052625 0.2786915203125 0.2923834984375 0.2783260234375 0.3421052625 0.2763157890625 0.36540570156249996 0.2735745609375 0.419956140625 0.273757309375 0.46875 0.274671053125 0.48218201718750003 0.27741228125 0.504385965625 0.285453215625 0.537554825 0.29349415156249997 0.5594846484375 0.296418128125 0.5712719296875 0.306652046875 0.634046053125 0.31323099375 0.7077850875 0.31871345 0.7313596484375 0.321820175 0.751096490625 0.3249269 0.7650767546874999 0.33205409375 0.7859100875 0.335526315625 0.80071271875 0.343384503125 0.8240131578125001 0.3517909359375 0.8527960531250001 0.357456140625 0.8681469296875 0.364400584375 0.890625 0.376096490625 0.9207785093749999 0.3874269 0.9416118421874999 0.3963815796875 0.9542214906250001 0.40186403437499996 0.9638157890624999 0.4150219296875 0.978070175 0.41959064375 0.9810855265624999 0.42781432812500003 0.9890350874999999 0.4462719296875 0.9997258765625 0.9998172515625001 0.9997258765625 0.9998172515625001 0.206688596875 0.9872076015625 0.212171053125 0.9786184203125 0.22094298281250002 0.9713084796875 0.226151315625 0.9650950296874999 0.23218201718749998 0.9577850874999999 0.2368421046875 0.9444444437499999 0.25 0.9345760234375 0.2669956140625 0.9270833328125001 0.2900219296875 0.920687134375 0.301260965625 0.9141081874999999 0.318804825 0.9084429828125 0.328125 0.902777778125 0.3451206140625 0.8951023390625 0.359375 0.88980263125 0.3771929828125 0.8828581874999999 0.3911732453125 0.8802997078124999 0.40296052656250003 0.8768274859374999 0.4298245609375 0.871893275 0.45148026249999995 0.8665935671874999 0.4846491234375 0.8638523390625 0.4958881578125 0.8554459062499999 0.515625 0.8521564328125001 0.529331140625 0.8450292390625 0.5422149125 0.838633040625 0.556195175 0.8320540937500001 0.563596490625 0.8274853796875 0.5723684203125 0.8168859656249999 0.58826754375 0.8123172515625001 0.5932017546874999 0.8101242687499999 0.5932017546874999 0.8057383046875 0.5866228062500001 0.8002558484375 0.571546053125 0.7951388890625 0.5427631578125001 0.7900219296875 0.5197368421874999 0.7843567250000001 0.504385965625 0.7807017546874999 0.4893092109375 0.7717470765625001 0.46491228125 0.7644371343749999 0.438596490625 0.7529239765625 0.408991228125 0.7459795328125 0.3952850875 0.739400584375 0.3771929828125 0.7297149125 0.3571820171875 0.7251461984375001 0.344846490625 0.7192982453125001 0.33415570156249996 0.7134502921875 0.3204495609375 0.7061403515625 0.30866228125 0.701206140625 0.2985197375 0.6962719296875 0.2919407890625 0.6906067250000001 0.2809758765625 0.6807383046875 0.267543859375 0.6770833328125 0.258223684375 0.6716008765625 0.24917763124999998 0.6646564328125 0.2327302625 0.6564327484375 0.21847587656249998 0.6509502921875 0.2061403515625 0.633223684375 0.1770833328125 0.6275584796875 0.16557017499999999 0.6228070171875 0.153508771875 0.6036184203125 0.11951754375000001 0.5672514625 0.0493421046875 0.5604897656250001 0.038651315625 0.547331871875 0.021655701562499997 0.5383771937499999 0.01178728125 0.5307017546874999 0 0.32200292343750003 0