12 0.7618347953125 0.22807017499999999 0.6783625734375 0.22807017499999999 0.6783625734375 0.416716009375 0.7618347953125 0.416716009375 0.7618347953125 0.22807017499999999
12 0.685825109375 0.318532071875 0.5504395109375 0.318532071875 0.5504395109375 0.59424205 0.685825109375 0.59424205 0.685825109375 0.318532071875
12 0.8023684203125001 0.320618146875 0.5618896203125 0.320618146875 0.5618896203125 0.61175575625 0.8023684203125001 0.61175575625 0.8023684203125001 0.320618146875
12 0.590576571875 0.2971792765625 0.4914555921875 0.2971792765625 0.4914555921875 0.5553591015625 0.590576571875 0.5553591015625 0.590576571875 0.2971792765625
12 0.4821774484375 0.24096765312500001 0.317139071875 0.24096765312500001 0.317139071875 0.57055646875 0.4821774484375 0.57055646875 0.4821774484375 0.24096765312500001
12 0.4120486109375 0.3101809203125 0.20806834843750002 0.3101809203125 0.20806834843750002 0.6441666671874999 0.4120486109375 0.6441666671874999 0.4120486109375 0.3101809203125
12 0.84466465625 0.4263610203125 0.66802905625 0.4263610203125 0.66802905625 0.7008374453124999 0.84466465625 0.7008374453124999 0.84466465625 0.4263610203125
12 0.871215278125 0.139983553125 0.6873775578125 0.139983553125 0.6873775578125 0.3899232453125 0.871215278125 0.3899232453125 0.871215278125 0.139983553125
12 0.512603253125 0.20828125000000003 0.394622625 0.20828125000000003 0.394622625 0.429290021875 0.512603253125 0.429290021875 0.512603253125 0.20828125000000003
12 0.342589546875 0.5675356359375 0.21600328906250002 0.5675356359375 0.21600328906250002 0.7669380484375 0.342589546875 0.7669380484375 0.342589546875 0.5675356359375
12 0.288085709375 0.3370052078125 0.1567388515625 0.3370052078125 0.1567388515625 0.627594571875 0.288085709375 0.627594571875 0.288085709375 0.3370052078125
12 0.45794773437499997 0.5700973140625 0.31402595 0.5700973140625 0.31402595 0.7958675984375 0.45794773437499997 0.7958675984375 0.45794773437499997 0.5700973140625
12 0.3851005109375 0.3222203953125 0.2838432015625 0.3222203953125 0.2838432015625 0.5054166671875 0.3851005109375 0.5054166671875 0.3851005109375 0.3222203953125
12 0.342530153125 0.6969915015625 0.215576571875 0.6969915015625 0.215576571875 0.9099438046874999 0.342530153125 0.9099438046874999 0.342530153125 0.6969915015625
12 0.22952302656249998 0.4334100875 0.12155153437499999 0.4334100875 0.12155153437499999 0.767028509375 0.22952302656249998 0.767028509375 0.22952302656249998 0.4334100875
12 0.12084886718750001 0.3321998359375 0.042235928125 0.3321998359375 0.042235928125 0.50642406875 0.12084886718750001 0.50642406875 0.12084886718750001 0.3321998359375
12 0.7357172875 0.5910663375 0.4273675078125 0.5910663375 0.4273675078125 0.7998053734374999 0.7357172875 0.7998053734374999 0.7357172875 0.5910663375
12 0.06289656406250001 0.6495668859375 0.0018000734375000001 0.6495668859375 0.0018000734375000001 0.8453070171875 0.06289656406250001 0.8453070171875 0.06289656406250001 0.6495668859375
12 0.583008040625 0.7512815234375 0.3520504390625 0.7512815234375 0.3520504390625 0.99334566875 0.583008040625 0.99334566875 0.583008040625 0.7512815234375
12 0.7244261703125 0.8104701203125 0.546081871875 0.8104701203125 0.546081871875 0.9971450109375001 0.7244261703125 0.9971450109375001 0.7244261703125 0.8104701203125
12 0.8850091375 0.11700520781249998 0.4968256578125 0.11700520781249998 0.4968256578125 0.784606634375 0.8850091375 0.784606634375 0.8850091375 0.11700520781249998
12 0.75872715625 0.68925575625 0.6123656796875 0.68925575625 0.6123656796875 0.8312541124999999 0.75872715625 0.8312541124999999 0.75872715625 0.68925575625
12 0.045944809375 0.48761102031250003 0.0011750734375 0.48761102031250003 0.0011750734375 0.7296751640625 0.045944809375 0.7296751640625 0.045944809375 0.48761102031250003
12 0.8464967109374999 0.30326754375 0.641785453125 0.30326754375 0.641785453125 0.40095394687499997 0.8464967109374999 0.40095394687499997 0.8464967109374999 0.30326754375
12 0.4593804828125 0.8738706140625 0.3936458328125 0.8738706140625 0.3936458328125 0.9952686406250001 0.4593804828125 0.9952686406250001 0.4593804828125 0.8738706140625
12 0.09890807812499999 0.5286252734375 0.00119060625 0.5286252734375 0.00119060625 0.9786992874999999 0.09890807812499999 0.9786992874999999 0.09890807812499999 0.5286252734375
12 0.43890350937499994 0.8613733546875 0.25933845 0.8613733546875 0.25933845 0.9989775218749999 0.43890350937499994 0.9989775218749999 0.43890350937499994 0.8613733546875
12 0.16629111875 0.4568475875 0.056976425 0.4568475875 0.056976425 0.9728399124999999 0.16629111875 0.9728399124999999 0.16629111875 0.4568475875
12 0.7233899859374999 0.43157894687500004 0.15698282187499998 0.43157894687500004 0.15698282187499998 0.88238486875 0.7233899859374999 0.88238486875 0.7233899859374999 0.43157894687500004
12 0.6295166296875 0.185668859375 0.5472414109375 0.185668859375 0.5472414109375 0.5899671046875 0.6295166296875 0.5899671046875 0.6295166296875 0.185668859375
12 0.3338020828125 0.32684210468749997 0.1268923609375 0.32684210468749997 0.1268923609375 0.9871217109374999 0.3338020828125 0.9871217109374999 0.3338020828125 0.32684210468749997
12 0.3840177265625 0.2997436953125 0.326431834375 0.2997436953125 0.326431834375 0.8076795499999999 0.3840177265625 0.8076795499999999 0.3840177265625 0.2997436953125
12 0.21933022656249998 0.7635032890625 0.14028965625 0.7635032890625 0.14028965625 0.9034868421875 0.21933022656249998 0.9034868421875 0.21933022656249998 0.7635032890625
12 0.4186394375 1 0.4186394375 0.882065515625 0.37286275625 0.882065515625 0.37286275625 1 0.4186394375 1
12 0.5799259875 0.5999465453124999 0.480622259375 0.5999465453124999 0.480622259375 0.7257387609375 0.5799259875 0.7257387609375 0.5799259875 0.5999465453124999
12 0.53118969375 0.6066735203125 0.38287463437499997 0.6066735203125 0.38287463437499997 0.7863911734375 0.53118969375 0.7863911734375 0.53118969375 0.6066735203125
12 0.128784721875 0.15747121718749998 0.00048793906249999997 0.15747121718749998 0.00048793906249999997 0.5456537828125 0.128784721875 0.5456537828125 0.128784721875 0.15747121718749998
12 0.5156259140625 0.6260375546875 0.20703125 0.6260375546875 0.20703125 0.9999986296875001 0.5156259140625 0.9999986296875001 0.5156259140625 0.6260375546875
12 0.21835343593749998 0.6638473140625 0.1324762421875 0.6638473140625 0.1324762421875 0.7812184765625 0.21835343593749998 0.7812184765625 0.21835343593749998 0.6638473140625
12 0.870879934375 0.27777275156250003 0.754120065625 0.27777275156250003 0.754120065625 0.804749178125 0.870879934375 0.804749178125 0.870879934375 0.27777275156250003
12 0.270034721875 0.350234375 0.2118987578125 0.350234375 0.2118987578125 0.5110923796875 0.270034721875 0.5110923796875 0.270034721875 0.350234375
12 0.749007675 0.17944353125 0.6904440796875 0.17944353125 0.6904440796875 0.2860115125 0.749007675 0.2860115125 0.749007675 0.17944353125
12 0.22642452500000002 0.579140625 0.1781149484375 0.579140625 0.1781149484375 0.6711060859375 0.22642452500000002 0.6711060859375 0.22642452500000002 0.579140625
12 0.3408214546875 0.546936678125 0.3232428734375 0.546936678125 0.3232428734375 0.899598409375 0.3408214546875 0.899598409375 0.3408214546875 0.546936678125
12 0.42071454687500004 0.45520010937500005 0.308287646875 0.45520010937500005 0.308287646875 0.6141365125 0.42071454687500004 0.6141365125 0.42071454687500004 0.45520010937500005
12 0.4513249265625 0.7766885968749999 0.3665478796875 0.7766885968749999 0.3665478796875 0.8756578953125 0.4513249265625 0.8756578953125 0.4513249265625 0.7766885968749999
11 0.1224415203125 0.69298245625 0.12737573124999998 0.7171052625 0.13212719374999998 0.7494517546874999 0.13523391875 0.763706140625 0.140533625 0.78125 0.14601608125 0.81167763125 0.15442251406250002 0.8448464906250001 0.1602704671875 0.8733552625 0.169225146875 0.89912280625 0.1732456140625 0.914473684375 0.1783625734375 0.9265350874999999 0.1849415203125 0.9536732453125 0.190606725 0.96326754375 0.19353070156250002 0.9766995609375 0.1948099421875 0.9871162281249999 0.19517543906249998 0.9997258765625 0.7006578953125 0.9997258765625 0.7092470765625001 0.984375 0.7220394734375 0.9501096484374999 0.7295321640625 0.923793859375 0.7355628656250001 0.90707236875 0.73976608125 0.8900767546875 0.7490862578125 0.8615679828125 0.7516447375 0.8478618421874999 0.7587719296875 0.8229166671874999 0.76790935625 0.778508771875 0.7759502921875 0.75 0.7792397656250001 0.7308114031249999 0.786366959375 0.6998355265625 0.7885599421875 0.6844846484375 0.7920321640625 0.66803728125 0.8037280703125 0.6266447375 0.8084795328125001 0.6069078953125 0.8154239765625 0.584703946875 0.8294956140625 0.53042763125 0.834429825 0.5032894734375 0.8527046781250001 0.4177631578125 0.8671418125000001 0.31798245625 0.86951754375 0.290296053125 0.8757309937500001 0.2450657890625 0.8779239765625 0.217653509375 0.884320175 0.1567982453125 0.8888888890625 0.1307565796875 0.8888888890625 0.1139254390625 0.890533625 0.102796053125 0.8903508765625 0.0959429828125 0.8892543859375 0.09018640312500001 0.8874269 0.08826754375 0.88523391875 0.08826754375 0.87883771875 0.0915570171875 0.872989765625 0.0932017546875 0.8623903515625001 0.0951206140625 0.8511122078125 0.0951206140625 0.828033625 0.09292763125 0.8081140343750001 0.0896381578125 0.7962353796875 0.089364034375 0.7350146203125 0.09457236875 0.7072368421874999 0.09923245625 0.6578947375 0.1181469296875 0.6350511703125 0.12390350937500001 0.6186038015624999 0.129385965625 0.5932017546874999 0.1354166671875 0.5694444437499999 0.143366228125 0.555007309375 0.1493969296875 0.546966375 0.1548793859375 0.5328947375 0.16173245625 0.5211988296875 0.16639254375 0.4833698828125 0.1748903515625 0.4559576015625 0.1850328953125 0.42525584843750003 0.1998355265625 0.4009502921875 0.21655701718749998 0.3651315796875 0.2368421046875 0.3563596484375 0.24287280625 0.340643275 0.2505482453125 0.3115862578125 0.2705592109375 0.30299707656249997 0.27521929843750004 0.2889254390625 0.2861842109375 0.27777777812500004 0.2963267546875 0.2306286546875 0.32428728125 0.21198830468750002 0.337445175 0.18676900624999998 0.362116228125 0.1750731 0.377741228125 0.1721491234375 0.3826754390625 0.16648391875 0.3958333328125 0.15972222187500001 0.40625 0.1533260234375 0.4216008765625 0.1478435671875 0.4306469296875 0.14163011718750002 0.44709429843750004 0.1365131578125 0.456688596875 0.1341374265625 0.46326754374999995 0.1299342109375 0.48492324531250003 0.12262426875000002 0.5079495609375 0.118421053125 0.5452302625 0.11677631562499999 0.569078946875 0.11677631562499999 0.586348684375 0.1154970765625 0.604989034375 0.11641081874999999 0.6463815796875 0.1224415203125 0.69298245625