12 0.500625 0.34700000000000003 0.39525 0.34700000000000003 0.39525 0.49134 0.500625 0.49134 0.500625 0.34700000000000003
12 0.48672375 0.33227666718750004 0.37509125 0.33227666718750004 0.37509125 0.52645 0.48672375 0.52645 0.48672375 0.33227666718750004
12 0.29492124999999997 0.4162616671875 0.19750875 0.4162616671875 0.19750875 0.6130383328125 0.29492124999999997 0.6130383328125 0.29492124999999997 0.4162616671875
12 0.22766125 0.4059233328125 0.05236875 0.4059233328125 0.05236875 0.65983 0.22766125 0.65983 0.22766125 0.4059233328125
12 0.710785 0.22111 0.61148 0.22111 0.61148 0.40388999999999997 0.710785 0.40388999999999997 0.710785 0.22111
12 0.4954225 0.5505783328125 0.3385625 0.5505783328125 0.3385625 0.7150483328125 0.4954225 0.7150483328125 0.4954225 0.5505783328125
12 0.886535 0.24214833281249998 0.717955 0.24214833281249998 0.717955 0.3532316671875 0.886535 0.3532316671875 0.886535 0.24214833281249998
12 0.3388675 0.61027 0.18652249999999998 0.61027 0.18652249999999998 0.75301 0.3388675 0.75301 0.3388675 0.61027
12 0.5121475 0.075845 0.3677375 0.075845 0.3677375 0.309895 0.5121475 0.309895 0.5121475 0.075845
12 0.5767825 0.4777816671875 0.47009249999999997 0.4777816671875 0.47009249999999997 0.571045 0.5767825 0.571045 0.5767825 0.4777816671875
12 0.488525 0.7809233328125 0.35619999999999996 0.7809233328125 0.35619999999999996 0.91569 0.488525 0.91569 0.488525 0.7809233328125
12 0.92581125 0.127645 0.8193037500000001 0.127645 0.8193037500000001 0.2812083328125 0.92581125 0.2812083328125 0.92581125 0.127645
12 0.80670125 0.47147500000000003 0.65618875 0.47147500000000003 0.65618875 0.6339916671875 0.80670125 0.6339916671875 0.80670125 0.47147500000000003
12 0.87451125 0.3322333328125 0.65478375 0.3322333328125 0.65478375 0.4757066671875 0.87451125 0.4757066671875 0.87451125 0.3322333328125
12 0.6824637499999999 0.6065666671875001 0.57144125 0.6065666671875001 0.57144125 0.7410866671874999 0.6824637499999999 0.7410866671874999 0.6824637499999999 0.6065666671875001
12 0.786195 0.5583483328125001 0.6376350000000001 0.5583483328125001 0.6376350000000001 0.6870916671875 0.786195 0.6870916671875 0.786195 0.5583483328125001
12 0.7771600000000001 0.6055516671875 0.632995 0.6055516671875 0.632995 0.8384616671874999 0.7771600000000001 0.8384616671874999 0.7771600000000001 0.6055516671875
12 0.37256 0.7386066671875 0.091065 0.7386066671875 0.091065 0.9619133328125 0.37256 0.9619133328125 0.37256 0.7386066671875
12 0.35888624999999996 0.2551266671875 0.21923875 0.2551266671875 0.21923875 0.4948733328125 0.35888624999999996 0.4948733328125 0.35888624999999996 0.2551266671875
12 0.7386775 0.732665 0.6558525000000001 0.732665 0.6558525000000001 0.8597816671875 0.7386775 0.8597816671875 0.7386775 0.732665
12 0.68035875 0.7382799999999999 0.52960125 0.7382799999999999 0.52960125 0.9791666671874999 0.68035875 0.9791666671874999 0.68035875 0.7382799999999999
12 0.87036 0.32037333281249997 0.7058099999999999 0.32037333281249997 0.7058099999999999 0.3593133328125 0.87036 0.3593133328125 0.87036 0.32037333281249997
12 0.610475 0.4193916671875 0.472535 0.4193916671875 0.472535 0.4946683328125 0.610475 0.4946683328125 0.610475 0.4193916671875
11 0.0245 0.599 0.027000000000000003 0.6213333328124999 0.0325 0.6396666671875 0.03625 0.645 0.0365 0.65 0.034 0.667 0.03525 0.6823333328125 0.0375 0.686 0.06725 0.7036666671875 0.09625 0.7486666671875 0.10325 0.7573333328125 0.10900000000000001 0.768 0.1345 0.8019999999999999 0.14075 0.8083333328125001 0.146 0.8163333328125001 0.17075 0.8436666671875 0.1915 0.8633333328124999 0.21275 0.8873333328124999 0.22949999999999998 0.9023333328125 0.23675000000000002 0.9073333328125001 0.251 0.9156666671875 0.26575000000000004 0.9223333328125 0.27475 0.9286666671875 0.29125 0.9349999999999999 0.32825000000000004 0.959 0.3365 0.9676666671874999 0.3445 0.9730000000000001 0.35150000000000003 0.9806666671875 0.365 0.991 0.38725 0.9996666671875 0.5349999999999999 0.9996666671875 0.5525 0.9906666671875 0.57275 0.977 0.60325 0.9526666671875 0.638 0.9189999999999999 0.67275 0.8779999999999999 0.6877500000000001 0.8563333328124999 0.6985 0.8383333328125 0.704 0.8263333328125 0.713 0.7996666671875 0.72075 0.7803333328125001 0.72975 0.7493333328125 0.73625 0.7346666671875 0.74175 0.709 0.76 0.6719999999999999 0.76625 0.6563333328125001 0.7849999999999999 0.6223333328125 0.7929999999999999 0.6056666671875 0.825 0.5676666671875 0.8365 0.5503333328125 0.8560000000000001 0.509 0.8707499999999999 0.466 0.881 0.41966666718749995 0.88275 0.4026666671875 0.88375 0.36833333281249997 0.8875 0.31066666718749997 0.89625 0.251 0.908 0.20099999999999998 0.9205 0.161 0.9255000000000001 0.1413333328125 0.92675 0.1266666671875 0.92425 0.123 0.913 0.1203333328125 0.8852499999999999 0.1243333328125 0.84575 0.1273333328125 0.80975 0.1273333328125 0.79425 0.1256666671875 0.6950000000000001 0.10800000000000001 0.6559999999999999 0.099 0.6085 0.093 0.5595 0.0786666671875 0.5465 0.0736666671875 0.53225 0.071 0.50525 0.0716666671875 0.485 0.07466666718750001 0.45715000000000006 0.07666666718750001 0.39625 0.0786666671875 0.38025000000000003 0.0813333328125 0.36475 0.0866666671875 0.333 0.10033333281250001 0.26875 0.1366666671875 0.24975 0.1486666671875 0.23149999999999998 0.161 0.20625 0.1806666671875 0.179 0.199 0.1355 0.2366666671875 0.11074999999999999 0.2666666671875 0.0865 0.303 0.061 0.3473333328125 0.053000000000000005 0.366 0.04675 0.37733333281250003 0.042749999999999996 0.3906666671875 0.0365 0.4046666671875 0.02325 0.4413333328125 0.0195 0.4663333328125 0.01825 0.49133333281249997 0.017499999999999998 0.53 0.0195 0.5773333328125 0.020749999999999998 0.5863333328125 0.0245 0.599