12 0.431635 0.3503333328125 0.37525 0.3503333328125 0.37525 0.4540266671875 0.431635 0.4540266671875 0.431635 0.3503333328125
12 0.44915874999999994 0.3615316671875 0.37359624999999996 0.3615316671875 0.37359624999999996 0.43013500000000005 0.44915874999999994 0.43013500000000005 0.44915874999999994 0.3615316671875
12 0.5151975 0.1889633328125 0.35833750000000003 0.1889633328125 0.35833750000000003 0.32731 0.5151975 0.32731 0.5151975 0.1889633328125
12 0.7301037499999999 0.4644366671875 0.56579625 0.4644366671875 0.56579625 0.6885566671875 0.7301037499999999 0.6885566671875 0.7301037499999999 0.4644366671875
12 0.8016062500000001 0.6199966671875 0.7345287500000001 0.6199966671875 0.7345287500000001 0.6970633328125 0.8016062500000001 0.6970633328125 0.8016062500000001 0.6199966671875
12 0.5393687500000001 0.33382 0.44549625 0.33382 0.44549625 0.4305 0.5393687500000001 0.4305 0.5393687500000001 0.33382
12 0.40485499999999996 0.376525 0.38421 0.376525 0.38421 0.4073283328125 0.40485499999999996 0.4073283328125 0.40485499999999996 0.376525
12 0.4436 0.2216483328125 0.43286499999999994 0.2216483328125 0.43286499999999994 0.23277833281250002 0.4436 0.23277833281250002 0.4436 0.2216483328125
12 0.40669750000000005 0.2410316671875 0.39652750000000003 0.2410316671875 0.39652750000000003 0.2527816671875 0.40669750000000005 0.2527816671875 0.40669750000000005 0.2410316671875
12 0.60538125 0.65242 0.5948137499999999 0.65242 0.5948137499999999 0.6639866671875 0.60538125 0.6639866671875 0.60538125 0.65242
12 0.40155124999999997 0.37646999999999997 0.39141875000000004 0.37646999999999997 0.39141875000000004 0.3904566671875 0.40155124999999997 0.3904566671875 0.40155124999999997 0.37646999999999997
12 0.37844875 0.3549666671875 0.36715624999999996 0.3549666671875 0.36715624999999996 0.36704 0.37844875 0.36704 0.37844875 0.3549666671875
12 0.41179 0.639205 0.402665 0.639205 0.402665 0.6518083328125 0.41179 0.6518083328125 0.41179 0.639205
12 0.26363875000000003 0.29943166718750003 0.25101125 0.29943166718750003 0.25101125 0.31352166718749996 0.26363875000000003 0.31352166718749996 0.26363875000000003 0.29943166718750003
12 0.62105875 0.5886433328125 0.60843125 0.5886433328125 0.60843125 0.6047166671875 0.62105875 0.6047166671875 0.62105875 0.5886433328125
12 0.42761250000000006 0.3873283328125 0.4190675 0.3873283328125 0.4190675 0.397825 0.42761250000000006 0.397825 0.42761250000000006 0.3873283328125
12 0.35332875 0.61645 0.34296125 0.61645 0.34296125 0.6296433328125 0.35332875 0.6296433328125 0.35332875 0.61645
12 0.43069375 0.3459333328125 0.42282125 0.3459333328125 0.42282125 0.3571933328125 0.43069375 0.3571933328125 0.43069375 0.3459333328125
12 0.9628062500000001 0.6605833328124999 0.9532087499999999 0.6605833328124999 0.9532087499999999 0.67275 0.9628062500000001 0.67275 0.9628062500000001 0.6605833328124999
12 0.24167 0.5800783328125 0.145295 0.5800783328125 0.145295 0.6269549999999999 0.24167 0.6269549999999999 0.24167 0.5800783328125
12 0.11255 0.4283766671875 0.10461499999999999 0.4283766671875 0.10461499999999999 0.4394633328125 0.11255 0.4394633328125 0.11255 0.4283766671875
12 0.14930375 0.507395 0.14195625 0.507395 0.14195625 0.5173449999999999 0.14930375 0.5173449999999999 0.14930375 0.507395
12 0.669675 0.3467933328125 0.660405 0.3467933328125 0.660405 0.3621933328125 0.669675 0.3621933328125 0.669675 0.3467933328125
12 0.30212500000000003 0.6247716671875 0.29358 0.6247716671875 0.29358 0.634995 0.30212500000000003 0.634995 0.30212500000000003 0.6247716671875
12 0.64475125 0.6925600000000001 0.63454375 0.6925600000000001 0.63454375 0.7032733328125 0.64475125 0.7032733328125 0.64475125 0.6925600000000001
12 0.31632625000000003 0.48796 0.30330375 0.48796 0.30330375 0.5022733328125 0.31632625000000003 0.5022733328125 0.31632625000000003 0.48796
12 0.2012525 0.48324666718750003 0.1923025 0.48324666718750003 0.1923025 0.4933133328125 0.2012525 0.4933133328125 0.2012525 0.48324666718750003
12 0.28685625 0.50977 0.27368875 0.50977 0.27368875 0.5299433328125 0.28685625 0.5299433328125 0.28685625 0.50977
12 0.68267875 0.55408 0.6757212499999999 0.55408 0.6757212499999999 0.5631066671875 0.68267875 0.5631066671875 0.68267875 0.55408
12 0.17296499999999998 0.3599083328125 0.165415 0.3599083328125 0.165415 0.3692583328125 0.17296499999999998 0.3692583328125 0.17296499999999998 0.3599083328125
12 0.7297125 0.55305 0.7214575 0.55305 0.7214575 0.5621833328125 0.7297125 0.5621833328125 0.7297125 0.55305
12 0.4767475 0.6649700000000001 0.4690525 0.6649700000000001 0.4690525 0.6748766671875 0.4767475 0.6748766671875 0.4767475 0.6649700000000001
12 0.5334875 0.5346949999999999 0.5260825 0.5346949999999999 0.5260825 0.5473383328125 0.5334875 0.5473383328125 0.5334875 0.5346949999999999
12 0.9702425 0.7236566671875 0.9604225 0.7236566671875 0.9604225 0.7333766671874999 0.9702425 0.7333766671874999 0.9702425 0.7236566671875
12 0.91751 0.6996016671875 0.90866 0.6996016671875 0.90866 0.7079516671875 0.91751 0.7079516671875 0.91751 0.6996016671875
12 0.54528 0.66335 0.53773 0.66335 0.53773 0.67519 0.54528 0.67519 0.54528 0.66335
12 0.6360162500000001 0.595865 0.6266787500000001 0.595865 0.6266787500000001 0.610515 0.6360162500000001 0.610515 0.6360162500000001 0.595865
12 0.50535875 0.6381033328125 0.48975625 0.6381033328125 0.48975625 0.6581233328125 0.50535875 0.6581233328125 0.50535875 0.6381033328125
12 0.06649875 0.5422583328125 0.00302125 0.5422583328125 0.00302125 0.5873016671875 0.06649875 0.5873016671875 0.06649875 0.5422583328125
12 0.5006075 0.19490000000000002 0.49011750000000004 0.19490000000000002 0.49011750000000004 0.20972 0.5006075 0.20972 0.5006075 0.19490000000000002
12 0.39834875 0.20394833281250002 0.38973625 0.20394833281250002 0.38973625 0.2159716671875 0.39834875 0.2159716671875 0.39834875 0.20394833281250002
12 0.9344262499999999 0.6066583328124999 0.92397375 0.6066583328124999 0.92397375 0.614695 0.9344262499999999 0.614695 0.9344262499999999 0.6066583328124999
12 0.62121625 0.42321666718750006 0.53503375 0.42321666718750006 0.53503375 0.5461833328125001 0.62121625 0.5461833328125001 0.62121625 0.42321666718750006
12 0.5136112500000001 0.6595766671875001 0.34283375 0.6595766671875001 0.34283375 0.69459 0.5136112500000001 0.69459 0.5136112500000001 0.6595766671875001
12 0.9906312500000001 0.0006416671875 0.95272875 0.0006416671875 0.95272875 0.0228583328125 0.9906312500000001 0.0228583328125 0.9906312500000001 0.0006416671875
12 0.66150625 0.0817983328125 0.64220375 0.0817983328125 0.64220375 0.10912166718750001 0.66150625 0.10912166718750001 0.66150625 0.0817983328125
12 0.7024812500000001 0.530005 0.69400375 0.530005 0.69400375 0.5422616671875 0.7024812500000001 0.5422616671875 0.7024812500000001 0.530005
12 0.64155875 0.46862333281249996 0.62797125 0.46862333281249996 0.62797125 0.4864566671875 0.64155875 0.4864566671875 0.64155875 0.46862333281249996
12 0.98635125 0.4303166671875 0.96384375 0.4303166671875 0.96384375 0.4609566671875 0.98635125 0.4609566671875 0.98635125 0.4303166671875
11 0 0 0 0.9863333328125 0.014499999999999999 0.986 0.02475 0.9896666671875 0.050249999999999996 0.9933333328125 0.0625 0.9973333328124999 0.0665 0.9996666671875 0.99975 0.9996666671875 0.99975 0.0323333328125 0.9894999999999999 0.04 0.9855 0.0403333328125 0.97475 0.0366666671875 0.9630000000000001 0.027000000000000003 0.96175 0.024 0.962 0.0216666671875 0.9647500000000001 0.011 0.9662499999999999 0 0 0