12 0.28466 0.6103316671875 0.23275 0.6103316671875 0.23275 0.6765616671875 0.28466 0.6765616671875 0.28466 0.6103316671875
12 0.5861824999999999 0.4744483328125 0.29663249999999997 0.4744483328125 0.29663249999999997 0.7651383328125 0.5861824999999999 0.7651383328125 0.5861824999999999 0.4744483328125
12 0.2248075 0.64059 0.2141575 0.64059 0.2141575 0.6536833328125 0.2248075 0.6536833328125 0.2248075 0.64059
12 0.14317625 0.8149983328125 0.12757374999999999 0.8149983328125 0.12757374999999999 0.8295349999999999 0.14317625 0.8295349999999999 0.14317625 0.8149983328125
12 0.28466874999999997 0.2807616671875 0.19726625 0.2807616671875 0.19726625 0.448405 0.28466874999999997 0.448405 0.28466874999999997 0.2807616671875
12 0.095855 0.5410366671875 0.07138 0.5410366671875 0.07138 0.56899 0.095855 0.56899 0.095855 0.5410366671875
12 0.04654625 0.5299533328125 0.024008750000000002 0.5299533328125 0.024008750000000002 0.5442666671875 0.04654625 0.5442666671875 0.04654625 0.5299533328125
12 0.07096375 0.6932733328125 0.06148125 0.6932733328125 0.06148125 0.7051666671875 0.07096375 0.7051666671875 0.07096375 0.6932733328125
12 0.1333425 0.32937500000000003 0.12105250000000001 0.32937500000000003 0.12105250000000001 0.34640499999999996 0.1333425 0.34640499999999996 0.1333425 0.32937500000000003
12 0.13535375 0.18021166718749998 0.12612125000000002 0.18021166718749998 0.12612125000000002 0.1908816671875 0.13535375 0.1908816671875 0.13535375 0.18021166718749998
12 0.460605 0.4803516671875 0.45248 0.4803516671875 0.45248 0.491655 0.460605 0.491655 0.460605 0.4803516671875
12 0.2953375 0.2711883328125 0.2871825 0.2711883328125 0.2871825 0.2805716671875 0.2953375 0.2805716671875 0.2953375 0.2711883328125
12 0.0845475 0.446365 0.0738975 0.446365 0.0738975 0.45728166718749996 0.0845475 0.45728166718749996 0.0845475 0.446365
12 0.12043625 0.39436333281249997 0.10990875 0.39436333281249997 0.10990875 0.40511666718750006 0.12043625 0.40511666718750006 0.12043625 0.39436333281249997
12 0.68327375 0.5690299999999999 0.66926625 0.5690299999999999 0.66926625 0.5839633328125 0.68327375 0.5839633328125 0.68327375 0.5690299999999999
12 0.4961175 0.10337333281250001 0.4799575 0.10337333281250001 0.4799575 0.1313266671875 0.4961175 0.1313266671875 0.4961175 0.10337333281250001
12 0.27467375 0.2904433328125 0.26683124999999996 0.2904433328125 0.26683124999999996 0.3007033328125 0.27467375 0.3007033328125 0.27467375 0.2904433328125
12 0.5897375 0.17354 0.5811625 0.17354 0.5811625 0.18388 0.5897375 0.18388 0.5897375 0.17354
12 0.07083 0.7165316671874999 0.00119 0.7165316671874999 0.00119 0.775655 0.07083 0.775655 0.07083 0.7165316671874999
12 0.36767 0.1863133328125 0.36084499999999997 0.1863133328125 0.36084499999999997 0.19552 0.36767 0.19552 0.36767 0.1863133328125
12 0.0931725 0.114375 0.08541750000000001 0.114375 0.08541750000000001 0.12455833281249999 0.0931725 0.12455833281249999 0.0931725 0.114375
12 0.1492 0.6433516671875 0.118865 0.6433516671875 0.118865 0.6977949999999999 0.1492 0.6977949999999999 0.1492 0.6433516671875
12 0.11924375000000001 0.2854816671875 0.10915125 0.2854816671875 0.10915125 0.2958983328125 0.11924375000000001 0.2958983328125 0.11924375000000001 0.2854816671875
12 0.37395 0.7001233328125 0.365795 0.7001233328125 0.365795 0.7100299999999999 0.37395 0.7100299999999999 0.37395 0.7001233328125
12 0.39733999999999997 0.7551666671875 0.38733 0.7551666671875 0.38733 0.7669666671875001 0.39733999999999997 0.7669666671875001 0.39733999999999997 0.7551666671875
12 0.334235 0.7309583328125 0.32006 0.7309583328125 0.32006 0.7469083328125 0.334235 0.7469083328125 0.334235 0.7309583328125
12 0.72431875 0.44119833281250004 0.71708625 0.44119833281250004 0.71708625 0.4507283328125 0.72431875 0.4507283328125 0.72431875 0.44119833281250004
12 0.360345 0.51124 0.3545 0.51124 0.3545 0.5187066671875 0.360345 0.5187066671875 0.360345 0.51124
12 0.48337624999999995 0.4815516671875 0.47267875000000004 0.4815516671875 0.47267875000000004 0.4950083328125 0.48337624999999995 0.4950083328125 0.48337624999999995 0.4815516671875
12 0.6566075 0.534305 0.6412424999999999 0.534305 0.6412424999999999 0.5464216671875 0.6566075 0.5464216671875 0.6566075 0.534305
12 0.32005125 0.2446183328125 0.31373875 0.2446183328125 0.31373875 0.2531016671875 0.32005125 0.2531016671875 0.32005125 0.2446183328125
12 0.53165125 0.21106833281249998 0.5210837500000001 0.21106833281249998 0.5210837500000001 0.22219833281249998 0.53165125 0.22219833281249998 0.53165125 0.21106833281249998
12 0.3691875 0.5645083328125 0.3627475 0.5645083328125 0.3627475 0.5728583328125 0.3691875 0.5728583328125 0.3691875 0.5645083328125
12 0.35848125 0.149085 0.35196875 0.149085 0.35196875 0.15804166718749998 0.35848125 0.15804166718749998 0.35848125 0.149085
12 0.4066925 0.643505 0.39604249999999996 0.643505 0.39604249999999996 0.6579283328125001 0.4066925 0.6579283328125001 0.4066925 0.643505
12 0.50935375 0.586125 0.49748125 0.586125 0.49748125 0.5994216671875 0.50935375 0.5994216671875 0.50935375 0.586125
12 0.47913625 0.3990433328125 0.47301374999999996 0.3990433328125 0.47301374999999996 0.40824999999999995 0.47913625 0.40824999999999995 0.47913625 0.3990433328125
12 0.58122125 0.2657966671875 0.57502875 0.2657966671875 0.57502875 0.27359 0.58122125 0.27359 0.58122125 0.2657966671875
12 0.7028775 0.3294416671875 0.6936074999999999 0.3294416671875 0.6936074999999999 0.3424316671875 0.7028775 0.3424316671875 0.7028775 0.3294416671875
12 0.33558125 0.5355683328125 0.32945875 0.5355683328125 0.32945875 0.5438583328125 0.33558125 0.5438583328125 0.33558125 0.5355683328125
12 0.5730062499999999 0.21356000000000003 0.56664375 0.21356000000000003 0.56664375 0.2223133328125 0.5730062499999999 0.2223133328125 0.5730062499999999 0.21356000000000003
12 0.44958375000000006 0.4013583328125 0.43762125 0.4013583328125 0.43762125 0.4196083328125 0.44958375000000006 0.4196083328125 0.44958375000000006 0.4013583328125
12 0.09835 0.3028666671875 0.077065 0.3028666671875 0.077065 0.32376 0.09835 0.32376 0.09835 0.3028666671875
12 0.12537125 0.46468166718750004 0.11303375 0.46468166718750004 0.11303375 0.4806316671875 0.12537125 0.4806316671875 0.12537125 0.46468166718750004
12 0.7338675 0.2652883328125 0.7280475 0.2652883328125 0.7280475 0.2724716671875 0.7338675 0.2724716671875 0.7338675 0.2652883328125
12 0 0.9576 0.07733124999999999 0.9576 0.07733124999999999 0.8223466671875 0 0.8223466671875 0 0.9576
12 0.48540875000000006 0.362265 0.47504125 0.362265 0.47504125 0.37732166718750004 0.48540875000000006 0.37732166718750004 0.48540875000000006 0.362265
12 0.42401875 0.1954233328125 0.41826625 0.1954233328125 0.41826625 0.20333666718750001 0.42401875 0.20333666718750001 0.42401875 0.1954233328125
12 0.7366662500000001 0.41705 0.73012875 0.41705 0.73012875 0.42474999999999996 0.7366662500000001 0.42474999999999996 0.7366662500000001 0.41705
12 0.92391875 0.5016266671875 0.87100125 0.5016266671875 0.87100125 0.55892 0.92391875 0.55892 0.92391875 0.5016266671875
12 0.676365 0.1952366671875 0.670315 0.1952366671875 0.670315 0.20287666718750003 0.676365 0.20287666718750003 0.676365 0.1952366671875
12 0.41441125 0.35457 0.40443875 0.35457 0.40443875 0.36939 0.41441125 0.36939 0.41441125 0.35457
12 0.6284375 0.44146166718749996 0.6176575 0.44146166718749996 0.6176575 0.4524183328125 0.6284375 0.4524183328125 0.6284375 0.44146166718749996
12 0.36397124999999997 0.40490833281249994 0.35575375 0.40490833281249994 0.35575375 0.4173583328125 0.36397124999999997 0.4173583328125 0.36397124999999997 0.40490833281249994
12 0.8267975 0.6198833328125 0.8138275 0.6198833328125 0.8138275 0.6418366671875 0.8267975 0.6418366671875 0.8267975 0.6198833328125
12 0.54979 0.32809 0.542005 0.32809 0.542005 0.34834333281249996 0.54979 0.34834333281249996 0.54979 0.32809
12 0.493645 0.26713166718750003 0.46826999999999996 0.26713166718750003 0.46826999999999996 0.3090416671875 0.493645 0.3090416671875 0.493645 0.26713166718750003
12 0.0114425 0.6753783328125 0.0038925 0.6753783328125 0.0038925 0.683995 0.0114425 0.683995 0.0114425 0.6753783328125
11 0.1665 0.6173333328124999 0.17175 0.6356666671875 0.17725 0.642 0.18475 0.654 0.21125 0.6853333328125 0.2225 0.6953333328125 0.23575 0.7106666671874999 0.24425 0.7173333328125 0.262 0.7366666671875 0.26975 0.7426666671875 0.27625 0.7506666671875 0.28825 0.7623333328124999 0.32325 0.79 0.33975 0.795 0.35075 0.8019999999999999 0.3695 0.806 0.38849999999999996 0.8140000000000001 0.42024999999999996 0.8183333328125 0.48391675 0.82 0.5285 0.827 0.557 0.826 0.5865 0.8160000000000001 0.61075 0.8026666671875 0.6212500000000001 0.7946666671875 0.63425 0.7876666671875 0.67125 0.758 0.7135 0.751 0.7502500000000001 0.7373333328125 0.75625 0.7323333328125 0.7697499999999999 0.7256666671875001 0.7885 0.7133333328125 0.8025 0.701 0.8067500000000001 0.6956666671875 0.81775 0.689 0.8247500000000001 0.682 0.84175 0.669 0.8532500000000001 0.6623333328125 0.8595 0.6553333328125001 0.867 0.6503333328124999 0.8699999999999999 0.6453333328124999 0.88125 0.639 0.8875 0.6326666671875001 0.915 0.6116666671875 0.9247500000000001 0.601 0.93025 0.5986666671875 0.93725 0.5916666671875 0.9445 0.5900000000000001 0.9494999999999999 0.5853333328125 0.96 0.5833333328125 0.9880000000000001 0.5820000000000001 0.9875 0.5786666671875 0.9695 0.5780000000000001 0.9664999999999999 0.577 0.9640000000000001 0.5733333328125 0.9652499999999999 0.571 0.97 0.568 0.9810000000000001 0.5633333328125001 0.9869999999999999 0.5549999999999999 0.9957499999999999 0.5516666671875 0.99875 0.5463333328125 0.9967499999999999 0.5416666671875 0.98275 0.522 0.9675 0.4966666671875 0.942 0.4606666671875 0.9097500000000001 0.4206666671875 0.882 0.3776666671875 0.8460000000000001 0.3343333328125 0.8305 0.311 0.819 0.296 0.79325 0.2683333328125 0.784 0.25433333281250003 0.7785 0.2436666671875 0.767 0.2323333328125 0.7595 0.2273333328125 0.74775 0.21433333281250003 0.74275 0.2066666671875 0.7342500000000001 0.20033333281250001 0.731 0.1956666671875 0.72 0.1913333328125 0.71375 0.1826666671875 0.725 0.1486666671875 0.734 0.1516666671875 0.76275 0.152 0.7715 0.149 0.77275 0.146 0.7725 0.1403333328125 0.766 0.1366666671875 0.75825 0.127 0.7382500000000001 0.121 0.73275 0.11699999999999999 0.7224999999999999 0.1136666671875 0.69775 0.11233333281249999 0.68075 0.1096666671875 0.675 0.10833333281249999 0.67125 0.10366666718749999 0.6597500000000001 0.10200000000000001 0.655 0.10400000000000001 0.6615 0.1156666671875 0.67075 0.1273333328125 0.6715 0.1386666671875 0.6759999999999999 0.1483333328125 0.6759999999999999 0.151 0.67425 0.153 0.6587500000000001 0.1523333328125 0.6537499999999999 0.14566666718750002 0.64425 0.1423333328125 0.63725 0.1346666671875 0.62175 0.124 0.60625 0.1176666671875 0.5912499999999999 0.1086666671875 0.56025 0.0986666671875 0.5215 0.0963333328125 0.49074999999999996 0.0966666671875 0.4415 0.0996666671875 0.41675000000000006 0.10366666718749999 0.40449999999999997 0.10833333281249999 0.389 0.1176666671875 0.36924999999999997 0.126 0.32725 0.1483333328125 0.3125 0.1636666671875 0.30175 0.1783333328125 0.27825 0.2066666671875 0.273 0.2106666671875 0.2485 0.23700000000000002 0.236 0.25166666718749997 0.22549999999999998 0.2673333328125 0.2205 0.2796666671875 0.2125 0.29333333281249996 0.20775000000000002 0.3093333328125 0.19875 0.329 0.19524999999999998 0.344 0.18875 0.3583333328125 0.18675 0.3673333328125 0.184 0.3906666671875 0.17775000000000002 0.4176666671875 0.17475000000000002 0.44333333281250004 0.1715 0.4543333328125 0.16499999999999998 0.4636666671875 0.149 0.4813333328125 0.145 0.4933333328125 0.146 0.5326666671875 0.14925 0.5666666671875 0.1595 0.6033333328125 0.1665 0.6173333328124999