12 0.69759125 0.44366500000000003 0.58774875 0.44366500000000003 0.58774875 0.5859483328125 0.69759125 0.5859483328125 0.69759125 0.44366500000000003
12 0.6904287499999999 0.4393716671875 0.5546862499999999 0.4393716671875 0.5546862499999999 0.6062016671875 0.6904287499999999 0.6062016671875 0.6904287499999999 0.4393716671875
12 0.6784375 0.3546566671875 0.5832824999999999 0.3546566671875 0.5832824999999999 0.46044999999999997 0.6784375 0.46044999999999997 0.6784375 0.3546566671875
12 0.6874987499999999 0.52645 0.54785125 0.52645 0.54785125 0.72811 0.6874987499999999 0.72811 0.6874987499999999 0.52645
12 0.53561375 0.43261666718749997 0.41702125 0.43261666718749997 0.41702125 0.6897766671875 0.53561375 0.6897766671875 0.53561375 0.43261666718749997
12 0.7244275 0.1730133328125 0.5773325 0.1730133328125 0.5773325 0.51058 0.7244275 0.51058 0.7244275 0.1730133328125
12 0.75537 0.39137666718749997 0.680175 0.39137666718749997 0.680175 0.4471633328125 0.75537 0.4471633328125 0.75537 0.39137666718749997
12 0.6758412500000001 0.7435716671875 0.53411875 0.7435716671875 0.53411875 0.8762216671875 0.6758412500000001 0.8762216671875 0.6758412500000001 0.7435716671875
12 0.8190925 0.5271399999999999 0.7082525000000001 0.5271399999999999 0.7082525000000001 0.6811933328124999 0.8190925 0.6811933328124999 0.8190925 0.5271399999999999
12 0.61538625 0.1157233328125 0.50375375 0.1157233328125 0.50375375 0.49788333281249997 0.61538625 0.49788333281249997 0.61538625 0.1157233328125
12 0.7525649999999999 0.6256516671875 0.56189 0.6256516671875 0.56189 0.8743483328125 0.7525649999999999 0.8743483328125 0.7525649999999999 0.6256516671875
12 0.43753000000000003 0.24072333281249997 0.33786 0.24072333281249997 0.33786 0.5340166671875 0.43753000000000003 0.5340166671875 0.43753000000000003 0.24072333281249997
12 0.77893 0.2646483328125 0.6751699999999999 0.2646483328125 0.6751699999999999 0.4300116671875 0.77893 0.4300116671875 0.77893 0.2646483328125
12 0.5164475000000001 0.1652033328125 0.4034725 0.1652033328125 0.4034725 0.5359700000000001 0.5164475000000001 0.5359700000000001 0.5164475000000001 0.1652033328125
12 0.83544875 0.2620433328125 0.69677625 0.2620433328125 0.69677625 0.7014966671875 0.83544875 0.7014966671875 0.83544875 0.2620433328125
12 0.704955 0.0000833328125 0.5899650000000001 0.0000833328125 0.5899650000000001 0.28947 0.704955 0.28947 0.704955 0.0000833328125
12 0.52395625 0.4060866671875 0.43063375 0.4060866671875 0.43063375 0.5008133328125 0.52395625 0.5008133328125 0.52395625 0.4060866671875
11 0.6305 0 0.62825 0.0046666671875 0.62175 0.012 0.61875 0.017 0.6115 0.037 0.60775 0.0503333328125 0.60225 0.0606666671875 0.59825 0.066 0.589 0.074 0.5862499999999999 0.078 0.5815 0.09 0.57525 0.096 0.57225 0.10066666718749999 0.54475 0.1096666671875 0.53425 0.1173333328125 0.518 0.126 0.49800000000000005 0.142 0.48775 0.1483333328125 0.47350000000000003 0.1593333328125 0.43324999999999997 0.1946666671875 0.42625 0.1993333328125 0.4215 0.20433333281250002 0.41224999999999995 0.2106666671875 0.40525 0.2176666671875 0.396 0.22433333281249998 0.38849999999999996 0.23133333281250001 0.38275000000000003 0.23866666718750001 0.36524999999999996 0.27 0.35750000000000004 0.29300000000000004 0.35125 0.3066666671875 0.33725 0.3433333328125 0.32425000000000004 0.3916666671875 0.31925 0.433 0.31775000000000003 0.4533333328125 0.3175 0.48166666718749995 0.3195 0.5003333328124999 0.32275 0.5186666671875 0.3235 0.532 0.3255 0.5416666671875 0.3285 0.549 0.3335 0.567 0.33625 0.58 0.3435 0.5933333328125 0.348 0.6106666671875 0.35550000000000004 0.621 0.361 0.6366666671875 0.36875 0.6453333328124999 0.3745 0.6633333328125001 0.37875000000000003 0.6683333328125001 0.381 0.6726666671875 0.3845 0.6826666671875 0.38675000000000004 0.696 0.39425 0.7086666671875 0.4 0.732 0.40650000000000003 0.7453333328125 0.41275000000000006 0.7693333328125 0.41925 0.7813333328125001 0.426 0.8023333328125 0.43150000000000005 0.8109999999999999 0.4385 0.8320000000000001 0.4465 0.845 0.45199999999999996 0.8716666671875 0.45899999999999996 0.8859999999999999 0.46175 0.8986666671875 0.46224999999999994 0.916 0.45899999999999996 0.9366666671875 0.45275 0.9483333328124999 0.45025000000000004 0.9596666671875 0.45025000000000004 0.9633333328125 0.4535 0.976 0.45775 0.986 0.458 0.9996666671875 0.482225 0.9996666671875 0.48324999999999996 0.999 0.4835 0.9996666671875 0.48375 0.9720000000000001 0.48775 0.9640000000000001 0.49225 0.9496666671874999 0.49625 0.9233333328125 0.504 0.9096666671875001 0.51775 0.897 0.5345 0.885 0.55325 0.869 0.589 0.8453333328125 0.6207499999999999 0.8373333328125 0.6715 0.8156666671874999 0.686 0.8076666671874999 0.713 0.7883333328125001 0.72575 0.7763333328125 0.7315 0.7686666671875 0.737 0.7633333328125 0.764 0.7276666671875 0.78325 0.697 0.79525 0.6719999999999999 0.8022500000000001 0.646 0.8077500000000001 0.6316666671875 0.819 0.5966666671875 0.82675 0.557 0.8310000000000001 0.5196666671875 0.8327500000000001 0.49233333281249997 0.833 0.4533333328125 0.8355 0.40700000000000003 0.835 0.3903333328125 0.83125 0.3543333328125 0.82675 0.3306666671875 0.8225 0.3166666671875 0.8130000000000001 0.2983333328125 0.77525 0.23900000000000002 0.7665 0.22799999999999998 0.75975 0.21633333281249997 0.74075 0.191 0.7315 0.17133333281250002 0.72575 0.1553333328125 0.7105 0.1213333328125 0.6995 0.10033333281250001 0.69225 0.0913333328125 0.683 0.07466666718750001 0.67825 0.0636666671875 0.67425 0.05 0.6677500000000001 0.0396666671875 0.6597500000000001 0.0226666671875 0.655 0.0166666671875 0.647 0 0.6305 0