12 0.7607821640625 0.29605263125 0.6672149125 0.29605263125 0.6672149125 0.5084978062500001 0.7607821640625 0.5084978062500001 0.7607821640625 0.29605263125
12 0.807800621875 0.2791447375 0.658997625 0.2791447375 0.658997625 0.5506907890625 0.807800621875 0.5506907890625 0.807800621875 0.2791447375
12 0.822203946875 0.49191200625000003 0.659239765625 0.49191200625000003 0.659239765625 0.8579399671875001 0.822203946875 0.8579399671875001 0.822203946875 0.49191200625000003
12 0.1959228796875 0.4726877734375 0.089965278125 0.4726877734375 0.089965278125 0.6903988484375 0.1959228796875 0.6903988484375 0.1959228796875 0.4726877734375
12 0.48736476562500003 0.1928083875 0.3739619890625 0.1928083875 0.3739619890625 0.58355674375 0.48736476562500003 0.58355674375 0.48736476562500003 0.1928083875
12 0.5140378296875 0.47945997812499996 0.3883050078125 0.47945997812499996 0.3883050078125 0.695342653125 0.5140378296875 0.695342653125 0.5140378296875 0.47945997812499996
12 0.5335992328125 0.6173862390625 0.41806012499999995 0.6173862390625 0.41806012499999995 0.7551740687499999 0.5335992328125 0.7551740687499999 0.5335992328125 0.6173862390625
12 0.7571408984375 0.67620888125 0.6383671421875 0.67620888125 0.6383671421875 0.83990405625 0.7571408984375 0.83990405625 0.7571408984375 0.67620888125
12 0.11004660156249998 0.362913925 9.140625e-7 0.362913925 9.140625e-7 0.666137609375 0.11004660156249998 0.666137609375 0.11004660156249998 0.362913925
12 0.7961430921875 0.0027467109375 0.6345221125 0.0027467109375 0.6345221125 0.2215570171875 0.7961430921875 0.2215570171875 0.7961430921875 0.0027467109375
12 0.5331725140625 0.7030550984375 0.442902046875 0.7030550984375 0.442902046875 0.7874218749999999 0.5331725140625 0.7874218749999999 0.5331725140625 0.7030550984375
12 0.4406122078125 0.4303892546875 0.38018823125 0.4303892546875 0.38018823125 0.5254221484375 0.4406122078125 0.5254221484375 0.4406122078125 0.4303892546875
12 0.7429815421875 0.4070435859375 0.592957784375 0.4070435859375 0.592957784375 0.6154180375 0.7429815421875 0.6154180375 0.7429815421875 0.4070435859375
12 0.604584246875 0.291137609375 0.4969800796875 0.291137609375 0.4969800796875 0.50061129375 0.604584246875 0.50061129375 0.604584246875 0.291137609375
12 0.49536092812500004 0.1380619515625 0.42504842812500004 0.1380619515625 0.42504842812500004 0.3489994515625 0.49536092812500004 0.3489994515625 0.49536092812500004 0.1380619515625
12 0.4158927265625 0.602143640625 0.3179925078125 0.602143640625 0.3179925078125 0.7865296046875 0.4158927265625 0.7865296046875 0.4158927265625 0.602143640625
12 0.7086796421875 0.2406907890625 0.5774533984375 0.2406907890625 0.5774533984375 0.542998903125 0.7086796421875 0.542998903125 0.7086796421875 0.2406907890625
12 0.40158168906249997 0.3409416125 0.3127750359375 0.3409416125 0.3127750359375 0.6624739578125001 0.40158168906249997 0.6624739578125001 0.40158168906249997 0.3409416125
12 0.425934759375 0.741942159375 0.3377384875 0.741942159375 0.3377384875 0.8854975328125001 0.425934759375 0.8854975328125001 0.425934759375 0.741942159375
12 0 0.8882456140625001 0.1810307015625 0.8882456140625001 0.1810307015625 0.47699013125 0 0.47699013125 0 0.8882456140625001
12 0.5916447375 0.0119928734375 0.468903509375 0.0119928734375 0.468903509375 0.2710882671875 0.5916447375 0.2710882671875 0.5916447375 0.0119928734375
12 0.6931761703125 0.6090090453125 0.555847953125 0.6090090453125 0.555847953125 0.8031017 0.6931761703125 0.8031017 0.6931761703125 0.6090090453125
12 0.523559028125 0.7613527953125 0.4232172875 0.7613527953125 0.4232172875 0.88513295 0.523559028125 0.88513295 0.523559028125 0.7613527953125
12 0.577515534375 0.5166324015625 0.47717379375 0.5166324015625 0.47717379375 0.6823423796875 0.577515534375 0.6823423796875 0.577515534375 0.5166324015625
12 0.295471490625 0.6771244515625 0.1913450296875 0.6771244515625 0.1913450296875 0.9927987937499999 0.295471490625 0.9927987937499999 0.295471490625 0.6771244515625
12 0.743347953125 0.6600493421875 0.6658333328125 0.6600493421875 0.6658333328125 0.75352521875 0.743347953125 0.75352521875 0.743347953125 0.6600493421875
12 0.5919499265625 0.35595531875 0.46859831874999996 0.35595531875 0.46859831874999996 0.8151850328125001 0.5919499265625 0.8151850328125001 0.5919499265625 0.35595531875
12 0.12356542343750002 0.205078125 0.00021381562499999998 0.205078125 0.00021381562499999998 0.44238349843749997 0.12356542343750002 0.44238349843749997 0.12356542343750002 0.205078125
12 0.8230592109374999 0.75842379375 0.6505738296875 0.75842379375 0.6505738296875 0.996461075 0.8230592109374999 0.996461075 0.8230592109374999 0.75842379375
12 0.6479788015625 0.79925575625 0.541472953125 0.79925575625 0.541472953125 0.9409799890625001 0.6479788015625 0.9409799890625001 0.6479788015625 0.79925575625
12 0.20831323125 0.8339076203125 0.085144371875 0.8339076203125 0.085144371875 0.9722436953125 0.20831323125 0.9722436953125 0.20831323125 0.8339076203125
12 0.6929632671875 0.0031592656249999997 0.627351059375 0.0031592656249999997 0.627351059375 0.110733278125 0.6929632671875 0.110733278125 0.6929632671875 0.0031592656249999997
12 0.6687006578125 0.004395559375 0.5559082609375 0.004395559375 0.5559082609375 0.441651590625 0.6687006578125 0.441651590625 0.6687006578125 0.004395559375
11 0.507492690625 0 0.5009137421875 0.012061403125 0.494883040625 0.02576754375 0.4890350875 0.034265351562500004 0.4850146203125 0.04303728125 0.46472953281249996 0.0756578953125 0.4577850875 0.091831140625 0.451206140625 0.102796053125 0.4479166671875 0.1115679828125 0.4248903515625 0.1521381578125 0.419225146875 0.16557017499999999 0.41301169531250004 0.17571271875 0.4099049703125 0.1850328953125 0.390533625 0.2319078953125 0.38669590625 0.23903508750000002 0.38358918124999997 0.25082236875 0.3802997078125 0.259320175 0.3516081875 0.319901315625 0.348866959375 0.32428728125 0.3421052625 0.3421052625 0.3373538015625 0.3489583328125 0.3349780703125 0.3541666671875 0.33168859687499996 0.3662280703125 0.32474415156249997 0.381578946875 0.31853070156249996 0.41474780625 0.31597222187499996 0.421875 0.3123172515625 0.42845394687500005 0.309393275 0.439418859375 0.30391081875000003 0.48355263125 0.3000731 0.4950657890625 0.2986111109375 0.5032894734375 0.295687134375 0.5578399125 0.295687134375 0.5841557015625 0.29769736875 0.6485745609375 0.2993421046875 0.6694078953125 0.3026315796875 0.6833881578125001 0.306652046875 0.7217653515625 0.3095760234375 0.73053728125 0.3161549703125 0.7439692984375 0.32108918124999997 0.7650767546874999 0.3283991234375 0.7859100875 0.330774853125 0.794956140625 0.3333333328125 0.8125 0.349597953125 0.8703399125000001 0.361293859375 0.8974780703125 0.3697002921875 0.9095394734375001 0.375365496875 0.9246162281249999 0.38194444375000003 0.9358552625 0.3877923984375 0.9536732453125 0.39144736875 0.960526315625 0.4064327484375 0.9997258765625 0.798793859375 0.9997258765625 0.8035453218749999 0.9923245609375 0.8092105265624999 0.9777960531250001 0.8123172515625001 0.9734100874999999 0.8214546781250001 0.9830043859375 0.8249269 0.9832785093749999 0.833150584375 0.9646381578125001 0.834064328125 0.96025219375 0.834064328125 0.94764254375 0.8326023390625 0.939418859375 0.8296783624999999 0.9342105265624999 0.8243786546875 0.930098684375 0.8236476609375 0.9216008765625 0.8243786546875 0.9158442984375 0.826937134375 0.9084429828125 0.8294956140625 0.8911732453125 0.8342470765625001 0.8286732453125 0.8393640343750001 0.7955043859375001 0.83991228125 0.7080592109375 0.8411915203125 0.6748903515625 0.8393640343750001 0.6455592109375 0.8342470765625001 0.5970394734375 0.8316885968750001 0.5482456140624999 0.828033625 0.52110745625 0.8252923984375 0.491776315625 0.8141447375 0.430098684375 0.802814328125 0 0.507492690625 0