12 0.6805950000000001 0.1936683328125 0.6252500000000001 0.1936683328125 0.6252500000000001 0.268805 0.6805950000000001 0.268805 0.6805950000000001 0.1936683328125
12 0.41466624999999996 0.3982533328125 0.39832375 0.3982533328125 0.39832375 0.41945333281249997 0.41466624999999996 0.41945333281249997 0.41466624999999996 0.3982533328125
12 0.84268875 0.1273083328125 0.8174662500000001 0.1273083328125 0.8174662500000001 0.16012500000000002 0.84268875 0.16012500000000002 0.84268875 0.1273083328125
12 0.9384162500000001 0.1263116671875 0.91705375 0.1263116671875 0.91705375 0.14696166718749998 0.9384162500000001 0.14696166718749998 0.9384162500000001 0.1263116671875
12 0.45639250000000003 0.371165 0.4449725 0.371165 0.4449725 0.3938083328125 0.45639250000000003 0.3938083328125 0.45639250000000003 0.371165
12 0.78660875 0.0950433328125 0.77100625 0.0950433328125 0.77100625 0.11394333281249999 0.78660875 0.11394333281249999 0.78660875 0.0950433328125
12 0.70846875 0.30859833281250004 0.69875625 0.30859833281250004 0.69875625 0.3203083328125 0.70846875 0.3203083328125 0.70846875 0.30859833281250004
12 0.7162237499999999 0.32517999999999997 0.70662625 0.32517999999999997 0.70662625 0.33758 0.7162237499999999 0.33758 0.7162237499999999 0.32517999999999997
12 0.038155 0.6783083328124999 0.02642 0.6783083328124999 0.02642 0.692785 0.038155 0.692785 0.038155 0.6783083328124999
12 0.37585625 0.4949083328125 0.36486874999999996 0.4949083328125 0.36486874999999996 0.5089983328125001 0.37585625 0.5089983328125001 0.37585625 0.4949083328125
12 0.8278874999999999 0.3671566671875 0.8107825 0.3671566671875 0.8107825 0.38870333281249997 0.8278874999999999 0.38870333281249997 0.8278874999999999 0.3671566671875
12 0.17540125 0.14623999999999998 0.14051875 0.14623999999999998 0.14051875 0.18839333281249998 0.17540125 0.18839333281249998 0.17540125 0.14623999999999998
12 0.278405 0.0627016671875 0.2631 0.0627016671875 0.2631 0.078165 0.278405 0.078165 0.278405 0.0627016671875
12 0.7574150000000001 0.7725216671874999 0.7377 0.7725216671874999 0.7377 0.7938850000000001 0.7574150000000001 0.7938850000000001 0.7574150000000001 0.7725216671874999
12 0.60833375 0.6392116671875 0.59772125 0.6392116671875 0.59772125 0.652455 0.60833375 0.652455 0.60833375 0.6392116671875
12 0.73094625 0.3578433328125 0.72120375 0.3578433328125 0.72120375 0.36937000000000003 0.73094625 0.36937000000000003 0.73094625 0.3578433328125
12 0.33615249999999997 0.3777066671875 0.3283975 0.3777066671875 0.3283975 0.38987333281250003 0.33615249999999997 0.38987333281250003 0.33615249999999997 0.3777066671875
12 0.9027850000000001 0.2311616671875 0.8735799999999999 0.2311616671875 0.8735799999999999 0.30529833281249996 0.9027850000000001 0.30529833281249996 0.9027850000000001 0.2311616671875
12 0.5052212500000001 0.36346 0.49868375 0.36346 0.49868375 0.3741733328125 0.5052212500000001 0.3741733328125 0.5052212500000001 0.36346
12 0.28337375 0.2493433328125 0.27570625 0.2493433328125 0.27570625 0.2600966671875 0.28337375 0.2600966671875 0.28337375 0.2493433328125
12 0.91847875 0.5253516671875 0.8920662500000001 0.5253516671875 0.8920662500000001 0.5475683328125001 0.91847875 0.5475683328125001 0.91847875 0.5253516671875
12 0.7666675 0.1467566671875 0.7567725000000001 0.1467566671875 0.7567725000000001 0.15663 0.7666675 0.15663 0.7666675 0.1467566671875
12 0.45329499999999995 0.5146116671875001 0.44611999999999996 0.5146116671875001 0.44611999999999996 0.5224949999999999 0.45329499999999995 0.5224949999999999 0.45329499999999995 0.5146116671875001
12 0.6698775 0.6180933328125 0.6621525 0.6180933328125 0.6621525 0.628 0.6698775 0.628 0.6698775 0.6180933328125
12 0.03830625 0.8943383328125 0.02577875 0.8943383328125 0.02577875 0.9103483328124999 0.03830625 0.9103483328124999 0.03830625 0.8943383328125
12 0.8310850000000001 0.4935283328125 0.81247 0.4935283328125 0.81247 0.522745 0.8310850000000001 0.522745 0.8310850000000001 0.4935283328125
12 0.58054625 0.59895 0.57374875 0.59895 0.57374875 0.6080833328125 0.58054625 0.6080833328125 0.58054625 0.59895
12 0.621725 0.45197000000000004 0.61558 0.45197000000000004 0.61558 0.46079 0.621725 0.46079 0.621725 0.45197000000000004
12 0.547615 0.62639 0.5334399999999999 0.62639 0.5334399999999999 0.6392366671875 0.547615 0.6392366671875 0.547615 0.62639
12 0.76420625 0.621535 0.75434875 0.621535 0.75434875 0.6317183328125 0.76420625 0.6317183328125 0.76420625 0.621535
12 0.2316725 0.2165333328125 0.2243825 0.2165333328125 0.2243825 0.22552666718749997 0.2316725 0.22552666718749997 0.2316725 0.2165333328125
12 0.4353375 0.544505 0.4284325 0.544505 0.4284325 0.554455 0.4353375 0.554455 0.4353375 0.544505
12 0.20402499999999998 0.17685833281250002 0.18538 0.17685833281250002 0.18538 0.19781500000000002 0.20402499999999998 0.19781500000000002 0.20402499999999998 0.17685833281250002
12 0.18058749999999998 0.262885 0.1741475 0.262885 0.1741475 0.27194833281249997 0.18058749999999998 0.27194833281249997 0.18058749999999998 0.262885
12 0.08724625 0.1628766671875 0.07815875 0.1628766671875 0.07815875 0.17371 0.08724625 0.17371 0.08724625 0.1628766671875
12 0.05365125 0.8841933328125 0.04351875 0.8841933328125 0.04351875 0.8944533328125001 0.05365125 0.8944533328125001 0.05365125 0.8841933328125
12 0.10888625 0.1045683328125 0.09936375 0.1045683328125 0.09936375 0.116785 0.10888625 0.116785 0.10888625 0.1045683328125
12 0.15030625 0.1427266671875 0.14192875 0.1427266671875 0.14192875 0.15138000000000001 0.15030625 0.15138000000000001 0.15030625 0.1427266671875
12 0.9308799999999999 0.87285 0.92459 0.87285 0.92459 0.8797566671875 0.9308799999999999 0.8797566671875 0.9308799999999999 0.87285
12 0.9627025 0.45032500000000003 0.9542875000000001 0.45032500000000003 0.9542875000000001 0.4591816671875 0.9627025 0.4591816671875 0.9627025 0.45032500000000003
11 0 0 0 0.8953333328124999 0.0032500000000000003 0.8993333328125 0.00375 0.9116666671875 0.0075 0.9263333328125001 0.0125 0.9400000000000001 0.013750000000000002 0.9393333328125 0.025 0.9573333328125001 0.02375 0.9626666671875 0.02425 0.9733333328124999 0.03175 0.9810000000000001 0.03575 0.9873333328125 0.037 0.9996666671875 0.99975 0.9996666671875 0.99975 0 0 0