12 0.7425849999999999 0.29533333281249996 0.61275 0.29533333281249996 0.61275 0.47934666718749996 0.7425849999999999 0.47934666718749996 0.7425849999999999 0.29533333281249996
12 0.8651137500000001 0.35571166718749997 0.76477125 0.35571166718749997 0.76477125 0.480875 0.8651137500000001 0.480875 0.8651137500000001 0.35571166718749997
12 0.57727125 0.2163916671875 0.28503375000000003 0.2163916671875 0.28503375000000003 0.49650166718750005 0.57727125 0.49650166718750005 0.57727125 0.2163916671875
12 1 0.47663333281250003 0.69641 0.47663333281250003 0.69641 0.5044866671875 1 0.5044866671875 1 0.47663333281250003
12 0.92279 0.1053866671875 0.79596 0.1053866671875 0.79596 0.3334133328125 0.92279 0.3334133328125 0.92279 0.1053866671875
12 0.88012625 0.6982416671875 0.6491687500000001 0.6982416671875 0.6491687500000001 0.9098316671875001 0.88012625 0.9098316671875001 0.88012625 0.6982416671875
12 0.7858875000000001 0.057698332812499996 0.6467275 0.057698332812499996 0.6467275 0.2548016671875 0.7858875000000001 0.2548016671875 0.7858875000000001 0.057698332812499996
12 0.53515625 0.4983816671875 0.0073237499999999995 0.4983816671875 0.0073237499999999995 0.5204983328125 0.53515625 0.5204983328125 0.53515625 0.4983816671875
12 0.47668375 0.4881983328125 0.14636125 0.4881983328125 0.14636125 0.6589349999999999 0.47668375 0.6589349999999999 0.47668375 0.4881983328125
12 0.6971425 0.7349433328125 0.5040275000000001 0.7349433328125 0.5040275000000001 0.9082833328125 0.6971425 0.9082833328125 0.6971425 0.7349433328125
12 0.38806124999999997 0.34672000000000003 0.19250375 0.34672000000000003 0.19250375 0.49377333281249997 0.38806124999999997 0.49377333281249997 0.38806124999999997 0.34672000000000003
11 0.01 0.522 0.03375 0.534 0.34225 0.7993333328125 0.3545 0.7986666671875 0.35924999999999996 0.8019999999999999 0.366 0.8033333328125 0.3715 0.8073333328125001 0.3795 0.8089999999999999 0.38425 0.817 0.3935 0.8206666671875 0.39975 0.8276666671875 0.41125 0.836 0.41525 0.8416666671874999 0.41775 0.8433333328125 0.44400000000000006 0.8463333328125 0.45625 0.853 0.4725 0.8586666671875 0.48250000000000004 0.8653333328124999 0.50725 0.8713333328124999 0.5207499999999999 0.8793333328124999 0.53425 0.8823333328125 0.5425 0.8856666671875001 0.5519999999999999 0.8923333328125 0.564 0.8949999999999999 0.6345 0.9176666671874999 0.63625 0.9196666671875 0.64 0.921 0.68525 0.922 0.70475 0.9203333328125 0.74925 0.9203333328125 0.76925 0.9166666671874999 0.7837500000000001 0.9099999999999999 0.80575 0.906 0.8215 0.898 0.84175 0.892 0.8574999999999999 0.8800000000000001 0.88925 0.8486666671875 0.9112500000000001 0.8243333328125001 0.92775 0.8106666671875 0.94025 0.798 0.9550000000000001 0.7783333328125 0.9702500000000001 0.752 0.99025 0.7136666671875 0.99975 0.6896666671875 0.99975 0.4266666671875 0.98675 0.40499999999999997 0.983 0.3933333328125 0.9785 0.3536666671875 0.9737500000000001 0.3403333328125 0.95475 0.2966666671875 0.9275 0.24300000000000002 0.91325 0.2196666671875 0.8717499999999999 0.1636666671875 0.8375 0.1263333328125 0.825 0.1143333328125 0.8009999999999999 0.0963333328125 0.7525000000000001 0.0723333328125 0.7382500000000001 0.068 0.702 0.060333332812499994 0.6845 0.058333332812500006 0.659 0.0586666671875 0.62025 0.0666666671875 0.592 0.07466666718750001 0.54575 0.09733333281249999 0.528 0.11100000000000002 0.5095 0.1273333328125 0.4925 0.13633333281249999 0.48025 0.145 0.471 0.1493333328125 0.454 0.161 0.44675000000000004 0.1676666671875 0.4035 0.19766666718749998 0.3745 0.2116666671875 0.357 0.2226666671875 0.298 0.2636666671875 0.286 0.273 0.267 0.2906666671875 0.238 0.325 0.2265 0.341 0.209 0.3596666671875 0.20299999999999999 0.3676666671875 0.17525 0.3936666671875 0.16175 0.40433333281249995 0.127 0.42699999999999994 0.1105 0.44066666718749997 0.09325 0.4583333328125 0.04925 0.485 0.03225 0.4916666671875 0.020749999999999998 0.4993333328125 0.0085 0.5046666671875 0.00625 0.507 0.0052499999999999995 0.5083333328124999 0.0055 0.5153333328125 0.006500000000000001 0.5186666671875 0.01 0.522