12 0.51625 0.2693333328125 0.42125 0.2693333328125 0.42125 0.358 0.51625 0.358 0.51625 0.2693333328125
12 0.82857 0.660335 0.71775 0.660335 0.71775 0.7844983328125 0.82857 0.7844983328125 0.82857 0.660335
12 0.9768687500000001 0.5535483328125 0.84051625 0.5535483328125 0.84051625 0.772625 0.9768687500000001 0.772625 0.9768687500000001 0.5535483328125
12 0.9129025000000001 0.65332 0.7286975 0.65332 0.7286975 0.8727199999999999 0.9129025000000001 0.8727199999999999 0.9129025000000001 0.65332
12 0.8828112499999999 0.5369883328125 0.78710875 0.5369883328125 0.78710875 0.6719983328125 0.8828112499999999 0.6719983328125 0.8828112499999999 0.5369883328125
12 0.8112787499999999 0.6919766671875001 0.67993125 0.6919766671875001 0.67993125 0.8900566671875 0.8112787499999999 0.8900566671875 0.8112787499999999 0.6919766671875001
12 0.8590712500000001 0.32316 0.6956187500000001 0.32316 0.6956187500000001 0.52254 0.8590712500000001 0.52254 0.8590712500000001 0.32316
12 0.3633425 0.44490666718750005 0.1156625 0.44490666718750005 0.1156625 0.5817866671874999 0.3633425 0.5817866671874999 0.3633425 0.44490666718750005
12 0.7052625 0.5412583328125 0.4812625 0.5412583328125 0.4812625 0.8728016671875001 0.7052625 0.8728016671875001 0.7052625 0.5412583328125
12 0.35534625000000003 0.5544433328125 0.09313875 0.5544433328125 0.09313875 0.6994633328125001 0.35534625000000003 0.6994633328125001 0.35534625000000003 0.5544433328125
12 0.64654625 0.2497566671875 0.45306375 0.2497566671875 0.45306375 0.52303 0.64654625 0.52303 0.64654625 0.2497566671875
12 0.8002625 0.21179166718750003 0.7095024999999999 0.21179166718750003 0.7095024999999999 0.3315016671875 0.8002625 0.3315016671875 0.8002625 0.21179166718750003
12 0.7979125 0.0360533328125 0.6522825 0.0360533328125 0.6522825 0.31714000000000003 0.7979125 0.31714000000000003 0.7979125 0.0360533328125
12 0.5139787499999999 0.542075 0.36737125000000004 0.542075 0.36737125000000004 0.6838383328125001 0.5139787499999999 0.6838383328125001 0.5139787499999999 0.542075
12 0.7526849999999999 0.5371083328124999 0.676025 0.5371083328124999 0.676025 0.665365 0.7526849999999999 0.665365 0.7526849999999999 0.5371083328124999
12 0.9446424999999999 0.1652016671875 0.7789925 0.1652016671875 0.7789925 0.49983833281249995 0.9446424999999999 0.49983833281249995 0.9446424999999999 0.1652016671875
12 0.5469975 0.51774 0.1224375 0.51774 0.1224375 0.7752266671875 0.5469975 0.7752266671875 0.5469975 0.51774
12 0.89853 0.245525 0.7967850000000001 0.245525 0.7967850000000001 0.34985499999999997 0.89853 0.34985499999999997 0.89853 0.245525
12 0.49615375000000006 0.3993316671875 0.34564125 0.3993316671875 0.34564125 0.5531416671875 0.49615375000000006 0.5531416671875 0.49615375000000006 0.3993316671875
12 0.876375 0.1636166671875 0.78769 0.1636166671875 0.78769 0.2878833328125 0.876375 0.2878833328125 0.876375 0.1636166671875
12 0.7903749999999999 0.603495 0.73404 0.603495 0.73404 0.6823116671875 0.7903749999999999 0.6823116671875 0.7903749999999999 0.603495
12 0.63971 0.025066667187500002 0.45404 0.025066667187500002 0.45404 0.3014333328125 0.63971 0.3014333328125 0.63971 0.025066667187500002
12 0.52612375 0.3308916671875 0.012941250000000001 0.3308916671875 0.012941250000000001 0.6515283328125 0.52612375 0.6515283328125 0.52612375 0.3308916671875
12 0.5616450000000001 0.5466300000000001 0.48522999999999994 0.5466300000000001 0.48522999999999994 0.6499833328125 0.5616450000000001 0.6499833328125 0.5616450000000001 0.5466300000000001
12 0.195435 0.5373516671874999 0.00708 0.5373516671874999 0.00708 0.6514483328125 0.195435 0.6514483328125 0.195435 0.5373516671874999
12 0.7269887500000001 0.7783616671875 0.53961125 0.7783616671875 0.53961125 0.9169516671875 0.7269887500000001 0.9169516671875 0.7269887500000001 0.7783616671875
12 0.7887262500000001 0.1333016671875 0.6927187499999999 0.1333016671875 0.6927187499999999 0.24235166718749998 0.7887262500000001 0.24235166718749998 0.7887262500000001 0.1333016671875
12 0.84057625 0.1014416671875 0.76293875 0.1014416671875 0.76293875 0.22587166718749999 0.84057625 0.22587166718749999 0.84057625 0.1014416671875
11 0.06575 0.6503333328124999 0.08075 0.6543333328125 0.10475000000000001 0.6663333328125 0.1315 0.6910000000000001 0.1545 0.7176666671875 0.16025 0.7263333328125 0.17925 0.745 0.19724999999999998 0.765 0.22525 0.7883333328125001 0.27875 0.8273333328125 0.29775 0.8393333328124999 0.3205 0.8513333328125 0.34125 0.8586666671875 0.35150000000000003 0.8643333328124999 0.42925 0.898 0.44175000000000003 0.9046666671875 0.47725 0.9163333328125001 0.5305 0.9259999999999999 0.5695 0.9266666671875001 0.5902499999999999 0.9253333328125001 0.64175 0.9173333328125001 0.697 0.9113333328125 0.726 0.9013333328125 0.7474999999999999 0.89 0.7735000000000001 0.8720000000000001 0.81225 0.8640000000000001 0.85075 0.8513333328125 0.8772500000000001 0.8393333328124999 0.88925 0.8303333328125 0.9025000000000001 0.8173333328125001 0.916 0.8019999999999999 0.92775 0.7853333328125001 0.9480000000000001 0.746 0.9692500000000001 0.7103333328125 0.9734999999999999 0.6963333328125 0.976 0.6723333328125001 0.97625 0.6583333328125 0.9727499999999999 0.6366666671875 0.96775 0.618 0.9570000000000001 0.585 0.95075 0.558 0.9497500000000001 0.5476666671875 0.9502499999999999 0.5313333328125001 0.94825 0.519 0.9412499999999999 0.493 0.9332499999999999 0.47066666718750005 0.92925 0.4526666671875 0.921 0.36866666718749996 0.9145 0.3303333328125 0.9027499999999999 0.2863333328125 0.893 0.259 0.8632500000000001 0.1966666671875 0.8414999999999999 0.1613333328125 0.825 0.13899999999999998 0.79475 0.10433333281249998 0.78025 0.0856666671875 0.764 0.07133333281250001 0.7112499999999999 0.038333332812499996 0.7 0.033 0.66325 0.022333332812500002 0.626 0.0186666671875 0.60575 0.0186666671875 0.5934999999999999 0.0203333328125 0.56875 0.0273333328125 0.5445 0.0323333328125 0.5225 0.0416666671875 0.5037499999999999 0.048 0.46375 0.0696666671875 0.44675000000000004 0.08299999999999999 0.41425 0.11200000000000002 0.40199999999999997 0.1256666671875 0.394 0.1386666671875 0.381 0.1563333328125 0.3605 0.17733333281250002 0.35475 0.182 0.3435 0.1863333328125 0.32425000000000004 0.19866666718749998 0.29700000000000004 0.221 0.28450000000000003 0.233 0.26125 0.2573333328125 0.25375000000000003 0.2673333328125 0.248 0.2726666671875 0.22825 0.2963333328125 0.219 0.3063333328125 0.20825 0.3156666671875 0.17024999999999998 0.36866666718749996 0.16 0.3786666671875 0.15175 0.3896666671875 0.143 0.4073333328125 0.1365 0.4166666671875 0.1285 0.43233333281249997 0.1115 0.45766666718750004 0.08299999999999999 0.507 0.0115 0.6213333328124999 0.0115 0.6323333328125 0.014499999999999999 0.635 0.03725 0.64 0.06575 0.6503333328124999