12 0.45463125 0.757 0.40774875 0.757 0.40774875 0.8258066671875 0.45463125 0.8258066671875 0.45463125 0.757
12 0.29789 0.3039866671875 0.274375 0.3039866671875 0.274375 0.32948 0.29789 0.32948 0.29789 0.3039866671875
12 0.19740249999999998 0.5407516671875 0.1688075 0.5407516671875 0.1688075 0.588155 0.19740249999999998 0.588155 0.19740249999999998 0.5407516671875
12 0.28080875 0.561955 0.26362625 0.561955 0.26362625 0.5793183328125 0.28080875 0.5793183328125 0.28080875 0.561955
12 0.21070000000000003 0.4852233328125 0.19359500000000002 0.4852233328125 0.19359500000000002 0.5030566671875001 0.21070000000000003 0.5030566671875001 0.21070000000000003 0.4852233328125
12 0.5006112500000001 0.333465 0.48962374999999997 0.333465 0.48962374999999997 0.348175 0.5006112500000001 0.348175 0.5006112500000001 0.333465
12 0.7643125000000001 0.8164883328125001 0.7415475 0.8164883328125001 0.7415475 0.8410650000000001 0.7643125000000001 0.8410650000000001 0.7643125000000001 0.8164883328125001
12 0.34701 0.4210366671875 0.33414 0.4210366671875 0.33414 0.4396433328125 0.34701 0.4396433328125 0.34701 0.4210366671875
12 0.43626375 0.2881066671875 0.42164624999999994 0.2881066671875 0.42164624999999994 0.30304000000000003 0.43626375 0.30304000000000003 0.43626375 0.2881066671875
12 0.3319875 0.7000616671875 0.3242625 0.7000616671875 0.3242625 0.7139983328125 0.3319875 0.7139983328125 0.3319875 0.7000616671875
12 0.33763375 0.6694066671875001 0.32789125 0.6694066671875001 0.32789125 0.6821533328125 0.33763375 0.6821533328125 0.33763375 0.6694066671875001
12 0.7752425 0.2586166671875 0.7618674999999999 0.2586166671875 0.7618674999999999 0.27426333281250004 0.7752425 0.27426333281250004 0.7752425 0.2586166671875
12 0.76884 0.6290199999999999 0.761435 0.6290199999999999 0.761435 0.64442 0.76884 0.64442 0.76884 0.6290199999999999
12 0.1796225 0.48133499999999996 0.1643725 0.48133499999999996 0.1643725 0.49457833281249997 0.1796225 0.49457833281249997 0.1796225 0.48133499999999996
12 0.8082925 0.66196 0.7971775 0.66196 0.7971775 0.6726733328125001 0.8082925 0.6726733328125001 0.8082925 0.66196
12 0.62778 0.2591616671875 0.61636 0.2591616671875 0.61636 0.271765 0.62778 0.271765 0.62778 0.2591616671875
12 0.378915 0.600275 0.36718 0.600275 0.36718 0.6171716671875 0.378915 0.6171716671875 0.378915 0.600275
12 0.38008875 0.20724833281250002 0.37137625 0.20724833281250002 0.37137625 0.22178499999999998 0.38008875 0.22178499999999998 0.38008875 0.20724833281250002
12 0.37694875 0.5323016671875 0.36963124999999997 0.5323016671875 0.36963124999999997 0.5432183328125 0.37694875 0.5432183328125 0.37694875 0.5323016671875
12 0.9148987500000001 0.14891000000000001 0.90541625 0.14891000000000001 0.90541625 0.16131 0.9148987500000001 0.16131 0.9148987500000001 0.14891000000000001
12 0.7905725 0.254675 0.7816925 0.254675 0.7816925 0.2648583328125 0.7905725 0.2648583328125 0.7905725 0.254675
12 0.308825 0.7057450000000001 0.30104000000000003 0.7057450000000001 0.30104000000000003 0.718735 0.308825 0.718735 0.308825 0.7057450000000001
12 0.8232875 0.2933066671875 0.8144075000000001 0.2933066671875 0.8144075000000001 0.3033733328125 0.8232875 0.3033733328125 0.8232875 0.2933066671875
12 0.6472275 0.123875 0.6379275 0.123875 0.6379275 0.140445 0.6472275 0.140445 0.6472275 0.123875
12 0.546195 0.5835683328125 0.5387649999999999 0.5835683328125 0.5387649999999999 0.5935183328125 0.546195 0.5935183328125 0.546195 0.5835683328125
12 0.5034525000000001 0.5884916671875 0.4965475 0.5884916671875 0.4965475 0.602915 0.5034525000000001 0.602915 0.5034525000000001 0.5884916671875
12 0.42558375000000004 0.5227333328125 0.41572624999999996 0.5227333328125 0.41572624999999996 0.5326066671875 0.42558375000000004 0.5326066671875 0.42558375000000004 0.5227333328125
12 0.65772875 0.27606 0.64988625 0.27606 0.64988625 0.28644 0.65772875 0.28644 0.65772875 0.27606
12 0.34306375 0.3904466671875 0.33320625000000004 0.3904466671875 0.33320625000000004 0.40252 0.34306375 0.40252 0.34306375 0.3904466671875
12 0.3107025 0.5281766671875 0.3025775 0.5281766671875 0.3025775 0.53953 0.3107025 0.53953 0.3107025 0.5281766671875
12 0.383575 0.43476499999999996 0.37472500000000003 0.43476499999999996 0.37472500000000003 0.4467483328125 0.383575 0.4467483328125 0.383575 0.43476499999999996
12 0.39991374999999996 0.3891566671875 0.39110125 0.3891566671875 0.39110125 0.3992566671875 0.39991374999999996 0.3992566671875 0.39991374999999996 0.3891566671875
12 0.437125 0.43109166718749997 0.411995 0.43109166718749997 0.411995 0.45888166718749995 0.437125 0.45888166718749995 0.437125 0.43109166718749997
12 0.6899575 0.165425 0.6772325 0.165425 0.6772325 0.1793016671875 0.6899575 0.1793016671875 0.6899575 0.165425
12 0.6961825 0.6489616671875 0.6876075 0.6489616671875 0.6876075 0.6596316671875 0.6961825 0.6596316671875 0.6961825 0.6489616671875
12 0.45543750000000005 0.24070166718750002 0.44837249999999995 0.24070166718750002 0.44837249999999995 0.2511583328125 0.45543750000000005 0.2511583328125 0.45543750000000005 0.24070166718750002
12 0.7396874999999999 0.1824083328125 0.7319924999999999 0.1824083328125 0.7319924999999999 0.1919383328125 0.7396874999999999 0.1919383328125 0.7396874999999999 0.1824083328125
12 0.34316 0.3666733328125 0.3336 0.3666733328125 0.3336 0.3774666671875 0.34316 0.3774666671875 0.34316 0.3666733328125
12 0.6057375 0.6586666671875 0.5983625 0.6586666671875 0.5983625 0.66946 0.6057375 0.66946 0.6057375 0.6586666671875
12 0.1548775 0.43940333281250005 0.1380925 0.43940333281250005 0.1380925 0.45317666718750005 0.1548775 0.45317666718750005 0.1548775 0.43940333281250005
12 0.78139625 0.0515083328125 0.77036375 0.0515083328125 0.77036375 0.0621783328125 0.78139625 0.0621783328125 0.78139625 0.0515083328125
12 0.65085875 0.16514 0.64406125 0.16514 0.64406125 0.17372666718750002 0.65085875 0.17372666718750002 0.65085875 0.16514
12 0.5301275000000001 0.7869333328125 0.5226075 0.7869333328125 0.5226075 0.7990066671875 0.5301275000000001 0.7990066671875 0.5301275000000001 0.7869333328125
12 0.8380924999999999 0.640545 0.8279225 0.640545 0.8279225 0.6498216671875 0.8380924999999999 0.6498216671875 0.8380924999999999 0.640545
12 0.7697425 0.6075016671875 0.7624825000000001 0.6075016671875 0.7624825000000001 0.6164583328125001 0.7697425 0.6164583328125001 0.7697425 0.6075016671875
12 0.93391375 0.5034033328125 0.92350625 0.5034033328125 0.92350625 0.5154766671875 0.93391375 0.5154766671875 0.93391375 0.5034033328125
12 0.52242375 0.6999299999999999 0.51371125 0.6999299999999999 0.51371125 0.7128300000000001 0.52242375 0.7128300000000001 0.52242375 0.6999299999999999
12 0.28197875 0.39672833281250003 0.27319625 0.39672833281250003 0.27319625 0.40600500000000006 0.28197875 0.40600500000000006 0.28197875 0.39672833281250003
12 0.692555 0.2964383328125 0.6844 0.2964383328125 0.6844 0.3051216671875 0.692555 0.3051216671875 0.692555 0.2964383328125
12 0.7474087500000001 0.311855 0.74087125 0.311855 0.74087125 0.319005 0.7474087500000001 0.319005 0.7474087500000001 0.311855
12 0.52976625 0.14600166718750002 0.52296875 0.14600166718750002 0.52296875 0.1557583328125 0.52976625 0.1557583328125 0.52976625 0.14600166718750002
12 0.59385625 0.5275666671875 0.58778375 0.5275666671875 0.58778375 0.5381866671875 0.59385625 0.5381866671875 0.59385625 0.5275666671875
12 0.52136375 0.7327666671874999 0.51184125 0.7327666671874999 0.51184125 0.7477 0.52136375 0.7477 0.52136375 0.7327666671874999
12 0.7253525 0.7667200000000001 0.7160525 0.7667200000000001 0.7160525 0.7775533328125 0.7253525 0.7775533328125 0.7253525 0.7667200000000001
12 0.30970125 0.4710366671875 0.30357875 0.4710366671875 0.30357875 0.4801366671875 0.30970125 0.4801366671875 0.30970125 0.4710366671875
12 0.6521524999999999 0.5013783328125 0.6447225000000001 0.5013783328125 0.6447225000000001 0.5122950000000001 0.6521524999999999 0.5122950000000001 0.6521524999999999 0.5013783328125
12 0.6890637500000001 0.79213 0.68007625 0.79213 0.68007625 0.8029233328125001 0.6890637500000001 0.8029233328125001 0.6890637500000001 0.79213
12 0.5251537500000001 0.3041966671875 0.51879125 0.3041966671875 0.51879125 0.31168999999999997 0.5251537500000001 0.31168999999999997 0.5251537500000001 0.3041966671875
12 0.56748875 0.3711333328125 0.56141625 0.3711333328125 0.56141625 0.37951999999999997 0.56748875 0.37951999999999997 0.56748875 0.3711333328125
12 0.5132225 0.4279516671875 0.5072875 0.4279516671875 0.5072875 0.436635 0.5132225 0.436635 0.5132225 0.4279516671875
12 0.49967875 0.8031349999999999 0.49397125 0.8031349999999999 0.49397125 0.8140516671875 0.49967875 0.8140516671875 0.49967875 0.8031349999999999
12 0.7748875 0.5656916671875 0.7671025 0.5656916671875 0.7671025 0.574935 0.7748875 0.574935 0.7748875 0.5656916671875
12 0.501485 0.700965 0.49509499999999995 0.700965 0.49509499999999995 0.7091883328125 0.501485 0.7091883328125 0.501485 0.700965
12 0.19039625 0.5234483328125 0.17654875 0.5234483328125 0.17654875 0.5449116671875001 0.19039625 0.5449116671875001 0.19039625 0.5234483328125
12 0.6654387500000001 0.6746733328125 0.65780125 0.6746733328125 0.65780125 0.6847000000000001 0.6654387500000001 0.6847000000000001 0.6654387500000001 0.6746733328125
12 0.6152037499999999 0.665975 0.50100625 0.665975 0.50100625 0.8249116671875001 0.6152037499999999 0.8249116671875001 0.6152037499999999 0.665975
12 0.69487 0.76027 0.68599 0.76027 0.68599 0.7709833328125 0.69487 0.7709833328125 0.69487 0.76027
12 0.72585375 0.60602 0.71750625 0.60602 0.71750625 0.6153333328125 0.72585375 0.6153333328125 0.72585375 0.60602
12 0.99763375 0.8159583328125001 0.9818562500000001 0.8159583328125001 0.9818562500000001 0.8585216671874999 0.99763375 0.8585216671874999 0.99763375 0.8159583328125001
11 0.09475 0.5876666671875 0.10800000000000001 0.609 0.15825 0.6606666671875 0.1675 0.6673333328125 0.18775 0.686 0.20049999999999998 0.6946666671874999 0.21749999999999997 0.7096666671875 0.23500000000000001 0.73 0.25425 0.7466666671875 0.263 0.757 0.26949999999999996 0.7623333328124999 0.28075 0.769 0.288 0.7769999999999999 0.301 0.788 0.31425000000000003 0.798 0.324 0.8036666671875 0.34275 0.8123333328125 0.36 0.818 0.3755 0.8256666671874999 0.4165 0.8380000000000001 0.5035000000000001 0.8426666671874999 0.5435 0.8466666671875 0.5585 0.853 0.58075 0.8576666671875 0.63225 0.8636666671875 0.67 0.8643333328124999 0.708 0.8616666671875001 0.7365 0.8576666671875 0.7665 0.8516666671875001 0.77525 0.8476666671875 0.78675 0.8400000000000001 0.81175 0.8126666671875 0.8220000000000001 0.799 0.8547499999999999 0.767 0.8615 0.7583333328124999 0.87625 0.7353333328125 0.8807499999999999 0.7263333328125 0.91175 0.6453333328124999 0.9185000000000001 0.619 0.921 0.5913333328125 0.9244999999999999 0.5676666671875 0.9269999999999999 0.558 0.933 0.544 0.9365 0.5309999999999999 0.9455 0.4773333328125 0.9515 0.38533333281250004 0.959 0.3283333328125 0.9605 0.307 0.96075 0.2883333328125 0.9595 0.2783333328125 0.9577500000000001 0.24 0.9560000000000001 0.2276666671875 0.9445 0.1766666671875 0.94025 0.1646666671875 0.9332499999999999 0.1506666671875 0.90825 0.1153333328125 0.88825 0.0903333328125 0.88025 0.0823333328125 0.86425 0.06999999999999999 0.8425 0.0596666671875 0.8085000000000001 0.049333332812500005 0.7845 0.0436666671875 0.74825 0.038666667187499996 0.689 0.039333332812499996 0.65825 0.045 0.631 0.052000000000000005 0.6105 0.05933333281249999 0.528 0.0953333328125 0.50225 0.10900000000000001 0.4795 0.1223333328125 0.45175 0.1416666671875 0.4425 0.14666666718750002 0.384 0.1853333328125 0.35625 0.2066666671875 0.3115 0.236 0.30375 0.24300000000000002 0.28625 0.25433333281250003 0.265 0.263 0.23500000000000001 0.284 0.18625 0.3293333328125 0.15 0.373 0.132 0.3973333328125 0.123 0.41100000000000003 0.11599999999999999 0.4266666671875 0.08449999999999999 0.4756666671875 0.07425000000000001 0.49633333281249997 0.07075000000000001 0.5126666671875 0.0705 0.5326666671875 0.07275000000000001 0.546 0.0775 0.5566666671875 0.09475 0.5876666671875