12 0.56449926875 0.31852933125 0.442616959375 0.31852933125 0.442616959375 0.49561540624999995 0.56449926875 0.49561540624999995 0.56449926875 0.31852933125
12 0.718687865625 0.5655208328125 0.6065058484375 0.5655208328125 0.6065058484375 0.680328946875 0.718687865625 0.680328946875 0.718687865625 0.5655208328125
12 0.4526361484375 0.35655290625 0.3232410453125 0.35655290625 0.3232410453125 0.4586334984375 0.4526361484375 0.4586334984375 0.4526361484375 0.35655290625
12 0.23931926093749997 0.2760307015625 0.1686412640625 0.2760307015625 0.1686412640625 0.3564144734375 0.23931926093749997 0.3564144734375 0.23931926093749997 0.2760307015625
12 0.45822094375000005 0.612578125 0.3469544953125 0.612578125 0.3469544953125 0.7409361296875 0.45822094375000005 0.7409361296875 0.45822094375000005 0.612578125
12 0.3117680921875 0.06587171093750001 0.23657255156249998 0.06587171093750001 0.23657255156249998 0.1666721484375 0.3117680921875 0.1666721484375 0.3117680921875 0.06587171093750001
12 0.6306341375 0.7336129390624999 0.6203417390625 0.7336129390624999 0.6203417390625 0.74881030625 0.6306341375 0.74881030625 0.6306341375 0.7336129390624999
12 0.2031167765625 0.2867543859375 0.1777421421875 0.2867543859375 0.1777421421875 0.30614035156249997 0.2031167765625 0.30614035156249997 0.2031167765625 0.2867543859375
12 0.3803399125 0.3899410640625 0.36819444375 0.3899410640625 0.36819444375 0.4040063046875 0.3803399125 0.4040063046875 0.3803399125 0.3899410640625
12 0.19334064374999999 0.75394736875 0.1833698828125 0.75394736875 0.1833698828125 0.7650932015625 0.19334064374999999 0.7650932015625 0.19334064374999999 0.75394736875
12 0.8042863671875 0.6380153515625 0.7904395109375 0.6380153515625 0.7904395109375 0.6591063593750001 0.8042863671875 0.6591063593750001 0.8042863671875 0.6380153515625
12 0.545043859375 0.34590323437500003 0.5340570171875 0.34590323437500003 0.5340570171875 0.360516721875 0.545043859375 0.360516721875 0.545043859375 0.34590323437500003
12 0.7071299343749999 0.7491721484375 0.6952129015625 0.7491721484375 0.6952129015625 0.7625493421875 0.7071299343749999 0.7625493421875 0.7071299343749999 0.7491721484375
12 0.77685215625 0.6542543859375 0.7680710890625 0.6542543859375 0.7680710890625 0.666304825 0.77685215625 0.666304825 0.77685215625 0.6542543859375
12 0.3940158984375 0.65816611875 0.3843028140625 0.65816611875 0.3843028140625 0.6719106359375 0.3940158984375 0.6719106359375 0.3940158984375 0.65816611875
12 0.3286394375 0.396171875 0.3188203578125 0.396171875 0.3188203578125 0.4080276859375 0.3286394375 0.4080276859375 0.3286394375 0.396171875
12 0.4816164109375 0.3318983 0.47346034374999996 0.3318983 0.47346034374999996 0.342295778125 0.4816164109375 0.342295778125 0.4816164109375 0.3318983
12 0.26374543125 0.730594846875 0.25236933437500003 0.730594846875 0.25236933437500003 0.7415707234375 0.26374543125 0.7415707234375 0.26374543125 0.730594846875
12 0.578586440625 0.33921600937499996 0.5688733546875 0.33921600937499996 0.5688733546875 0.3503618421875 0.578586440625 0.3503618421875 0.578586440625 0.33921600937499996
12 0.37756670312499996 0.37919819062500004 0.3695020109375 0.37919819062500004 0.3695020109375 0.3898423796875 0.37756670312499996 0.3898423796875 0.37756670312499996 0.37919819062500004
12 0.6876270109375 0.5981304828125 0.6795623171875 0.5981304828125 0.6795623171875 0.6096326750000001 0.6876270109375 0.6096326750000001 0.6876270109375 0.5981304828125
12 0.573495065625 0.6612445171875 0.5651781796875001 0.6612445171875 0.5651781796875001 0.6739583328125 0.573495065625 0.6739583328125 0.573495065625 0.6612445171875
12 0.34295869843750004 0.60842379375 0.3352649859375 0.60842379375 0.3352649859375 0.6183854171875 0.34295869843750004 0.6183854171875 0.34295869843750004 0.60842379375
12 0.6611293859375 0.7426809203125 0.6503947375 0.7426809203125 0.6503947375 0.7565844296875001 0.6611293859375 0.7565844296875001 0.6611293859375 0.7426809203125
12 0.3942726609375 0.6146888703125 0.3864875734375 0.6146888703125 0.3864875734375 0.6245709984375 0.3942726609375 0.6245709984375 0.3942726609375 0.6146888703125
12 0.41322733906250003 0.3674602515625 0.40562134531250005 0.3674602515625 0.40562134531250005 0.3766790015625 0.41322733906250003 0.3766790015625 0.41322733906250003 0.3674602515625
12 0.6719901312500001 0.4466351421875 0.6649250734375001 0.4466351421875 0.6649250734375001 0.4557113484375 0.6719901312500001 0.4557113484375 0.6719901312500001 0.4466351421875
12 0.174529421875 0.6863596484375 0.1687308109375 0.6863596484375 0.1687308109375 0.694989034375 0.174529421875 0.694989034375 0.174529421875 0.6863596484375
12 0.216013340625 0.2091598140625 0.20952394062500002 0.2091598140625 0.20952394062500002 0.217112115625 0.216013340625 0.217112115625 0.216013340625 0.2091598140625
12 0.834046053125 0.7073355265625 0.8261111109374999 0.7073355265625 0.8261111109374999 0.720153509375 0.834046053125 0.720153509375 0.834046053125 0.7073355265625
12 0.610066703125 0.7242064140625 0.6008726249999999 0.7242064140625 0.6008726249999999 0.7369777953125001 0.610066703125 0.7369777953125001 0.610066703125 0.7242064140625
12 0.26618146875000004 0.573094846875 0.258719846875 0.573094846875 0.258719846875 0.5812033984375 0.26618146875000004 0.5812033984375 0.26618146875000004 0.573094846875
12 0.2172094296875 0.40697368437500003 0.21076937187499997 0.40697368437500003 0.21076937187499997 0.4177357453125 0.2172094296875 0.4177357453125 0.2172094296875 0.40697368437500003
12 0.260857090625 0.6442639796875 0.255257675 0.6442639796875 0.255257675 0.6528577296875 0.260857090625 0.6528577296875 0.260857090625 0.6442639796875
12 0.675247625 0.46593338749999996 0.668502375 0.46593338749999996 0.668502375 0.47449424375 0.675247625 0.47449424375 0.675247625 0.46593338749999996
12 0.26557565781250003 0.6283867875 0.2515149859375 0.6283867875 0.2515149859375 0.635774396875 0.26557565781250003 0.635774396875 0.26557565781250003 0.6283867875
12 0.1126471125 0.3981578953125 0.10219572343750001 0.3981578953125 0.10219572343750001 0.41190241250000004 0.1126471125 0.41190241250000004 0.1126471125 0.3981578953125
12 0.7343512421875 0.52540021875 0.725608553125 0.52540021875 0.725608553125 0.53587719375 0.7343512421875 0.53587719375 0.7343512421875 0.52540021875
12 0.2746290203125 0.228237390625 0.268338815625 0.228237390625 0.268338815625 0.2397779609375 0.2746290203125 0.2397779609375 0.2746290203125 0.228237390625
12 0.4580619515625 0.3020778515625 0.44623629375 0.3020778515625 0.44623629375 0.31974780625 0.4580619515625 0.31974780625 0.4580619515625 0.3020778515625
12 0.544575109375 0.6802261515625 0.5364811765625 0.6802261515625 0.5364811765625 0.690870340625 0.544575109375 0.690870340625 0.544575109375 0.6802261515625
12 0.14383406406250002 0.670475603125 0.1381469296875 0.670475603125 0.1381469296875 0.6786472046875 0.14383406406250002 0.6786472046875 0.14383406406250002 0.670475603125
12 0.2816949921875 0.7560142546875 0.2739702125 0.7560142546875 0.2739702125 0.7674232453125 0.2816949921875 0.7674232453125 0.2816949921875 0.7560142546875
12 0.0624460890625 0.09335526250000001 0.0557775953125 0.09335526250000001 0.0557775953125 0.10275219375 0.0624460890625 0.10275219375 0.0624460890625 0.09335526250000001
12 0.13646290156250002 0.9170614031250001 0.12672057812499998 0.9170614031250001 0.12672057812499998 0.9330372812500001 0.13646290156250002 0.9330372812500001 0.13646290156250002 0.9170614031250001
12 0.2863797515625 0.45229852031249995 0.28051352343749997 0.45229852031249995 0.28051352343749997 0.46102933124999995 0.2863797515625 0.46102933124999995 0.2863797515625 0.45229852031249995
12 0.1374579671875 0.961171875 0.12767726562499998 0.961171875 0.12767726562499998 0.9753522484375001 0.1374579671875 0.9753522484375001 0.1374579671875 0.961171875
12 0.1237372078125 0.8219942437500001 0.10978252968749999 0.8219942437500001 0.10978252968749999 0.8376713265625 0.1237372078125 0.8376713265625 0.1237372078125 0.8219942437500001
12 0.03028965625 0.8891940796875 0.021439145312499998 0.8891940796875 0.021439145312499998 0.9023081140625001 0.03028965625 0.9023081140625001 0.03028965625 0.8891940796875
12 0.1353618421875 0.25151727031250004 0.1287975140625 0.25151727031250004 0.1287975140625 0.260078125 0.1353618421875 0.260078125 0.1353618421875 0.25151727031250004
12 0.9129906796875 0.920047971875 0.8995093203125 0.920047971875 0.8995093203125 0.938839090625 0.9129906796875 0.938839090625 0.9129906796875 0.920047971875
12 0.8365259500000001 0.7367982453125 0.8275383765625 0.7367982453125 0.8275383765625 0.750016446875 0.8365259500000001 0.750016446875 0.8365259500000001 0.7367982453125
12 0.273219115625 0.25020696249999996 0.26584521250000004 0.25020696249999996 0.26584521250000004 0.2650507125 0.273219115625 0.2650507125 0.273219115625 0.25020696249999996
12 0.2654486484375 0.130774396875 0.26042854531250004 0.130774396875 0.26042854531250004 0.138573190625 0.2654486484375 0.138573190625 0.2654486484375 0.130774396875
12 0.18277138125 0.1366365125 0.17660361875 0.1366365125 0.17660361875 0.14644462656249999 0.18277138125 0.14644462656249999 0.18277138125 0.1366365125
12 0.0279979890625 0.2841913375 0.0223565421875 0.2841913375 0.0223565421875 0.29259046093749996 0.0279979890625 0.29259046093749996 0.0279979890625 0.2841913375
12 0.1188934578125 0.9686910640624999 0.108646746875 0.9686910640624999 0.108646746875 0.9839459984375001 0.1188934578125 0.9839459984375001 0.1188934578125 0.9686910640624999
12 0.29347861875 0.01283031875 0.2885535453125 0.01283031875 0.2885535453125 0.021160909375000002 0.29347861875 0.021160909375000002 0.29347861875 0.01283031875
12 0.168232821875 0.074942434375 0.1618439328125 0.074942434375 0.1618439328125 0.0840871703125 0.168232821875 0.0840871703125 0.168232821875 0.074942434375
12 0.1642086984375 0.12205043906249999 0.15854349375000001 0.12205043906249999 0.15854349375000001 0.1304495609375 0.1642086984375 0.1304495609375 0.1642086984375 0.12205043906249999
12 0.2452768640625 0.11087719375 0.2398291296875 0.11087719375 0.2398291296875 0.118739034375 0.2452768640625 0.118739034375 0.2452768640625 0.11087719375
12 0.811509503125 0.7677974234375 0.8037244156250001 0.7677974234375 0.8037244156250001 0.7834745062499999 0.811509503125 0.7834745062499999 0.811509503125 0.7677974234375
12 0.12042214843750002 0.0005523578125000001 0.111876828125 0.0005523578125000001 0.111876828125 0.011234923437499999 0.12042214843750002 0.011234923437499999 0.12042214843750002 0.0005523578125000001
12 0.586091009375 0.7206565234375 0.4851991953125 0.7206565234375 0.4851991953125 0.8042447921875 0.586091009375 0.8042447921875 0.586091009375 0.7206565234375
12 0.303908990625 0.0679303734375 0.2966758046875 0.0679303734375 0.2966758046875 0.07947094375 0.303908990625 0.07947094375 0.303908990625 0.0679303734375
12 0.19615405625 0.07163103125 0.19105354531250002 0.07163103125 0.19105354531250002 0.0793393640625 0.19615405625 0.0793393640625 0.19615405625 0.07163103125
12 0.183472221875 0.9609443531249999 0.1749269 0.9609443531249999 0.1749269 0.9741159546875 0.183472221875 0.9741159546875 0.183472221875 0.9609443531249999
12 0.08192799687499999 0.02113486875 0.0756633765625 0.02113486875 0.0756633765625 0.029402412500000003 0.08192799687499999 0.029402412500000003 0.08192799687499999 0.02113486875
12 1 0.5948752734375 0.9902878296875001 0.5948752734375 0.9902878296875001 0.626073190625 1 0.626073190625 1 0.5948752734375
12 0.033141446875 0.90548656875 0.024596125 0.90548656875 0.024596125 0.9197108 0.033141446875 0.9197108 0.033141446875 0.90548656875
12 0.1741712359375 0.63079906875 0.162254203125 0.63079906875 0.162254203125 0.65899808125 0.1741712359375 0.65899808125 0.1741712359375 0.63079906875
12 0.01446180625 0.0619860203125 0.0102129015625 0.0619860203125 0.0102129015625 0.07003152343749999 0.01446180625 0.07003152343749999 0.01446180625 0.0619860203125
12 0.41462536562499996 0.5463267546874999 0.40764071562500004 0.5463267546874999 0.40764071562500004 0.5537719296875 0.41462536562499996 0.5537719296875 0.41462536562499996 0.5463267546874999
12 0.051085526562500004 0.8788815796874999 0.0372916671875 0.8788815796874999 0.0372916671875 0.897971490625 0.051085526562500004 0.897971490625 0.051085526562500004 0.8788815796874999
12 0.1764482828125 0.40020010937499995 0.170719115625 0.40020010937499995 0.170719115625 0.40986019687499997 0.1764482828125 0.40986019687499997 0.1764482828125 0.40020010937499995
12 0.224464546875 0.8579276312499999 0.21523209062499998 0.8579276312499999 0.21523209062499998 0.8720504390625001 0.224464546875 0.8720504390625001 0.224464546875 0.8579276312499999
12 0.24166849375 0.5075233 0.1882620609375 0.5075233 0.1882620609375 0.555223409375 0.24166849375 0.555223409375 0.24166849375 0.5075233
12 1 0.7996217109375 0.9316410812499999 0.7996217109375 0.9316410812499999 0.8644407890625001 1 0.8644407890625001 1 0.7996217109375
12 0.310921965625 0.0733977515625 0.303825840625 0.0733977515625 0.303825840625 0.0816022484375 0.310921965625 0.0816022484375 0.310921965625 0.0733977515625
12 0.235457784375 0.6194915015625 0.199110928125 0.6194915015625 0.199110928125 0.7215720937500001 0.235457784375 0.7215720937500001 0.235457784375 0.6194915015625
12 0.19441246406249998 0.40736293906250004 0.14445449531250001 0.40736293906250004 0.14445449531250001 0.504501096875 0.19441246406249998 0.504501096875 0.19441246406249998 0.40736293906250004
12 0.99885599375 0.5822299890625 0.9581761703125 0.5822299890625 0.9581761703125 0.67607045 0.99885599375 0.67607045 0.99885599375 0.5822299890625
12 0.9962774124999999 0.0673821265625 0.852355628125 0.0673821265625 0.852355628125 0.3489994515625 0.9962774124999999 0.3489994515625 0.9962774124999999 0.0673821265625
12 0.0920869890625 0.7373656796875 0.0447551171875 0.7373656796875 0.0447551171875 0.9955455046875 0.0920869890625 0.9955455046875 0.0920869890625 0.7373656796875
12 0.87793676875 0.7734703953125 0.85350694375 0.7734703953125 0.85350694375 0.8070942984375 0.87793676875 0.8070942984375 0.87793676875 0.7734703953125
12 0 0.322309484375 0.0712582234375 0.322309484375 0.0712582234375 0.1599876640625 0 0.1599876640625 0 0.322309484375
12 0.6184685671875 0.0151069078125 0.3751827484375 0.0151069078125 0.3751827484375 0.20956414531249998 0.6184685671875 0.20956414531249998 0.6184685671875 0.0151069078125
12 0 0.1945038375 0.064850146875 0.1945038375 0.064850146875 0.11842379375 0 0.11842379375 0 0.1945038375
12 0.8598327843750001 0.169280428125 0.7505180921875 0.169280428125 0.7505180921875 0.3423149671875 0.8598327843750001 0.3423149671875 0.8598327843750001 0.169280428125
12 0.8533324203125 0.889000821875 0.7980345390625 0.889000821875 0.7980345390625 0.9449849234375 0.8533324203125 0.9449849234375 0.8533324203125 0.889000821875
12 0.20844206875000001 0.5857771374999999 0.1819380484375 0.5857771374999999 0.1819380484375 0.647621984375 0.20844206875000001 0.647621984375 0.20844206875000001 0.5857771374999999
12 0.7316282890625 1 0.7316282890625 0.8643037281250001 0.4978636703125 0.8643037281250001 0.4978636703125 1 0.7316282890625 1
11 0 0 0 0.6899671046875 0.007127193749999999 0.6954495609375 0.011513157812499999 0.7061403515625 0.011513157812499999 0.7135416671875 0.009685671875 0.7173793859375001 0.0056652046875 0.71957236875 0 0.7201206140624999 0 0.9997258765625 0.1997441515625 0.9997258765625 0.2063231 0.984375 0.211257309375 0.9564144734375001 0.2172880109375 0.9358552625 0.2200292390625 0.9229714906250001 0.2233187140625 0.884320175 0.2278874265625 0.8596491234375 0.230811403125 0.8385416671874999 0.23282163749999998 0.7938596484375 0.235562865625 0.762883771875 0.237938596875 0.74917763125 0.24031432812500003 0.7453399125 0.24287280625 0.74616228125 0.24616228125 0.75 0.253106725 0.75383771875 0.2604166671875 0.7634320171875 0.2680921046875 0.7689144734375 0.27521929843750004 0.7771381578125001 0.28125 0.7815241234375 0.2880116953125 0.7883771937499999 0.309393275 0.8015350874999999 0.318347953125 0.80537280625 0.32913011718749996 0.814418859375 0.35855263125 0.8259320171875 0.42068713437499994 0.83662280625 0.44152046718750004 0.8368969296875 0.46637426875 0.8316885968750001 0.4775219296875 0.8305921046875 0.53125 0.8292214906250001 0.5681652046875 0.8264802625 0.5952119890625001 0.8201754390625 0.646564328125 0.8141447375 0.6688596484375 0.8081140343750001 0.6807383046875 0.80701754375 0.737024853125 0.8064692984375 0.8114035093749999 0.803179825 0.8368055562500001 0.80400219375 0.847953215625 0.80537280625 0.8548976609375 0.8075657890624999 0.8618421046875 0.8114035093749999 0.8697002921875001 0.8103070171875 0.872989765625 0.8081140343750001 0.8739035093749999 0.8020833328125001 0.8735380109375 0.7966008765625 0.8517909359375 0.7486293859375001 0.8461257312500001 0.73821271875 0.8404605265624999 0.7236842109375 0.834064328125 0.7127192984375 0.826937134375 0.6951754390625 0.8205409359375 0.6844846484375 0.8157894734375001 0.671875 0.8123172515625001 0.6658442984375 0.7838084796875 0.601973684375 0.777777778125 0.5860745609375 0.765533625 0.5649671046875 0.6734283624999999 0.42845394687500005 0.6505847953125 0.4015899125 0.6388888890625 0.3892543859375 0.615314328125 0.36896929843750004 0.5822368421874999 0.336348684375 0.5712719296875 0.3297697375 0.5643274859375 0.3240131578125 0.55391081875 0.318804825 0.544956140625 0.311403509375 0.53051900625 0.3048245609375 0.523026315625 0.2982456140625 0.5100511703125 0.292489034375 0.49689327499999997 0.2845394734375 0.47277046718750004 0.27412280624999996 0.46637426875 0.2724780703125 0.4533991234375 0.2713815796875 0.4172149125 0.27165570156249996 0.40222953281249996 0.2743969296875 0.3934576015625 0.2796052625 0.3766447375 0.2861842109375 0.366045321875 0.29303728125 0.3505116953125 0.2985197375 0.34301900625 0.3048245609375 0.334429825 0.30866228125 0.328033625 0.3146929828125 0.319992690625 0.3201754390625 0.3033625734375 0.337171053125 0.294956140625 0.3442982453125 0.290570175 0.3495065796875 0.282346490625 0.3552631578125 0.278143275 0.3607456140625 0.2733918125 0.36321271875 0.2662646203125 0.36896929843750004 0.262975146875 0.368421053125 0.25840643281250003 0.362116228125 0.253106725 0.3580043859375 0.25073099375 0.3536184203125 0.2505482453125 0.3415570171875 0.2578581875 0.3229166671875 0.2618786546875 0.304276315625 0.268274853125 0.290296053125 0.2708333328125 0.280153509375 0.271929825 0.2669956140625 0.278143275 0.23108552656249998 0.2810672515625 0.2192982453125 0.2880116953125 0.1828399125 0.2931286546875 0.163651315625 0.296966375 0.136239034375 0.3057383046875 0.1033442984375 0.30866228125 0.070723684375 0.31048976562499997 0.058388157812499994 0.312134503125 0.0518092109375 0.3174342109375 0.037554825 0.3203581875 0.013706140624999998 0.3198099421875 0 0 0