12 0.76037280625 0.5816899671875 0.625365496875 0.5816899671875 0.625365496875 0.7147848140625 0.76037280625 0.7147848140625 0.76037280625 0.5816899671875
12 0.331726059375 0.6599575109375 0.16094937812500001 0.6599575109375 0.16094937812500001 0.8415063046875 0.331726059375 0.8415063046875 0.331726059375 0.6599575109375
12 0.2711494890625 0.49944353125 0.17391995625 0.49944353125 0.17391995625 0.58600603125 0.2711494890625 0.58600603125 0.2711494890625 0.49944353125
12 0.7186275578125 0.266739309375 0.6163322375 0.266739309375 0.6163322375 0.3821861296875 0.7186275578125 0.3821861296875 0.7186275578125 0.266739309375
12 0.31753655 0.4286499453125 0.24789473750000002 0.4286499453125 0.24789473750000002 0.52496299375 0.31753655 0.52496299375 0.31753655 0.4286499453125
12 0.556275584375 0.5689994515625 0.41784722187499995 0.5689994515625 0.41784722187499995 0.7881770828125 0.556275584375 0.7881770828125 0.556275584375 0.5689994515625
12 0.22563230937499998 0.778747259375 0.171341375 0.778747259375 0.171341375 0.83990405625 0.22563230937499998 0.83990405625 0.22563230937499998 0.778747259375
12 0.751937134375 0.4275507125 0.6923976609375 0.4275507125 0.6923976609375 0.5026247265625 0.751937134375 0.5026247265625 0.751937134375 0.4275507125
12 0.4279788015625 0.6565926531249999 0.3645029234375 0.6565926531249999 0.3645029234375 0.732809759375 0.4279788015625 0.732809759375 0.4279788015625 0.6565926531249999
12 0.2012929453125 0.8046916124999999 0.168334246875 0.8046916124999999 0.168334246875 0.8432579499999999 0.2012929453125 0.8432579499999999 0.2012929453125 0.8046916124999999
12 0.091856725 0.7893215453125 0.059630848437499995 0.7893215453125 0.059630848437499995 0.8439788921875 0.091856725 0.8439788921875 0.091856725 0.7893215453125
12 0.49014254375000005 0.2446408984375 0.4493092109375 0.2446408984375 0.4493092109375 0.2841694078125 0.49014254375000005 0.2841694078125 0.49014254375000005 0.2446408984375
12 0.93011513125 0.6714925984375 0.793517909375 0.6714925984375 0.793517909375 0.8028714359375 0.93011513125 0.8028714359375 0.93011513125 0.6714925984375
11 0.0126096484375 0.62116228125 0.016812865625 0.623081140625 0.0177266078125 0.6274671046875 0.0177266078125 0.6318530703125 0.0126096484375 0.6463815796875 0.010416667187500001 0.649671053125 0.008954678125 0.65707236875 0.0087719296875 0.671875 0.009868420312499999 0.6844846484375 0.01169590625 0.6946271937499999 0.0126096484375 0.7110745609375 0.016812865625 0.7129934203125 0.025584795312500002 0.71326754375 0.028691520312500003 0.7108004390625 0.0365497078125 0.700383771875 0.038011695312499996 0.7001096484375 0.0403874265625 0.7077850875 0.0407529234375 0.7220394734375 0.0422149125 0.73053728125 0.045687134375 0.7401315796875 0.047331871875 0.7420504390625 0.0500731 0.7431469296875 0.050438596875 0.7442434203125 0.0500731 0.7524671046875 0.043128654687500004 0.7494517546874999 0.037828946875000005 0.7494517546874999 0.035453215625 0.758223684375 0.0365497078125 0.7634320171875 0.04148391875 0.7702850875 0.04148391875 0.7842653515625 0.039656432812499996 0.8081140343750001 0.037828946875000005 0.8193530703125 0.0341739765625 0.8256578953125 0.03198099375 0.8316885968750001 0.0299707609375 0.8423793859375 0.0294225140625 0.8506030703125 0.0299707609375 0.8566337718750001 0.03125 0.8604714906250001 0.0376461984375 0.86485745625 0.055190057812500005 0.8689692984375 0.073099415625 0.8708881578125001 0.1056286546875 0.8700657890624999 0.1282894734375 0.8717105265624999 0.22916666718749998 0.86787280625 0.256578946875 0.865679825 0.2658991234375 0.8629385968750001 0.278508771875 0.85553728125 0.2955043859375 0.8536184203125 0.3446637421875 0.8563596484374999 0.36787280624999996 0.8599232453125 0.378106725 0.8643092109375001 0.3876096484375 0.866776315625 0.4036915203125 0.8681469296875 0.4186769 0.8659539468749999 0.44170321562500003 0.8604714906250001 0.4572368421875 0.8599232453125 0.4760599421875 0.8615679828125 0.4901315796875 0.8615679828125 0.528508771875 0.8580043859375 0.5555555562500001 0.8533442984375 0.575475146875 0.845668859375 0.5950292390625 0.8396381578125001 0.60398391875 0.8338815796875 0.6204312859375001 0.8264802625 0.6317616953125 0.81798245625 0.6385233921875 0.8149671046875 0.6463815796875 0.8078399125000001 0.65551900625 0.804276315625 0.6752558484375 0.789473684375 0.67891081875 0.7853618421874999 0.6838450296875 0.7817982453125001 0.690972221875 0.7790570171875 0.6970029234374999 0.7741228062500001 0.7138157890625 0.7650767546874999 0.719115496875 0.759046053125 0.7302631578125001 0.75383771875 0.7364766078125 0.748081140625 0.741776315625 0.745614034375 0.7494517546874999 0.7401315796875 0.75548245625 0.7330043859375001 0.7638888890625 0.7272478062500001 0.7688231 0.721491228125 0.77741228125 0.7154605265625 0.783991228125 0.7064144734375 0.790935671875 0.7017543859375001 0.794956140625 0.6954495609375 0.8033625734375001 0.68832236875 0.8177997078124999 0.6669407890625 0.8209064328125001 0.6576206140624999 0.826937134375 0.6515899125 0.8320540937500001 0.643366228125 0.8408260234375 0.634320175 0.8494152046875 0.622258771875 0.8554459062499999 0.6165021937499999 0.8620248531250001 0.6063596484375 0.8669590640625 0.6022478062500001 0.8717105265624999 0.59375 0.880116959375 0.5841557015625 0.885599415625 0.5751096484375 0.8870614031249999 0.5712719296875 0.8930921046875 0.5638706140624999 0.8963815796875 0.5564692984375 0.9038742687499999 0.546875 0.91173245625 0.53125 0.915570175 0.5260416671875 0.9245248531250001 0.5024671046875 0.9270833328125001 0.49780701718750003 0.929276315625 0.4901315796875 0.934027778125 0.4657346484375 0.9356725140625001 0.45531798281249997 0.9364035093749999 0.44462719375 0.9362207609375 0.42790570156249996 0.93366228125 0.39912280624999996 0.9311038015624999 0.37582236875 0.9274488296875001 0.35334429843750004 0.926900584375 0.34018640312500004 0.9276315796875 0.3305921046875 0.92891081875 0.326206140625 0.9322002921875001 0.32264254375 0.937865496875 0.321546053125 0.9497441515625 0.330866228125 0.9528508765625 0.3322368421875 0.9614400578125 0.3349780703125 0.9808114031249999 0.33771929843750004 0.98355263125 0.339364034375 0.9848318718750001 0.3421052625 0.9872076015625 0.3434758765625 0.9888523390625 0.3423793859375 0.9888523390625 0.3415570171875 0.9872076015625 0.330866228125 0.979349415625 0.3127741234375 0.97733918125 0.3045504390625 0.9749634500000001 0.3020833328125 0.9592470765625001 0.295778509375 0.9497441515625 0.288651315625 0.933296784375 0.282346490625 0.903143275 0.2623355265625 0.8837719296875 0.256304825 0.8737207609375 0.2494517546875 0.86019736875 0.24451754375 0.85398391875 0.240953946875 0.8419225140625001 0.2294407890625 0.8329678359375 0.21875 0.8265716375000001 0.20860745625 0.8214546781250001 0.20339912343750002 0.815606725 0.194078946875 0.7913011703125 0.1672149125 0.7721125734375 0.1504934203125 0.7615131578125001 0.137883771875 0.74616228125 0.1247258765625 0.73044590625 0.10855263125 0.721491228125 0.10197368437500001 0.7156432749999999 0.095668859375 0.7083333328125 0.09018640312500001 0.7021198828124999 0.08360745625 0.694078946875 0.078125 0.6891447375 0.0723684203125 0.680921053125 0.06606359687499999 0.6754385968750001 0.0600328953125 0.6652046781250001 0.0529057015625 0.6584429828125 0.046875 0.640168128125 0.0359100875 0.6160453218749999 0.027412281249999997 0.609283625 0.02412280625 0.5990497078125 0.0213815796875 0.5822368421874999 0.018640351562499997 0.567616959375 0.0180921046875 0.5422149125 0.021929825 0.515168128125 0.030975876562499997 0.494883040625 0.040844298437499996 0.47569444375 0.046875 0.445723684375 0.0592105265625 0.425438596875 0.071820175 0.411366959375 0.0849780703125 0.4060672515625 0.09292763125 0.40186403437499996 0.09758771875 0.3874269 0.1189692984375 0.38121345 0.132401315625 0.3744517546875 0.1436403515625 0.3686038015625 0.1576206140625 0.36165935625 0.1688596484375 0.35599415156249997 0.1822916671875 0.3486842109375 0.19380482500000001 0.343384503125 0.20696271875 0.336257309375 0.21847587656249998 0.3313231 0.230811403125 0.3232821640625 0.24287280625 0.31871345 0.251918859375 0.3157894734375 0.256304825 0.3125 0.259320175 0.305921053125 0.27110745625 0.297331871875 0.282346490625 0.2911184203125 0.292489034375 0.285453215625 0.2982456140625 0.2807017546875 0.3067434203125 0.27503655 0.3127741234375 0.265716375 0.327028509375 0.258223684375 0.336348684375 0.2556652046875 0.3421052625 0.24926900624999998 0.3514254390625 0.24579678437500002 0.358278509375 0.2408625734375 0.3697916671875 0.233918128125 0.3829495609375 0.2282529234375 0.397203946875 0.22167397656249999 0.408991228125 0.21637426875000002 0.42132675468749997 0.2061403515625 0.43612938593750006 0.203033625 0.44188596562500004 0.196454678125 0.4481907890625 0.192616959375 0.45559210468750005 0.1900584796875 0.4588815796875 0.18512426875000002 0.4629934203125 0.1774488296875 0.476151315625 0.1716008765625 0.48273026249999995 0.1661184203125 0.49451754374999995 0.16319444375 0.49835526249999995 0.1591739765625 0.5013706140624999 0.150402046875 0.5178179828125 0.1471125734375 0.5197368421874999 0.1443713453125 0.523026315625 0.14016812812499999 0.533991228125 0.137975146875 0.5364583328125 0.133223684375 0.538651315625 0.13176169531249998 0.540570175 0.127010234375 0.5564692984375 0.125365496875 0.5589364031249999 0.121527778125 0.560581140625 0.11878655 0.56332236875 0.112938596875 0.5803179828125 0.10672514687500001 0.580866228125 0.10361842031249999 0.5833333328125 0.10197368437500001 0.580043859375 0.1038011703125 0.57730263125 0.10453216406250002 0.5712719296875 0.10361842031249999 0.566885965625 0.10197368437500001 0.5641447375 0.09996345 0.5627741234375 0.09301900625000001 0.56633771875 0.0873538015625 0.5671600875 0.0822368421875 0.5627741234375 0.077668128125 0.5556469296875 0.0743786546875 0.5537280703125 0.066703215625 0.556195175 0.062134503125 0.5592105265625 0.050438596875 0.578125 0.0376461984375 0.5759320171875 0.02576754375 0.5660635968750001 0.023757309375 0.5657894734375 0.012061403125 0.566885965625 0.0063961984375 0.571546053125 0.004203215625 0.575383771875 0.0025584796875 0.5811403515625 0.0025584796875 0.5838815796875 0.0080409359375 0.6129385968750001 0.009868420312499999 0.6173245609375 0.0126096484375 0.62116228125