12 0.5805783984375 0.46107593125 0.49561312187500006 0.46107593125 0.49561312187500006 0.6052014796875 0.5805783984375 0.6052014796875 0.5805783984375 0.46107593125
12 0.514799890625 0.5104166671875 0.44444353124999997 0.5104166671875 0.44444353124999997 0.6841008765625001 0.514799890625 0.6841008765625001 0.514799890625 0.5104166671875
12 0.5969855625 0.5227658984375 0.5416876828125 0.5227658984375 0.5416876828125 0.9215707234374999 0.5969855625 0.9215707234374999 0.5969855625 0.5227658984375
12 0.4067680921875 0.1829235203125 0.3320001828125 0.1829235203125 0.3320001828125 0.7296751640625 0.4067680921875 0.7296751640625 0.4067680921875 0.1829235203125
12 0.652709246875 0.605071271875 0.6041255484375 0.605071271875 0.6041255484375 0.94326754375 0.652709246875 0.94326754375 0.652709246875 0.605071271875
12 0.097823465625 0.0093393640625 0.04231176875 0.0093393640625 0.04231176875 0.4762582234375 0.097823465625 0.4762582234375 0.097823465625 0.0093393640625
12 0.320967653125 0.194273575 0.2639921421875 0.194273575 0.2639921421875 0.65240405625 0.320967653125 0.65240405625 0.320967653125 0.194273575
12 0.73803728125 0.694473684375 0.6252448828125 0.694473684375 0.6252448828125 0.8509375 0.73803728125 0.8509375 0.73803728125 0.694473684375
12 0.340911915625 0.000367325 0.23965460468750002 0.000367325 0.23965460468750002 0.101716009375 0.340911915625 0.101716009375 0.340911915625 0.000367325
12 0.24084429843750002 0.24289062499999997 0.076293859375 0.24289062499999997 0.076293859375 0.5547190234375 0.24084429843750002 0.5547190234375 0.24084429843750002 0.24289062499999997
12 0.44088724375000005 0.23922834375000002 0.349639071875 0.23922834375000002 0.349639071875 0.4880688046875 0.44088724375000005 0.4880688046875 0.44088724375000005 0.23922834375000002
12 0.7178947375 0.2979125546875 0.642456140625 0.2979125546875 0.642456140625 0.624938321875 0.7178947375 0.624938321875 0.7178947375 0.2979125546875
12 0.13427814375 0.0113527953125 0.03320358125 0.0113527953125 0.03320358125 0.9825452296874999 0.13427814375 0.9825452296874999 0.13427814375 0.0113527953125
12 0.4845586625 0.85450795 0.27081414531250003 0.85450795 0.27081414531250003 0.9794777953124999 0.4845586625 0.9794777953124999 0.4845586625 0.85450795
12 0.9743649484375 0.0086499453125 0.65649396875 0.0086499453125 0.65649396875 0.163192159375 0.9743649484375 0.163192159375 0.9743649484375 0.0086499453125
12 0.9885252187500001 0.129364034375 0.6472167390625 0.129364034375 0.6472167390625 0.34268092031249997 0.9885252187500001 0.34268092031249997 0.9885252187500001 0.129364034375
12 0.3455500734375 0.0818489578125 0.272125365625 0.0818489578125 0.272125365625 0.34259183125 0.3455500734375 0.34259183125 0.3455500734375 0.0818489578125
12 0.6410517171875 0.0081483 0.44976699531250003 0.0081483 0.44976699531250003 0.2602837171875 0.6410517171875 0.2602837171875 0.6410517171875 0.0081483
12 0.6622925796875 0.0000013703124999999999 0.4939574203125 0.0000013703124999999999 0.4939574203125 0.047608278125 0.6622925796875 0.047608278125 0.6622925796875 0.0000013703124999999999
12 0.370788559375 0.7814021375 0.1892699203125 0.7814021375 0.1892699203125 0.954436678125 0.370788559375 0.954436678125 0.370788559375 0.7814021375
12 0.4743046421875 0.00347861875 0.343568165625 0.00347861875 0.343568165625 0.09594572343749999 0.4743046421875 0.09594572343749999 0.4743046421875 0.00347861875
12 0.953490496875 0.2813404609375 0.7144773390625 0.2813404609375 0.7144773390625 0.536773575 0.953490496875 0.536773575 0.953490496875 0.2813404609375
12 0.764892178125 0.80850191875 0.5485836984375 0.80850191875 0.5485836984375 0.9830002734375001 0.764892178125 0.9830002734375001 0.764892178125 0.80850191875
12 0.335174525 0.1050328953125 0.24636787343750002 0.1050328953125 0.24636787343750002 0.16339912343750002 0.335174525 0.16339912343750002 0.335174525 0.1050328953125
12 0.9999990859375 0.0029290015625 0.794372259375 0.0029290015625 0.794372259375 0.075393365625 0.9999990859375 0.075393365625 0.9999990859375 0.0029290015625
11 0.2319078953125 0 0.2275219296875 0.0041118421875 0.206688596875 0.011239034375 0.205043859375 0.0134320171875 0.2041301171875 0.015350876562499999 0.20522660781250002 0.017543859375 0.21290204687499997 0.0265899125 0.2174707609375 0.028508771874999998 0.2288011703125 0.029879385937500003 0.2381213453125 0.03508771875 0.24067982500000001 0.03837719375 0.24323830468750002 0.044133771875 0.244883040625 0.050986842187500006 0.2450657890625 0.0603070171875 0.24725877187499998 0.06414473750000001 0.2658991234375 0.070723684375 0.277046784375 0.0731907890625 0.30281432812500003 0.07209429843750001 0.30537280624999996 0.0756578953125 0.305921053125 0.078125 0.30646929843750004 0.08662280624999999 0.3037280703125 0.091008771875 0.2775950296875 0.0951206140625 0.258954678125 0.10142543906249998 0.25347222187499996 0.10471491250000001 0.24305555625 0.10553728124999999 0.2404970765625 0.1069078953125 0.2353801171875 0.112938596875 0.23519736875000002 0.11677631562499999 0.23830409375 0.126096490625 0.23720760156249998 0.1411732453125 0.237938596875 0.1513157890625 0.2399488296875 0.162828946875 0.23958333281250002 0.1724232453125 0.23775584843750003 0.18667763125 0.235562865625 0.1962719296875 0.22551169531249998 0.2203947375 0.22423245625 0.22505482500000001 0.22404970781250003 0.2294407890625 0.2275219296875 0.23903508750000002 0.2302631578125 0.2423245609375 0.2501827484375 0.252741228125 0.259320175 0.2653508765625 0.26955409375 0.2713815796875 0.2783260234375 0.2743969296875 0.2814327484375 0.2782346484375 0.28198099375 0.2900219296875 0.2807017546875 0.304276315625 0.2783260234375 0.3138706140625 0.274671053125 0.32264254375 0.27284356718749997 0.3314144734375 0.2686403515625 0.3643092109375 0.2658991234375 0.392543859375 0.2609649125 0.41940789531249995 0.2567616953125 0.4533991234375 0.2567616953125 0.470668859375 0.260599415625 0.5263157890625 0.2624269 0.5408442984375 0.26900584843750003 0.5657894734375 0.2708333328125 0.5783991234375 0.272295321875 0.58360745625 0.2790570171875 0.5934758765625 0.283991228125 0.6088267546874999 0.31176900625 0.6502192984375 0.318347953125 0.6557017546874999 0.3229166671875 0.663651315625 0.3298611109375 0.6688596484375 0.33534356718749997 0.6776315796875 0.341008771875 0.680921053125 0.348135965625 0.690241228125 0.35599415156249997 0.6943530703125 0.3611111109375 0.7014802625 0.36896929843750004 0.7061403515625 0.3748172515625 0.71326754375 0.380847953125 0.7171052625 0.3874269 0.725328946875 0.4139254390625 0.7516447375 0.419225146875 0.7557565796875 0.426169590625 0.764528509375 0.43347953281249996 0.7705592109375 0.43823099374999996 0.7771381578125001 0.444992690625 0.78207236875 0.4510233921875 0.7891995609375 0.4586988296875 0.794956140625 0.46399853750000003 0.8012609656249999 0.49067982499999996 0.8267543859375 0.5201023390625 0.8525219296875 0.56633771875 0.8900767546875 0.601973684375 0.9172149125000001 0.60855263125 0.9202302625 0.6182383046875 0.9287280703125 0.630116959375 0.9358552625 0.63834064375 0.9424342109375001 0.646929825 0.9462719296875 0.655884503125 0.9528508765625 0.672331871875 0.9597039468749999 0.6827485375 0.966831140625 0.7002923984375 0.9731359656249999 0.7088815796875 0.9777960531250001 0.7264254390625 0.9832785093749999 0.744152046875 0.9909539468749999 0.7618786546874999 0.9920504390625 0.7722953218749999 0.9904057015625 0.775402046875 0.9887609656249999 0.7783260234375 0.9846491234375 0.780153509375 0.976973684375 0.7803362578125 0.9720394734375001 0.7794225140625 0.9640899125000001 0.7796052625 0.9339364031249999 0.7922149125 0.9333881578125001 0.7927631578125001 0.9399671046875 0.796783625 0.95860745625 0.7982456140624999 0.962445175 0.7997076015625 0.9638157890624999 0.8117690062499999 0.9684758765625 0.821820175 0.9745065796875 0.8249269 0.9747807015625 0.8373172515625 0.9720394734375001 0.859466375 0.9734100874999999 0.878106725 0.9791666671874999 0.8868786546875 0.98355263125 0.9000084062499999 0.9832785093749999 0.9203216375000001 0.98519736875 0.9338450296874999 0.98355263125 0.9850146203125 0.9832785093749999 0.9875731 0.9841008765625 0.9904970765625001 0.9739583328125001 0.99616228125 0.9364035093749999 0.996527778125 0.89610745625 0.9998172515625001 0.8560855265624999 0.9998172515625001 0.5712719296875 0.9943347953125 0.559758771875 0.9923245609375 0.5474232453125001 0.9925073093749999 0.5408442984375 0.9954312859375 0.524945175 0.9998172515625001 0.5084978062500001 0.9998172515625001 0 0.2319078953125 0