12 0.764758771875 0.271929825 0.6619152046875 0.271929825 0.6619152046875 0.4452083328125 0.764758771875 0.4452083328125 0.764758771875 0.271929825
12 0.531799159375 0.35394325625 0.374450840625 0.35394325625 0.374450840625 0.58355674375 0.531799159375 0.58355674375 0.531799159375 0.35394325625
12 0.7003179828125 0.4153755484375 0.45983918125 0.4153755484375 0.45983918125 0.668610196875 0.7003179828125 0.668610196875 0.7003179828125 0.4153755484375
12 0.53491228125 0.5577398578125 0.288329678125 0.5577398578125 0.288329678125 0.81482045 0.53491228125 0.81482045 0.53491228125 0.5577398578125
12 0.0624232453125 0.6050260421875 0.0038596484374999996 0.6050260421875 0.0038596484374999996 0.747024396875 0.0624232453125 0.747024396875 0.0624232453125 0.6050260421875
12 0.3534429828125 0.2505975875 0.33894005781250003 0.2505975875 0.33894005781250003 0.2675932015625 0.3534429828125 0.2675932015625 0.3534429828125 0.2505975875
12 0.2415085890625 0.5430112390625 0.22968293125 0.5430112390625 0.22968293125 0.5607497265625 0.2415085890625 0.5607497265625 0.2415085890625 0.5430112390625
12 0.5926900578125001 0.25013843125 0.5830921046875 0.25013843125 0.5830921046875 0.26475191875 0.5926900578125001 0.26475191875 0.5926900578125001 0.25013843125
12 0.2651224421875 0.30424616250000003 0.2534338453125 0.30424616250000003 0.2534338453125 0.3212417765625 0.2651224421875 0.3212417765625 0.2651224421875 0.30424616250000003
12 0.222686403125 0.387176534375 0.21090643281250002 0.387176534375 0.21090643281250002 0.40457236874999997 0.222686403125 0.40457236874999997 0.222686403125 0.387176534375
12 0.4731907890625 0.32499588749999997 0.46333333281250005 0.32499588749999997 0.46333333281250005 0.3389459984375 0.4731907890625 0.3389459984375 0.4731907890625 0.32499588749999997
12 0.7398675078125 0.11389665625 0.7298583703125 0.11389665625 0.7298583703125 0.129266721875 0.7398675078125 0.129266721875 0.7398675078125 0.11389665625
12 0.6324460890625 0.1511595390625 0.6224369515625 0.1511595390625 0.6224369515625 0.16726151250000001 0.6324460890625 0.16726151250000001 0.6324460890625 0.1511595390625
12 0.4639784359375 0.429841009375 0.45594480937500004 0.429841009375 0.45594480937500004 0.44174342031249997 0.4639784359375 0.44174342031249997 0.4639784359375 0.429841009375
12 0.56532620625 0.167907071875 0.5557666296875 0.167907071875 0.5557666296875 0.18292077812500002 0.56532620625 0.18292077812500002 0.56532620625 0.167907071875
12 0.6596308484375 0.3762582234375 0.6509173984375 0.3762582234375 0.6509173984375 0.389120065625 0.6596308484375 0.389120065625 0.6596308484375 0.3762582234375
12 0.398814875 0.647502740625 0.3897596859375 0.647502740625 0.3897596859375 0.6591365125 0.398814875 0.6591365125 0.398814875 0.647502740625
12 0.7895577484375 0.12024396875000001 0.7797770468749999 0.12024396875000001 0.7797770468749999 0.1346408984375 0.7895577484375 0.1346408984375 0.7895577484375 0.12024396875000001
12 0.027939510937500002 0.5254152953125 0.0174113671875 0.5254152953125 0.0174113671875 0.5402590453125 0.027939510937500002 0.5402590453125 0.027939510937500002 0.5254152953125
12 0.3488541671875 0.5543119515625 0.3401114765625 0.5543119515625 0.3401114765625 0.5670257671875001 0.3488541671875 0.5670257671875001 0.3488541671875 0.5543119515625
12 0.406353253125 0.3015858 0.3954047875 0.3015858 0.3954047875 0.3151137609375 0.406353253125 0.3151137609375 0.406353253125 0.3015858
12 0.26273391875 0.48743284062500003 0.254356725 0.48743284062500003 0.254356725 0.500604440625 0.26273391875 0.500604440625 0.26273391875 0.48743284062500003
12 0.43207236875 0.6405509875 0.423885234375 0.6405509875 0.423885234375 0.6514391453124999 0.43207236875 0.6514391453124999 0.43207236875 0.6405509875
12 0.1569937859375 0.6946340453125 0.14818165156250002 0.6946340453125 0.14818165156250002 0.7064898578125 0.1569937859375 0.7064898578125 0.1569937859375 0.6946340453125
12 0.656937134375 0.32925575625 0.649703946875 0.32925575625 0.649703946875 0.3398122265625 0.656937134375 0.3398122265625 0.656937134375 0.32925575625
12 0.09584064375 0.3991927078125 0.0843347953125 0.3991927078125 0.0843347953125 0.4159936953125 0.09584064375 0.4159936953125 0.09584064375 0.3991927078125
12 0.3104440796875 0.76344709375 0.302838084375 0.76344709375 0.302838084375 0.774639528125 0.3104440796875 0.774639528125 0.3104440796875 0.76344709375
12 0.27695815 0.2431990125 0.26600968593749996 0.2431990125 0.26600968593749996 0.25851151250000004 0.27695815 0.25851151250000004 0.27695815 0.2431990125
12 0.6638267546875001 0.505862115625 0.652580409375 0.505862115625 0.652580409375 0.52318941875 0.6638267546875001 0.52318941875 0.6638267546875001 0.505862115625
12 0.7250539109374999 0.1617612390625 0.7173291296875 0.1617612390625 0.7173291296875 0.17423656875 0.7250539109374999 0.17423656875 0.7250539109374999 0.1617612390625
12 0.47831962656250004 0.37735334374999996 0.471387975 0.37735334374999996 0.471387975 0.38949424375 0.47831962656250004 0.38949424375 0.47831962656250004 0.37735334374999996
12 0.43538560000000004 0.5250657890625 0.4278965640625 0.5250657890625 0.4278965640625 0.5362116234375 0.43538560000000004 0.5362116234375 0.43538560000000004 0.5250657890625
12 0.39177083281249997 0.692938596875 0.384596125 0.692938596875 0.384596125 0.7037883765624999 0.39177083281249997 0.7037883765624999 0.39177083281249997 0.692938596875
12 0.2329075296875 0.751351425 0.22559027812500002 0.751351425 0.22559027812500002 0.763297696875 0.2329075296875 0.763297696875 0.2329075296875 0.751351425
12 0.40623172500000004 0.72124040625 0.3994334796875 0.72124040625 0.3994334796875 0.73188459375 0.40623172500000004 0.73188459375 0.40623172500000004 0.72124040625
12 0.1649671046875 0.5623314140625 0.1572989765625 0.5623314140625 0.1572989765625 0.573655428125 0.1649671046875 0.573655428125 0.1649671046875 0.5623314140625
12 0.7328572734375001 0.31706962656250004 0.7134329312500001 0.31706962656250004 0.7134329312500001 0.34430646875000004 0.7328572734375001 0.34430646875000004 0.7328572734375001 0.31706962656250004
12 0.8845513515625001 0.0953412828125 0.866424525 0.0953412828125 0.866424525 0.11138569062499999 0.8845513515625001 0.11138569062499999 0.8845513515625001 0.0953412828125
12 0.1798017171875 0.8024533984375 0.170783078125 0.8024533984375 0.170783078125 0.8147341015625 0.1798017171875 0.8147341015625 0.1798017171875 0.8024533984375
12 0.028572734375 0.6368791125000001 0.0186385234375 0.6368791125000001 0.0186385234375 0.6514487390625 0.028572734375 0.6514487390625 0.028572734375 0.6368791125000001
12 0.040485196875000004 0.6110868968750001 0.0315360015625 0.6110868968750001 0.0315360015625 0.624510690625 0.040485196875000004 0.624510690625 0.040485196875000004 0.6110868968750001
12 0.2500338078125 0.69582236875 0.24239674687499999 0.69582236875 0.24239674687499999 0.7075 0.2500338078125 0.7075 0.2500338078125 0.69582236875
12 0.2641438234375 0.823046875 0.256853984375 0.823046875 0.256853984375 0.8336910640624999 0.2641438234375 0.8336910640624999 0.2641438234375 0.823046875
12 0.0159502921875 0.5935197375000001 0.008633040625000001 0.5935197375000001 0.008633040625000001 0.60618969375 0.0159502921875 0.60618969375 0.0159502921875 0.5935197375000001
12 0.37855263125 0.5729495609375 0.371937134375 0.5729495609375 0.371937134375 0.5835471484375 0.37855263125 0.5835471484375 0.37855263125 0.5729495609375
12 0.714120065625 0.25204906875 0.7058031796875001 0.25204906875 0.7058031796875001 0.26650356406250003 0.714120065625 0.26650356406250003 0.714120065625 0.25204906875
12 0.0211988296875 0.7341447375000001 0.013165204687500001 0.7341447375000001 0.013165204687500001 0.74681469375 0.0211988296875 0.74681469375 0.0211988296875 0.7341447375000001
12 0.1199643640625 0.35636924375 0.099396015625 0.35636924375 0.099396015625 0.3815474234375 0.1199643640625 0.3815474234375 0.1199643640625 0.35636924375
12 0.32738486875 0.4638870609375 0.31909905 0.4638870609375 0.31909905 0.47800986874999996 0.32738486875 0.47800986874999996 0.32738486875 0.4638870609375
12 0.026604532812499998 0.7147574015625 0.018318714062499998 0.7147574015625 0.018318714062499998 0.72738075625 0.026604532812499998 0.72738075625 0.026604532812499998 0.7147574015625
12 0.3601480265625 0.9254399671875 0.35274305625 0.9254399671875 0.35274305625 0.9363747265625 0.3601480265625 0.9363747265625 0.3601480265625 0.9254399671875
12 0.1135553734375 0.5097080593750001 0.1047048609375 0.5097080593750001 0.1047048609375 0.5252042218749999 0.1135553734375 0.5252042218749999 0.1135553734375 0.5097080593750001
12 0.5150721859375 0.2530866234375 0.504459978125 0.2530866234375 0.504459978125 0.26693530625 0.5150721859375 0.26693530625 0.5150721859375 0.2530866234375
12 0.2853618421875 0.9387075109374999 0.2766483921875 0.9387075109374999 0.2766483921875 0.9509416125 0.2853618421875 0.9509416125 0.2853618421875 0.9387075109374999
12 0.5581670328125 0.8495627734375001 0.44574013125 0.8495627734375001 0.44574013125 0.9478001640624999 0.5581670328125 0.9478001640624999 0.5581670328125 0.8495627734375001
12 0.21145650625 0.44863075625000004 0.19479349375 0.44863075625000004 0.19479349375 0.4778824015625 0.21145650625 0.4778824015625 0.21145650625 0.44863075625000004
12 0.3319481 0.3923478625 0.315025584375 0.3923478625 0.315025584375 0.41477933125 0.3319481 0.41477933125 0.3319481 0.3923478625
12 0.14400036562500002 0.4237102515625 0.1284594296875 0.4237102515625 0.1284594296875 0.4464048796875 0.14400036562500002 0.4464048796875 0.14400036562500002 0.4237102515625
11 0.0932017546875 0.6373355265625 0.0888157890625 0.6466557015625 0.08771929843750001 0.651864034375 0.0860745609375 0.6716008765625 0.0873538015625 0.6954495609375 0.08771929843750001 0.6970942984375 0.090643275 0.69764254375 0.09941520468750001 0.7393092109375 0.0924707609375 0.743421053125 0.0864400578125 0.751918859375 0.084064328125 0.759320175 0.078033625 0.7705592109375 0.07273391875 0.7916666671875 0.0672514625 0.8081140343750001 0.0670687140625 0.8122258765625 0.06853070156249999 0.8193530703125 0.07383040937499999 0.8311403515625001 0.0747441515625 0.8349780703125 0.0661549703125 0.8497807015625 0.0579312859375 0.8610197375 0.0447733921875 0.88678728125 0.0376461984375 0.8974780703125 0.0321637421875 0.9243421046875 0.027229532812500002 0.9361293859375 0.0190058484375 0.9498355265624999 0.0135233921875 0.962445175 0.009685671875 0.9684758765625 0 0.9997258765625 0.1408991234375 0.9997258765625 0.15003655 0.9969846484374999 0.15612810625 0.9964364031249999 0.1694078953125 0.9969846484374999 0.1734283625 0.998081140625 0.1759868421875 0.9997258765625 0.20486111093749998 0.9997258765625 0.20796783593749998 0.99287280625 0.211257309375 0.98821271875 0.2330043859375 0.9736842109375001 0.23592836250000002 0.9682017546875 0.237938596875 0.9621710531250001 0.2412280703125 0.9627192984375 0.2439692984375 0.9662828953125 0.24597953281249998 0.9673793859375 0.265716375 0.9712171046875 0.2721125734375 0.9734100874999999 0.2828947375 0.9810855265624999 0.29532163749999996 0.9846491234375 0.3112207609375 0.9923245609375 0.3252923984375 0.9956140343750001 0.3536184203125 0.9997258765625 0.4228801171875 0.9997258765625 0.46436403437499996 0.9890350874999999 0.48665935625 0.9794407890624999 0.4963450296875 0.97258771875 0.509320175 0.9660087718750001 0.5173611109375 0.9591557015625 0.5294225140625 0.95230263125 0.5484283624999999 0.9388706140625 0.56012426875 0.9284539468749999 0.6103801171875001 0.8771929828125 0.6348684203125 0.8503289468749999 0.6493055562500001 0.8303179828125 0.6622807015625 0.8081140343750001 0.6694078953125 0.79139254375 0.6756213453125001 0.7796052625 0.692616959375 0.7360197375 0.73830409375 0.63048245625 0.76334064375 0.5641447375 0.7686403515625 0.54605263125 0.776133040625 0.5263157890625 0.7896564328125 0.486293859375 0.7940423984375 0.466008771875 0.8002558484375 0.44380482499999996 0.8017178359375 0.430098684375 0.804276315625 0.4172149125 0.8123172515625001 0.3919956140625 0.8148757312500001 0.3802083328125 0.8252923984375 0.3434758765625 0.8285818718750001 0.3278508765625 0.8349780703125 0.305098684375 0.8545321640625 0.2245065796875 0.8665935671874999 0.1877741234375 0.8834064328125001 0.14912280625000002 0.8945540937500001 0.1271929828125 0.8987573093749999 0.11705043906249998 0.8994883046875 0.1126644734375 0.8940058484375 0.10142543906249998 0.889437134375 0.09841008749999999 0.884685671875 0.0967653515625 0.8505116953125 0.0934758765625 0.8172514625 0.091831140625 0.7618786546874999 0.084703946875 0.6818347953125 0.08662280624999999 0.6109283624999999 0.0923793859375 0.5725511703125 0.0970394734375 0.5595760234375 0.10115131562499999 0.5211988296875 0.118421053125 0.5069444437499999 0.123081140625 0.49287280625 0.1296600875 0.4740497078125 0.13678728125 0.45084064375 0.14857456093750002 0.4177631578125 0.1688596484375 0.4077119890625 0.1724232453125 0.3936403515625 0.179276315625 0.36549707656249997 0.186403509375 0.3556286546875 0.191885965625 0.34027777812500004 0.1984649125 0.3287646203125 0.20586622812500002 0.3119517546875 0.2127192984375 0.2940423984375 0.22341008750000002 0.273757309375 0.23903508750000002 0.234283625 0.2837171046875 0.222222221875 0.30071271875 0.2174707609375 0.3100328953125 0.2099780703125 0.3212719296875 0.20486111093749998 0.332510965625 0.1975511703125 0.344846490625 0.19170321562499998 0.3588267546875 0.184393275 0.37116228125 0.1794590640625 0.384320175 0.17288011718750002 0.3983004390625 0.165935671875 0.41940789531249995 0.1595394734375 0.43421052656250003 0.1529605265625 0.45970394687500005 0.1461988296875 0.47889254374999995 0.140533625 0.515625 0.137975146875 0.5265899125 0.134685671875 0.5348135968750001 0.1286549703125 0.570723684375 0.1255482453125 0.5803179828125 0.1240862578125 0.5805921046875 0.11257310000000001 0.57428728125 0.1052631578125 0.5759320171875 0.10270467812499999 0.578125 0.1010599421875 0.582510965625 0.10014619843749999 0.587171053125 0.098866959375 0.61019736875 0.0966739765625 0.625 0.0932017546875 0.6373355265625