12 0.45048245624999994 0.3514254390625 0.2598684203125 0.3514254390625 0.2598684203125 0.60300986875 0.45048245624999994 0.60300986875 0.45048245624999994 0.3514254390625
12 0.46203581875 0.31860334375 0.3382565796875 0.31860334375 0.3382565796875 0.690672971875 0.46203581875 0.690672971875 0.46203581875 0.31860334375
12 0.38247715625 0.6905825109375 0.2620550078125 0.6905825109375 0.2620550078125 0.989592928125 0.38247715625 0.989592928125 0.38247715625 0.6905825109375
12 0.6156606359375 0.48275904531249997 0.45953307812500005 0.48275904531249997 0.45953307812500005 0.6825260421875 0.6156606359375 0.6825260421875 0.6156606359375 0.48275904531249997
12 0.33154422499999997 0.1845696265625 0.22070358125 0.1845696265625 0.22070358125 0.900145284375 0.33154422499999997 0.900145284375 0.33154422499999997 0.1845696265625
12 0.5255427625 0.0036622812499999997 0.429533990625 0.0036622812499999997 0.429533990625 0.4094243421875 0.5255427625 0.4094243421875 0.5255427625 0.0036622812499999997
12 0.5026251828125 1 0.5026251828125 0.505921053125 0.3860480625 0.505921053125 0.3860480625 1 0.5026251828125 1
12 0.6508187140625 0.25286732500000003 0.50933845 0.25286732500000003 0.50933845 0.40631030625 0.6508187140625 0.40631030625 0.6508187140625 0.25286732500000003
12 0.62066611875 0.000641446875 0.5316767171875 0.000641446875 0.5316767171875 0.1905208328125 0.62066611875 0.1905208328125 0.62066611875 0.000641446875
12 0.598449378125 0.592254659375 0.4220586625 0.592254659375 0.4220586625 0.7744449015625 0.598449378125 0.7744449015625 0.598449378125 0.592254659375
12 0.6284183109375 0.00219709375 0.47412189375 0.00219709375 0.47412189375 0.41564829999999997 0.6284183109375 0.41564829999999997 0.6284183109375 0.00219709375
12 0.737732090625 0.0009142000000000001 0.574767909375 0.0009142000000000001 0.574767909375 0.1757798796875 0.737732090625 0.1757798796875 0.737732090625 0.0009142000000000001
12 0.39791757968749997 0.5414898578125 0.304717653125 0.5414898578125 0.304717653125 0.6186691343749999 0.39791757968749997 0.6186691343749999 0.39791757968749997 0.5414898578125
12 0.518370796875 0.6956647484375 0.42938139687500004 0.6956647484375 0.42938139687500004 0.774307840625 0.518370796875 0.774307840625 0.518370796875 0.6956647484375
12 0.53863486875 0.8946984656250001 0.3915405703125 0.8946984656250001 0.3915405703125 0.9964144734374999 0.53863486875 0.9964144734374999 0.53863486875 0.8946984656250001
12 0.6221317609375 0.3411705046875 0.4921262796875 0.3411705046875 0.4921262796875 0.5091694078125 0.6221317609375 0.5091694078125 0.6221317609375 0.3411705046875
12 0.45800804062499995 0.4981373359375 0.2524415203125 0.4981373359375 0.2524415203125 0.7923889796875 0.45800804062499995 0.7923889796875 0.45800804062499995 0.4981373359375
12 0.7330317984375 0.45520010937500005 0.4652101609375 0.45520010937500005 0.4652101609375 0.9891365125 0.7330317984375 0.9891365125 0.7330317984375 0.45520010937500005
12 0.7282108921875 0.20040844375 0.5715953953125 0.20040844375 0.5715953953125 0.5510553734375 0.7282108921875 0.5510553734375 0.7282108921875 0.20040844375
12 0.2859502921875 0.58621299375 0.1195687140625 0.58621299375 0.1195687140625 0.7826850328125 0.2859502921875 0.7826850328125 0.2859502921875 0.58621299375
12 0.4664300078125 0.17344709375 0.3890378296875 0.17344709375 0.3890378296875 0.2561197921875 0.4664300078125 0.2561197921875 0.4664300078125 0.17344709375
12 0.6958625734375 0.46691885937500005 0.583435671875 0.46691885937500005 0.583435671875 0.62951754375 0.6958625734375 0.62951754375 0.6958625734375 0.46691885937500005
12 0.6024780703125 0.023804824999999998 0.3877558484375 0.023804824999999998 0.3877558484375 0.9920668859375 0.6024780703125 0.9920668859375 0.6024780703125 0.023804824999999998
12 0.44802814375000005 0.6480084984375 0.3415222953125 0.6480084984375 0.3415222953125 0.7736197921875 0.44802814375000005 0.7736197921875 0.44802814375000005 0.6480084984375
12 0.366028875 0.399993146875 0.241394371875 0.399993146875 0.241394371875 0.5301822921875 0.366028875 0.5301822921875 0.366028875 0.399993146875
12 0.7076114765625 0.70527549375 0.60293676875 0.70527549375 0.60293676875 0.8049766999999999 0.7076114765625 0.8049766999999999 0.7076114765625 0.70527549375
12 0.4535517171875 0.00897066875 0.3203737203125 0.00897066875 0.3203737203125 0.308348409375 0.4535517171875 0.308348409375 0.4535517171875 0.00897066875
12 0.3566282890625 0.615692159375 0.1072386703125 0.615692159375 0.1072386703125 0.9839185859375 0.3566282890625 0.9839185859375 0.3566282890625 0.615692159375
12 0.0451663015625 0 0.0451663015625 0.41400219375 0.1674798984375 0.41400219375 0.1674798984375 0 0.0451663015625 0
12 0.2532958703125 0.44897478125 0.1263422875 0.44897478125 0.1263422875 0.6181633765625001 0.2532958703125 0.6181633765625001 0.2532958703125 0.44897478125
12 0.3490451390625 0.044679276562499995 0.32527138125 0.044679276562499995 0.32527138125 0.6123053734374999 0.3490451390625 0.6123053734374999 0.3490451390625 0.044679276562499995
12 0.5926507671875 0.654143365625 0.52258315 0.654143365625 0.52258315 0.7228083875 0.5926507671875 0.7228083875 0.5926507671875 0.654143365625
12 0.606597221875 0.7259224234375 0.4832456140625 0.7259224234375 0.4832456140625 0.8751521375 0.606597221875 0.8751521375 0.606597221875 0.7259224234375
12 0.75070266875 0.013917215625000002 0.6282044953125 0.013917215625000002 0.6282044953125 0.8159183109375 0.75070266875 0.8159183109375 0.75070266875 0.013917215625000002
12 0.44693073906249997 0.3120572921875 0.33969206875 0.3120572921875 0.33969206875 0.42878700625 0.44693073906249997 0.42878700625 0.44693073906249997 0.3120572921875
12 0.58645650625 0.44389254375 0.486785453125 0.44389254375 0.486785453125 0.5595230265625 0.58645650625 0.5595230265625 0.58645650625 0.44389254375
12 0.5458379015625 0.9381195171875 0.493226425 0.9381195171875 0.493226425 0.9954769734375001 0.5458379015625 0.9954769734375001 0.5458379015625 0.9381195171875
12 0.533844115625 0.267676809375 0.4588313234375 0.267676809375 0.4588313234375 0.35048656875 0.533844115625 0.35048656875 0.533844115625 0.267676809375
12 0.4602668125 0.40741090937499996 0.383972953125 0.40741090937499996 0.383972953125 0.47149808125000003 0.4602668125 0.47149808125000003 0.4602668125 0.40741090937499996
12 0.2389519375 0.3280345390625 0.1189574203125 0.3280345390625 0.1189574203125 0.541351425 0.2389519375 0.541351425 0.2389519375 0.3280345390625
12 0.3599543125 0.672547971875 0.275787646875 0.672547971875 0.275787646875 0.777649396875 0.3599543125 0.777649396875 0.3599543125 0.672547971875
12 0.7275082234375 0.38937225937500003 0.654326571875 0.38937225937500003 0.654326571875 0.484405153125 0.7275082234375 0.484405153125 0.7275082234375 0.38937225937500003
12 0.3273008046875 0.190567434375 0.22445723750000002 0.190567434375 0.22445723750000002 0.3525246703125 0.3273008046875 0.3525246703125 0.3273008046875 0.190567434375
12 0.5728755484375 0.00347861875 0.4798583703125 0.00347861875 0.4798583703125 0.1343996703125 0.5728755484375 0.1343996703125 0.5728755484375 0.00347861875
12 0.6189263515625 0.1901096484375 0.5392754015625 0.1901096484375 0.5392754015625 0.284501096875 0.6189263515625 0.284501096875 0.6189263515625 0.1901096484375
12 0.346863121875 0.33609100937499997 0.24200383749999999 0.33609100937499997 0.24200383749999999 0.4505317984375 0.346863121875 0.4505317984375 0.346863121875 0.33609100937499997
12 0.2395778515625 0.2877494515625 0.1793658625 0.2877494515625 0.1793658625 0.3681332234375 0.2395778515625 0.3681332234375 0.2395778515625 0.2877494515625
12 0.293366228125 0.29152549375 0.23104897656249998 0.29152549375 0.23104897656249998 0.3603275765625 0.293366228125 0.3603275765625 0.293366228125 0.29152549375
12 0.4219362203125 0.264313321875 0.3388057390625 0.264313321875 0.3388057390625 0.34396518593750003 0.4219362203125 0.34396518593750003 0.4219362203125 0.264313321875
12 0.8101800078125001 0.8005372812499999 0.6702878296875 0.8005372812499999 0.6702878296875 0.9938980265625 0.8101800078125001 0.9938980265625 0.8101800078125001 0.8005372812499999
12 0.738586440625 0.49685718124999995 0.6930546421875 0.49685718124999995 0.6930546421875 0.7460649671875 0.738586440625 0.7460649671875 0.738586440625 0.49685718124999995
12 0.7039482828125 0.269211896875 0.6358945546875 0.269211896875 0.6358945546875 0.3712924890625 0.7039482828125 0.3712924890625 0.7039482828125 0.269211896875
12 0.75433388125 0.0010992328125000001 0.7183232828125 0.0010992328125000001 0.7183232828125 0.6573492328125 0.75433388125 0.6573492328125 0.75433388125 0.0010992328125000001
12 0.0752558484375 0.34368969374999997 0.0083004390625 0.34368969374999997 0.0083004390625 0.6121217109375 0.0752558484375 0.6121217109375 0.0752558484375 0.34368969374999997
12 0.4329833703125 0.014281798437500002 0.11535727343749999 0.014281798437500002 0.11535727343749999 0.9539802625 0.4329833703125 0.9539802625 0.4329833703125 0.014281798437500002
12 0.6224661921875 0.2801850328125 0.5826105625 0.2801850328125 0.5826105625 0.323329221875 0.6224661921875 0.323329221875 0.6224661921875 0.2801850328125
12 0.1306761703125 1 0.1306761703125 0.53082236875 0.0010380109375 0.53082236875 0.0010380109375 1 0.1306761703125 1
12 0.613067434375 0.925393365625 0.53244060625 0.925393365625 0.53244060625 0.9935540015625 0.613067434375 0.9935540015625 0.613067434375 0.925393365625
12 0.4733580046875 0.43615816875 0.4485169953125 0.43615816875 0.4485169953125 0.466188321875 0.4733580046875 0.466188321875 0.4733580046875 0.43615816875
12 0.8947752187500001 0.5671683109375001 0.6784667390625 0.5671683109375001 0.6784667390625 0.8346847593750001 0.8947752187500001 0.8346847593750001 0.8947752187500001 0.5671683109375001
12 0.39125182812500003 0.180930646875 0.3353125 0.180930646875 0.3353125 0.2625507125 0.39125182812500003 0.2625507125 0.39125182812500003 0.180930646875
12 0.9999990859375 0.4070435859375 0.9283744515624999 0.4070435859375 0.9283744515624999 0.5795298796874999 0.9999990859375 0.5795298796874999 0.9999990859375 0.4070435859375
12 0.15869060625 0.4574205046875 0.1220696265625 0.4574205046875 0.1220696265625 0.51084155625 0.15869060625 0.51084155625 0.15869060625 0.4574205046875
12 0.996398940625 0.32903920000000003 0.8483269375000001 0.32903920000000003 0.8483269375000001 0.6040638703125001 0.996398940625 0.6040638703125001 0.996398940625 0.32903920000000003
12 1 0.7400219296875 0.8346564328125 0.7400219296875 0.8346564328125 0.99875 1 0.99875 1 0.7400219296875
12 0.3286138515625 0.1363226421875 0.2739263515625 0.1363226421875 0.2739263515625 0.247833059375 0.3286138515625 0.247833059375 0.3286138515625 0.1363226421875
12 0.341248171875 0.24198464843749998 0.33111659375 0.24198464843749998 0.33111659375 0.2663157890625 0.341248171875 0.2663157890625 0.341248171875 0.24198464843749998
12 0.4372249640625 0.0637445171875 0.35818439375 0.0637445171875 0.35818439375 0.153053728125 0.4372249640625 0.153053728125 0.4372249640625 0.0637445171875
12 0.7502448828125 0 0.7502448828125 0.3643804828125 1 0.3643804828125 1 0 0.7502448828125 0
12 0.745116959375 0.1874095390625 0.6572258765625001 0.1874095390625 0.6572258765625001 0.37765624999999997 0.745116959375 0.37765624999999997 0.745116959375 0.1874095390625
12 0.8650292390625 0.3072382125 0.8420029234375 0.3072382125 0.8420029234375 0.3427837171875 0.8650292390625 0.3427837171875 0.8650292390625 0.3072382125
12 0.3690953953125 0.082809759375 0.3281706875 0.082809759375 0.3281706875 0.183610196875 0.3690953953125 0.183610196875 0.3690953953125 0.082809759375
12 0 0 0 0.2262280703125 0.0963130484375 0.2262280703125 0.0963130484375 0 0 0
12 0.2229925078125 0.8978125 0.105622259375 0.8978125 0.105622259375 0.999161184375 0.2229925078125 0.999161184375 0.2229925078125 0.8978125
12 0.3774488296875 0.4700424890625 0.367668128125 0.4700424890625 0.367668128125 0.48357045000000004 0.3774488296875 0.48357045000000004 0.3774488296875 0.4700424890625
12 0.9157711984375 0.2659608 0.72680555625 0.2659608 0.72680555625 0.5777892 0.9157711984375 0.5777892 0.9157711984375 0.2659608
12 0.340007309375 0.9596340453125001 0.32698464843749997 0.9596340453125001 0.32698464843749997 0.9754262609375 0.340007309375 0.9754262609375 0.340007309375 0.9596340453125001
12 0.8624259875 0.271820175 0.7440177265625 0.271820175 0.7440177265625 0.3880921046875 0.8624259875 0.3880921046875 0.8624259875 0.271820175
12 0.6207273390625 0.4326315796875 0.5823976609375 0.4326315796875 0.5823976609375 0.5063322375 0.6207273390625 0.5063322375 0.6207273390625 0.4326315796875
12 0.22315972187500002 0.306518640625 0.2109228796875 0.306518640625 0.2109228796875 0.32446271875 0.22315972187500002 0.32446271875 0.22315972187500002 0.306518640625
12 1 0.281983278125 0.7797249640625 0.281983278125 0.7797249640625 0.9279783437500001 1 0.9279783437500001 1 0.281983278125
12 0 0.9807113484375 0.9538569078125001 0.9807113484375 0.9538569078125001 0.44091694062500003 0 0.44091694062500003 0 0.9807113484375
12 0.6127585890625 0.435705865625 0.6001324921875 0.435705865625 0.6001324921875 0.45858141406249997 0.6127585890625 0.45858141406249997 0.6127585890625 0.435705865625
11 0.3459429828125 0 0.30646929843750004 0.053453946875000005 0.30025584843750003 0.059484648437499996 0.2936769 0.068804825 0.28673245625 0.0767543859375 0.262975146875 0.1134868421875 0.25621345 0.1271929828125 0.2375731 0.157346490625 0.23172514687499998 0.1694078953125 0.225328946875 0.17982456093750002 0.21948099375000002 0.1932565796875 0.193347953125 0.2327302625 0.1884137421875 0.23821271875 0.17361111093749998 0.2604166671875 0.16794590625 0.27110745625 0.1611842109375 0.2815241234375 0.1359649125 0.33826754375 0.12920321562499998 0.360471490625 0.1228070171875 0.3774671046875 0.1165935671875 0.40542763125 0.1100146203125 0.42571271875 0.10544590625000001 0.45257675468749997 0.103070175 0.47203947343749997 0.09758771875 0.498903509375 0.0952119890625 0.5315241234375 0.0950292390625 0.548793859375 0.096491228125 0.57191995625 0.0966739765625 0.5942982453125001 0.10069444375 0.6129385968750001 0.10471491250000001 0.6463815796875 0.1103801171875 0.6688596484375 0.11677631562499999 0.68667763125 0.1224415203125 0.7116228062500001 0.1341374265625 0.74451754375 0.1403508765625 0.7549342109375 0.1474780703125 0.7727521937499999 0.15387426875000002 0.7834429828125 0.16045321562499998 0.7993421046875 0.165935671875 0.80701754375 0.17086988281249998 0.8177083328125001 0.1860380109375 0.8404605265624999 0.21180555625 0.875 0.22350146249999997 0.8892543859375 0.2298976609375 0.8950109656249999 0.2357456140625 0.9029605265624999 0.246893275 0.914473684375 0.25603070156249996 0.921875 0.2615131578125 0.9287280703125 0.2686403515625 0.9342105265624999 0.273757309375 0.9399671046875 0.2783260234375 0.94298245625 0.28819444375000003 0.95230263125 0.308114034375 0.9660087718750001 0.32108918124999997 0.9734100874999999 0.3336988296875 0.984375 0.3494152046875 0.9997258765625 0.5966739765625 0.9997258765625 0.6091008765625 0.9854714906250001 0.6359649125 0.9407894734375001 0.6489400578125 0.9172149125000001 0.659722221875 0.8950109656249999 0.673793859375 0.8610197375 0.6838450296875 0.8330592109375001 0.6986476609375 0.783991228125 0.7110745609375 0.73355263125 0.7178362578125 0.694078946875 0.725328946875 0.63048245625 0.7297149125 0.5696271937499999 0.758223684375 0 0.3459429828125 0