12 0.54425 0.6196666671875 0.49375 0.6196666671875 0.49375 0.701 0.54425 0.701 0.54425 0.6196666671875
12 0.63990625 0.557005 0.58958375 0.557005 0.58958375 0.6220283328125 0.63990625 0.6220283328125 0.63990625 0.557005
12 0.44762375 0.34019 0.43128124999999995 0.34019 0.43128124999999995 0.36619 0.44762375 0.36619 0.44762375 0.34019
12 0.40814874999999995 0.6558416671875 0.37993625 0.6558416671875 0.37993625 0.686605 0.40814874999999995 0.686605 0.40814874999999995 0.6558416671875
12 0.9781575 0.6189366671875 0.9554375 0.6189366671875 0.9554375 0.6492899999999999 0.9781575 0.6492899999999999 0.9781575 0.6189366671875
12 0.061875 0.0578816671875 0.045915 0.0578816671875 0.045915 0.0882783328125 0.061875 0.0882783328125 0.061875 0.0578816671875
12 0.99598 0.8222866671875 0.965935 0.8222866671875 0.965935 0.9016733328125 0.99598 0.9016733328125 0.99598 0.8222866671875
12 0.6874374999999999 0.7548316671874999 0.6543574999999999 0.7548316671874999 0.6543574999999999 0.7920416671875 0.6874374999999999 0.7920416671875 0.6874374999999999 0.7548316671874999
12 0.317735 0.2057066671875 0.28090000000000004 0.2057066671875 0.28090000000000004 0.25555333281250003 0.317735 0.25555333281250003 0.317735 0.2057066671875
12 0.47974500000000003 0.3081716671875 0.46557000000000004 0.3081716671875 0.46557000000000004 0.3259416671875 0.47974500000000003 0.3259416671875 0.47974500000000003 0.3081716671875
12 0.55314875 0.5327149999999999 0.53864625 0.5327149999999999 0.53864625 0.548665 0.55314875 0.548665 0.55314875 0.5327149999999999
12 0.31178125 0.0327566671875 0.26292375 0.0327566671875 0.26292375 0.09493 0.31178125 0.09493 0.31178125 0.0327566671875
12 0.37703000000000003 0.56718 0.33635000000000004 0.56718 0.33635000000000004 0.62488 0.37703000000000003 0.62488 0.37703000000000003 0.56718
12 0.5668562500000001 0.7712 0.55521375 0.7712 0.55521375 0.7873933328125 0.5668562500000001 0.7873933328125 0.5668562500000001 0.7712
12 0.6596949999999999 0.3819616671875 0.649875 0.3819616671875 0.649875 0.39407833281250004 0.6596949999999999 0.39407833281250004 0.6596949999999999 0.3819616671875
12 0.44664875000000004 0.5605983328125 0.42737625 0.5605983328125 0.42737625 0.5891416671874999 0.44664875000000004 0.5891416671874999 0.44664875000000004 0.5605983328125
12 0.32821875 0.4095466671875 0.32168125000000003 0.4095466671875 0.32168125000000003 0.4192266671875 0.32821875 0.4192266671875 0.32821875 0.4095466671875
12 0.7760225000000001 0.5436033328125001 0.7659675 0.5436033328125001 0.7659675 0.5560033328125 0.7760225000000001 0.5560033328125 0.7760225000000001 0.5436033328125001
12 0.56512875 0.39334166718749997 0.55596625 0.39334166718749997 0.55596625 0.4061383328125 0.56512875 0.4061383328125 0.56512875 0.39334166718749997
12 0.15407625 0.34907 0.13303375 0.34907 0.13303375 0.37618999999999997 0.15407625 0.37618999999999997 0.15407625 0.34907
12 0.5770612500000001 0.72001 0.5684487500000001 0.72001 0.5684487500000001 0.7318100000000001 0.5770612500000001 0.7318100000000001 0.5770612500000001 0.72001
12 0.5775675 0.4048766671875 0.5640324999999999 0.4048766671875 0.5640324999999999 0.4206433328125 0.5775675 0.4206433328125 0.5775675 0.4048766671875
12 0.33433125 0.42256499999999997 0.32338374999999997 0.42256499999999997 0.32338374999999997 0.4459216671875 0.33433125 0.4459216671875 0.33433125 0.42256499999999997
12 0.57063 0.3688716671875 0.562185 0.3688716671875 0.562185 0.3811283328125 0.57063 0.3811283328125 0.57063 0.3688716671875
12 0.38457875 0.4964233328125 0.37372125 0.4964233328125 0.37372125 0.5107366671875 0.38457875 0.5107366671875 0.38457875 0.4964233328125
12 0.9734087499999999 0.610515 0.96311625 0.610515 0.96311625 0.6264649999999999 0.9734087499999999 0.6264649999999999 0.9734087499999999 0.610515
12 0.8181525000000001 0.6685833328124999 0.8078225 0.6685833328124999 0.8078225 0.6816766671875001 0.8181525000000001 0.6816766671875001 0.8181525000000001 0.6685833328124999
12 0.46396125 0.652975 0.45742374999999996 0.652975 0.45742374999999996 0.6634316671875 0.46396125 0.6634316671875 0.46396125 0.652975
12 0.9802025000000001 0.8271183328125 0.9660875000000001 0.8271183328125 0.9660875000000001 0.855175 0.9802025000000001 0.855175 0.9802025000000001 0.8271183328125
12 0.8290637500000001 0.6052183328125 0.8203512500000001 0.6052183328125 0.8203512500000001 0.617435 0.8290637500000001 0.617435 0.8290637500000001 0.6052183328125
12 0.02526875 0.92309 0.01126125 0.92309 0.01126125 0.9362833328125 0.02526875 0.9362833328125 0.02526875 0.92309
12 0.68015375 0.6553333328125001 0.67141125 0.6553333328125001 0.67141125 0.6682333328125 0.68015375 0.6682333328125 0.68015375 0.6553333328125001
12 0.21234999999999998 0.21642999999999998 0.202935 0.21642999999999998 0.202935 0.23213666718749998 0.21234999999999998 0.23213666718749998 0.21234999999999998 0.21642999999999998
12 0.36576125 0.5298866671875 0.35738375 0.5298866671875 0.35738375 0.5404266671875 0.36576125 0.5404266671875 0.36576125 0.5298866671875
12 0.8181875 0.34573166718750004 0.8068125 0.34573166718750004 0.8068125 0.359995 0.8181875 0.359995 0.8181875 0.34573166718750004
12 0.74674875 0.42394166718750004 0.74055625 0.42394166718750004 0.74055625 0.4367383328125 0.74674875 0.4367383328125 0.74674875 0.42394166718750004
12 0.649765 0.3708183328125 0.64125 0.3708183328125 0.64125 0.38243499999999997 0.649765 0.38243499999999997 0.649765 0.3708183328125
12 0.76843375 0.45087666718749997 0.7589112499999999 0.45087666718749997 0.7589112499999999 0.46188333281249994 0.76843375 0.46188333281249994 0.76843375 0.45087666718749997
12 0.6823187500000001 0.8265166671875 0.66533625 0.8265166671875 0.66533625 0.8531700000000001 0.6823187500000001 0.8531700000000001 0.6823187500000001 0.8265166671875
12 0.13173625 0.9400433328125001 0.12338875 0.9400433328125001 0.12338875 0.9505833328125 0.13173625 0.9505833328125 0.13173625 0.9400433328125001
12 0.41019375 0.4210066671875 0.40181625 0.4210066671875 0.40181625 0.4357666671875 0.41019375 0.4357666671875 0.41019375 0.4210066671875
12 0.7287025 0.7559199999999999 0.7175874999999999 0.7559199999999999 0.7175874999999999 0.77012 0.7287025 0.77012 0.7287025 0.7559199999999999
12 0.42411750000000004 0.2726666671875 0.4162125 0.2726666671875 0.4162125 0.2823466671875 0.42411750000000004 0.2823466671875 0.42411750000000004 0.2726666671875
12 0.72577375 0.8136083328125 0.7166112499999999 0.8136083328125 0.7166112499999999 0.8283183328125 0.72577375 0.8283183328125 0.72577375 0.8136083328125
12 0.6925675 0.36490999999999996 0.6404425 0.36490999999999996 0.6404425 0.42350333281249997 0.6925675 0.42350333281249997 0.6925675 0.36490999999999996
12 0.9620012499999999 0.6174616671875001 0.95498875 0.6174616671875001 0.95498875 0.6286316671875001 0.9620012499999999 0.6286316671875001 0.9620012499999999 0.6174616671875001
12 0.8079075 0.773015 0.7946325 0.773015 0.7946325 0.790785 0.8079075 0.790785 0.8079075 0.773015
12 0.263725 0.7384916671874999 0.2519 0.7384916671874999 0.2519 0.7510950000000001 0.263725 0.7510950000000001 0.263725 0.7384916671874999
12 0.7448812499999999 0.44674500000000006 0.73851875 0.44674500000000006 0.73851875 0.45560166718749995 0.7448812499999999 0.45560166718749995 0.7448812499999999 0.44674500000000006
12 0.79097625 0.3784166671875 0.78226375 0.3784166671875 0.78226375 0.38981 0.79097625 0.38981 0.79097625 0.3784166671875
12 0.75981375 0.6630083328125 0.75288125 0.6630083328125 0.75288125 0.6716249999999999 0.75981375 0.6716249999999999 0.75981375 0.6630083328125
12 0.8576425000000001 0.6418466671874999 0.8493875 0.6418466671874999 0.8493875 0.6524266671875 0.8576425000000001 0.6524266671875 0.8576425000000001 0.6418466671874999
12 0.41567125000000005 0.2247666671875 0.40854875 0.2247666671875 0.40854875 0.2348666671875 0.41567125000000005 0.2348666671875 0.41567125000000005 0.2247666671875
12 0.86809125 0.6519083328125 0.86042375 0.6519083328125 0.86042375 0.6618916671874999 0.86809125 0.6618916671874999 0.86809125 0.6519083328125
12 0.91761 0.4868616671875 0.910515 0.4868616671875 0.910515 0.4962116671875 0.91761 0.4962116671875 0.91761 0.4868616671875
12 0.56416375 0.4680466671875 0.55693125 0.4680466671875 0.55693125 0.47792 0.56416375 0.47792 0.56416375 0.4680466671875
12 0.17701875 0.45960999999999996 0.16453625 0.45960999999999996 0.16453625 0.4739833328125 0.17701875 0.4739833328125 0.17701875 0.45960999999999996
12 0.6359549999999999 0.6927266671875 0.628695 0.6927266671875 0.628695 0.7031066671875 0.6359549999999999 0.7031066671875 0.6359549999999999 0.6927266671875
12 0.08899625 0.5940116671875 0.08153375 0.5940116671875 0.08153375 0.603255 0.08899625 0.603255 0.08899625 0.5940116671875
12 0.71318 0.5294766671875 0.70674 0.5294766671875 0.70674 0.53823 0.71318 0.53823 0.71318 0.5294766671875
12 0.248935 0.9482483328125 0.24203000000000002 0.9482483328125 0.24203000000000002 0.958005 0.248935 0.958005 0.248935 0.9482483328125
12 0.6249275 0.302995 0.6182375 0.302995 0.6182375 0.3122383328125 0.6249275 0.3122383328125 0.6249275 0.302995
12 0.6925250000000001 0.5417083328125 0.68638 0.5417083328125 0.68638 0.5494383328125 0.6925250000000001 0.5494383328125 0.6925250000000001 0.5417083328125
12 0.8334250000000001 0.6974750000000001 0.82478 0.6974750000000001 0.82478 0.7087783328125 0.8334250000000001 0.7087783328125 0.8334250000000001 0.6974750000000001
12 0.317855 0.9635016671875001 0.310565 0.9635016671875001 0.310565 0.9739983328124999 0.317855 0.9739983328124999 0.317855 0.9635016671875001
12 0.064595 0.1204816671875 0.056440000000000004 0.1204816671875 0.056440000000000004 0.1355383328125 0.064595 0.1355383328125 0.064595 0.1204816671875
12 0.43066000000000004 0.8745066671874999 0.42432 0.8745066671874999 0.42432 0.8846066671875 0.43066000000000004 0.8846066671875 0.43066000000000004 0.8745066671874999
12 0.5261312499999999 0.8369566671875001 0.51976875 0.8369566671875001 0.51976875 0.8466366671875001 0.5261312499999999 0.8466366671875001 0.5261312499999999 0.8369566671875001
12 0.757625 0.8072066671875 0.7492099999999999 0.8072066671875 0.7492099999999999 0.8204 0.757625 0.8204 0.757625 0.8072066671875
12 0.07247375 0.9437416671875001 0.06583125 0.9437416671875001 0.06583125 0.9520916671874999 0.07247375 0.9520916671874999 0.07247375 0.9437416671875001
12 0.67520625 0.7363733328125 0.66756875 0.7363733328125 0.66756875 0.7454 0.67520625 0.7454 0.67520625 0.7363733328125
12 0.7149625000000001 0.5747416671875001 0.7088675 0.5747416671875001 0.7088675 0.5834583328125 0.7149625000000001 0.5834583328125 0.7149625000000001 0.5747416671875001
12 0.152145 0.9717983328124999 0.145705 0.9717983328124999 0.145705 0.9800216671875001 0.152145 0.9800216671875001 0.152145 0.9717983328124999
12 0.21012875000000003 0.9079349999999999 0.20442125 0.9079349999999999 0.20442125 0.916285 0.21012875000000003 0.916285 0.21012875000000003 0.9079349999999999
12 0.731475 0.5261183328125 0.7226250000000001 0.5261183328125 0.7226250000000001 0.538335 0.731475 0.538335 0.731475 0.5261183328125
12 0.61165375 0.8539933328125 0.60514125 0.8539933328125 0.60514125 0.8634533328125 0.61165375 0.8634533328125 0.61165375 0.8539933328125
11 0.20400000000000001 0.6226666671875 0.2065 0.6283333328125 0.21549999999999997 0.6383333328125 0.2185 0.645 0.21725 0.6586666671875 0.21775000000000003 0.6696666671875 0.221 0.6853333328125 0.221 0.6983333328125 0.2225 0.7113333328125 0.22574999999999998 0.7206666671875 0.23149999999999998 0.7316666671875 0.23775 0.75 0.24525000000000002 0.765 0.25025 0.7783333328125 0.2625 0.8026666671875 0.27475 0.8220000000000001 0.28825 0.8386666671875 0.31425000000000003 0.865 0.34675 0.8903333328124999 0.3645 0.9023333328125 0.37675000000000003 0.9086666671874999 0.386 0.9166666671874999 0.39825 0.922 0.40700000000000003 0.9283333328125 0.41500000000000004 0.931 0.45025000000000004 0.932 0.49050000000000005 0.93 0.50875 0.9269999999999999 0.53275 0.9203333328125 0.56775 0.9156666671875 0.579 0.913 0.605827 0.9156666671875 0.62175 0.9156666671875 0.67775 0.9033333328125 0.6992499999999999 0.89 0.7075 0.8826666671875 0.72 0.8783333328125 0.73 0.8716666671875 0.73625 0.8693333328125 0.75725 0.8653333328124999 0.767 0.8586666671875 0.78 0.8536666671875001 0.867 0.8013333328125001 0.87625 0.7943333328125 0.8885 0.788 0.8975 0.7809999999999999 0.90425 0.778 0.9167500000000001 0.7686666671875 0.92875 0.7623333328124999 0.93725 0.7553333328125 0.9425000000000001 0.753 0.95 0.7446666671875 0.9564999999999999 0.7416666671875001 0.9695 0.7316666671875 0.98125 0.726 0.991 0.718 0.99975 0.713 0.99975 0.42533333281249996 0.9685 0.40099999999999997 0.9397500000000001 0.38166666718750003 0.8522500000000001 0.3136666671875 0.8119999999999999 0.2883333328125 0.79575 0.2816666671875 0.76475 0.2616666671875 0.74 0.248 0.71775 0.2363333328125 0.697 0.2293333328125 0.6705 0.2256666671875 0.644 0.21800000000000003 0.61775 0.2046666671875 0.6052500000000001 0.196 0.58525 0.1863333328125 0.546 0.17533333281250002 0.50975 0.17133333281250002 0.496 0.1716666671875 0.4385 0.1873333328125 0.39725 0.20600000000000002 0.37975 0.21233333281250003 0.35924999999999996 0.22233333281249998 0.33799999999999997 0.24 0.3215 0.257 0.30025 0.2826666671875 0.29425 0.292 0.2725 0.32 0.2575 0.3536666671875 0.23775 0.391 0.22525 0.422 0.2085 0.4806666671875 0.20125 0.5146666671875 0.198 0.5463333328125 0.19724999999999998 0.5586666671875 0.20099999999999998 0.5816666671874999 0.205 0.5953333328125 0.20400000000000001 0.6226666671875