12 0.30465624999999996 0.3436683328125 0.18774875 0.3436683328125 0.18774875 0.5046649999999999 0.30465624999999996 0.5046649999999999 0.30465624999999996 0.3436683328125
12 0.33758499999999997 0.4111733328125 0.19073500000000002 0.4111733328125 0.19073500000000002 0.52242 0.33758499999999997 0.52242 0.33758499999999997 0.4111733328125
12 0.7735587500000001 0.6426616671875001 0.68054125 0.6426616671875001 0.68054125 0.7805183328124999 0.7735587500000001 0.7805183328124999 0.7735587500000001 0.6426616671875001
12 0.6385500000000001 0.43835499999999994 0.48059 0.43835499999999994 0.48059 0.5902916671875 0.6385500000000001 0.5902916671875 0.6385500000000001 0.43835499999999994
12 0.32083249999999996 0.3196616671875 0.2309275 0.3196616671875 0.2309275 0.428385 0.32083249999999996 0.428385 0.32083249999999996 0.3196616671875
12 0.7153025000000001 0.6683333328125001 0.6206375000000001 0.6683333328125001 0.6206375000000001 0.7873933328125 0.7153025000000001 0.7873933328125 0.7153025000000001 0.6683333328125001
12 0.2160325 0.42045000000000005 0.12283249999999998 0.42045000000000005 0.12283249999999998 0.49230999999999997 0.2160325 0.49230999999999997 0.2160325 0.42045000000000005
12 0.5189225000000001 0.4128016671875 0.32971249999999996 0.4128016671875 0.32971249999999996 0.5650649999999999 0.5189225000000001 0.5650649999999999 0.5189225000000001 0.4128016671875
12 0.826905 0.5530583328125 0.7160650000000001 0.5530583328125 0.7160650000000001 0.6468083328125 0.826905 0.6468083328125 0.826905 0.5530583328125
12 0.6450812499999999 0.664715 0.46722374999999994 0.664715 0.46722374999999994 0.7923183328125 0.6450812499999999 0.7923183328125 0.6450812499999999 0.664715
12 0.25656249999999997 0.3079016671875 0.16140749999999998 0.3079016671875 0.16140749999999998 0.3997783328125 0.25656249999999997 0.3997783328125 0.25656249999999997 0.3079016671875
12 0.5340262499999999 0.2527666671875 0.42300375 0.2527666671875 0.42300375 0.45947333281249997 0.5340262499999999 0.45947333281249997 0.5340262499999999 0.2527666671875
12 0.67565875 0.46980833281249995 0.44641125 0.46980833281249995 0.44641125 0.7482916671875001 0.67565875 0.7482916671875001 0.67565875 0.46980833281249995
12 0.90881375 0.11084166718749999 0.75622625 0.11084166718749999 0.75622625 0.5017916671875 0.90881375 0.5017916671875 0.90881375 0.11084166718749999
12 0.66476625 0.20996166718749998 0.54617375 0.20996166718749998 0.54617375 0.43261833281250006 0.66476625 0.43261833281250006 0.66476625 0.20996166718749998
12 0.41311625 0.19865 0.29244875000000004 0.19865 0.29244875000000004 0.38143 0.41311625 0.38143 0.41311625 0.19865
12 0.9217525 0.3512783328125 0.8009025 0.3512783328125 0.8009025 0.5146083328125 0.9217525 0.5146083328125 0.9217525 0.3512783328125
12 0.7842724999999999 0.09700666718749999 0.6766675 0.09700666718749999 0.6766675 0.3636066671875 0.7842724999999999 0.3636066671875 0.7842724999999999 0.09700666718749999
12 0.9069825 0.5263666671875 0.6711425 0.5263666671875 0.6711425 0.7653 0.9069825 0.7653 0.9069825 0.5263666671875
12 0.7844249999999999 0.6089683328125 0.517335 0.6089683328125 0.517335 0.798585 0.7844249999999999 0.798585 0.7844249999999999 0.6089683328125
11 0.12075 0.49466666718749996 0.13899999999999998 0.5026666671875 0.14750000000000002 0.5106666671875 0.16025 0.5186666671875 0.16899999999999998 0.5256666671875 0.18475 0.5363333328125 0.199 0.5436666671875 0.21549999999999997 0.5549999999999999 0.23224999999999998 0.5743333328125 0.24325000000000002 0.5816666671874999 0.24700000000000003 0.5866666671874999 0.2575 0.5946666671874999 0.2615 0.6006666671875001 0.26775000000000004 0.605 0.27025 0.6083333328125 0.27275 0.6153333328125 0.279 0.6216666671875 0.282 0.629 0.28575 0.6343333328125 0.303 0.649 0.3065 0.6543333328125 0.3115 0.6586666671875 0.3255 0.6759999999999999 0.3325 0.682 0.33675 0.6876666671875 0.34425 0.6936666671875 0.35325 0.6986666671874999 0.35924999999999996 0.705 0.3685 0.7086666671875 0.37075 0.7123333328125 0.37475 0.7156666671874999 0.39125 0.7203333328125 0.394 0.7216666671875 0.39725 0.7256666671875001 0.40149999999999997 0.7286666671875001 0.4165 0.7333333328125 0.426 0.74 0.44325000000000003 0.7456666671875001 0.45199999999999996 0.7526666671875 0.46925 0.759 0.4765 0.7653333328125 0.49074999999999996 0.772 0.4955 0.7753333328124999 0.518 0.7823333328125 0.53125 0.7913333328125 0.5650000000000001 0.7956666671875 0.58975 0.8013333328125001 0.617 0.8039999999999999 0.63125 0.805 0.6725 0.8046666671875 0.6872499999999999 0.8033333328125 0.70075 0.8006666671874999 0.737 0.7889999999999999 0.763 0.7769999999999999 0.7715 0.7706666671875 0.78325 0.765 0.79575 0.7553333328125 0.8025 0.7526666671875 0.8092499999999999 0.746 0.81875 0.741 0.82325 0.7353333328125 0.8305 0.7296666671875001 0.837 0.7213333328125 0.8412499999999999 0.7176666671875 0.8472500000000001 0.708 0.8550000000000001 0.7 0.8712500000000001 0.6683333328125001 0.8845000000000001 0.6456666671875 0.88925 0.633 0.8925000000000001 0.6176666671875 0.89725 0.5676666671875 0.89875 0.5576666671875 0.9012499999999999 0.549 0.90425 0.5426666671875 0.909 0.5373333328125 0.9119999999999999 0.5353333328125001 0.9199999999999999 0.5343333328125001 0.923 0.532 0.92275 0.5283333328125 0.9195 0.518 0.9085000000000001 0.49866666718749997 0.9032500000000001 0.4853333328125 0.8977499999999999 0.46900000000000003 0.8949999999999999 0.45599999999999996 0.8945000000000001 0.43233333281249997 0.8955 0.4086666671875 0.9037499999999999 0.3553333328125 0.9035 0.322353 0.9045 0.27999999999999997 0.9012499999999999 0.25466666718750003 0.8985 0.2403333328125 0.8905 0.2166666671875 0.8775000000000001 0.1873333328125 0.865 0.17033333281250002 0.8324999999999999 0.1366666671875 0.8022500000000001 0.1126666671875 0.7847500000000001 0.10200000000000001 0.772 0.0963333328125 0.735 0.0866666671875 0.69725 0.0826666671875 0.661 0.0806666671875 0.621 0.08199999999999999 0.6005 0.0866666671875 0.5645 0.0976666671875 0.54925 0.10433333281249998 0.53425 0.10933333281249999 0.52175 0.1166666671875 0.51 0.121 0.49824999999999997 0.1273333328125 0.46749999999999997 0.1406666671875 0.45 0.146 0.433 0.154 0.4125 0.16 0.39649999999999996 0.1673333328125 0.37975 0.17333333281250002 0.36675 0.1806666671875 0.35375 0.186 0.3435 0.1923333328125 0.33175 0.1973333328125 0.3195 0.20566666718749999 0.30474999999999997 0.21233333281250003 0.28700000000000003 0.2226666671875 0.27725 0.23033333281249999 0.24975 0.24866666718750002 0.24325000000000002 0.255 0.23349999999999999 0.2616666671875 0.22149999999999997 0.273 0.209 0.2863333328125 0.20350000000000001 0.2936666671875 0.1855 0.3113333328125 0.174 0.32766666718750004 0.16675 0.34500000000000003 0.161 0.3526666671875 0.145 0.3786666671875 0.135 0.38933333281250004 0.12325 0.40499999999999997 0.11225 0.422 0.10024999999999999 0.4443333328125 0.09675 0.45533333281250005 0.096 0.4623333328125 0.09625 0.47300000000000003 0.098 0.479 0.10049999999999999 0.4823333328125 0.12075 0.49466666718749996