4 0.60960625 0.3019983328125 0.42024875 0.3019983328125 0.42024875 0.47401499999999996 0.60960625 0.47401499999999996 0.60960625 0.3019983328125
4 0.707155 0.2156583328125 0.5164799999999999 0.2156583328125 0.5164799999999999 0.6053083328125 0.707155 0.6053083328125 0.707155 0.2156583328125
4 0.8382574999999999 0.2290033328125 0.6793224999999999 0.2290033328125 0.6793224999999999 0.68701 0.8382574999999999 0.68701 0.8382574999999999 0.2290033328125
4 0.449035 0.23364166718749999 0.34491 0.23364166718749999 0.34491 0.4870583328125 0.449035 0.4870583328125 0.449035 0.23364166718749999
4 0.30609125000000004 0.3219816671875 0.13726875 0.3219816671875 0.13726875 0.424765 0.30609125000000004 0.424765 0.30609125000000004 0.3219816671875
4 0.35662875 0.7017633328125 0.19024625 0.7017633328125 0.19024625 0.7513633328125 0.35662875 0.7513633328125 0.35662875 0.7017633328125
4 0.38275125 0.6906733328125 0.18658375 0.6906733328125 0.18658375 0.8509933328124999 0.38275125 0.8509933328124999 0.38275125 0.6906733328125
4 0.6994637499999999 0.6201983328125 0.40014625 0.6201983328125 0.40014625 0.8173016671875001 0.6994637499999999 0.8173016671875001 0.6994637499999999 0.6201983328125
4 0.30297874999999996 0.389405 0.16748125 0.389405 0.16748125 0.5676283328125 0.30297874999999996 0.5676283328125 0.30297874999999996 0.389405
4 0.9442449999999999 0.3238933328125 0.8614200000000001 0.3238933328125 0.8614200000000001 0.5113933328125 0.9442449999999999 0.5113933328125 0.9442449999999999 0.3238933328125
4 0.4653925 0.51237 0.29974249999999997 0.51237 0.29974249999999997 0.6920566671875 0.4653925 0.6920566671875 0.4653925 0.51237
4 0.9217224999999999 0.7287583328125 0.8439025000000001 0.7287583328125 0.8439025000000001 0.9183749999999999 0.9217224999999999 0.9183749999999999 0.9217224999999999 0.7287583328125
4 0.69513 0.7765716671875 0.5294800000000001 0.7765716671875 0.5294800000000001 0.9213483328125 0.69513 0.9213483328125 0.69513 0.7765716671875
4 0.5158087499999999 0.0997733328125 0.28692625 0.0997733328125 0.28692625 0.20784666718749997 0.5158087499999999 0.20784666718749997 0.5158087499999999 0.0997733328125
4 0.9993275 0.2346416671875 0.9049675 0.2346416671875 0.9049675 0.3154916671875 0.9993275 0.3154916671875 0.9993275 0.2346416671875
4 0.669555 0.0629883328125 0.5755600000000001 0.0629883328125 0.5755600000000001 0.1917316671875 0.669555 0.1917316671875 0.669555 0.0629883328125
4 0.37066625000000003 0.23820000000000002 0.26995874999999997 0.23820000000000002 0.26995874999999997 0.4193533328125 0.37066625000000003 0.4193533328125 0.37066625000000003 0.23820000000000002
4 0.84008625 0.6768383328125 0.6706537499999999 0.6768383328125 0.6706537499999999 0.9208149999999999 0.84008625 0.9208149999999999 0.84008625 0.6768383328125
4 0.13479625 0.0415833328125 0.06271375 0.0415833328125 0.06271375 0.2380366671875 0.13479625 0.2380366671875 0.13479625 0.0415833328125
11 0.1505 0.382 0.15625 0.394 0.16025 0.40599999999999997 0.1705 0.4246666671875 0.17775000000000002 0.43433333281250003 0.186 0.45199999999999996 0.19724999999999998 0.47000000000000003 0.2045 0.47866666718750006 0.20925 0.4883333328125 0.22225 0.5093333328125 0.23275 0.522 0.28275 0.612 0.28450000000000003 0.618 0.29075 0.6276666671875 0.2955 0.6386666671875 0.29775 0.6416666671875 0.30375 0.6456666671875 0.3095 0.6613333328125 0.3345 0.701 0.33799999999999997 0.7046666671875 0.341 0.706 0.34625 0.7163333328125 0.35275 0.7226666671875 0.35950000000000004 0.734 0.36775 0.7426666671875 0.3735 0.752 0.37775 0.755 0.386 0.7683333328125 0.391 0.7716666671875 0.395 0.7786666671875 0.40625 0.7929999999999999 0.41100000000000003 0.8026666671875 0.41775 0.8086666671874999 0.42374999999999996 0.8186666671875 0.42874999999999996 0.8226666671875 0.43425 0.8313333328124999 0.44625000000000004 0.8463333328125 0.44699999999999995 0.8553333328124999 0.44575 0.859 0.44575 0.8633333328124999 0.44925 0.8663333328125 0.45675 0.869 0.46125 0.8723333328124999 0.46275000000000005 0.8756666671875 0.45599999999999996 0.8856666671875001 0.4615 0.8963333328124999 0.46725000000000005 0.8996666671875 0.48274999999999996 0.9016666671875001 0.503 0.9006666671874999 0.51425 0.8966666671875 0.521 0.8966666671875 0.5377500000000001 0.9046666671875 0.5507500000000001 0.909 0.56325 0.9163333328125001 0.58525 0.9206666671875 0.609 0.9306666671875 0.6247499999999999 0.9336666671874999 0.7222500000000001 0.9856666671875001 0.725 0.992 0.7342500000000001 0.9993333328125 0.7405 0.9986666671875 0.743 0.9963333328124999 0.8532500000000001 0.991 0.9020357499999999 0.9913333328125 0.925 0.9926666671875 0.9359999999999999 0.9949999999999999 0.9494999999999999 0.9943333328125 0.9625 0.9926666671875 0.9775 0.9873333328125 0.994 0.9793333328125 0.99975 0.975 0.99975 0.7216666671875 0.99275 0.7183333328125 0.99175 0.7113333328125 0.99225 0.6940000000000001 0.99 0.6766666671875 0.9880000000000001 0.6676666671875 0.9835 0.659 0.98425 0.6453333328124999 0.99975 0.6266666671875 0.99975 0.606 0.9925 0.6033333328125 0.9869999999999999 0.5993333328125 0.9797499999999999 0.5983333328125 0.975 0.5953333328125 0.97 0.601 0.9664999999999999 0.6026666671875 0.95975 0.6033333328125 0.95475 0.6016666671875 0.9502499999999999 0.5963333328125 0.9502499999999999 0.5796666671875 0.94825 0.5723333328125 0.94825 0.567 0.9512499999999999 0.5573333328125 0.95 0.545 0.9572499999999999 0.532 0.9577500000000001 0.5216666671875 0.95975 0.5183333328125 0.966 0.5133333328125 0.96975 0.5086666671875 0.97075 0.5053333328125 0.9705 0.501 0.96875 0.499 0.9602499999999999 0.49866666718749997 0.9369999999999999 0.5016666671875 0.9305 0.505 0.9205 0.514 0.91175 0.5186666671875 0.9105000000000001 0.5216666671875 0.9109999999999999 0.533 0.906 0.546 0.8685 0.5453333328125 0.8734999999999999 0.5173333328124999 0.8727499999999999 0.4883333328125 0.8744999999999999 0.404 0.8714999999999999 0.392 0.8675 0.3543333328125 0.8619999999999999 0.3513333328125 0.858 0.3453333328125 0.84925 0.32799999999999996 0.8402499999999999 0.303 0.828 0.2823333328125 0.81275 0.26433333281250004 0.78325 0.23933333281250002 0.771 0.233 0.75925 0.225 0.7445 0.219 0.73 0.21033333281250002 0.71075 0.2046666671875 0.6990000000000001 0.19966666718749998 0.6805 0.195 0.618 0.192 0.58475 0.183 0.46775 0.1886666671875 0.42750000000000005 0.193 0.38325 0.2013333328125 0.356 0.2026666671875 0.3235 0.2096666671875 0.3015 0.21800000000000003 0.27575 0.22433333281249998 0.21625 0.24866666718750002 0.19225 0.2626666671875 0.175 0.2793333328125 0.162 0.29 0.15025 0.3036666671875 0.1325 0.3203333328125 0.1265 0.32799999999999996 0.1265 0.3326666671875 0.1345 0.3566666671875 0.144 0.3743333328125 0.1505 0.382