12 0.6126050000000001 0.32366666718750003 0.4465 0.32366666718750003 0.4465 0.49000666718749997 0.6126050000000001 0.49000666718749997 0.6126050000000001 0.32366666718750003
12 0.5470575 0.2342116671875 0.33038249999999997 0.2342116671875 0.33038249999999997 0.6101883328125 0.5470575 0.6101883328125 0.5470575 0.2342116671875
12 0.6692512500000001 0.1196266671875 0.47918874999999994 0.1196266671875 0.47918874999999994 0.40413333281249997 0.6692512500000001 0.40413333281249997 0.6692512500000001 0.1196266671875
12 0.6195674999999999 0.47786333281250004 0.3833625 0.47786333281250004 0.3833625 0.66341 0.6195674999999999 0.66341 0.6195674999999999 0.47786333281250004
12 0.46435624999999997 0.6483566671875 0.32470875 0.6483566671875 0.32470875 0.8503433328125001 0.46435624999999997 0.8503433328125001 0.46435624999999997 0.6483566671875
12 0.712005 0.3243 0.594635 0.3243 0.594635 0.45434666718749994 0.712005 0.45434666718749994 0.712005 0.3243
12 0.620055 0.61149 0.393615 0.61149 0.393615 0.8559566671875001 0.620055 0.8559566671875001 0.620055 0.61149
12 0.45397875 0.46297 0.34387124999999996 0.46297 0.34387124999999996 0.6366366671875 0.45397875 0.6366366671875 0.45397875 0.46297
12 0.31842125 0.37158 0.22308374999999997 0.37158 0.22308374999999997 0.6010733328125 0.31842125 0.6010733328125 0.31842125 0.37158
12 0.16082749999999998 0.48527166718750003 0.0269175 0.48527166718750003 0.0269175 0.780355 0.16082749999999998 0.780355 0.16082749999999998 0.48527166718750003
12 0.40295375 0.111165 0.22741625000000001 0.111165 0.22741625000000001 0.23714166718750002 0.40295375 0.23714166718750002 0.40295375 0.111165
12 0.73993 0.0941566671875 0.5930799999999999 0.0941566671875 0.5930799999999999 0.3599433328125 0.73993 0.3599433328125 0.73993 0.0941566671875
12 0.30163625 0.16040000000000001 0.13928374999999998 0.16040000000000001 0.13928374999999998 0.2543133328125 0.30163625 0.2543133328125 0.30163625 0.16040000000000001
12 0.7047125000000001 0.39615999999999996 0.5228275 0.39615999999999996 0.5228275 0.5478533328124999 0.7047125000000001 0.5478533328124999 0.7047125000000001 0.39615999999999996
12 0.38055249999999996 0.27181 0.23956249999999998 0.27181 0.23956249999999998 0.8225899999999999 0.38055249999999996 0.8225899999999999 0.38055249999999996 0.27181
12 0.34192 0.6420066671875 0.259645 0.6420066671875 0.259645 0.81372 0.34192 0.81372 0.34192 0.6420066671875
12 0 0.5095233328125001 0.057725000000000005 0.5095233328125001 0.057725000000000005 0.2639166671875 0 0.2639166671875 0 0.5095233328125001
12 0.2102675 0.6773266671875 0.0658575 0.6773266671875 0.0658575 0.9190266671874999 0.2102675 0.9190266671874999 0.2102675 0.6773266671875
11 0.7765 0 0.7657499999999999 0.01 0.76125 0.0183333328125 0.75725 0.0233333328125 0.75625 0.0266666671875 0.759 0.0366666671875 0.7685 0.0426666671875 0.77125 0.0463333328125 0.77275 0.0506666671875 0.7675 0.0546666671875 0.75925 0.058333332812500006 0.756 0.064 0.7515 0.0666666671875 0.7344999999999999 0.0706666671875 0.72325 0.0773333328125 0.70775 0.08333333281250001 0.69675 0.09066666718750001 0.6835 0.0936666671875 0.6585 0.096 0.65425 0.098 0.65225 0.10066666718749999 0.646 0.10300000000000001 0.6172500000000001 0.1086666671875 0.6125 0.11133333281249999 0.60975 0.1143333328125 0.58475 0.1276666671875 0.562 0.13433333281249998 0.54875 0.141 0.53075 0.14666666718750002 0.524 0.1513333328125 0.49749999999999994 0.1583333328125 0.48650000000000004 0.1646666671875 0.47175 0.16933333281250001 0.45999999999999996 0.178 0.44800000000000006 0.1833333328125 0.4415 0.189 0.43125 0.1933333328125 0.42774999999999996 0.193 0.42424999999999996 0.1893333328125 0.42074999999999996 0.1766666671875 0.41950000000000004 0.16699999999999998 0.4175 0.1633333328125 0.4085 0.158 0.4035 0.157 0.39575 0.16933333281250001 0.38825 0.17533333281250002 0.38375 0.181 0.37875000000000003 0.19 0.3735 0.1953333328125 0.371 0.20166666718749998 0.36875 0.2046666671875 0.36025 0.20800000000000002 0.35625 0.21200000000000002 0.35425 0.217 0.35350000000000004 0.225 0.341 0.2276666671875 0.33425 0.2363333328125 0.32999999999999996 0.23900000000000002 0.32675 0.238 0.31775000000000003 0.227 0.30975 0.22233333281249998 0.2925 0.2193333328125 0.27725 0.2193333328125 0.27325 0.225 0.272 0.23033333281249999 0.27149999999999996 0.23933333281250002 0.26949999999999996 0.244 0.26549999999999996 0.24733333281249997 0.256 0.2506666671875 0.25225 0.25433333281250003 0.253 0.268 0.25125000000000003 0.2813333328125 0.2475 0.2876666671875 0.24275000000000002 0.29100000000000004 0.2465 0.2986666671875 0.24674999999999997 0.30533333281249997 0.24425 0.3136666671875 0.2425 0.333 0.24075000000000002 0.3406666671875 0.24175 0.354 0.24125000000000002 0.36866666718749996 0.23450000000000001 0.384 0.22925 0.40533333281250006 0.22774999999999998 0.40800000000000003 0.22149999999999997 0.4136666671875 0.21949999999999997 0.41900000000000004 0.2185 0.4286666671875 0.21725 0.4326666671875 0.21325 0.4386666671875 0.21025 0.44066666718749997 0.20825 0.4446666671875 0.205 0.4643333328125 0.20325000000000001 0.4843333328125 0.20074999999999998 0.496 0.1965 0.497 0.19424999999999998 0.499 0.192 0.5086666671875 0.188 0.516 0.18225 0.518 0.17925 0.5213333328124999 0.1795 0.53 0.17875000000000002 0.5316666671875 0.1695 0.5346666671875 0.16275 0.5346666671875 0.1585 0.5323333328125 0.156 0.5286666671875 0.1535 0.5203333328124999 0.155 0.5086666671875 0.1545 0.505 0.15275 0.502 0.151 0.5013333328125 0.14850000000000002 0.504 0.14450000000000002 0.512 0.143 0.513 0.13799999999999998 0.513 0.13425 0.5086666671875 0.13 0.501 0.128 0.49866666718749997 0.12475 0.49733333281250003 0.119 0.501 0.11274999999999999 0.51 0.09425 0.5163333328124999 0.08875 0.521 0.08525 0.5266666671875 0.0795 0.5426666671875 0.07475000000000001 0.5509999999999999 0.07125000000000001 0.561 0.06775 0.5676666671875 0.05425 0.5820000000000001 0.038 0.6076666671875001 0.036 0.6183333328125 0.03025 0.6343333328125 0.025750000000000002 0.64 0.0125 0.6346666671875 0.007000000000000001 0.6453333328124999 0.00475 0.6513333328125 0 0.6596666671875 0 0.993 0.0125 0.9893333328124999 0.04825 0.992 0.06275 0.9953333328125 0.0665 0.9996666671875 0.14325000000000002 0.9996666671875 0.15025 0.9970000000000001 0.1615 0.998 0.16575 0.9996666671875 0.4585 0.9996666671875 0.49050000000000005 0.9949999999999999 0.50175 0.991 0.509 0.992 0.52225 0.9996666671875 0.6174999999999999 0.9996666671875 0.64025 0.9973333328124999 0.6715 0.9983333328124999 0.67475 0.9996666671875 0.81124775 0.9996666671875 0.8115 0.9976666671875 0.8125 0.9996666671875 0.81275 0.9396666671875 0.82 0.933 0.8365 0.9263333328125001 0.8465 0.9199999999999999 0.85925 0.9156666671875 0.867 0.909 0.8724999999999999 0.906 0.8885 0.9026666671875001 0.9005000000000001 0.897 0.909 0.8943333328125 0.9404999999999999 0.892 0.97475 0.8789999999999999 0.9792500000000001 0.8756666671875 0.9845 0.869 0.9935 0.8606666671875001 0.99725 0.8456666671875 0.99975 0.8400000000000001 0.99975 0.697 0.9974999999999999 0.6953333328125 0.9957499999999999 0.6873333328125 0.9960000000000001 0.682 0.99975 0.6786666671875 0.99975 0.4773333328125 0.9942500000000001 0.4783333328125 0.99225 0.4813333328125 0.99275 0.49833333281250003 0.991 0.5206666671875 0.9935 0.5316666671875 0.99325 0.5436666671875 0.991 0.5483333328125 0.9845 0.5549999999999999 0.9835 0.558 0.984 0.571 0.985 0.576 0.9894999999999999 0.5816666671874999 0.9904999999999999 0.5853333328125 0.9904999999999999 0.6053333328125 0.9897500000000001 0.609 0.9877499999999999 0.6123333328125 0.9824999999999999 0.6116666671875 0.9785 0.609 0.9772500000000001 0.606 0.9765 0.5943333328125 0.9744999999999999 0.5916666671875 0.9702500000000001 0.5913333328125 0.96225 0.5913333328125 0.9582499999999999 0.595 0.9560000000000001 0.6093333328125 0.9505000000000001 0.6153333328125 0.94675 0.615 0.9369999999999999 0.6106666671875 0.924 0.6096666671875 0.9012499999999999 0.619 0.897 0.619 0.8869999999999999 0.6156666671875 0.8805 0.6093333328125 0.8744999999999999 0.6016666671875 0.8720000000000001 0.5963333328125 0.87225 0.5820000000000001 0.8654999999999999 0.5693333328125 0.8664999999999999 0.5566666671875 0.8695 0.545 0.875 0.5383333328125001 0.87775 0.5313333328125001 0.8792500000000001 0.521 0.8787499999999999 0.505 0.87475 0.4883333328125 0.87225 0.4853333328125 0.86725 0.485 0.8637499999999999 0.488 0.8632500000000001 0.49066666718749996 0.8615 0.48966666718749996 0.8619999999999999 0.47866666718750006 0.86775 0.4733333328125 0.874 0.4596666671875 0.87625 0.44733333281250004 0.87625 0.441 0.8744999999999999 0.43200000000000005 0.87225 0.4256666671875 0.86175 0.41 0.85975 0.40499999999999997 0.8567500000000001 0.384 0.8567500000000001 0.3776666671875 0.8630000000000001 0.365 0.86425 0.34700000000000003 0.86425 0.3393333328125 0.8630000000000001 0.3313333328125 0.8547499999999999 0.322 0.8452500000000001 0.3046666671875 0.8452500000000001 0.2856666671875 0.8462500000000001 0.27599999999999997 0.8515 0.263 0.8595 0.2496666671875 0.8695 0.2236666671875 0.8792500000000001 0.20433333281250002 0.881 0.177 0.88375 0.1676666671875 0.8867499999999999 0.16299999999999998 0.8995 0.16499999999999998 0.9109999999999999 0.1696666671875 0.9167500000000001 0.174 0.9189999999999999 0.177 0.9189999999999999 0.1793333328125 0.915 0.19 0.9155 0.20099999999999998 0.9257500000000001 0.22000000000000003 0.92875 0.223 0.9352499999999999 0.2266666671875 0.93775 0.2266666671875 0.94675 0.2216666671875 0.9574999999999999 0.2193333328125 0.962 0.2153333328125 0.9657500000000001 0.20400000000000001 0.9664999999999999 0.188 0.9692500000000001 0.181 0.9722500000000001 0.177 0.9765 0.176 0.982 0.179 0.98375 0.181 0.9855 0.1876666671875 0.9875 0.1913333328125 0.9890000000000001 0.1806666671875 0.99075 0.17733333281250002 0.99975 0.17266666718749998 0.99975 0 0.9105000000000001 0.0003333328125 0.9029999999999999 0.013000000000000001 0.89925 0.0233333328125 0.8872500000000001 0.039333332812499996 0.88425 0.039333332812499996 0.8792500000000001 0.0366666671875 0.87675 0.0276666671875 0.87375 0.020999999999999998 0.87225 0.0153333328125 0.87225 0.011 0.87425 0 0.7765 0