12 0.7618347953125 0.3103070171875 0.6235380109374999 0.3103070171875 0.6235380109374999 0.46274122812499996 0.7618347953125 0.46274122812499996 0.7618347953125 0.3103070171875
12 0.7392269734375 0.1788939140625 0.6621399859375 0.1788939140625 0.6621399859375 0.48248218125 0.7392269734375 0.48248218125 0.7392269734375 0.1788939140625
12 0.4127814328125 0.5549917765625 0.336242690625 0.5549917765625 0.336242690625 0.8058470390625001 0.4127814328125 0.8058470390625001 0.4127814328125 0.5549917765625
12 0.500213815625 0.4278248359375 0.4241027046875 0.4278248359375 0.4241027046875 0.6766652953125 0.500213815625 0.6766652953125 0.500213815625 0.4278248359375
12 0.6530299703125 0.2201836625 0.593062865625 0.2201836625 0.593062865625 0.47927905624999995 0.6530299703125 0.47927905624999995 0.6530299703125 0.2201836625
12 0.727782346875 0.506195175 0.6755363671875 0.506195175 0.6755363671875 0.711091009375 0.727782346875 0.711091009375 0.727782346875 0.506195175
12 0.8759155703125 0.3414925984375 0.8057255109374999 0.3414925984375 0.8057255109374999 0.5191049890625 0.8759155703125 0.5191049890625 0.8759155703125 0.3414925984375
12 0.6244819078125 0.19665707187499998 0.53567525625 0.19665707187499998 0.53567525625 0.44787691875 0.6244819078125 0.44787691875 0.6244819078125 0.19665707187499998
12 0.8239738671874999 0.33783031874999997 0.745360928125 0.33783031874999997 0.745360928125 0.52642955 0.8239738671874999 0.52642955 0.8239738671874999 0.33783031874999997
12 0.6928554453125 0.2243969296875 0.6352695546875 0.2243969296875 0.6352695546875 0.4468695171875 0.6928554453125 0.4468695171875 0.6928554453125 0.2243969296875
12 0.57931469375 0.4502563046875 0.48904422500000005 0.4502563046875 0.48904422500000005 0.7399300984375 0.57931469375 0.7399300984375 0.57931469375 0.4502563046875
12 0.505553728125 0.17944353125 0.4495230265625 0.17944353125 0.4495230265625 0.37280427656250004 0.505553728125 0.37280427656250004 0.505553728125 0.17944353125
12 0.360503471875 0.416657071875 0.26156524062500003 0.416657071875 0.26156524062500003 0.701753015625 0.360503471875 0.701753015625 0.360503471875 0.416657071875
12 0.4694517546875 0.61193941875 0.392364765625 0.61193941875 0.392364765625 0.899782071875 0.4694517546875 0.899782071875 0.4694517546875 0.61193941875
12 0.828674159375 0.15682839843750002 0.681091921875 0.15682839843750002 0.681091921875 0.5239555921875 0.828674159375 0.5239555921875 0.828674159375 0.15682839843750002
12 0.456100146875 0.22595257656249998 0.40815789531249996 0.22595257656249998 0.40815789531249996 0.4053961078125 0.456100146875 0.4053961078125 0.456100146875 0.22595257656249998
12 0.561966375 0.16204906875 0.500533625 0.16204906875 0.500533625 0.359436678125 0.561966375 0.359436678125 0.561966375 0.16204906875
12 0.5323793859375 0.64251781875 0.454437134375 0.64251781875 0.454437134375 0.9321916124999999 0.5323793859375 0.9321916124999999 0.5323793859375 0.64251781875
12 0.619476425 0.548582784375 0.531890534375 0.548582784375 0.531890534375 0.8122560312499999 0.619476425 0.8122560312499999 0.619476425 0.548582784375
12 0.4582666296875 0.016206140625 0.41282620625 0.016206140625 0.41282620625 0.248382675 0.4582666296875 0.248382675 0.4582666296875 0.016206140625
12 0.621885965625 0.0169380484375 0.5626827484375 0.0169380484375 0.5626827484375 0.2090158984375 0.621885965625 0.2090158984375 0.621885965625 0.0169380484375
12 0.27719024062500003 0.6011362390625 0.1849661921875 0.6011362390625 0.1849661921875 0.926698190625 0.27719024062500003 0.926698190625 0.27719024062500003 0.6011362390625
12 0.42614674687500004 0.0027467109375 0.2921134875 0.0027467109375 0.2921134875 0.21643092031250002 0.42614674687500004 0.21643092031250002 0.42614674687500004 0.0027467109375
12 0.5942680921875 0.0225219296875 0.475066703125 0.0225219296875 0.475066703125 0.44659539531250003 0.5942680921875 0.44659539531250003 0.5942680921875 0.0225219296875
12 0.55368146875 0.0014651859374999999 0.4853828578125 0.0014651859374999999 0.4853828578125 0.146484375 0.55368146875 0.146484375 0.55368146875 0.0014651859374999999
12 0.2874141078125 0.40805098749999996 0.20892361093749998 0.40805098749999996 0.20892361093749998 0.6700740125 0.2874141078125 0.6700740125 0.2874141078125 0.40805098749999996
12 0.45324652812500005 0.0089720390625 0.37585435 0.0089720390625 0.37585435 0.4293832234375 0.45324652812500005 0.4293832234375 0.45324652812500005 0.0089720390625
12 0.324004934375 0.6812445171875 0.249237025 0.6812445171875 0.249237025 0.9505921046875001 0.324004934375 0.9505921046875001 0.324004934375 0.6812445171875
12 0.8672487203125 0.5364076203125 0.7372432390625 0.5364076203125 0.7372432390625 0.7958675984375 0.8672487203125 0.7958675984375 0.8672487203125 0.5364076203125
12 0.49133315 0.3953248359375 0.31433205468750003 0.3953248359375 0.31433205468750003 0.7047738484375 0.49133315 0.7047738484375 0.49133315 0.3953248359375
12 0.7332757671875 0.47113212656250003 0.57531706875 0.47113212656250003 0.57531706875 0.8728645828125 0.7332757671875 0.8728645828125 0.7332757671875 0.47113212656250003
12 0.9938660453124999 0.3508305921875 0.8713678734375 0.3508305921875 0.8713678734375 0.5595696265625001 0.9938660453124999 0.5595696265625001 0.9938660453124999 0.3508305921875
12 0.3666694078125 0.7265611296875 0.29348775625 0.7265611296875 0.29348775625 0.955078125 0.3666694078125 0.955078125 0.3666694078125 0.7265611296875
12 0.61056469375 0.694059759375 0.520294225 0.694059759375 0.520294225 0.9187308109375 0.61056469375 0.9187308109375 0.61056469375 0.694059759375
12 0.42129385937499997 0.775084978125 0.3545833328125 0.775084978125 0.3545833328125 0.9666145828125 0.42129385937499997 0.9666145828125 0.42129385937499997 0.775084978125
12 0.3808899859375 0.1652974234375 0.314910453125 0.1652974234375 0.314910453125 0.34043722656250003 0.3808899859375 0.34043722656250003 0.3808899859375 0.1652974234375
12 0.4241949921875 0.2711800984375 0.3140871703125 0.2711800984375 0.3140871703125 0.4235238484375 0.4241949921875 0.4235238484375 0.4241949921875 0.2711800984375
12 0.61595120625 0.7768722593749999 0.5676416296875 0.7768722593749999 0.5676416296875 0.8989117328124999 0.61595120625 0.8989117328124999 0.61595120625 0.7768722593749999
12 0.9797368421874999 0.3309649125 0.680420321875 0.3309649125 0.680420321875 0.5874945171875 0.9797368421874999 0.5874945171875 0.9797368421874999 0.3309649125
12 1 0.52175986875 0.847290753125 0.52175986875 0.847290753125 0.746063596875 1 0.746063596875 1 0.52175986875
12 0.71784905 0.7564103625 0.673751828125 0.7564103625 0.673751828125 0.8490611296875 0.71784905 0.8490611296875 0.71784905 0.7564103625
12 0.4647368421875 0.8346408984375 0.41953947343750003 0.8346408984375 0.41953947343750003 0.9597944078125 0.4647368421875 0.9597944078125 0.4647368421875 0.8346408984375
12 0.70459064375 0.23538240156249998 0.4448245609375 0.23538240156249998 0.4448245609375 0.411711896875 0.70459064375 0.411711896875 0.70459064375 0.23538240156249998
12 0.2867434203125 0.0030222046874999998 0.070679825 0.0030222046874999998 0.070679825 0.2895819625 0.2867434203125 0.2895819625 0.2867434203125 0.0030222046874999998
12 0 0.5456537828125 0.129455409375 0.5456537828125 0.129455409375 0.010985471875 0 0.010985471875 0 0.5456537828125
12 0.8225100515625 0.3659361296875 0.58178819375 0.3659361296875 0.58178819375 0.4961252734375 0.8225100515625 0.4961252734375 0.8225100515625 0.3659361296875
12 0.52148483125 0.397520559375 0.170898209375 0.397520559375 0.170898209375 0.9523314140625001 0.52148483125 0.9523314140625001 0.52148483125 0.397520559375
12 0.7658086625 0.021880482812499998 0.6179815421875 0.021880482812499998 0.6179815421875 0.2388596484375 0.7658086625 0.2388596484375 0.7658086625 0.021880482812499998
12 0.3586430921875 0.000733278125 0.2570805921875 0.000733278125 0.2570805921875 0.3618160640625 0.3586430921875 0.3618160640625 0.3586430921875 0.000733278125
12 0.7521966375 0.205926534375 0.5769042390625 0.205926534375 0.5769042390625 0.2851644734375 0.7521966375 0.2851644734375 0.7521966375 0.205926534375
12 0.1877750359375 0.4497971484375 0.11178636718749999 0.4497971484375 0.11178636718749999 0.6708059203125 0.1877750359375 0.6708059203125 0.1877750359375 0.4497971484375
12 0.8892817984375 0.45597861875 0.6009521203125 0.45597861875 0.6009521203125 0.5679468203125 0.8892817984375 0.5679468203125 0.8892817984375 0.45597861875
12 0.1181030703125 0.6355592109375 0.00451754375 0.6355592109375 0.00451754375 0.893739034375 0.1181030703125 0.893739034375 0.1181030703125 0.6355592109375
12 0.7584228796875 0.4210279609375 0.4193110375 0.4210279609375 0.4193110375 0.5113459437500001 0.7584228796875 0.5113459437500001 0.7584228796875 0.4210279609375
12 0.54254111875 0.6689761515625 0.5170275953125001 0.6689761515625 0.5170275953125001 0.9101247265625 0.54254111875 0.9101247265625 0.54254111875 0.6689761515625
12 0.7203371703125 0.10656798281249999 0.2723382671875 0.10656798281249999 0.2723382671875 0.8148190796874999 0.7203371703125 0.8148190796874999 0.7203371703125 0.10656798281249999
12 0.9887701015625 0.0523684203125 0.5991209796875 0.0523684203125 0.5991209796875 0.8045668859375 0.9887701015625 0.8045668859375 0.9887701015625 0.0523684203125
12 0.4565433109375 0.3801274671875 0.1948236484375 0.3801274671875 0.1948236484375 0.46069490156250004 0.4565433109375 0.46069490156250004 0.4565433109375 0.3801274671875
12 0.3112792390625 0.12872121718750001 0.23461988281249999 0.12872121718750001 0.23461988281249999 0.331969571875 0.3112792390625 0.331969571875 0.3112792390625 0.12872121718750001
12 0.5451206140625 0.4852288921875 0.485153509375 0.4852288921875 0.485153509375 0.6155989578125001 0.5451206140625 0.6155989578125001 0.5451206140625 0.4852288921875
12 0.556762609375 0.758515625 0.20397935 0.758515625 0.20397935 0.97293174375 0.556762609375 0.97293174375 0.556762609375 0.758515625
11 0 0 0 0.9997258765625 0.342653509375 0.9997258765625 0.355080409375 0.992598684375 0.3923611109375 0.992598684375 0.41063596562500004 0.9884868421874999 0.43165204687500003 0.9876644734375001 0.4479166671875 0.9846491234375 0.4548611109375 0.9819078953125 0.46016081875000003 0.97724780625 0.46710526249999995 0.9731359656249999 0.47295321562500003 0.9734100874999999 0.47532894687500005 0.97724780625 0.47569444375 0.9849232453125 0.4791666671875 0.98821271875 0.49141081875000003 0.991776315625 0.5032894734375 0.9997258765625 0.9998172515625001 0.9997258765625 0.9998172515625001 0.7916666671875 0.997989765625 0.7861842109375 0.99451754375 0.7672697375 0.989400584375 0.7483552625 0.9895833328125001 0.7365679828125 0.9890350874999999 0.7330043859375001 0.9875731 0.7310855265625 0.98519736875 0.7321820171875 0.9809941515625 0.7258771937499999 0.9833698828124999 0.7212171046875 0.9939692984375 0.7151864031249999 0.9998172515625001 0.7077850875 0.9998172515625001 0.49396929843750004 0.9941520468749999 0.483278509375 0.965643275 0.42351973750000005 0.9619883046875 0.4177631578125 0.953033625 0.398848684375 0.9438961984375001 0.38349780624999996 0.9099049703125001 0.3314144734375 0.9036915203125 0.318804825 0.8945540937500001 0.305921053125 0.88980263125 0.2963267546875 0.8775584796875 0.27576754375 0.871893275 0.2678179828125 0.8671418125000001 0.25849780624999996 0.8411915203125 0.21902412343750002 0.8203581874999999 0.1921600875 0.8150584796875 0.18146929843749998 0.7975146203125 0.1557017546875 0.7900219296875 0.1422697375 0.768274853125 0.11101973750000001 0.76334064375 0.1025219296875 0.7481725140625 0.0860745609375 0.7024853796875 0.043311403124999995 0.6904239765625 0.0326206140625 0.68366228125 0.0282346484375 0.6765350875 0.0205592109375 0.6686769 0.0150767546875 0.6653874265625 0.0109649125 0.6593567250000001 0 0 0