12 0.51775 0.1786666671875 0.465 0.1786666671875 0.465 0.25633333281250004 0.51775 0.25633333281250004 0.51775 0.1786666671875
12 0.36328125 0.256265 0.23632875000000003 0.256265 0.23632875000000003 0.445555 0.36328125 0.445555 0.36328125 0.256265
12 0.75858125 0.3453333328125 0.70774875 0.3453333328125 0.70774875 0.4073866671875 0.75858125 0.4073866671875 0.75858125 0.3453333328125
12 1 0.350545 0.8861700000000001 0.350545 0.8861700000000001 0.4652083328125 1 0.4652083328125 1 0.350545
12 0.6920175000000001 0.27124000000000004 0.4476325 0.27124000000000004 0.4476325 0.5126133328125 0.6920175000000001 0.5126133328125 0.6920175000000001 0.27124000000000004
12 0.5769037499999999 0.1770816671875 0.26489124999999997 0.1770816671875 0.26489124999999997 0.5117183328125 0.5769037499999999 0.5117183328125 0.5769037499999999 0.1770816671875
12 0.900145 0.2999683328125 0.6604 0.2999683328125 0.6604 0.5034183328124999 0.900145 0.5034183328124999 0.900145 0.2999683328125
12 0.3686525 0.27270500000000003 0.0493175 0.27270500000000003 0.0493175 0.5567216671875 0.3686525 0.5567216671875 0.3686525 0.27270500000000003
12 0.5229487500000001 0.5233566671875 0.37011625000000004 0.5233566671875 0.37011625000000004 0.6817233328125 0.5229487500000001 0.6817233328125 0.5229487500000001 0.5233566671875
12 0.5031125000000001 0.1441233328125 0.3533325 0.1441233328125 0.3533325 0.31551 0.5031125000000001 0.31551 0.5031125000000001 0.1441233328125
12 0.42419375 0.18164 0.25451625 0.18164 0.25451625 0.35741999999999996 0.42419375 0.35741999999999996 0.42419375 0.18164
12 0.8768925 0.50765 0.6406875000000001 0.50765 0.6406875000000001 0.77425 0.8768925 0.77425 0.8768925 0.50765
12 0.62760375 0.6753333328125 0.57025125 0.6753333328125 0.57025125 0.7272000000000001 0.62760375 0.7272000000000001 0.62760375 0.6753333328125
12 0.38208000000000003 0.5181466671875 0.187745 0.5181466671875 0.187745 0.71818 0.38208000000000003 0.71818 0.38208000000000003 0.5181466671875
12 0.887115 0.22037666718749999 0.782805 0.22037666718749999 0.782805 0.4586566671875 0.887115 0.4586566671875 0.887115 0.22037666718749999
12 1 0.6247550000000001 0.8568737499999999 0.6247550000000001 0.8568737499999999 0.8140449999999999 1 0.8140449999999999 1 0.6247550000000001
12 0.6148075000000001 0.131795 0.5004275 0.131795 0.5004275 0.2542716671875 0.6148075000000001 0.2542716671875 0.6148075000000001 0.131795
12 0.64868125 0.4443766671875 0.09838875 0.4443766671875 0.09838875 0.59013 0.64868125 0.59013 0.64868125 0.4443766671875
12 0.546875 0.5661616671874999 0.333495 0.5661616671874999 0.333495 0.8726383328124999 0.546875 0.8726383328124999 0.546875 0.5661616671874999
12 1 0.049073332812499995 0.88931375 0.049073332812499995 0.88931375 0.23152666718749998 1 0.23152666718749998 1 0.049073332812499995
12 0.5929575 0.7537016671875 0.3831175 0.7537016671875 0.3831175 0.8218183328125 0.5929575 0.8218183328125 0.5929575 0.7537016671875
12 0.7315075 0.71639 0.5956425000000001 0.71639 0.5956425000000001 0.9164233328125 0.7315075 0.9164233328125 0.7315075 0.71639
11 0.06 0.4443333328125 0.06675 0.458 0.0725 0.4743333328125 0.09325 0.51 0.14775 0.6106666671875 0.1555 0.623 0.16125 0.6353333328125 0.16725 0.644 0.17275000000000001 0.6546666671875 0.1875 0.6756666671875 0.23700000000000002 0.7373333328125 0.244 0.744 0.26025 0.7646666671875 0.286 0.7916666671875 0.29300000000000004 0.7983333328125 0.3 0.8029999999999999 0.32475 0.8126666671875 0.346 0.8186666671875 0.35475 0.8230000000000001 0.36875 0.8326666671874999 0.37324999999999997 0.8380000000000001 0.38849999999999996 0.8626666671875001 0.40374999999999994 0.877 0.42374999999999996 0.89 0.485 0.9153333328125 0.509 0.9206666671875 0.52525 0.9266666671875001 0.5589999999999999 0.932 0.572 0.9326666671874999 0.59975 0.9276666671875 0.609 0.925 0.62725 0.917 0.693 0.8773333328125 0.70975 0.8636666671875 0.7255 0.8486666671875 0.73525 0.8373333328125 0.7394999999999999 0.8313333328124999 0.74425 0.8206666671875 0.7725 0.7833333328125 0.77725 0.779 0.7849999999999999 0.769 0.80375 0.7513333328125 0.82825 0.721 0.8375 0.708 0.8585 0.6719999999999999 0.869 0.6456666671875 0.8712500000000001 0.6326666671875001 0.8755000000000001 0.619 0.88325 0.5860000000000001 0.89975 0.537 0.9025000000000001 0.5186666671875 0.9065 0.506 0.9055 0.46733333281249995 0.9039999999999999 0.45766666718750004 0.9019999999999999 0.4251666671875 0.9012499999999999 0.3913333328125 0.899 0.3783333328125 0.8887499999999999 0.3413333328125 0.8869999999999999 0.3273333328125 0.88125 0.3046666671875 0.86525 0.2636666671875 0.8522500000000001 0.24 0.8385 0.2206666671875 0.81425 0.196 0.8012499999999999 0.185 0.76875 0.1626666671875 0.736 0.147 0.71825 0.1416666671875 0.702 0.135 0.6597500000000001 0.123 0.6252500000000001 0.1236666671875 0.47375 0.1383333328125 0.454 0.1376666671875 0.43499999999999994 0.1346666671875 0.4185 0.1356666671875 0.40599999999999997 0.1386666671875 0.37324999999999997 0.1496666671875 0.331 0.16799999999999998 0.257 0.1876666671875 0.23975 0.19866666718749998 0.2185 0.2156666671875 0.20099999999999998 0.2246666671875 0.16825 0.248 0.096 0.31 0.06975 0.3383333328125 0.060250000000000005 0.3506666671875 0.0375 0.3913333328125 0.03775 0.4046666671875 0.05 0.42000000000000004 0.053500000000000006 0.4266666671875 0.06 0.4443333328125