12 0.7413706140625 0.5515364578125 0.614400584375 0.5515364578125 0.614400584375 0.7147848140625 0.7413706140625 0.7147848140625 0.7413706140625 0.5515364578125
12 0.571808296875 0.4281811953125 0.453582784375 0.4281811953125 0.453582784375 0.585475603125 0.571808296875 0.585475603125 0.571808296875 0.4281811953125
12 0.636656615625 0.39605674375 0.4277951390625 0.39605674375 0.4277951390625 0.5341186953125 0.636656615625 0.5341186953125 0.636656615625 0.39605674375
12 0.70489400625 0.3653399125 0.5626827484375 0.3653399125 0.5626827484375 0.4725493421875 0.70489400625 0.4725493421875 0.70489400625 0.3653399125
12 0.9999990859375 0.2876603625 0.8905637796875 0.2876603625 0.8905637796875 0.41803042812499996 0.9999990859375 0.41803042812499996 0.9999990859375 0.2876603625
12 0.8479002187500001 0.23931880468750003 0.7087408625 0.23931880468750003 0.7087408625 0.37738075625 0.8479002187500001 0.37738075625 0.8479002187500001 0.23931880468750003
12 0.9613642171875 0.3151685859375 0.805236659375 0.3151685859375 0.805236659375 0.4970847046875 0.9613642171875 0.4970847046875 0.9613642171875 0.3151685859375
12 0.7196052625 0.010346765625 0.5645760234375 0.010346765625 0.5645760234375 0.184296875 0.7196052625 0.184296875 0.7196052625 0.010346765625
12 0.6189574203125 0.4610581140625 0.3727421421875 0.4610581140625 0.3727421421875 0.6632072375 0.6189574203125 0.6632072375 0.6189574203125 0.4610581140625
12 0.48994974375 0.293858278125 0.41703124999999996 0.293858278125 0.41703124999999996 0.3663061953125 0.48994974375 0.3663061953125 0.48994974375 0.293858278125
12 0.503784721875 0.47158717031249997 0.209106359375 0.47158717031249997 0.209106359375 0.6255783984375001 0.503784721875 0.6255783984375001 0.503784721875 0.47158717031249997
12 0.66210983125 0.42221902343749995 0.47168037343749997 0.42221902343749995 0.47168037343749997 0.47573053749999994 0.66210983125 0.47573053749999994 0.66210983125 0.42221902343749995
12 0.7196052625 0.23030016406249998 0.4600840640625 0.23030016406249998 0.4600840640625 0.36808799375 0.7196052625 0.36808799375 0.7196052625 0.23030016406249998
12 0.7944956140625 0.29294682031249997 0.6508187140625 0.29294682031249997 0.6508187140625 0.3801507671875 0.7944956140625 0.3801507671875 0.7944956140625 0.29294682031249997
12 0.5963130484375 0.39411321250000003 0.32312043125 0.39411321250000003 0.32312043125 0.44670915625 0.5963130484375 0.44670915625 0.5963130484375 0.39411321250000003
12 0.8923949203125 0.46041803750000004 0.6447139984375 0.46041803750000004 0.6447139984375 0.8052069625 0.8923949203125 0.8052069625 0.8923949203125 0.46041803750000004
12 0.986877740625 0.1814569625 0.751404421875 0.1814569625 0.751404421875 0.262024396875 0.986877740625 0.262024396875 0.986877740625 0.1814569625
12 0.4350584796875 0.397520559375 0.20556652031249997 0.397520559375 0.20556652031249997 0.4418325109375 0.4350584796875 0.4418325109375 0.4350584796875 0.397520559375
12 0.3605957609375 0.5846779062499999 0.15844663750000001 0.5846779062499999 0.15844663750000001 0.6553111296874999 0.3605957609375 0.6553111296874999 0.3605957609375 0.5846779062499999
12 0.3891602703125 0.5943599234375 0.0170897296875 0.5943599234375 0.0170897296875 0.9071038921874999 0.3891602703125 0.9071038921874999 0.3891602703125 0.5943599234375
12 0.598265715625 0.22423656875 0.3353271203125 0.22423656875 0.3353271203125 0.266487115625 0.598265715625 0.266487115625 0.598265715625 0.22423656875
12 0.71899396875 0.12790021875 0.4479979890625 0.12790021875 0.4479979890625 0.175323465625 0.71899396875 0.175323465625 0.71899396875 0.12790021875
12 0.979735928125 0.11943119531249999 0.4958488671875 0.11943119531249999 0.4958488671875 0.266555646875 0.979735928125 0.266555646875 0.979735928125 0.11943119531249999
12 0.6301279234375 0.1141652953125 0.3498538015625 0.1141652953125 0.3498538015625 0.23428316875 0.6301279234375 0.23428316875 0.6301279234375 0.1141652953125
12 0.2781377921875 0.4972231359375 0.134705775 0.4972231359375 0.134705775 0.667327303125 0.2781377921875 0.667327303125 0.2781377921875 0.4972231359375
12 0.852966009375 0.37618969375 0.705626828125 0.37618969375 0.705626828125 0.589873903125 0.852966009375 0.589873903125 0.852966009375 0.37618969375
12 0.594969846875 0.5845641453125 0.4274899484375 0.5845641453125 0.4274899484375 0.8304742328125 0.594969846875 0.8304742328125 0.594969846875 0.5845641453125
12 0.248687865625 0.736450109375 0.155365496875 0.736450109375 0.155365496875 0.9056387062500001 0.248687865625 0.9056387062500001 0.248687865625 0.736450109375
12 0.21881030625000003 0.661514528125 0.0634155703125 0.661514528125 0.0634155703125 0.7938089359375 0.21881030625000003 0.7938089359375 0.21881030625000003 0.661514528125
12 0.3795778515625 0.314117325 0.228821271875 0.314117325 0.228821271875 0.5706469296875001 0.3795778515625 0.5706469296875001 0.3795778515625 0.314117325
12 0.5065917390625 0.59170504375 0.3312993421875 0.59170504375 0.3312993421875 0.859221490625 0.5065917390625 0.859221490625 0.5065917390625 0.59170504375
12 0.746155884375 0.410659265625 0.58978344375 0.410659265625 0.58978344375 0.5825041125 0.746155884375 0.5825041125 0.746155884375 0.410659265625
12 0.928954678125 0.06230263125 0.8229970765625 0.06230263125 0.8229970765625 0.22883771875 0.928954678125 0.22883771875 0.928954678125 0.06230263125
12 0.9959110015625001 0.12432839843750002 0.897645284375 0.12432839843750002 0.897645284375 0.259459978125 0.9959110015625001 0.259459978125 0.9959110015625001 0.12432839843750002
12 0.74508680625 0.1499643640625 0.671905153125 0.1499643640625 0.671905153125 0.3590707234375 0.74508680625 0.3590707234375 0.74508680625 0.1499643640625
12 0.8695677999999999 0.011535087500000001 0.6714482828125 0.011535087500000001 0.6714482828125 0.234375 0.8695677999999999 0.234375 0.8695677999999999 0.011535087500000001
11 0.5303362578125 0 0.507492690625 0.010416667187500001 0.48446637499999995 0.022203946874999998 0.46546052656250003 0.034813596875000005 0.43585526249999995 0.058662281250000003 0.4234283625 0.070723684375 0.4135599421875 0.08196271875 0.40661549687500004 0.09210526249999999 0.364400584375 0.1373355265625 0.3494152046875 0.1595394734375 0.3459429828125 0.1666666671875 0.3360745609375 0.1817434203125 0.3333333328125 0.1877741234375 0.3112207609375 0.223135965625 0.3061038015625 0.23410087656249998 0.29915935625 0.2442434203125 0.27430555624999997 0.28837719375000004 0.26644736875 0.30537280624999996 0.26169590625 0.311403509375 0.2549342109375 0.3278508765625 0.248903509375 0.337171053125 0.242507309375 0.352796053125 0.23702485312500002 0.362116228125 0.23008040937500002 0.37856359687499996 0.22423245625 0.3876096484375 0.2178362578125 0.40241228125 0.2092470765625 0.4188596484375 0.198099415625 0.43585526249999995 0.1931652046875 0.4490131578125 0.1862207609375 0.4618969296875 0.1827485375 0.470668859375 0.17086988281249998 0.48766447343749997 0.1661184203125 0.4969846484375 0.1591739765625 0.504385965625 0.1533260234375 0.51946271875 0.15021929843749998 0.523848684375 0.1474780703125 0.5252192984375 0.14546783593749998 0.5276864031249999 0.1436403515625 0.5334429828125 0.1421783625 0.544133771875 0.137975146875 0.55071271875 0.1354166671875 0.5520833328125 0.13358918125000002 0.5545504390625 0.131578946875 0.561403509375 0.1100146203125 0.6014254390625 0.107456140625 0.6041666671875 0.10471491250000001 0.6123903515625 0.1032529234375 0.620614034375 0.1005116953125 0.6255482453125001 0.0970394734375 0.627741228125 0.094846490625 0.631578946875 0.09210526249999999 0.6466557015625 0.08826754375 0.65542763125 0.0873538015625 0.65707236875 0.08333333281250001 0.6595394734375 0.08205409375 0.6620065796875 0.0774853796875 0.68366228125 0.0751096484375 0.6891447375 0.0716374265625 0.6910635968750001 0.0698099421875 0.694078946875 0.0670687140625 0.710526315625 0.0639619890625 0.7217653515625 0.06286549687500001 0.7236842109375 0.0584795328125 0.7266995609375 0.0568347953125 0.7294407890625 0.052814328125 0.7478070171875 0.05025584843749999 0.754385965625 0.0447733921875 0.763706140625 0.037828946875000005 0.7864583328125 0.0338084796875 0.7944078953125 0.030884503125 0.8075657890624999 0.027960526562499997 0.8166118421874999 0.025402046875 0.82264254375 0.0213815796875 0.8292214906250001 0.01480263125 0.8442982453125 0.005847953125 0.8571820171875 0 0.86787280625 0 0.9202302625 0.0118786546875 0.9161184203125 0.0376461984375 0.91337719375 0.0493421046875 0.9078947375 0.065972221875 0.9073464906250001 0.0765716375 0.9095394734375001 0.095760234375 0.9161184203125 0.13980263125 0.9207785093749999 0.16648391875 0.9276315796875 0.18932748593749998 0.9309210531250001 0.20394736875000002 0.93667763125 0.2174707609375 0.939418859375 0.27722953281249996 0.9487390343750001 0.3051900578125 0.9484649125000001 0.366045321875 0.9405153515625001 0.4614400578125 0.9166666671874999 0.49323830468749996 0.9051535093749999 0.5818713453125001 0.882401315625 0.61330409375 0.8771929828125 0.6345029234374999 0.8714364031249999 0.6584429828125 0.866776315625 0.6876827484375 0.853070175 0.6966374265625 0.8453947375 0.70394736875 0.8423793859375 0.712171053125 0.8360745609375 0.7235014625 0.8259320171875 0.7341008765625 0.8141447375 0.7516447375 0.79769736875 0.7797880109374999 0.776864034375 0.787828946875 0.7697368421874999 0.7944078953125 0.765625 0.7998903515625 0.7604166671875 0.8309576015625 0.738760965625 0.8369883046875 0.7321820171875 0.8435672515625001 0.7283442984375 0.85087719375 0.720668859375 0.8609283624999999 0.71326754375 0.8916301171875001 0.680098684375 0.8983918125000001 0.66803728125 0.904239765625 0.6614583328125 0.91173245625 0.647203946875 0.91648391875 0.6403508765625 0.92415935625 0.6208881578125001 0.9285453218749999 0.61321271875 0.9353070171875 0.59375 0.9415204671874999 0.5814144734375 0.947185671875 0.5630482453125001 0.953033625 0.54769736875 0.9663742687499999 0.5041118421874999 0.9804459062499999 0.44407894687500005 0.9884868421874999 0.42242324531250003 0.99616228125 0.397203946875 0.9998172515625001 0.3873355265625 0.9998172515625001 0.202028509375 0.9879385968750001 0.191885965625 0.968384503125 0.1713267546875 0.9311038015624999 0.137883771875 0.9214181281249999 0.1282894734375 0.91648391875 0.12198464843750001 0.8775584796875 0.0838815796875 0.84375 0.054276315625 0.8364400578125 0.046875 0.8232821640625 0.0359100875 0.8050073093749999 0.023026315624999998 0.7858187140624999 0.01480263125 0.770650584375 0.006578946875 0.7505482453125001 0 0.5303362578125 0