12 0.6144999999999999 0.331 0.43075 0.331 0.43075 0.49233333281249997 0.6144999999999999 0.49233333281249997 0.6144999999999999 0.331
12 0.7288825 0.2615566671875 0.45178250000000003 0.2615566671875 0.45178250000000003 0.4812833328125 0.7288825 0.4812833328125 0.7288825 0.2615566671875
12 0.832215 0.3145766671875 0.651185 0.3145766671875 0.651185 0.4608166671875 0.832215 0.4608166671875 0.832215 0.3145766671875
12 0.589905 0.4991066671875 0.34662000000000004 0.4991066671875 0.34662000000000004 0.6682133328125001 0.589905 0.6682133328125001 0.589905 0.4991066671875
12 0.6011362499999999 0.21574 0.44476375 0.21574 0.44476375 0.35848 0.6011362499999999 0.35848 0.6011362499999999 0.21574
12 0.8303225 0.4455983328125 0.5632325 0.4455983328125 0.5632325 0.5817483328125 0.8303225 0.5817483328125 0.8303225 0.4455983328125
12 0.35421874999999997 0.5107816671875 0.24002125 0.5107816671875 0.24002125 0.651325 0.35421874999999997 0.651325 0.35421874999999997 0.5107816671875
12 0.9655775 0.3456233328125 0.7551275000000001 0.3456233328125 0.7551275000000001 0.4772966671875 0.9655775 0.4772966671875 0.9655775 0.3456233328125
12 0.30133 0.3618983328125 0.06024 0.3618983328125 0.06024 0.532635 0.30133 0.532635 0.30133 0.3618983328125
12 0.49578749999999994 0.35148166718749996 0.2908325 0.35148166718749996 0.2908325 0.508545 0.49578749999999994 0.508545 0.49578749999999994 0.35148166718749996
12 0.31250125 0.5187166671875 0.09008875 0.5187166671875 0.09008875 0.72933 0.31250125 0.72933 0.31250125 0.5187166671875
12 0.68689 0.22733666718749998 0.5933849999999999 0.22733666718749998 0.5933849999999999 0.34558333281250003 0.68689 0.34558333281250003 0.68689 0.22733666718749998
12 0.637085 0.5195316671875 0.280395 0.5195316671875 0.280395 0.8515616671874999 0.637085 0.8515616671874999 0.637085 0.5195316671875
12 0.44934250000000003 0.14119666718749999 0.2601325 0.14119666718749999 0.2601325 0.3558766671875 0.44934250000000003 0.3558766671875 0.44934250000000003 0.14119666718749999
12 0.29306125 0.3636883328125 0.22158875 0.3636883328125 0.22158875 0.501545 0.29306125 0.501545 0.29306125 0.3636883328125
12 0.3854375 0.6882716671875 0.2439575 0.6882716671875 0.2439575 0.8507883328125001 0.3854375 0.8507883328125001 0.3854375 0.6882716671875
12 0.29244875000000004 0.6667066671875 0.18704125 0.6667066671875 0.18704125 0.8215733328124999 0.29244875000000004 0.8215733328124999 0.29244875000000004 0.6667066671875
12 0.38916 0.49670500000000006 0.031495 0.49670500000000006 0.031495 0.539755 0.38916 0.539755 0.38916 0.49670500000000006
12 0.6533212500000001 0.47058999999999995 0.43359375 0.47058999999999995 0.43359375 0.5020633328125 0.6533212500000001 0.5020633328125 0.6533212500000001 0.47058999999999995
12 0.25054875 0.2790533328125 0.14422625 0.2790533328125 0.14422625 0.441 0.25054875 0.441 0.25054875 0.2790533328125
12 0.3220825 0.2040216671875 0.2277225 0.2040216671875 0.2277225 0.3213716671875 0.3220825 0.3213716671875 0.3220825 0.2040216671875
12 0.73364125 0.6177983328125001 0.5583487500000001 0.6177983328125001 0.5583487500000001 0.6758216671875 0.73364125 0.6758216671875 0.73364125 0.6177983328125001
12 0.6123037499999999 0.6383866671875 0.34765625 0.6383866671875 0.34765625 0.7587466671875001 0.6123037499999999 0.7587466671875001 0.6123037499999999 0.6383866671875
12 0.41403125 0.266805 0.31545875 0.266805 0.31545875 0.4285083328125 0.41403125 0.4285083328125 0.41403125 0.266805
12 0.29055875000000003 0.50948 0.20285125 0.50948 0.20285125 0.6077066671875 0.29055875000000003 0.6077066671875 0.29055875000000003 0.50948
12 0.49478125000000006 0.5478516671875 0.39974875 0.5478516671875 0.39974875 0.713215 0.49478125000000006 0.713215 0.49478125000000006 0.5478516671875
12 0.6604 0.5716133328125 0.48705999999999994 0.5716133328125 0.48705999999999994 0.77604 0.6604 0.77604 0.6604 0.5716133328125
12 0.13385 0.40572166718749997 0.042785000000000004 0.40572166718749997 0.042785000000000004 0.5187583328125001 0.13385 0.5187583328125001 0.13385 0.40572166718749997
12 0.17209000000000002 0.5454100000000001 0.066315 0.5454100000000001 0.066315 0.6876633328125 0.17209000000000002 0.6876633328125 0.17209000000000002 0.5454100000000001
12 0.42724624999999994 0.49114 0.20654374999999997 0.49114 0.20654374999999997 0.52058 0.42724624999999994 0.52058 0.42724624999999994 0.49114
12 0.21240125 0.6131166671875 0.12084874999999999 0.6131166671875 0.12084874999999999 0.7384433328125 0.21240125 0.7384433328125 0.21240125 0.6131166671875
12 0.5089724999999999 0.1331783328125 0.40020749999999994 0.1331783328125 0.40020749999999994 0.24344833281249997 0.5089724999999999 0.24344833281249997 0.5089724999999999 0.1331783328125
12 0.8881837499999999 0.4423 0.00000125 0.4423 0.00000125 0.5440266671875 0.8881837499999999 0.5440266671875 0.8881837499999999 0.4423
12 0.51001125 0.6890066671875 0.40258874999999994 0.6890066671875 0.40258874999999994 0.8305266671875 0.51001125 0.8305266671875 0.51001125 0.6890066671875
12 0.40733375 0.5358066671875 0.35292124999999996 0.5358066671875 0.35292124999999996 0.6647133328125 0.40733375 0.6647133328125 0.40733375 0.5358066671875
12 0.1656175 0.3769533328125 0.0980525 0.3769533328125 0.0980525 0.4713533328125 0.1656175 0.4713533328125 0.1656175 0.3769533328125
12 0.7805175 0.519205 0.6032725 0.519205 0.6032725 0.6546216671875 0.7805175 0.6546216671875 0.7805175 0.519205
12 0.62310875 0.7154149999999999 0.5136112500000001 0.7154149999999999 0.5136112500000001 0.832765 0.62310875 0.832765 0.62310875 0.7154149999999999
12 0.3713375 0.21565666718749998 0.29614250000000003 0.21565666718749998 0.29614250000000003 0.3126633328125 0.3713375 0.3126633328125 0.3713375 0.21565666718749998
12 0.3424975 0.3486733328125 0.2976375 0.3486733328125 0.2976375 0.4690333328125 0.3424975 0.4690333328125 0.3424975 0.3486733328125
11 0 0.5533333328125 0.0045 0.5553333328125001 0.02325 0.558 0.03775 0.5559999999999999 0.050249999999999996 0.5650000000000001 0.05325 0.5696666671874999 0.059750000000000004 0.5860000000000001 0.06525 0.5946666671874999 0.07175000000000001 0.6113333328125 0.078 0.619 0.08375 0.6316666671875 0.091 0.64 0.097 0.6506666671875 0.10400000000000001 0.6576666671875 0.10774999999999998 0.6676666671875 0.11325 0.674 0.11775 0.682 0.12050000000000001 0.6896666671875 0.12675 0.696 0.13125 0.705 0.13825 0.7126666671875 0.14775 0.727 0.15375 0.7313333328125 0.159 0.7393333328125 0.1685 0.7453333328125 0.17275000000000001 0.7516666671875 0.178 0.755 0.185 0.763 0.19275 0.769 0.19775 0.7756666671875 0.20550000000000002 0.782 0.21025 0.7889999999999999 0.219 0.795 0.2245 0.8019999999999999 0.233 0.8083333328125001 0.23925000000000002 0.8146666671875 0.253 0.8236666671874999 0.25775000000000003 0.8286666671875 0.2665 0.8326666671874999 0.27749999999999997 0.841 0.292 0.8460000000000001 0.31 0.8539999999999999 0.34375 0.8636666671875 0.35325 0.8653333328124999 0.39525 0.8663333328125 0.422 0.8693333328125 0.46399999999999997 0.8779999999999999 0.48125 0.8773333328125 0.49074999999999996 0.8746666671875 0.50575 0.8673333328125 0.5485 0.852 0.558 0.8460000000000001 0.57325 0.8393333328124999 0.5875 0.8296666671875 0.59375 0.8226666671875 0.6025 0.8160000000000001 0.6085 0.8093333328125001 0.6367499999999999 0.7883333328125001 0.64225 0.7816666671875 0.65 0.7753333328124999 0.655 0.769 0.66175 0.764 0.66875 0.7556666671875 0.6769999999999999 0.75 0.6805 0.7453333328125 0.68875 0.74 0.696 0.7323333328125 0.70675 0.7256666671875001 0.72375 0.7106666671874999 0.7415 0.6926666671875 0.7505 0.686 0.7545 0.6813333328125 0.7625 0.675 0.76925 0.6666666671875 0.77625 0.661 0.7885 0.646 0.7955 0.6326666671875001 0.8022500000000001 0.625 0.806 0.618 0.8147500000000001 0.6073333328125 0.8317500000000001 0.5816666671874999 0.83825 0.5753333328125 0.845 0.5650000000000001 0.8532500000000001 0.5556666671875 0.8630000000000001 0.54 0.86825 0.529 0.877 0.5186666671875 0.8855000000000001 0.505 0.892 0.49866666718749997 0.8975 0.49133333281249997 0.9037499999999999 0.48600000000000004 0.9097500000000001 0.47866666718750006 0.9164999999999999 0.47300000000000003 0.92275 0.465 0.9279999999999999 0.4606666671875 0.9339999999999999 0.4523333328125 0.9400000000000001 0.44699999999999995 0.95475 0.42766666718749996 0.9647500000000001 0.4186666671875 0.9662499999999999 0.4153333328125 0.967 0.4096666671875 0.9664999999999999 0.40433333281249995 0.959 0.3983333328125 0.9497500000000001 0.3876666671875 0.9095000000000001 0.358 0.9037499999999999 0.3516666671875 0.88425 0.3356666671875 0.8755000000000001 0.327 0.85975 0.3183333328125 0.8539999999999999 0.314 0.8322499999999999 0.3056666671875 0.8234999999999999 0.3 0.8077500000000001 0.2936666671875 0.7985 0.2876666671875 0.78275 0.2813333328125 0.774 0.2753333328125 0.7657499999999999 0.2713333328125 0.7565000000000001 0.2683333328125 0.7415 0.2613333328125 0.71925 0.255 0.7112499999999999 0.24900000000000003 0.696 0.242 0.6877500000000001 0.23566666718749998 0.6715 0.22833333281249998 0.6615 0.22200000000000003 0.647 0.2173333328125 0.63125 0.2093333328125 0.6042500000000001 0.20400000000000001 0.5962500000000001 0.1983333328125 0.58 0.191 0.553 0.172 0.5427500000000001 0.1673333328125 0.533 0.1606666671875 0.5175 0.1543333328125 0.50675 0.14666666718750002 0.48375 0.13533333281249998 0.4665 0.13133333281249998 0.44675000000000004 0.129 0.433 0.1286666671875 0.41475 0.13 0.39825 0.1326666671875 0.383 0.1373333328125 0.3325 0.1616666671875 0.3225 0.1686666671875 0.313 0.17333333281250002 0.305 0.1793333328125 0.28975 0.187 0.28225 0.1936666671875 0.27375 0.19866666718749998 0.2685 0.20433333281250002 0.26125 0.209 0.253 0.2173333328125 0.24500000000000002 0.223 0.23424999999999999 0.23399999999999999 0.22825 0.242 0.22125 0.248 0.21575000000000003 0.2556666671875 0.2105 0.26 0.20425 0.2683333328125 0.1975 0.2743333328125 0.193 0.281 0.1865 0.28700000000000003 0.18175 0.2946666671875 0.174 0.3036666671875 0.15525 0.3356666671875 0.14675 0.34700000000000003 0.142 0.356 0.13474999999999998 0.36466666718749996 0.13075 0.3723333328125 0.12125 0.386 0.11599999999999999 0.397 0.1035 0.417 0.091 0.4453333328125 0.059 0.488 0.053000000000000005 0.5 0.04775 0.508 0.03775 0.5206666671875 0.03175 0.5253333328124999 0.01925 0.5313333328125001 0.012750000000000001 0.54 0 0.5436666671875 0 0.5533333328125