12 0.5133379015624999 0.40625 0.29824470000000003 0.40625 0.29824470000000003 0.528492325 0.5133379015624999 0.528492325 0.5133379015624999 0.40625
12 0.49316520468749997 0.5549684765625 0.2021491234375 0.5549684765625 0.2021491234375 0.6073834984375 0.49316520468749997 0.6073834984375 0.49316520468749997 0.5549684765625
12 0.32446271875 0.6979742328125 0.0935051171875 0.6979742328125 0.0935051171875 0.7602768640625001 0.32446271875 0.7602768640625001 0.32446271875 0.6979742328125
12 0.79492233125 0.11412006562499999 0.538085709375 0.11412006562499999 0.538085709375 0.1640158984375 0.79492233125 0.1640158984375 0.79492233125 0.11412006562499999
12 0.59741228125 0.418522478125 0.3283698828125 0.418522478125 0.3283698828125 0.45452576718750004 0.59741228125 0.45452576718750004 0.59741228125 0.418522478125
12 0.7355345390625 0.255204221875 0.5457154609375 0.255204221875 0.5457154609375 0.30216968125 0.7355345390625 0.30216968125 0.7355345390625 0.255204221875
12 0.605590278125 0.2605592109375 0.3133534359375 0.2605592109375 0.3133534359375 0.3795778515625 0.605590278125 0.3795778515625 0.605590278125 0.2605592109375
12 0.3566904234375 0.7033991234375 0.01757858125 0.7033991234375 0.01757858125 0.9240405703125001 0.3566904234375 0.9240405703125001 0.3566904234375 0.7033991234375
12 0.602020284375 0.41766310312500005 0.49075383749999996 0.41766310312500005 0.49075383749999996 0.8084114578125 0.602020284375 0.8084114578125 0.602020284375 0.41766310312500005
12 0.5155637796875 0.775452303125 0.3980107828125 0.775452303125 0.3980107828125 0.982360196875 0.5155637796875 0.982360196875 0.5155637796875 0.775452303125
12 0.1929322 0.838186678125 0.0156862203125 0.838186678125 0.0156862203125 0.9152288921875 0.1929322 0.9152288921875 0.1929322 0.838186678125
12 0.8173821265625 0.12116913437500001 0.663085709375 0.12116913437500001 0.663085709375 0.28202713749999997 0.8173821265625 0.28202713749999997 0.8173821265625 0.12116913437500001
12 0.4536129390625 0.198807565625 0.2890625 0.198807565625 0.2890625 0.35014528437500003 0.4536129390625 0.35014528437500003 0.4536129390625 0.198807565625
12 0.6740725515625 0.3712458875 0.55444353125 0.3712458875 0.55444353125 0.7427672703125 0.6740725515625 0.7427672703125 0.6740725515625 0.3712458875
12 0.5419316515625 0.4801027953125 0.46099963437499997 0.4801027953125 0.46099963437499997 0.7349849234375 0.5419316515625 0.7349849234375 0.5419316515625 0.4801027953125
12 0.2570805921875 0.586807840625 0.1411138515625 0.586807840625 0.1411138515625 0.7352151859375 0.2570805921875 0.7352151859375 0.2570805921875 0.586807840625
12 0.657166484375 0.28674479218750004 0.49127284375 0.28674479218750004 0.49127284375 0.44787691875 0.657166484375 0.44787691875 0.657166484375 0.28674479218750004
12 0.6104742328125 0.03529468125 0.47546509531250003 0.03529468125 0.47546509531250003 0.152024396875 0.6104742328125 0.152024396875 0.6104742328125 0.03529468125
12 0.808961075 0.1959224234375 0.6939702125 0.1959224234375 0.6939702125 0.5789788921875 0.808961075 0.5789788921875 0.808961075 0.1959224234375
12 0.8733214546875001 0.0789185859375 0.7829285453125 0.0789185859375 0.7829285453125 0.4099739578125 0.8733214546875001 0.4099739578125 0.8733214546875001 0.0789185859375
12 0.7334292765625 0.2783209984375 0.67086896875 0.2783209984375 0.67086896875 0.5156263703125 0.7334292765625 0.5156263703125 0.7334292765625 0.2783209984375
12 0.8927302625 0.2900397484375 0.7791447375 0.2900397484375 0.7791447375 0.5559087171875 0.8927302625 0.5559087171875 0.8927302625 0.2900397484375
12 0.930054825 0.5273903515625 0.890259503125 0.5273903515625 0.890259503125 0.68110745625 0.930054825 0.68110745625 0.930054825 0.5273903515625
11 0.6036184203125 0 0.56176900625 0.010416667187500001 0.5292397656250001 0.02412280625 0.5140716375000001 0.0337171046875 0.497989765625 0.0471491234375 0.4760599421875 0.0704495609375 0.4473684203125 0.105811403125 0.4259868421875 0.1302083328125 0.4190423984375 0.140625 0.3625731 0.2127192984375 0.3422880109375 0.240953946875 0.33771929843750004 0.2458881578125 0.3309576015625 0.256578946875 0.32364766093749997 0.265625 0.317616959375 0.27768640312500004 0.3119517546875 0.285635965625 0.26169590625 0.3771929828125 0.25383771875 0.39418859687499996 0.248903509375 0.4010416671875 0.24067982500000001 0.419956140625 0.23665935624999998 0.42626096562500004 0.183114034375 0.533168859375 0.1818347953125 0.537554825 0.1610014625 0.5794956140624999 0.15862573124999998 0.5830592109375 0.1546052625 0.59758771875 0.1505847953125 0.6060855265625 0.1458333328125 0.6126644734375 0.14016812812499999 0.6310307015625 0.133954678125 0.64144736875 0.1306652046875 0.653508771875 0.10544590625000001 0.7102521937499999 0.0966739765625 0.7239583328125 0.0942982453125 0.7327302625 0.0900950296875 0.743695175 0.08351608125 0.756578946875 0.0796783625 0.774671053125 0.0771198828125 0.782346490625 0.075475146875 0.7864583328125 0.0720029234375 0.79139254375 0.0650584796875 0.8081140343750001 0.059393275 0.8166118421874999 0.051169590625000004 0.8347039468749999 0.046052631249999997 0.841831140625 0.0413011703125 0.85224780625 0.033991228125 0.86321271875 0.028143275000000002 0.8774671046875 0.0095029234375 0.9059758765625 0.00036549687499999996 0.923793859375 0.00018274843749999998 0.9248903515625001 0.0025584796875 0.9270833328125001 0.0127923984375 0.9331140343750001 0.027960526562499997 0.9353070171875 0.049890351562500004 0.9405153515625001 0.07693713437500001 0.9435307015625 0.1297514625 0.9525767546875 0.1869517546875 0.9561403515625001 0.21286056250000002 0.9564144734375001 0.304276315625 0.9745065796875 0.365679825 0.98821271875 0.39163011718749996 0.9895833328125001 0.40844298281249997 0.991776315625 0.4411549703125 0.9997258765625 0.4797149125 0.9997258765625 0.492507309375 0.9969846484374999 0.5294225140625 0.9813596484374999 0.5482456140624999 0.9764254390625 0.568347953125 0.96875 0.5952119890625001 0.96025219375 0.6056286546874999 0.9577850874999999 0.65076754375 0.9514802625 0.6580774859375 0.9495614031249999 0.6805555562500001 0.9405153515625001 0.7260599421875 0.91474780625 0.7337353796875 0.9089912281249999 0.7447002921875 0.9032346484374999 0.77887426875 0.881304825 0.8097587718750001 0.8645833328125001 0.8413742687499999 0.8388157890624999 0.8521564328125001 0.828125 0.8633040937500001 0.8141447375 0.8775584796875 0.790296053125 0.8910818718750001 0.76480263125 0.8967470765625001 0.7467105265625 0.9060672515625001 0.7212171046875 0.91483918125 0.7102521937499999 0.9157529234374999 0.70696271875 0.9157529234374999 0.694901315625 0.9188596484374999 0.683114034375 0.921966375 0.665570175 0.9279970765625001 0.6392543859375001 0.9301900578125 0.620614034375 0.9316520468749999 0.5951206140624999 0.9312865499999999 0.5520833328125 0.929276315625 0.5191885968750001 0.9265350874999999 0.4997258765625 0.9216008765625 0.476151315625 0.9186769 0.45449561406249994 0.915935671875 0.4424342109375 0.9022295328125001 0.402686403125 0.8919956140625 0.379385965625 0.888706140625 0.3700657890625 0.883223684375 0.3599232453125 0.877010234375 0.344846490625 0.8691520468749999 0.3322368421875 0.865314328125 0.3240131578125 0.8598318718750001 0.3155153515625 0.854349415625 0.3048245609375 0.8486842109375001 0.28974780624999996 0.845760234375 0.2790570171875 0.8393640343750001 0.240953946875 0.8375365499999999 0.20586622812500002 0.8380847953125 0.14994517499999999 0.8404605265624999 0.138706140625 0.8424707609375 0.13432017499999999 0.8548976609375 0.11485745624999999 0.8622076015625 0.10169956093750002 0.8654970765625001 0.09018640312500001 0.8633040937500001 0.086348684375 0.8501461984375001 0.0805921046875 0.8446637421875 0.0803179828125 0.8373538015624999 0.08168859687499999 0.8342470765625001 0.08360745625 0.8315058484375 0.0868969296875 0.830043859375 0.0904605265625 0.828033625 0.10142543906249998 0.8249269 0.1071820171875 0.8220029234374999 0.1099232453125 0.8188961984375001 0.11101973750000001 0.808296784375 0.1115679828125 0.7980628656250001 0.1060855265625 0.776864034375 0.08333333281250001 0.75621345 0.0646929828125 0.7282529234374999 0.034813596875000005 0.7114400578125 0.02110745625 0.697185671875 0.012883771875 0.6842105265625 0.007127193749999999 0.6483918125 0 0.6036184203125 0