12 0.44663375 0.338665 0.34275125 0.338665 0.34275125 0.4407016671875 0.44663375 0.4407016671875 0.44663375 0.338665
12 0.70559 0.3653333328125 0.584 0.3653333328125 0.584 0.5006666671875 0.70559 0.5006666671875 0.70559 0.3653333328125
12 0.7055662500000001 0.42484500000000003 0.55126875 0.42484500000000003 0.55126875 0.49182166718750003 0.7055662500000001 0.49182166718750003 0.7055662500000001 0.42484500000000003
12 0.7647087499999999 0.39654500000000004 0.60150125 0.39654500000000004 0.60150125 0.46478166718749997 0.7647087499999999 0.46478166718749997 0.7647087499999999 0.39654500000000004
12 0.5358275 0.4906416671875 0.42266750000000003 0.4906416671875 0.42266750000000003 0.5458183328125 0.5358275 0.5458183328125 0.5358275 0.4906416671875
12 0.9921887500000001 0.2993566671875 0.7031262500000001 0.2993566671875 0.7031262500000001 0.4350166671875 0.9921887500000001 0.4350166671875 0.9921887500000001 0.2993566671875
12 0.5334475000000001 0.48205666718750007 0.3049325 0.48205666718750007 0.3049325 0.5941166671875 0.5334475000000001 0.5941166671875 0.5334475000000001 0.48205666718750007
12 0.99505625 0.28357 0.8516237500000001 0.28357 0.8516237500000001 0.3759366671875 0.99505625 0.3759366671875 0.99505625 0.28357
12 0.68628 0.312175 0.47485499999999997 0.312175 0.47485499999999997 0.418945 0.68628 0.418945 0.68628 0.312175
12 0.38012625 0.5017683328125 0.17065375 0.5017683328125 0.17065375 0.5542183328125 0.38012625 0.5542183328125 0.38012625 0.5017683328125
12 0.59750375 0.4562583328125 0.48355125 0.4562583328125 0.48355125 0.5476483328125 0.59750375 0.5476483328125 0.59750375 0.4562583328125
12 0.44421499999999997 0.5276283328125 0.13000499999999998 0.5276283328125 0.13000499999999998 0.6904716671875 0.44421499999999997 0.6904716671875 0.44421499999999997 0.5276283328125
12 0.30975375 0.5991233328125001 0.08087124999999999 0.5991233328125001 0.08087124999999999 0.74463 0.30975375 0.74463 0.30975375 0.5991233328125001
12 0.3890075 0.5517583328125 0.29263249999999996 0.5517583328125 0.29263249999999996 0.723635 0.3890075 0.723635 0.3890075 0.5517583328125
12 0.97448625 0.215415 0.6260987499999999 0.215415 0.6260987499999999 0.32104499999999997 0.97448625 0.32104499999999997 0.97448625 0.215415
12 0.51342875 0.39599666718750004 0.23120124999999997 0.39599666718750004 0.23120124999999997 0.50765 0.51342875 0.50765 0.51342875 0.39599666718750004
12 0.9035662500000001 0.2023733328125 0.54174875 0.2023733328125 0.54174875 0.2566133328125 0.9035662500000001 0.2566133328125 0.9035662500000001 0.2023733328125
12 0.4797975 0.2825516671875 0.2770375 0.2825516671875 0.2770375 0.3401683328125 0.4797975 0.3401683328125 0.4797975 0.2825516671875
12 0.6378775 0.21042 0.45977750000000006 0.21042 0.45977750000000006 0.23131333281250002 0.6378775 0.23131333281250002 0.6378775 0.21042
12 0.9802250000000001 0.1497816671875 0.78247 0.1497816671875 0.78247 0.2864183328125 0.9802250000000001 0.2864183328125 0.9802250000000001 0.1497816671875
12 0.991455 0.2839133328125 0.9401849999999999 0.2839133328125 0.9401849999999999 0.34206 0.991455 0.34206 0.991455 0.2839133328125
12 0.64264 0.5599783328125 0.506775 0.5599783328125 0.506775 0.7570816671875 0.64264 0.7570816671875 0.64264 0.5599783328125
12 0.6011425 0.470295 0.5804975 0.470295 0.5804975 0.5459783328125 0.6011425 0.5459783328125 0.6011425 0.470295
12 0.7167362500000001 0.20989 0.5508437500000001 0.20989 0.5508437500000001 0.23704999999999998 0.7167362500000001 0.23704999999999998 0.7167362500000001 0.20989
12 0.5643849999999999 0.477575 0.54792 0.477575 0.54792 0.490525 0.5643849999999999 0.490525 0.5643849999999999 0.477575
12 0.55319125 0.3285733328125 0.5229787499999999 0.3285733328125 0.5229787499999999 0.4012466671875 0.55319125 0.4012466671875 0.55319125 0.3285733328125
12 0.325745 0.3991066671875 0.14911000000000002 0.3991066671875 0.14911000000000002 0.44659333281249997 0.325745 0.44659333281249997 0.325745 0.3991066671875
12 0.4193725 0.55009 0.4043575 0.55009 0.4043575 0.6263433328125 0.4193725 0.6263433328125 0.4193725 0.55009
12 0.249025 0.6020916671875 0.0896 0.6020916671875 0.0896 0.657675 0.249025 0.657675 0.249025 0.6020916671875
12 0.5232 0.438295 0.506095 0.438295 0.506095 0.47707166718750005 0.5232 0.47707166718750005 0.5232 0.438295
12 0.29825 0.3298533328125 0.20102000000000003 0.3298533328125 0.20102000000000003 0.39670666718750003 0.29825 0.39670666718750003 0.29825 0.3298533328125
12 0.81065375 0.374755 0.78993125 0.374755 0.78993125 0.3902183328125 0.81065375 0.3902183328125 0.81065375 0.374755
12 0.8440925 0.358155 0.8131325 0.358155 0.8131325 0.540285 0.8440925 0.540285 0.8440925 0.358155
12 0.98877 0.238565 0.870605 0.238565 0.870605 0.31970166718750004 0.98877 0.31970166718750004 0.98877 0.238565
12 0.5249637500000001 0.6907566671875001 0.38861124999999996 0.6907566671875001 0.38861124999999996 0.8665366671875001 0.5249637500000001 0.8665366671875001 0.5249637500000001 0.6907566671875001
12 0.354565 0.454345 0.34319 0.454345 0.34319 0.5886216671875 0.354565 0.5886216671875 0.354565 0.454345
12 0.10129999999999999 0.7082733328125 0.08901 0.7082733328125 0.08901 0.7448533328125 0.10129999999999999 0.7448533328125 0.10129999999999999 0.7082733328125
12 0.7276612499999999 0.42765333281249995 0.49987875 0.42765333281249995 0.49987875 0.7090666671875 0.7276612499999999 0.7090666671875 0.7276612499999999 0.42765333281249995
12 0.8633425000000001 0.4692583328125 0.7802125 0.4692583328125 0.7802125 0.519675 0.8633425000000001 0.519675 0.8633425000000001 0.4692583328125
12 0.65759375 0.10819666718750001 0.55725125 0.10819666718750001 0.55725125 0.21749000000000002 0.65759375 0.21749000000000002 0.65759375 0.10819666718750001
12 0.42681874999999997 0.673015 0.23187125000000003 0.673015 0.23187125000000003 0.8595383328124999 0.42681874999999997 0.8595383328124999 0.42681874999999997 0.673015
12 0.6631475 0.7231650000000001 0.6552125 0.7231650000000001 0.6552125 0.7859483328125 0.6631475 0.7859483328125 0.6631475 0.7231650000000001
12 0.9991524999999999 0.264505 0.9793625 0.264505 0.9793625 0.3142683328125 0.9991524999999999 0.3142683328125 0.9991524999999999 0.264505
12 1 0.27730333281249997 0.9921099999999999 0.27730333281249997 0.9921099999999999 0.32100333281250004 1 0.32100333281250004 1 0.27730333281249997
12 0.6963487500000001 0.3325516671875 0.66107125 0.3325516671875 0.66107125 0.36536833281250003 0.6963487500000001 0.36536833281250003 0.6963487500000001 0.3325516671875
12 0.54528875 0.6092116671875 0.50451625 0.6092116671875 0.50451625 0.7241216671874999 0.54528875 0.7241216671874999 0.54528875 0.6092116671875
11 0 0.8160000000000001 0.0035000000000000005 0.8226666671875 0.00475 0.8356666671875 0.006750000000000001 0.8433333328125 0.0125 0.8566666671875 0.016 0.8536666671875001 0.020999999999999998 0.8463333328125 0.028000000000000004 0.8253333328125001 0.034999999999999996 0.8116666671875 0.03975 0.7963333328125 0.03775 0.7873333328125 0.03775 0.7826666671875 0.03975 0.779 0.04675 0.7723333328125 0.051000000000000004 0.7723333328125 0.052500000000000005 0.776 0.06 0.7803333328125001 0.075 0.784 0.088 0.7846666671875 0.09275 0.7916666671875 0.10049999999999999 0.794 0.10825 0.8003333328125001 0.11875 0.8063333328125 0.12725 0.8089999999999999 0.13574999999999998 0.8166666671874999 0.153 0.8223333328125 0.16175 0.829 0.18125 0.8346666671875 0.191 0.8413333328125001 0.20775000000000002 0.8456666671875 0.21525 0.849 0.22200000000000003 0.8550000000000001 0.23374999999999999 0.858 0.23125 0.8726666671875 0.22000000000000003 0.8726666671875 0.2185 0.8746666671875 0.21825 0.8763333328125 0.22275 0.8813333328124999 0.22374999999999998 0.8856666671875001 0.22325 0.8896666671875 0.21875 0.897 0.211 0.9033333328125 0.179 0.9193333328125 0.17525 0.923 0.17475000000000002 0.9273333328125 0.17575000000000002 0.9336666671874999 0.17925 0.9406666671874999 0.1935 0.95 0.21349999999999997 0.966 0.2285 0.9686666671875 0.24225 0.9763333328125 0.253 0.9793333328125 0.29075 0.9766666671875001 0.30225 0.9726666671875 0.3085 0.9726666671875 0.32975 0.974 0.34199999999999997 0.9826666671875 0.36 0.9806666671875 0.37875000000000003 0.9810000000000001 0.38375 0.9866666671875001 0.39275000000000004 0.991 0.42725 0.9976666671875 0.44299999999999995 0.9993333328125 0.45725 0.9993333328125 0.47725 0.9953333328125 0.50225 0.9933333328125 0.56575 0.9936666671875001 0.59875 0.9893333328124999 0.60975 0.9866666671875001 0.618 0.9816666671875 0.6345 0.9766666671875001 0.63725 0.9733333328124999 0.639 0.9616666671875 0.63325 0.9493333328125001 0.6205 0.9393333328125 0.60775 0.933 0.6045 0.93 0.60075 0.9233333328125 0.59975 0.9126666671875 0.5915 0.9113333328125 0.59225 0.889 0.60775 0.8886666671875 0.613 0.8859999999999999 0.6425 0.877 0.6625 0.8676666671875 0.67425 0.8593333328125 0.6900000000000001 0.8523333328125 0.697 0.8473333328124999 0.712 0.8400000000000001 0.72175 0.8313333328124999 0.72775 0.828 0.732 0.8226666671875 0.74 0.8163333328125001 0.75275 0.8009999999999999 0.766 0.7809999999999999 0.77175 0.77 0.7769999999999999 0.7636666671875 0.7847500000000001 0.7476666671875 0.79075 0.7406666671875 0.7945 0.7323333328125 0.8140000000000001 0.7106666671874999 0.8182499999999999 0.7046666671875 0.8225 0.6956666671875 0.82925 0.6906666671874999 0.834 0.6826666671875 0.8422499999999999 0.6733333328125 0.8470000000000001 0.661 0.853 0.6506666671875 0.86075 0.632 0.86575 0.6246666671875001 0.8727499999999999 0.606 0.8772500000000001 0.5986666671875 0.901 0.5466666671875 0.9305 0.49066666718749996 0.9525 0.43833333281250003 0.9737500000000001 0.3756666671875 0.9872500000000001 0.3456666671875 0.9955 0.33166666718750004 0.99975 0.32599999999999996 0.99975 0.2756666671875 0.9962500000000001 0.2816666671875 0.99225 0.28500000000000003 0.9890000000000001 0.2863333328125 0.9810000000000001 0.2856666671875 0.96325 0.281 0.95425 0.27599999999999997 0.9352499999999999 0.2683333328125 0.9262499999999999 0.2616666671875 0.9125 0.25466666718750003 0.9035 0.2476666671875 0.8975 0.24500000000000002 0.86775 0.223 0.8595 0.21833333281249998 0.8422499999999999 0.20366666718749998 0.79775 0.162 0.76275 0.136 0.74775 0.12833333281249998 0.7375 0.1213333328125 0.7222500000000001 0.1146666671875 0.7135 0.1086666671875 0.6905 0.10066666718749999 0.68425 0.097 0.6545 0.0916666671875 0.6325000000000001 0.086 0.61525 0.0846666671875 0.583 0.0853333328125 0.5589999999999999 0.09066666718750001 0.5237499999999999 0.096 0.504 0.10400000000000001 0.4875 0.10900000000000001 0.462 0.123 0.44875 0.1326666671875 0.44375 0.1383333328125 0.43475 0.14466666718750001 0.43025 0.15 0.41974999999999996 0.1576666671875 0.41050000000000003 0.16599999999999998 0.404 0.174 0.39649999999999996 0.1793333328125 0.39049999999999996 0.188 0.384 0.192 0.37925 0.197 0.34725 0.2186666671875 0.3395 0.2213333328125 0.3285 0.2293333328125 0.32075 0.2323333328125 0.31025 0.24066666718750002 0.28375 0.2576666671875 0.24900000000000003 0.286 0.236 0.2983333328125 0.23025 0.3063333328125 0.22475 0.3116666671875 0.20950000000000002 0.333 0.20350000000000001 0.3456666671875 0.19624999999999998 0.357 0.19125 0.368 0.1855 0.37666666718749997 0.178 0.3916666671875 0.17250000000000001 0.399 0.1675 0.409 0.15825 0.4216666671875 0.15325 0.43099999999999994 0.14725 0.4386666671875 0.13825 0.45499999999999996 0.13374999999999998 0.4606666671875 0.12725 0.4743333328125 0.11925 0.4853333328125 0.11274999999999999 0.4996666671875 0.10825 0.503 0.10475000000000001 0.5106666671875 0.10325 0.518 0.10049999999999999 0.525 0.09625 0.5243333328124999 0.09375 0.522 0.09325 0.5006666671875 0.0915 0.49366666718749996 0.088 0.489 0.076 0.49400000000000005 0.03725 0.4846666671875 0.025500000000000002 0.492 0.02275 0.4956666671875 0.019 0.5043333328124999 0.013250000000000001 0.5253333328124999 0 0.5243333328124999 0 0.7333333328125 0.0015 0.7446666671875 0 0.762 0 0.8160000000000001