12 0.5660000000000001 0.465 0.33375 0.465 0.33375 0.6126666671875001 0.5660000000000001 0.6126666671875001 0.5660000000000001 0.465
12 0.5051887500000001 0.4727366671875 0.33026125 0.4727366671875 0.33026125 0.64445 0.5051887500000001 0.64445 0.5051887500000001 0.4727366671875
12 0.7578125 0.37553000000000003 0.5292975 0.37553000000000003 0.5292975 0.5320233328125 0.7578125 0.5320233328125 0.7578125 0.37553000000000003
12 0.4119275 0.5267733328124999 0.20086750000000003 0.5267733328124999 0.20086750000000003 0.7362466671875 0.4119275 0.7362466671875 0.4119275 0.5267733328124999
12 0.7758787500000001 0.44083666718750003 0.47412124999999994 0.44083666718750003 0.47412124999999994 0.6958833328125 0.7758787500000001 0.6958833328125 0.7758787500000001 0.44083666718750003
12 0.6036374999999999 0.2299 0.49987750000000003 0.2299 0.49987750000000003 0.4299333328125 0.6036374999999999 0.4299333328125 0.6036374999999999 0.2299
12 0.6138925000000001 0.4718833328125 0.4945075 0.4718833328125 0.4945075 0.6212166671875 0.6138925000000001 0.6212166671875 0.6138925000000001 0.4718833328125
12 0.24756 0.5871583328125001 0.049805 0.5871583328125001 0.049805 0.7422683328125 0.24756 0.7422683328125 0.24756 0.5871583328125001
12 0.6901237499999999 0.1986083328125 0.61944625 0.1986083328125 0.61944625 0.3603116671875 0.6901237499999999 0.3603116671875 0.6901237499999999 0.1986083328125
12 0.28491125 0.714275 0.12255875000000001 0.714275 0.12255875000000001 0.9771316671875001 0.28491125 0.9771316671875001 0.28491125 0.714275
12 0.7144762499999999 0.6368833328125 0.5179437499999999 0.6368833328125 0.5179437499999999 0.7902033328125 0.7144762499999999 0.7902033328125 0.7144762499999999 0.6368833328125
12 0.5971062500000001 0.791585 0.44781375 0.791585 0.44781375 0.9623216671874999 0.5971062500000001 0.9623216671874999 0.5971062500000001 0.791585
12 0.52490125 0.77352 0.29980375000000004 0.77352 0.29980375000000004 0.9921066671875 0.52490125 0.9921066671875 0.52490125 0.77352
12 0.97882125 0.061443332812499994 0.8268437499999999 0.061443332812499994 0.8268437499999999 0.23836333281250002 0.97882125 0.23836333281250002 0.97882125 0.061443332812499994
12 0.16946375 0.4504383328125 0.06405625000000001 0.4504383328125 0.06405625000000001 0.6003416671874999 0.16946375 0.6003416671874999 0.16946375 0.4504383328125
12 0.2736825 0.3771966671875 0.0209975 0.3771966671875 0.0209975 0.6247566671875 0.2736825 0.6247566671875 0.2736825 0.3771966671875
12 0.9144287500000001 0.33544999999999997 0.63244625 0.33544999999999997 0.63244625 0.5226233328125 0.9144287500000001 0.5226233328125 0.9144287500000001 0.33544999999999997
12 0.931275 0.25533 0.642945 0.25533 0.642945 0.39636333281249997 0.931275 0.39636333281249997 0.931275 0.25533
12 0.49102750000000006 0.55314 0.3839725 0.55314 0.3839725 0.7248533328125 0.49102750000000006 0.7248533328125 0.49102750000000006 0.55314
12 0.77471875 0.062011667187499994 0.57879625 0.062011667187499994 0.57879625 0.3644216671875 0.77471875 0.3644216671875 0.77471875 0.062011667187499994
12 0.5039525 0.4665533328125 0.4525925 0.4665533328125 0.4525925 0.5998533328125 0.5039525 0.5998533328125 0.5039525 0.4665533328125
12 0.24948 0.46425333281250003 0.18460000000000001 0.46425333281250003 0.18460000000000001 0.5429066671875 0.24948 0.5429066671875 0.24948 0.46425333281250003
12 0.6322949999999999 0.2089833328125 0.55423 0.2089833328125 0.55423 0.37955666718750003 0.6322949999999999 0.37955666718750003 0.6322949999999999 0.2089833328125
12 0.279175 0.37252 0.189575 0.37252 0.189575 0.49011333281249997 0.279175 0.49011333281249997 0.279175 0.37252
12 0.63598625 0.7344983328125 0.45092875 0.7344983328125 0.45092875 0.8227949999999999 0.63598625 0.8227949999999999 0.63598625 0.7344983328125
12 0.23361125 0.410035 0.15090874999999998 0.410035 0.15090874999999998 0.4805916671875 0.23361125 0.4805916671875 0.23361125 0.410035
12 0.301545 0.868775 0.21749999999999997 0.868775 0.21749999999999997 0.9892983328125 0.301545 0.9892983328125 0.301545 0.868775
12 0.53131125 0.0874016671875 0.28265375000000004 0.0874016671875 0.28265375000000004 0.47509833281249997 0.53131125 0.47509833281249997 0.53131125 0.0874016671875
12 0.75415 0.065105 0.6403800000000001 0.065105 0.6403800000000001 0.2010083328125 0.75415 0.2010083328125 0.75415 0.065105
12 0.94336 0.184165 0.8251950000000001 0.184165 0.8251950000000001 0.236735 0.94336 0.236735 0.94336 0.184165
12 0.75744625 0.2299816671875 0.6712637499999999 0.2299816671875 0.6712637499999999 0.3406583328125 0.75744625 0.3406583328125 0.75744625 0.2299816671875
12 0.11837625 0.41202833281249995 0.00381375 0.41202833281249995 0.00381375 0.607505 0.11837625 0.607505 0.11837625 0.41202833281249995
12 0.7771899999999999 0.37671 0.689605 0.37671 0.689605 0.5119633328125001 0.7771899999999999 0.5119633328125001 0.7771899999999999 0.37671
12 0.54370125 0.45914666718749997 0.04321375 0.45914666718749997 0.04321375 0.6652 0.54370125 0.6652 0.54370125 0.45914666718749997
12 0.17864875 0.3205583328125 0.08380125000000001 0.3205583328125 0.08380125000000001 0.44702166718749997 0.17864875 0.44702166718749997 0.17864875 0.3205583328125
12 0.6009837499999999 0.08438999999999999 0.52597125 0.08438999999999999 0.52597125 0.1888833328125 0.6009837499999999 0.1888833328125 0.6009837499999999 0.08438999999999999
12 0.89627 0.2654016671875 0.7863450000000001 0.2654016671875 0.7863450000000001 0.301005 0.89627 0.301005 0.89627 0.2654016671875
12 0.63841125 0.1612766671875 0.59107875 0.1612766671875 0.59107875 0.22219000000000003 0.63841125 0.22219000000000003 0.63841125 0.1612766671875
12 0.29717875 0.6858516671875 0.23358125 0.6858516671875 0.23358125 0.7594616671875001 0.29717875 0.7594616671875001 0.29717875 0.6858516671875
12 0.35089125 0.2536216671875 0.23553375000000001 0.2536216671875 0.23553375000000001 0.39611833281250003 0.35089125 0.39611833281250003 0.35089125 0.2536216671875
12 0.34579375 0.40804166718749996 0.22598124999999997 0.40804166718749996 0.22598124999999997 0.5548516671875 0.34579375 0.5548516671875 0.34579375 0.40804166718749996
12 0.5610350000000001 0.625325 0.08789 0.625325 0.08789 0.9970683328125001 0.5610350000000001 0.9970683328125001 0.5610350000000001 0.625325
12 0.57543875 0.414735 0.49780125000000003 0.414735 0.49780125000000003 0.489565 0.57543875 0.489565 0.57543875 0.414735
12 0.8711550000000001 0.0773516671875 0.7684949999999999 0.0773516671875 0.7684949999999999 0.197875 0.8711550000000001 0.197875 0.8711550000000001 0.0773516671875
12 0.5556650000000001 0.74422 0.24023500000000003 0.74422 0.24023500000000003 0.8156733328125 0.5556650000000001 0.8156733328125 0.5556650000000001 0.74422
12 0.45150625 0.3645016671875 0.37173375000000003 0.3645016671875 0.37173375000000003 0.4916183328125 0.45150625 0.4916183328125 0.45150625 0.3645016671875
11 0 0.6163333328125 0.027250000000000003 0.6316666671875 0.03225 0.6383333328125 0.0395 0.6443333328125 0.0455 0.6536666671875 0.050249999999999996 0.6573333328125 0.05625 0.666 0.064 0.6719999999999999 0.06899999999999999 0.6776666671875 0.07625 0.682 0.08175 0.6906666671874999 0.0895 0.6996666671875 0.09375 0.7073333328125 0.09675 0.717 0.101 0.722 0.10275000000000001 0.7256666671875001 0.10800000000000001 0.7423333328124999 0.11299999999999999 0.7493333328125 0.11525 0.7543333328124999 0.121 0.7763333328125 0.126 0.7849999999999999 0.12875 0.8016666671875001 0.13174999999999998 0.8109999999999999 0.1345 0.8150000000000001 0.13799999999999998 0.817 0.14075 0.8226666671875 0.14125000000000001 0.8366666671875 0.143 0.8456666671875 0.14475 0.85 0.14775 0.8533333328125 0.15025 0.8543333328125 0.15325 0.8593333328125 0.15375 0.874 0.15625 0.8816666671875 0.15925 0.885 0.16325 0.8873333328124999 0.16975 0.9039999999999999 0.1775 0.9133333328125 0.1845 0.9293333328125 0.19075 0.9363333328125 0.19424999999999998 0.944 0.199 0.9513333328125 0.20550000000000002 0.9576666671874999 0.21025 0.9650000000000001 0.21825 0.9710000000000001 0.22400000000000003 0.9793333328125 0.23149999999999998 0.985 0.23475000000000001 0.9893333328124999 0.25225 0.9996666671875 0.487 0.9996666671875 0.495 0.9943333328125 0.5077499999999999 0.9876666671875001 0.51675 0.9810000000000001 0.5485 0.9646666671874999 0.55675 0.9583333328125001 0.56775 0.9523333328125 0.5862499999999999 0.9383333328125 0.5940000000000001 0.9286666671875 0.6025 0.921 0.60875 0.9126666671875 0.6132500000000001 0.9106666671875001 0.6165 0.917 0.61525 0.9183333328125001 0.613 0.9263333328125001 0.6092500000000001 0.9306666671875 0.6045 0.9336666671874999 0.601 0.9413333328125001 0.5945 0.9473333328125 0.5905 0.9553333328125 0.583 0.9630000000000001 0.57975 0.9753333328125 0.58125 0.9793333328125 0.58675 0.9863333328125 0.61175 0.9996666671875 0.99975 0.9996666671875 0.99975 0.7313333328125 0.9984999999999999 0.7226666671875 0.99375 0.7103333328125 0.99375 0.7046666671875 0.9957499999999999 0.6953333328125 0.9894999999999999 0.6873333328125 0.9817500000000001 0.6823333328125 0.975 0.6713333328125 0.9644999999999999 0.6816666671875 0.9630000000000001 0.6826666671875 0.9592499999999999 0.6823333328125 0.9369999999999999 0.6713333328125 0.9244999999999999 0.6603333328125001 0.9119999999999999 0.6573333328125 0.8995 0.6576666671875 0.8925000000000001 0.6519999999999999 0.8867499999999999 0.649 0.8772500000000001 0.6406666671875 0.8625 0.6343333328125 0.859 0.6346666671875 0.84975 0.6403333328125 0.844 0.64 0.8342499999999999 0.637 0.8247500000000001 0.628 0.8220000000000001 0.628 0.81325 0.6363333328125 0.8055 0.64 0.8 0.6446666671875 0.79775 0.6436666671875 0.7965 0.638 0.7969999999999999 0.632 0.8039999999999999 0.6253333328124999 0.8095000000000001 0.6073333328125 0.8145 0.5996666671875001 0.8210000000000001 0.581 0.829 0.5656666671874999 0.8342499999999999 0.5516666671875 0.8422499999999999 0.5383333328125001 0.84925 0.5213333328124999 0.8552500000000001 0.5126666671875 0.874 0.47800000000000004 0.8772500000000001 0.47366666718749995 0.8869999999999999 0.45066666718750004 0.89 0.4463333328125 0.8939999999999999 0.43099999999999994 0.9025000000000001 0.41100000000000003 0.907 0.394 0.9119999999999999 0.3803333328125 0.91625 0.374 0.9244999999999999 0.3506666671875 0.9275 0.3466666671875 0.93025 0.3396666671875 0.93725 0.318 0.9404999999999999 0.3133333328125 0.94275 0.3076666671875 0.94625 0.2923333328125 0.9494999999999999 0.25833333281250004 0.95175 0.2496666671875 0.9595 0.20033333281250001 0.96225 0.1513333328125 0.974 0.10133333281250001 0.97775 0.092 0.9814999999999999 0.0773333328125 0.98125 0.0733333328125 0.9792500000000001 0.067 0.9755 0.0626666671875 0.96225 0.0633333328125 0.9502499999999999 0.067 0.93925 0.06833333281250001 0.8595 0.06933333281250001 0.8234999999999999 0.073 0.8100832499999999 0.0733333328125 0.7809999999999999 0.06933333281250001 0.69775 0.0653333328125 0.65675 0.058333332812500006 0.6075 0.057333332812500006 0.56025 0.065 0.52825 0.065 0.50675 0.06899999999999999 0.49800000000000005 0.072 0.48475 0.0796666671875 0.47675 0.08299999999999999 0.4655 0.091 0.45325 0.097 0.44349999999999995 0.10433333281249998 0.43174999999999997 0.11033333281249999 0.413 0.1233333328125 0.387 0.1453333328125 0.3805 0.1526666671875 0.35325 0.1776666671875 0.33125 0.1953333328125 0.32575 0.198 0.317 0.2046666671875 0.31074999999999997 0.2073333328125 0.29575 0.2186666671875 0.28475 0.22400000000000003 0.27599999999999997 0.23033333281249999 0.26349999999999996 0.2363333328125 0.255 0.24266666718750002 0.2465 0.24666666718750002 0.23224999999999998 0.257 0.22000000000000003 0.2626666671875 0.1945 0.2813333328125 0.18625 0.286 0.17825 0.29333333281249996 0.16924999999999998 0.2996666671875 0.12425 0.3383333328125 0.118 0.3456666671875 0.11125 0.351 0.10600000000000001 0.3576666671875 0.09875 0.3636666671875 0.09275 0.3713333328125 0.08499999999999999 0.3783333328125 0.07075000000000001 0.395 0.06375 0.40499999999999997 0.057999999999999996 0.41 0.050749999999999997 0.4206666671875 0.04625 0.42433333281249996 0.03925 0.43499999999999994 0.034 0.4403333328125 0.026000000000000002 0.45499999999999996 0.0215 0.4606666671875 0.01575 0.4716666671875 0.01225 0.476 0.007000000000000001 0.487 0 0.4966666671875 0 0.6163333328125