12 0.558 0.5133333328125 0.42925 0.5133333328125 0.42925 0.646 0.558 0.646 0.558 0.5133333328125
12 0.5105275 0.4616716671875 0.43087749999999997 0.4616716671875 0.43087749999999997 0.6529149999999999 0.5105275 0.6529149999999999 0.5105275 0.4616716671875
12 0.44125500000000006 0.47013499999999997 0.32925499999999996 0.47013499999999997 0.32925499999999996 0.609945 0.44125500000000006 0.609945 0.44125500000000006 0.47013499999999997
12 0.6134649999999999 0.44360499999999997 0.47637999999999997 0.44360499999999997 0.47637999999999997 0.6970216671875 0.6134649999999999 0.6970216671875 0.6134649999999999 0.44360499999999997
12 0.65478625 0.41579166718750005 0.58447375 0.41579166718750005 0.58447375 0.495015 0.65478625 0.495015 0.65478625 0.41579166718750005
12 0.6767887499999999 0.28715 0.5575862500000001 0.28715 0.5575862500000001 0.41402333281250003 0.6767887499999999 0.41402333281250003 0.6767887499999999 0.28715
12 0.39355375000000004 0.2598466671875 0.29052625 0.2598466671875 0.29052625 0.43156 0.39355375000000004 0.43156 0.39355375000000004 0.2598466671875
12 0.7550049999999999 0.1901866671875 0.61609 0.1901866671875 0.61609 0.3824066671875 0.7550049999999999 0.3824066671875 0.7550049999999999 0.1901866671875
12 0.335235 0.28649833281250003 0.23800500000000002 0.28649833281250003 0.23800500000000002 0.4498283328125 0.335235 0.4498283328125 0.335235 0.28649833281250003
12 0.74130125 0.40238500000000005 0.6786187499999999 0.40238500000000005 0.6786187499999999 0.46936166718749994 0.74130125 0.46936166718749994 0.74130125 0.40238500000000005
12 0.83236625 0.3692633328125 0.7213437500000001 0.3692633328125 0.7213437500000001 0.47969666718750004 0.83236625 0.47969666718750004 0.83236625 0.3692633328125
12 0.76510625 0.5002833328125 0.64993375 0.5002833328125 0.64993375 0.6221099999999999 0.76510625 0.6221099999999999 0.76510625 0.5002833328125
12 0.8106075 0.3998216671875 0.6620475 0.3998216671875 0.6620475 0.5396316671875 0.8106075 0.5396316671875 0.8106075 0.3998216671875
12 0.395385 0.47046 0.18811 0.47046 0.18811 0.6682133328125001 0.395385 0.6682133328125001 0.395385 0.47046
12 0.6959850000000001 0.40442 0.5462049999999999 0.40442 0.5462049999999999 0.5487066671874999 0.6959850000000001 0.5487066671874999 0.6959850000000001 0.40442
12 0.9874875 0.24992 0.7527475 0.24992 0.7527475 0.39493999999999996 0.9874875 0.39493999999999996 0.9874875 0.24992
12 0.47491500000000003 0.128865 0.329285 0.128865 0.329285 0.2764083328125 0.47491500000000003 0.2764083328125 0.47491500000000003 0.128865
12 0.28430125 0.2072766671875 0.15441875 0.2072766671875 0.15441875 0.45841666718749996 0.28430125 0.45841666718749996 0.28430125 0.2072766671875
12 0.30768 0.5684816671874999 0.231385 0.5684816671874999 0.231385 0.6964916671875 0.30768 0.6964916671875 0.30768 0.5684816671874999
12 0.38934375 0.5485033328125 0.22882125000000003 0.5485033328125 0.22882125000000003 0.8121766671874999 0.38934375 0.8121766671874999 0.38934375 0.5485033328125
12 0.48388749999999997 0.6443283328125 0.38720750000000004 0.6443283328125 0.38720750000000004 0.7957783328125 0.48388749999999997 0.7957783328125 0.48388749999999997 0.6443283328125
12 0.89514125 0.3454183328125 0.69274875 0.3454183328125 0.69274875 0.399375 0.89514125 0.399375 0.89514125 0.3454183328125
12 0.78756625 0.5894366671875 0.6948537499999999 0.5894366671875 0.6948537499999999 0.6983233328125 0.78756625 0.6983233328125 0.78756625 0.5894366671875
12 0.5573724999999999 0.6430666671874999 0.26586750000000003 0.6430666671874999 0.26586750000000003 0.8686533328125 0.5573724999999999 0.8686533328125 0.5573724999999999 0.6430666671874999
12 0.7630012500000001 0.3732583328125 0.59930375 0.3732583328125 0.59930375 0.411895 0.7630012500000001 0.411895 0.7630012500000001 0.3732583328125
12 0.56024125 0.6373883328125001 0.34747374999999997 0.6373883328125001 0.34747374999999997 0.7141716671875 0.56024125 0.7141716671875 0.56024125 0.6373883328125001
12 0.9188224999999999 0.4753416671875 0.7188725 0.4753416671875 0.7188725 0.6835116671875 0.9188224999999999 0.6835116671875 0.9188224999999999 0.4753416671875
11 0.155 0.396 0.15975 0.4256666671875 0.16799999999999998 0.4523333328125 0.16975 0.4943333328125 0.17775000000000002 0.5073333328125 0.196 0.5269999999999999 0.20775000000000002 0.5416666671875 0.21800000000000003 0.557 0.22275 0.5686666671875 0.23224999999999998 0.5980000000000001 0.2375 0.6316666671875 0.24325000000000002 0.657 0.24625 0.6849999999999999 0.24925000000000003 0.7016666671875 0.2605 0.746 0.27525 0.7766666671875 0.28900000000000003 0.7973333328125001 0.3115 0.8246666671874999 0.34049999999999997 0.8533333328125 0.35825 0.866 0.37925 0.8789999999999999 0.3935 0.8836666671875 0.40575 0.8853333328125 0.44675000000000004 0.8846666671875001 0.48 0.882 0.503 0.8766666671875001 0.5295 0.8653333328124999 0.544 0.8546666671875001 0.5505 0.852 0.5695 0.8373333328125 0.5972500000000001 0.8183333328125 0.608 0.8063333328125 0.61575 0.7956666671875 0.62575 0.7863333328125 0.6395 0.768 0.65175 0.7563333328125 0.669 0.745 0.68875 0.736 0.69875 0.7273333328125 0.7255 0.7003333328125 0.77625 0.6323333328125 0.792 0.6133333328125 0.8025 0.5966666671875 0.8185 0.5773333328125 0.8310000000000001 0.5586666671875 0.8720000000000001 0.5043333328124999 0.8949999999999999 0.4783333328125 0.9145 0.45899999999999996 0.9259999999999999 0.4436666671875 0.943 0.41233333281249995 0.9497500000000001 0.3956666671875 0.9650000000000001 0.37533333281250003 0.969 0.36833333281249997 0.97575 0.3483333328125 0.9855 0.327 0.9884999999999999 0.3166666671875 0.9894999999999999 0.3043333328125 0.9804999999999999 0.2903333328125 0.9625 0.277 0.9385 0.2626666671875 0.92175 0.256 0.9125 0.25033333281250003 0.89075 0.2416666671875 0.8734999999999999 0.2326666671875 0.84925 0.2153333328125 0.8307499999999999 0.205 0.82325 0.1953333328125 0.81975 0.1926666671875 0.796 0.1863333328125 0.7657499999999999 0.17266666718749998 0.747 0.1666666671875 0.7384999999999999 0.1626666671875 0.7190000000000001 0.1563333328125 0.63475 0.134 0.60625 0.12933333281249998 0.5805 0.12833333281249998 0.5582499999999999 0.1203333328125 0.548 0.118 0.50675 0.1126666671875 0.46449999999999997 0.10900000000000001 0.43899999999999995 0.10500000000000001 0.41475 0.10300000000000001 0.39025 0.10333333281249998 0.36675 0.10500000000000001 0.34550000000000003 0.1086666671875 0.3295 0.11333333281249999 0.31 0.12166666718750001 0.28650000000000003 0.13633333281249999 0.26025 0.1603333328125 0.22374999999999998 0.19766666718749998 0.20175 0.22400000000000003 0.1855 0.246 0.174 0.2676666671875 0.16325 0.29500000000000004 0.16025 0.305 0.155 0.33199999999999996 0.153 0.3566666671875 0.15075 0.36666666718749996 0.151 0.3783333328125 0.155 0.396