12 0.8075749999999999 0.39866833281249997 0.6965 0.39866833281249997 0.6965 0.5033316671875 0.8075749999999999 0.5033316671875 0.8075749999999999 0.39866833281249997
12 0.8115837499999999 0.3916416671875 0.65130625 0.3916416671875 0.65130625 0.5452049999999999 0.8115837499999999 0.5452049999999999 0.8115837499999999 0.3916416671875
12 0.6917725 0.42765333281249995 0.5386974999999999 0.42765333281249995 0.5386974999999999 0.5593266671875 0.6917725 0.5593266671875 0.6917725 0.42765333281249995
12 0.80603 0.3162416671875 0.68518 0.3162416671875 0.68518 0.43115166718750003 0.80603 0.43115166718750003 0.80603 0.3162416671875
12 1 0.5355616671875 0.8560187499999999 0.5355616671875 0.8560187499999999 0.7098783328125 1 0.7098783328125 1 0.5355616671875
12 0.81886375 0.39367833281250003 0.76805125 0.39367833281250003 0.76805125 0.525595 0.81886375 0.525595 0.81886375 0.39367833281250003
12 1 0.446125 0.7137450000000001 0.446125 0.7137450000000001 0.592935 1 0.592935 1 0.446125
12 0.9313974999999999 0.5488683328125 0.7053225000000001 0.5488683328125 0.7053225000000001 0.7121983328125 0.9313974999999999 0.7121983328125 0.9313974999999999 0.5488683328125
12 0.6456925 0.1818433328125 0.49981749999999997 0.1818433328125 0.49981749999999997 0.32141000000000003 0.6456925 0.32141000000000003 0.6456925 0.1818433328125
12 0.4877325 0.1993016671875 0.3609025 0.1993016671875 0.3609025 0.356365 0.4877325 0.356365 0.4877325 0.1993016671875
12 0.6529849999999999 0.5787766671875 0.5501400000000001 0.5787766671875 0.5501400000000001 0.7584633328125 0.6529849999999999 0.7584633328125 0.6529849999999999 0.5787766671875
12 0.81192 0.6850983328125 0.7076100000000001 0.6850983328125 0.7076100000000001 0.837035 0.81192 0.837035 0.81192 0.6850983328125
12 0.32885749999999997 0.3645433328125 0.18969750000000002 0.3645433328125 0.18969750000000002 0.5085033328125 0.32885749999999997 0.5085033328125 0.32885749999999997 0.3645433328125
12 0.7301624999999999 0.22054 0.6087024999999999 0.22054 0.6087024999999999 0.3569333328125 0.7301624999999999 0.3569333328125 0.7301624999999999 0.22054
12 0.3636475 0.6554783328125 0.2843025 0.6554783328125 0.2843025 0.788535 0.3636475 0.788535 0.3636475 0.6554783328125
12 0.6205437500000001 0.7620433328125 0.47125125 0.7620433328125 0.47125125 0.9215500000000001 0.6205437500000001 0.9215500000000001 0.6205437500000001 0.7620433328125
12 0.51123125 0.7179366671875 0.38427875 0.7179366671875 0.38427875 0.8901366671875 0.51123125 0.8901366671875 0.51123125 0.7179366671875
12 0.7413925 0.7814133328125 0.6443475000000001 0.7814133328125 0.6443475000000001 0.87614 0.7413925 0.87614 0.7413925 0.7814133328125
12 0.40884375000000006 0.2647716671875 0.29428125 0.2647716671875 0.29428125 0.412315 0.40884375000000006 0.412315 0.40884375000000006 0.2647716671875
12 1 0.5175783328125 0.6397700000000001 0.5175783328125 0.6397700000000001 0.8574216671875 1 0.8574216671875 1 0.5175783328125
12 0.566955 0.39953666718749997 0.40033 0.39953666718749997 0.40033 0.5425233328125 0.566955 0.5425233328125 0.566955 0.39953666718749997
12 0.48349000000000003 0.6108399999999999 0.4086 0.6108399999999999 0.4086 0.7641600000000001 0.48349000000000003 0.7641600000000001 0.48349000000000003 0.6108399999999999
11 0.2 0.567 0.20550000000000002 0.5753333328125 0.21075 0.587 0.2165 0.595 0.22125 0.6046666671875001 0.22275 0.6096666671875 0.22574999999999998 0.6326666671875001 0.23625 0.6686666671875 0.24325000000000002 0.6816666671875 0.2505 0.6993333328125 0.25625 0.708 0.262 0.72 0.26925 0.729 0.27625 0.7406666671875 0.28175 0.746 0.28500000000000003 0.7533333328125 0.29100000000000004 0.7586666671875 0.2955 0.7663333328124999 0.30425 0.772 0.30724999999999997 0.7796666671875 0.311 0.784 0.314 0.7856666671875 0.319 0.7946666671875 0.3265 0.799 0.3285 0.8023333328125 0.32999999999999996 0.808 0.34700000000000003 0.8293333328125 0.35325 0.8416666671874999 0.362 0.8513333328125 0.378 0.8626666671875001 0.392 0.8676666671875 0.40075000000000005 0.8766666671875001 0.41574999999999995 0.8863333328125 0.417 0.8923333328125 0.41624999999999995 0.9 0.403 0.9039999999999999 0.39575 0.9083333328125001 0.38475000000000004 0.923 0.3825 0.9293333328125 0.38225 0.9366666671875 0.38775 0.9436666671875 0.396 0.9630000000000001 0.40125 0.9726666671875 0.40325 0.9756666671875 0.40625 0.9776666671875001 0.42125 0.9796666671875001 0.44125 0.9846666671875001 0.449 0.9893333328124999 0.45625 0.9966666671875 0.46575 0.9993333328125 0.48125 0.9983333328124999 0.49400000000000005 0.9953333328125 0.5105000000000001 0.9953333328125 0.53 0.9936666671875001 0.58425 0.9943333328125 0.6172500000000001 0.9913333328125 0.63925 0.991 0.67225 0.993 0.6835 0.991 0.72025 0.9893333328124999 0.7285 0.9866666671875001 0.736 0.9710000000000001 0.74175 0.9626666671875 0.7455 0.95 0.7415 0.9373333328125 0.73975 0.9256666671874999 0.7342500000000001 0.913 0.73525 0.8993333328125 0.733 0.8960000000000001 0.731 0.8949999999999999 0.70875 0.8906666671875 0.70175 0.8873333328124999 0.7005 0.8856666671875001 0.7165 0.8800000000000001 0.7264999999999999 0.8726666671875 0.7474999999999999 0.8663333328125 0.7565000000000001 0.859 0.771 0.8543333328125 0.7825 0.8460000000000001 0.8019999999999999 0.841 0.81525 0.8333333328125001 0.8172499999999999 0.8310000000000001 0.81875 0.826 0.82125 0.8220000000000001 0.8320000000000001 0.8156666671874999 0.837 0.8086666671874999 0.8402499999999999 0.806 0.8470000000000001 0.796 0.85375 0.7916666671875 0.8619999999999999 0.7833333328125 0.87625 0.775 0.8905 0.7646666671875 0.9047499999999999 0.745 0.93875 0.7113333328125 0.95475 0.6926666671875 0.9654999999999999 0.6783333328125 0.9715 0.6666666671875 0.9802500000000001 0.6556666671875 0.98675 0.644 0.99 0.641 0.9964999999999999 0.6316666671875 0.99975 0.6293333328124999 0.99975 0.497 0.9872500000000001 0.4516666671875 0.9810000000000001 0.442 0.98525 0.43333333281249997 0.99275 0.4216666671875 0.99275 0.418 0.9897500000000001 0.4143333328125 0.9872500000000001 0.40700000000000003 0.9845 0.4046666671875 0.9772500000000001 0.4026666671875 0.97075 0.3993333328125 0.9635 0.3906666671875 0.9515 0.387 0.93925 0.378 0.92775 0.37466666718749997 0.92125 0.3676666671875 0.91175 0.3643333328125 0.892 0.36066666718749996 0.88975 0.3586666671875 0.88825 0.3543333328125 0.87625 0.353 0.8675 0.3506666671875 0.85975 0.346 0.85725 0.3486666671875 0.857 0.3546666671875 0.858 0.3553333328125 0.85175 0.37266666718749997 0.84925 0.3716666671875 0.84575 0.36833333281249997 0.8445 0.36466666718749996 0.845 0.3436666671875 0.8442500000000001 0.341 0.837 0.3386666671875 0.8310000000000001 0.33199999999999996 0.82175 0.3286666671875 0.81525 0.3233333328125 0.7969999999999999 0.3136666671875 0.7795 0.2983333328125 0.74375 0.271 0.7095 0.2396666671875 0.696 0.2306666671875 0.6719999999999999 0.2116666671875 0.64675 0.1966666671875 0.6205 0.1896666671875 0.6045 0.1866666671875 0.5185 0.1836666671875 0.49424999999999997 0.184 0.48150000000000004 0.1856666671875 0.44425 0.1963333328125 0.43375 0.2006666671875 0.41425 0.2116666671875 0.394 0.22633333281249998 0.37275 0.24700000000000003 0.3665 0.25433333281250003 0.35924999999999996 0.26033333281250004 0.35575 0.265 0.346 0.2726666671875 0.31725 0.3006666671875 0.3065 0.3173333328125 0.28775 0.3413333328125 0.2685 0.3743333328125 0.24900000000000003 0.40033333281249994 0.24100000000000002 0.41733333281249996 0.23525000000000001 0.42533333281249996 0.22974999999999998 0.437 0.22200000000000003 0.44966666718750004 0.20675 0.4823333328125 0.199 0.49466666718749996 0.19 0.519 0.18725 0.5349999999999999 0.18675 0.542 0.1875 0.5453333328125 0.19424999999999998 0.5536666671875 0.2 0.567