12 0.672668128125 0.2664459984375 0.555921053125 0.2664459984375 0.555921053125 0.44959018593750005 0.672668128125 0.44959018593750005 0.672668128125 0.2664459984375
12 0.583695175 0.23158168906249998 0.5295869890625 0.23158168906249998 0.5295869890625 0.3631441890625 0.583695175 0.3631441890625 0.583695175 0.23158168906249998
12 0.5169983546875 0.2529605265625 0.39657620625 0.2529605265625 0.39657620625 0.421233553125 0.5169983546875 0.421233553125 0.5169983546875 0.2529605265625
12 0.597534721875 0.3980715453125 0.44348135937500005 0.3980715453125 0.44348135937500005 0.589965734375 0.597534721875 0.589965734375 0.597534721875 0.3980715453125
12 0.8043210890625 0.364290021875 0.6751708703125 0.364290021875 0.6751708703125 0.63180646875 0.8043210890625 0.63180646875 0.8043210890625 0.364290021875
12 0.4418951015625 0.2288802078125 0.3603527046875 0.2288802078125 0.3603527046875 0.4229728625 0.4418951015625 0.4229728625 0.4418951015625 0.2288802078125
12 0.5063477703125 0.40374725937499994 0.3481441890625 0.40374725937499994 0.3481441890625 0.60552905625 0.5063477703125 0.60552905625 0.5063477703125 0.40374725937499994
12 0.8265990499999999 0.2243050984375 0.699767909375 0.2243050984375 0.699767909375 0.3693242875 0.8265990499999999 0.3693242875 0.8265990499999999 0.2243050984375
12 0.39068713437499997 0.4348752734375 0.2792361109375 0.4348752734375 0.2792361109375 0.5905139796875 0.39068713437499997 0.5905139796875 0.39068713437499997 0.4348752734375
12 0.757447003125 0.3609018640625 0.5853271203125 0.3609018640625 0.5853271203125 0.5465707234375 0.757447003125 0.5465707234375 0.757447003125 0.3609018640625
12 0.394561403125 0.23593064687499998 0.308563596875 0.23593064687499998 0.308563596875 0.39431606406249997 0.394561403125 0.39431606406249997 0.394561403125 0.23593064687499998
12 0.42242415937500005 0.6208196265625 0.2973017171875 0.6208196265625 0.2973017171875 0.735627740625 0.42242415937500005 0.735627740625 0.42242415937500005 0.6208196265625
12 0.6986083703125 0.6684731359375 0.6148675078125 0.6684731359375 0.6148675078125 0.8014994515625 0.6986083703125 0.8014994515625 0.6986083703125 0.6684731359375
12 0.95440698125 0.3215337171875 0.759459978125 0.3215337171875 0.759459978125 0.62329084375 0.95440698125 0.62329084375 0.95440698125 0.3215337171875
12 0.9537966015625001 0.18287691875 0.820618603125 0.18287691875 0.820618603125 0.31993009843750003 0.9537966015625001 0.31993009843750003 0.9537966015625001 0.18287691875
12 0.8387454312499999 0.1070696265625 0.53625456875 0.1070696265625 0.53625456875 0.2602384875 0.8387454312499999 0.2602384875 0.8387454312499999 0.1070696265625
12 0.18756030625 0.48005619531250004 0.0349725875 0.48005619531250004 0.0349725875 0.619307840625 0.18756030625 0.619307840625 0.18756030625 0.48005619531250004
12 0.7635508046874999 0.6243434765625 0.6612554828125 0.6243434765625 0.6612554828125 0.7994832781250001 0.7635508046874999 0.7994832781250001 0.7635508046874999 0.6243434765625
12 0.839629934375 0.5611266453125 0.72384594375 0.5611266453125 0.72384594375 0.794586075 0.839629934375 0.794586075 0.839629934375 0.5611266453125
12 0.5032337359375 0.08555646875 0.3663934578125 0.08555646875 0.3663934578125 0.1330729171875 0.5032337359375 0.1330729171875 0.5032337359375 0.08555646875
12 0.656615496875 0.0146491234375 0.4703362578125 0.0146491234375 0.4703362578125 0.1294572375 0.656615496875 0.1294572375 0.656615496875 0.0146491234375
12 0.9603271203125001 0.3645161734375 0.8892817984375 0.3645161734375 0.8892817984375 0.48435992343749995 0.9603271203125001 0.48435992343749995 0.9603271203125001 0.3645161734375
12 0.6298821265625001 0.39470531875 0.42871070937500005 0.39470531875 0.42871070937500005 0.44831003281250004 0.6298821265625001 0.44831003281250004 0.6298821265625001 0.39470531875
12 0.961302996875 0.320479715625 0.6334228796875 0.320479715625 0.6334228796875 0.42768914531249996 0.961302996875 0.42768914531249996 0.961302996875 0.320479715625
12 0.3140862578125 0.45313870625 0.11096125781249999 0.45313870625 0.11096125781249999 0.5466145828125 0.3140862578125 0.5466145828125 0.3140862578125 0.45313870625
12 0.283844115625 0.42640625 0.20663468593749998 0.42640625 0.20663468593749998 0.4803316890625 0.283844115625 0.4803316890625 0.283844115625 0.42640625
12 0.8244024124999999 0.1113500546875 0.6795047515625 0.1113500546875 0.6795047515625 0.17923656875 0.8244024124999999 0.17923656875 0.8244024124999999 0.1113500546875
11 0.4119152046875 0 0.403508771875 0.01014254375 0.38834064375 0.0326206140625 0.37737573125 0.050438596875 0.37097953281249996 0.0638706140625 0.35581140312500004 0.0868969296875 0.3369883046875 0.1071820171875 0.313596490625 0.13706140312499998 0.25 0.22587719375 0.24031432812500003 0.2420504390625 0.21582602343750001 0.294133771875 0.18567251406250002 0.341008771875 0.160635965625 0.38212719375000004 0.154239765625 0.3952850875 0.1458333328125 0.408991228125 0.0723684203125 0.5252192984375 0.0665204671875 0.5372807015625 0.0592105265625 0.548793859375 0.05391081875 0.5603070171875 0.0478801171875 0.570723684375 0.042580409375 0.585526315625 0.034356725 0.6044407890625 0.034356725 0.6091008765625 0.037828946875000005 0.6115679828125 0.07492689999999999 0.6173245609375 0.0897295328125 0.6228070171875 0.11403508749999999 0.6282894734375 0.11951754375000001 0.6310307015625 0.12737573124999998 0.63678728125 0.153508771875 0.6485745609375 0.178545321875 0.6565241234375 0.190606725 0.6622807015625 0.21180555625 0.6685855265625 0.22350146249999997 0.6751644734375 0.2412280703125 0.6828399125 0.2474415203125 0.6872258765625 0.256578946875 0.6916118421874999 0.267543859375 0.6995614031249999 0.2814327484375 0.7061403515625 0.2891081875 0.7118969296875 0.305007309375 0.7184758765625 0.3143274859375 0.7245065796875 0.33040935625 0.7308114031249999 0.340643275 0.737116228125 0.357456140625 0.7431469296875 0.36531432812500003 0.7486293859375001 0.3823099421875 0.7560307015625 0.3943713453125 0.7634320171875 0.40953947343749997 0.7697368421874999 0.41794590625000005 0.7743969296875 0.42690058437499995 0.7771381578125001 0.4788011703125 0.78673245625 0.5325292390625 0.792489034375 0.547331871875 0.795778509375 0.5584795328125 0.7998903515625 0.5953947375 0.8078399125000001 0.60855263125 0.81167763125 0.630116959375 0.814418859375 0.655884503125 0.814418859375 0.6818347953125 0.8125 0.6979166671875 0.8083881578125001 0.721491228125 0.80537280625 0.7520102343749999 0.7985197375 0.7876461984375001 0.7872807015625 0.7989766078125 0.7815241234375 0.8044590640625 0.776864034375 0.8079312859375 0.771929825 0.8132309937500001 0.7587719296875 0.8203581874999999 0.7458881578125001 0.8527046781250001 0.71326754375 0.863669590625 0.7006578953125 0.8775584796875 0.6814692984375 0.8899853796875 0.6603618421874999 0.9183114031249999 0.5995065796875 0.92891081875 0.569078946875 0.9400584796875 0.5298793859375001 0.9608918125000001 0.42790570156249996 0.9623538015624999 0.4177631578125 0.9654605265624999 0.368695175 0.9671052625 0.3544407890625 0.9689327484374999 0.351151315625 0.9735014625 0.3470394734375 0.9998172515625001 0.3495065796875 0.9998172515625001 0.310581140625 0.9868421046875 0.30866228125 0.9809941515625 0.3056469296875 0.9638157890624999 0.28974780624999996 0.9493786546875 0.2779605265625 0.9247076015625 0.2505482453125 0.9153874265624999 0.23711622812500002 0.9095394734375001 0.23053728125 0.9044225140625001 0.21957236875000002 0.8901681281249999 0.20038377187499998 0.8751827484374999 0.186403509375 0.859283625 0.17955043906249998 0.847222221875 0.1702302625 0.830043859375 0.1540570171875 0.8146929828125 0.13678728125 0.8013523390625 0.12417763125 0.78673245625 0.11101973750000001 0.76955409375 0.098135965625 0.760599415625 0.08991228125 0.7531067250000001 0.0814144734375 0.745614034375 0.0751096484375 0.726973684375 0.055372806249999997 0.71326754375 0.044133771875 0.692616959375 0.034265351562500004 0.664473684375 0.0265899125 0.6567982453125001 0.0233004390625 0.643274853125 0.0205592109375 0.6189692984375 0.0178179828125 0.5748004390625 0.0169956140625 0.5577485375 0.017543859375 0.5202850875 0.0213815796875 0.49583333281249997 0.0213815796875 0.484831871875 0.019188596875 0.4702119890625 0.013706140624999998 0.4672880109375 0.0109649125 0.4634502921875 0 0.4119152046875 0