4 0.52357090625 0.3294956140625 0.4225146203125 0.3294956140625 0.4225146203125 0.508766446875 0.52357090625 0.508766446875 0.52357090625 0.3294956140625
4 0.4284667390625 0.347534265625 0.2746582609375 0.347534265625 0.2746582609375 0.6229262609374999 0.4284667390625 0.6229262609374999 0.4284667390625 0.347534265625
4 0.4933470390625 0.48431332187500004 0.3958123171875 0.48431332187500004 0.3958123171875 0.7703248359375 0.4933470390625 0.7703248359375 0.4933470390625 0.48431332187500004
4 0.657989765625 0.118651315625 0.534393275 0.118651315625 0.534393275 0.44860745625 0.657989765625 0.44860745625 0.657989765625 0.118651315625
4 0.43847587656250003 0.163695175 0.3002923984375 0.163695175 0.3002923984375 0.47204495625 0.43847587656250003 0.47204495625 0.43847587656250003 0.163695175
4 0.5393667765625 0.0495298796875 0.4386595390625 0.0495298796875 0.4386595390625 0.34670915625 0.5393667765625 0.34670915625 0.5393667765625 0.0495298796875
4 0.2728572734375 0.011902412499999999 0.1922304453125 0.011902412499999999 0.1922304453125 0.21002192968750003 0.2728572734375 0.21002192968750003 0.2728572734375 0.011902412499999999
4 0.1807255109375 0.21084566875 0.0744024125 0.21084566875 0.0744024125 0.4776302078125 0.1807255109375 0.4776302078125 0.1807255109375 0.21084566875
4 0.5896610015625 0.1982113484375 0.47186312187499996 0.1982113484375 0.47186312187499996 0.42141584375 0.5896610015625 0.42141584375 0.5896610015625 0.1982113484375
4 0.314088084375 0.30322368437499997 0.222534721875 0.30322368437499997 0.222534721875 0.4980482453125 0.314088084375 0.4980482453125 0.314088084375 0.30322368437499997
4 0.598419225 0.38886924375 0.474822734375 0.38886924375 0.474822734375 0.5464322921875 0.598419225 0.5464322921875 0.598419225 0.38886924375
4 0.12066611875 0.191711896875 0.007506396875 0.191711896875 0.007506396875 0.4755249453125 0.12066611875 0.4755249453125 0.12066611875 0.191711896875
4 0.5719608921875 0.4321285640625 0.42608735312499996 0.4321285640625 0.42608735312499996 0.7001959984374999 0.5719608921875 0.7001959984374999 0.5719608921875 0.4321285640625
4 0.2223199921875 0.3811334984375 0.140227521875 0.3811334984375 0.140227521875 0.568817159375 0.2223199921875 0.568817159375 0.2223199921875 0.3811334984375
4 0.326293859375 0 0.326293859375 0.3327028515625 0.4559320171875 0.3327028515625 0.4559320171875 0 0.326293859375 0
4 0.43231176875 0.551239034375 0.289855628125 0.551239034375 0.289855628125 0.8945614031250001 0.43231176875 0.8945614031250001 0.43231176875 0.551239034375
4 0 0.323637609375 0.1683954671875 0.323637609375 0.1683954671875 0.0887143640625 0 0.0887143640625 0 0.323637609375
4 1 0.6628412828125 0.7979130109375 0.6628412828125 0.7979130109375 0.938233278125 1 0.938233278125 1 0.6628412828125
4 0.3194270828125 0.21771244531249997 0.24258315000000003 0.21771244531249997 0.24258315000000003 0.3645627734375 0.3194270828125 0.3645627734375 0.3194270828125 0.21771244531249997
4 0.3556524125 0.0045764796875 0.2791136703125 0.0045764796875 0.2791136703125 0.2799684765625 0.3556524125 0.2799684765625 0.3556524125 0.0045764796875
4 0.8283689687500001 0.780213815625 0.4948729890625 0.780213815625 0.4948729890625 0.9893201749999999 0.8283689687500001 0.9893201749999999 0.8283689687500001 0.780213815625
4 0.263610196875 0.10528645781249998 0.1773072 0.10528645781249998 0.1773072 0.31549204999999997 0.263610196875 0.31549204999999997 0.263610196875 0.10528645781249998
4 0.320130665625 0.0029290015625 0.2501836625 0.0029290015625 0.2501836625 0.1247848140625 0.320130665625 0.1247848140625 0.320130665625 0.0029290015625
4 0.6766346859375 0.0071422703125 0.55969206875 0.0071422703125 0.55969206875 0.1871340453125 0.6766346859375 0.1871340453125 0.6766346859375 0.0071422703125
4 0.12915113281249999 0.4304810859375 0.00280793125 0.4304810859375 0.00280793125 0.667419134375 0.12915113281249999 0.667419134375 0.12915113281249999 0.4304810859375
4 0.997589546875 0.0802014796875 0.9076845765625 0.0802014796875 0.9076845765625 0.340577028125 0.997589546875 0.340577028125 0.997589546875 0.0802014796875
4 0.5844645468749999 0.8589939687499999 0.5571363296875 0.8589939687499999 0.5571363296875 0.9061430921875001 0.5844645468749999 0.9061430921875001 0.5844645468749999 0.8589939687499999
4 0.8764647296874999 0.3423149671875 0.6557611484375 0.3423149671875 0.6557611484375 0.65597450625 0.8764647296874999 0.65597450625 0.8764647296874999 0.3423149671875
11 0 0 0 0.68832236875 0.014071637500000001 0.68667763125 0.0259502921875 0.6814692984375 0.042580409375 0.6768092109375 0.069078946875 0.6631030703125 0.075475146875 0.6567982453125001 0.08168859687499999 0.6526864031249999 0.087902046875 0.6447368421874999 0.09375 0.6392543859375001 0.100328946875 0.629385965625 0.1059941515625 0.623903509375 0.115314328125 0.6077302625 0.11988304062499999 0.60389254375 0.1224415203125 0.59758771875 0.125365496875 0.5934758765625 0.13633040937500002 0.5907346484375 0.1421783625 0.5879934203125 0.1505847953125 0.5794956140624999 0.160635965625 0.575383771875 0.169956140625 0.56798245625 0.1801900578125 0.5627741234375 0.1884137421875 0.5548245609375 0.1973684203125 0.5504385968750001 0.2203947375 0.53207236875 0.22807017499999999 0.5243969296875 0.23519736875000002 0.52110745625 0.237938596875 0.518366228125 0.241045321875 0.5191885968750001 0.24305555625 0.5263157890625 0.2487207609375 0.5641447375 0.2536549703125 0.58826754375 0.25621345 0.6052631578125001 0.258223684375 0.6282894734375 0.25968567187499997 0.6373355265625 0.26644736875 0.6603618421874999 0.2724780703125 0.6943530703125 0.2783260234375 0.7118969296875 0.2841739765625 0.7395833328125 0.28746345 0.7505482453125001 0.29331140312500004 0.765625 0.29842836250000004 0.7870065796875 0.3033625734375 0.8009868421874999 0.3130482453125 0.841831140625 0.319078946875 0.857456140625 0.32584064375 0.884320175 0.3327850875 0.8993969296875 0.338633040625 0.9221491234375 0.34576023437500003 0.9369517546875 0.3516081875 0.9542214906250001 0.35343567187499997 0.95696271875 0.35581140312500004 0.9580592109375001 0.36641081875000003 0.9583333328125001 0.3700657890625 0.9558662281249999 0.3751827484375 0.9470942984375 0.3828581875 0.9396929828125 0.40588450312499996 0.91337719375 0.4119152046875 0.9078947375 0.41940789531249995 0.898026315625 0.42525584843750003 0.8922697375 0.42891081875000003 0.8862390343750001 0.43585526249999995 0.8796600874999999 0.44170321562500003 0.868695175 0.44773391875 0.8621162281249999 0.4513888890625 0.85553728125 0.4533991234375 0.84923245625 0.46198830468749996 0.8388157890624999 0.46801900625000004 0.8231907890624999 0.47551169531250004 0.8152412281249999 0.47807017500000004 0.8092105265624999 0.486293859375 0.7963267546874999 0.48976608125 0.787554825 0.50858918125 0.7541118421874999 0.51169590625 0.7502741234375 0.5184576015625 0.733278509375 0.525402046875 0.7256030703125 0.5314327484375 0.711348684375 0.537828946875 0.701206140625 0.54294590625 0.685581140625 0.5515350875 0.6724232453125001 0.555921053125 0.65707236875 0.562865496875 0.6458333328125 0.5661549703125 0.633223684375 0.5860745609375 0.58826754375 0.58826754375 0.584703946875 0.5935672515625 0.5682565796875 0.5994152046875 0.5583881578125001 0.606725146875 0.53673245625 0.6127558484375 0.5252192984375 0.6213450296875 0.49369517500000004 0.62426900625 0.48985745625000005 0.6262792390625 0.485471490625 0.6313961984375001 0.46326754374999995 0.6341374265625 0.45559210468750005 0.638706140625 0.44764254374999995 0.6427266078125 0.430098684375 0.65003655 0.4114583328125 0.662097953125 0.3580043859375 0.6686769 0.3171600875 0.6712353796875 0.3078399125 0.6739766078125 0.30235745625 0.676169590625 0.2944078953125 0.682383040625 0.251096490625 0.6842105265625 0.233278509375 0.6876827484375 0.2146381578125 0.6893274859375 0.18832236875 0.6895102343749999 0.1455592109375 0.6889619890625001 0.1356907890625 0.6873172515625 0.12198464843750001 0.68366228125 0.106633771875 0.6814692984375 0.09292763125 0.6774488296875 0.0630482453125 0.6743421046875 0.05208333281250001 0.6686769 0.038651315625 0.66246345 0.015350876562499999 0.658991228125 0.009320175 0.655153509375 0 0 0