12 0.75891081875 0.38706140312500004 0.566885965625 0.38706140312500004 0.566885965625 0.6358826750000001 0.75891081875 0.6358826750000001 0.75891081875 0.38706140312500004
12 0.552806103125 0.4638157890625 0.41703307812499996 0.4638157890625 0.41703307812499996 0.6358826750000001 0.552806103125 0.6358826750000001 0.552806103125 0.4638157890625
12 0.7643740859375 0.4156496703125 0.6418759140625 0.4156496703125 0.6418759140625 0.7203371703125 0.7643740859375 0.7203371703125 0.7643740859375 0.4156496703125
12 0.538177996875 0.49685718124999995 0.4540113296875 0.49685718124999995 0.4540113296875 0.73800575625 0.538177996875 0.73800575625 0.538177996875 0.49685718124999995
12 0.5952448828125 0.4852302625 0.5053399125 0.4852302625 0.5053399125 0.8316666671874999 0.5952448828125 0.8316666671874999 0.5952448828125 0.4852302625
12 0.640778509375 0.3633717109375 0.5447697375 0.3633717109375 0.5447697375 0.640043859375 0.640778509375 0.640043859375 0.640778509375 0.3633717109375
12 0.50070266875 0.6031483 0.3952951390625 0.6031483 0.3952951390625 0.8924547703125001 0.50070266875 0.8924547703125001 0.50070266875 0.6031483
12 0.87933388125 0.23657209375 0.7485974046874999 0.23657209375 0.7485974046874999 0.7045901859375 0.87933388125 0.7045901859375 0.87933388125 0.23657209375
12 0.4458004390625 0.5721134875 0.2666008765625 0.5721134875 0.2666008765625 0.785797696875 0.4458004390625 0.785797696875 0.4458004390625 0.5721134875
12 0.54681469375 0.39056469374999997 0.40435855312499996 0.39056469374999997 0.40435855312499996 0.5315570171874999 0.54681469375 0.5315570171874999 0.54681469375 0.39056469374999997
12 0.5373528875 0.2716365125 0.3229979890625 0.2716365125 0.3229979890625 0.4776288375 0.5373528875 0.4776288375 0.5373528875 0.2716365125
12 0.4904166671875 0.40603481406249997 0.2615350875 0.40603481406249997 0.2615350875 0.6552425984375 0.4904166671875 0.6552425984375 0.4904166671875 0.40603481406249997
12 0.54901224375 0.6601877734375 0.4646610015625 0.6601877734375 0.4646610015625 0.8852234093750001 0.54901224375 0.8852234093750001 0.54901224375 0.6601877734375
12 0.49603344375 0.48822779531249993 0.391174159375 0.48822779531249993 0.391174159375 0.57524808125 0.49603344375 0.57524808125 0.49603344375 0.48822779531249993
12 0.7801809203125 0.2250356359375 0.695403875 0.2250356359375 0.695403875 0.55865405625 0.7801809203125 0.55865405625 0.7801809203125 0.2250356359375
12 0.4867553 0.5657497265625 0.46148665937500005 0.5657497265625 0.46148665937500005 0.68888843125 0.4867553 0.68888843125 0.4867553 0.5657497265625
12 0.42980902812500005 0.30079495624999997 0.326049890625 0.30079495624999997 0.326049890625 0.426864034375 0.42980902812500005 0.426864034375 0.42980902812500005 0.30079495624999997
12 0.43521107499999995 0.7743517 0.372405884375 0.7743517 0.372405884375 0.9087513703125 0.43521107499999995 0.9087513703125 0.43521107499999995 0.7743517
12 0.7341301171875 0.15957785156249998 0.41918859687500004 0.15957785156249998 0.41918859687500004 0.4216008765625 0.7341301171875 0.4216008765625 0.7341301171875 0.15957785156249998
12 0.67678819375 0.617249178125 0.5839537640625 0.617249178125 0.5839537640625 0.819762884375 0.67678819375 0.819762884375 0.67678819375 0.617249178125
12 0.428375365625 0.6401822921875 0.3660581140625 0.6401822921875 0.3660581140625 0.7909690234375 0.428375365625 0.7909690234375 0.428375365625 0.6401822921875
12 0.9981377921875 0.3809498359375 0.8895559203125 0.3809498359375 0.8895559203125 0.692778234375 0.9981377921875 0.692778234375 0.9981377921875 0.3809498359375
12 0.3800657890625 0.6229262609374999 0.1931761703125 0.6229262609374999 0.1931761703125 0.9371340453125001 0.3800657890625 0.9371340453125001 0.3800657890625 0.6229262609374999
12 0.8885489765625 0.5684059765625 0.795043859375 0.5684059765625 0.795043859375 0.7323780156249999 0.8885489765625 0.7323780156249999 0.8885489765625 0.5684059765625
12 0.8926388890625001 0.133851425 0.759703946875 0.133851425 0.759703946875 0.3641968203125 0.8926388890625001 0.3641968203125 0.8926388890625001 0.133851425
12 0.3835142546875 0.7925246703125 0.290802265625 0.7925246703125 0.290802265625 0.9213404609375001 0.3835142546875 0.9213404609375001 0.3835142546875 0.7925246703125
12 0.8475950296875 0.0014418859375000001 0.6729130109375 0.0014418859375000001 0.6729130109375 0.0828782890625 0.8475950296875 0.0828782890625 0.8475950296875 0.0014418859375000001
12 0.6831048984375 0.2759388703125 0.3647459796875 0.2759388703125 0.3647459796875 0.882750821875 0.6831048984375 0.882750821875 0.6831048984375 0.2759388703125
12 0.7120367328125 0.184616228125 0.45300347187499995 0.184616228125 0.45300347187499995 0.2702192984375 0.7120367328125 0.2702192984375 0.7120367328125 0.184616228125
12 0.44366502187499995 0.574083059375 0.300476059375 0.574083059375 0.300476059375 0.641739309375 0.44366502187499995 0.641739309375 0.44366502187499995 0.574083059375
12 0.291077303125 0.7910169953125 0.18621801875 0.7910169953125 0.18621801875 0.947754934375 0.291077303125 0.947754934375 0.291077303125 0.7910169953125
12 0.066893275 0.000686678125 0.00018274843749999998 0.000686678125 0.00018274843749999998 0.1826027953125 0.066893275 0.1826027953125 0.066893275 0.000686678125
12 0.6753856 0.0027700109375 0.6087956875 0.0027700109375 0.6087956875 0.05824972656250001 0.6753856 0.05824972656250001 0.6753856 0.0027700109375
12 0.6596673984375 0.33918037343749996 0.4145504390625 0.33918037343749996 0.4145504390625 0.4166803734375 0.6596673984375 0.4166803734375 0.6596673984375 0.33918037343749996
12 0.3502357453125 0.5338226421875001 0.3221290203125 0.5338226421875001 0.3221290203125 0.5882497265625 0.3502357453125 0.5882497265625 0.3502357453125 0.5338226421875001
12 0.9990241234375 0.0008456687500000001 0.859375 0.0008456687500000001 0.859375 0.0804975328125 0.9990241234375 0.0804975328125 0.9990241234375 0.0008456687500000001
12 0.7350456875 0.1857044953125 0.5481560671875 0.1857044953125 0.5481560671875 0.22591831093749998 0.7350456875 0.22591831093749998 0.7350456875 0.1857044953125
12 0.33990405625000003 0.386351425 0.24505573906250003 0.386351425 0.24505573906250003 0.7305893640625001 0.33990405625000003 0.7305893640625001 0.33990405625000003 0.386351425
11 0.594846490625 0 0.5970394734375 0.011513157812499999 0.601973684375 0.0260416671875 0.6056286546874999 0.042489034375 0.61330409375 0.0625 0.6180555562500001 0.0704495609375 0.6270102343749999 0.0814144734375 0.6326754390625 0.0868969296875 0.6330409359375 0.0907346484375 0.6271929828125 0.0940241234375 0.61878655 0.09457236875 0.6065423984375 0.09210526249999999 0.5970394734375 0.08826754375 0.589546784375 0.08662280624999999 0.5838815796875 0.0858004390625 0.5688961984375001 0.086348684375 0.5453216375000001 0.09895833281250001 0.5296052625 0.109375 0.5190058484375 0.1189692984375 0.5069444437499999 0.1280153515625 0.4899488296875 0.13514254375 0.480080409375 0.1408991234375 0.46436403437499996 0.148026315625 0.449561403125 0.1603618421875 0.43841374218749996 0.1751644734375 0.4126461984375 0.2171052625 0.4064327484375 0.22916666718749998 0.4005847953125 0.2368421046875 0.3936403515625 0.2524671046875 0.3517909359375 0.31853070156249996 0.34448099375 0.334703946875 0.3388157890625 0.3440241234375 0.330774853125 0.36650219375000004 0.325475146875 0.3782894734375 0.3112207609375 0.4287280703125 0.2903874265625 0.4912280703125 0.28673245625 0.49917763125 0.280153509375 0.521929825 0.27521929843750004 0.5328947375 0.27174707656249997 0.5446820171875 0.2662646203125 0.5734649125 0.26334064375 0.5827850875 0.260599415625 0.5953947375 0.2536549703125 0.641721490625 0.2494517546875 0.65707236875 0.24671052656249998 0.6705043859375001 0.2439692984375 0.6954495609375 0.24067982500000001 0.7368421046875 0.23263888906250002 0.7790570171875 0.2298976609375 0.7974232453125001 0.223135965625 0.82099780625 0.216739765625 0.8497807015625 0.20906432812500003 0.866776315625 0.203216375 0.8876096484374999 0.1962719296875 0.9040570171875 0.1907894734375 0.9229714906250001 0.1834795328125 0.9377741234375 0.1743421046875 0.9621710531250001 0.17616959062499998 0.96792763125 0.178545321875 0.9714912281249999 0.18567251406250002 0.9731359656249999 0.19371345 0.97258771875 0.20778508750000002 0.9684758765625 0.21162280625 0.9660087718750001 0.215277778125 0.9618969296875 0.22660818749999997 0.962445175 0.25603070156249996 0.9777960531250001 0.2708333328125 0.9895833328125001 0.29148391875 0.9978070171875 0.2997076015625 0.9997258765625 0.9998172515625001 0.9997258765625 0.9998172515625001 0 0.594846490625 0