12 0.505 0.6373333328124999 0.351 0.6373333328124999 0.351 0.806 0.505 0.806 0.505 0.6373333328124999
12 0.48736499999999994 0.5651849999999999 0.35150000000000003 0.5651849999999999 0.35150000000000003 0.742755 0.48736499999999994 0.742755 0.48736499999999994 0.5651849999999999
12 0.40158125 0.217855 0.28738375 0.217855 0.28738375 0.3885916671875 0.40158125 0.3885916671875 0.40158125 0.217855
12 0.67517125 0.4644366671875 0.49963375 0.4644366671875 0.49963375 0.7172033328125 0.67517125 0.7172033328125 0.67517125 0.4644366671875
12 0.6453862499999999 0.6617033328125 0.5294187499999999 0.6617033328125 0.5294187499999999 0.82007 0.6453862499999999 0.82007 0.6453862499999999 0.6617033328125
12 0.8202825 0.3412266671875 0.7265925 0.3412266671875 0.7265925 0.4042133328125 0.8202825 0.4042133328125 0.8202825 0.3412266671875
12 0.8599249999999999 0.59033 0.7572650000000001 0.59033 0.7572650000000001 0.6948233328125 0.8599249999999999 0.6948233328125 0.8599249999999999 0.59033
12 0.46166875 0.19873000000000002 0.32202125000000004 0.19873000000000002 0.32202125000000004 0.31461666718750003 0.46166875 0.31461666718750003 0.46166875 0.19873000000000002
12 0.60041 0.5671133328125 0.590995 0.5671133328125 0.590995 0.5806733328125 0.60041 0.5806733328125 0.60041 0.5671133328125
12 0.82663 0.38432 0.731965 0.38432 0.731965 0.4724533328125 0.82663 0.4724533328125 0.82663 0.38432
12 0.40408375 0.6492266671875 0.39621125 0.6492266671875 0.39621125 0.6619733328125 0.40408375 0.6619733328125 0.40408375 0.6492266671875
12 0.54219375 0.5928766671875 0.53397625 0.5928766671875 0.53397625 0.6050433328125 0.54219375 0.6050433328125 0.54219375 0.5928766671875
12 0.15941125 0.5225416671875001 0.14966875 0.5225416671875001 0.14966875 0.538005 0.15941125 0.538005 0.15941125 0.5225416671875001
12 0.34986 0.5727866671874999 0.34301 0.5727866671874999 0.34301 0.5828133328125 0.34986 0.5828133328125 0.34986 0.5727866671874999
12 0.8017799999999999 0.3480433328125 0.7861100000000001 0.3480433328125 0.7861100000000001 0.3609433328125 0.8017799999999999 0.3609433328125 0.8017799999999999 0.3480433328125
12 0.26888125 0.5770383328124999 0.26139375 0.5770383328124999 0.26139375 0.5857216671875001 0.26888125 0.5857216671875001 0.26888125 0.5770383328124999
12 0.378055 0.7730966671874999 0.37048000000000003 0.7730966671874999 0.37048000000000003 0.7854966671875 0.378055 0.7854966671875 0.378055 0.7730966671874999
12 0.754585 0.4939283328125 0.7424850000000001 0.4939283328125 0.7424850000000001 0.506725 0.754585 0.506725 0.754585 0.4939283328125
12 0.7580525 0.42267 0.7429224999999999 0.42267 0.7429224999999999 0.4341033328125 0.7580525 0.4341033328125 0.7580525 0.42267
12 0.80114875 0.64524 0.79162625 0.64524 0.79162625 0.65554 0.80114875 0.65554 0.80114875 0.64524
12 0.78080875 0.67659 0.77095125 0.67659 0.77095125 0.68669 0.78080875 0.68669 0.78080875 0.67659
12 0.8064837499999999 0.6301266671875 0.79800625 0.6301266671875 0.79800625 0.6407066671874999 0.8064837499999999 0.6407066671874999 0.8064837499999999 0.6301266671875
12 0.9300775 0.46676 0.9156275 0.46676 0.9156275 0.48701333281250003 0.9300775 0.48701333281250003 0.9300775 0.46676
12 0.56840125 0.319375 0.55366875 0.319375 0.55366875 0.344685 0.56840125 0.344685 0.56840125 0.319375
12 1 0.4400233328125 0.7242437500000001 0.4400233328125 0.7242437500000001 0.63615 1 0.63615 1 0.4400233328125
12 0.31020875000000003 0.3631216671875 0.30112125 0.3631216671875 0.30112125 0.3784116671875 0.31020875000000003 0.3784116671875 0.31020875000000003 0.3631216671875
12 0.99208125 0.8748683328125001 0.98155375 0.8748683328125001 0.98155375 0.8868516671875 0.99208125 0.8868516671875 0.99208125 0.8748683328125001
12 0.2850825 0.1901233328125 0.27790750000000003 0.1901233328125 0.27790750000000003 0.1988766671875 0.2850825 0.1988766671875 0.2850825 0.1901233328125
11 0.144 0.4273333328125 0.14725 0.457 0.14775 0.4763333328125 0.14450000000000002 0.5456666671875 0.14750000000000002 0.6086666671875001 0.15 0.6213333328124999 0.1565 0.6446666671875 0.1615 0.67 0.1685 0.689 0.17350000000000002 0.7093333328125 0.1805 0.7263333328125 0.18525 0.746 0.21275 0.7993333328125 0.23625 0.8356666671875 0.25025 0.8506666671875 0.26425 0.8626666671875001 0.28575 0.8776666671875001 0.32675 0.898 0.34049999999999997 0.9026666671875001 0.3815 0.9066666671875 0.4205 0.9066666671875 0.471 0.9003333328125 0.506 0.8913333328125 0.5205 0.884 0.53625 0.8786666671875001 0.5535 0.8706666671875001 0.611 0.8533333328125 0.63325 0.843 0.66975 0.8176666671874999 0.679 0.8130000000000001 0.6940000000000001 0.8009999999999999 0.72375 0.7809999999999999 0.73775 0.7733333328125 0.78625 0.7333333328125 0.80175 0.7230000000000001 0.8472500000000001 0.688 0.86775 0.6686666671875 0.8800000000000001 0.6603333328125001 0.93775 0.6096666671875 0.97425 0.5740000000000001 0.9882500000000001 0.5626666671875 0.99975 0.5556666671875 0.99975 0.47766666718749995 0.9865 0.47066666718750005 0.9652499999999999 0.45199999999999996 0.93075 0.4273333328125 0.89125 0.40033333281249994 0.8695 0.3876666671875 0.8390000000000001 0.3723333328125 0.80975 0.3533333328125 0.774 0.3326666671875 0.72775 0.2963333328125 0.7070000000000001 0.2773333328125 0.6735 0.251 0.654 0.23766666718749999 0.64375 0.2326666671875 0.6115 0.213 0.59575 0.20600000000000002 0.5860000000000001 0.19966666718749998 0.5705 0.1936666671875 0.55925 0.187 0.54125 0.1806666671875 0.5265 0.17366666718749998 0.41525 0.1326666671875 0.3955 0.1236666671875 0.38125 0.12 0.35475 0.119 0.339 0.12166666718750001 0.3035 0.135 0.28775 0.14666666718750002 0.27525 0.16299999999999998 0.2565 0.1916666671875 0.2305 0.223 0.20775000000000002 0.25866666718750003 0.1895 0.28300000000000003 0.1855 0.2866666671875 0.16825 0.3093333328125 0.14025 0.341 0.13474999999999998 0.375 0.13525 0.395 0.13725 0.4056666671875 0.142 0.418 0.144 0.4273333328125