12 0.518362115625 0.2653499640625 0.2061389796875 0.2653499640625 0.2061389796875 0.437171965625 0.518362115625 0.437171965625 0.518362115625 0.2653499640625
12 0.5932620609375 0.6930546421875 0.3354495609375 0.6930546421875 0.3354495609375 0.8411266453125 0.5932620609375 0.8411266453125 0.5932620609375 0.6930546421875
12 0.791748903125 0.5534064328125 0.6328125 0.5534064328125 0.6328125 0.6907346484375 0.791748903125 0.6907346484375 0.791748903125 0.5534064328125
12 0.8140405703125 0.42633040937500005 0.6727741234375 0.42633040937500005 0.6727741234375 0.5087280703125 0.8140405703125 0.5087280703125 0.8140405703125 0.42633040937500005
12 0.4448081140625 0.7096244515625 0.275893640625 0.7096244515625 0.275893640625 0.81283534375 0.4448081140625 0.81283534375 0.4448081140625 0.7096244515625
12 0.2876918859375 0.33454038750000004 0.263453946875 0.33454038750000004 0.263453946875 0.3500283265625 0.2876918859375 0.3500283265625 0.2876918859375 0.33454038750000004
12 0.96118969375 0.1487810671875 0.9343201750000001 0.1487810671875 0.9343201750000001 0.16518457656250002 0.96118969375 0.16518457656250002 0.96118969375 0.1487810671875
12 0.7667817984374999 0.23098775625 0.7434703953125 0.23098775625 0.7434703953125 0.248504203125 0.7667817984374999 0.248504203125 0.7667817984374999 0.23098775625
12 0.8196669406250001 0.3513751828125 0.8033813046875 0.3513751828125 0.8033813046875 0.3624917765625 0.8196669406250001 0.3624917765625 0.8196669406250001 0.3513751828125
12 0.12108415624999999 0.5303115859374999 0.10047286250000001 0.5303115859374999 0.10047286250000001 0.5419544953125001 0.12108415624999999 0.5419544953125001 0.12108415624999999 0.5303115859374999
12 0.3559525765625 0.31353344375000003 0.33325795 0.31353344375000003 0.33325795 0.326601790625 0.3559525765625 0.326601790625 0.3559525765625 0.31353344375000003
12 0.3268558109375 0.5358808484375001 0.312184759375 0.5358808484375001 0.312184759375 0.54712719375 0.3268558109375 0.54712719375 0.3268558109375 0.5358808484375001
12 0.8957853625000001 0.2609320171875 0.87227933125 0.2609320171875 0.87227933125 0.277152778125 0.8957853625000001 0.277152778125 0.8957853625000001 0.2609320171875
12 0.4664898578125 0.7174415203125 0.44610882656250006 0.7174415203125 0.44610882656250006 0.731776315625 0.4664898578125 0.731776315625 0.4664898578125 0.7174415203125
12 0.7012746703125 0.5705802265625 0.6895970390625 0.5705802265625 0.6895970390625 0.578834978125 0.7012746703125 0.578834978125 0.7012746703125 0.5705802265625
12 0.14550575625 0.3543548984375 0.13208196249999998 0.3543548984375 0.13208196249999998 0.362929459375 0.14550575625 0.362929459375 0.14550575625 0.3543548984375
12 0.44970120625 0.33052814375 0.43579769687500003 0.33052814375 0.43579769687500003 0.3389053359375 0.44970120625 0.3389053359375 0.44970120625 0.33052814375
12 0.837764528125 0.17230263125 0.818973409375 0.17230263125 0.818973409375 0.18389985312499998 0.837764528125 0.18389985312499998 0.837764528125 0.17230263125
12 0.314524396875 0.3915332609375 0.3003440234375 0.3915332609375 0.3003440234375 0.400948465625 0.314524396875 0.400948465625 0.314524396875 0.3915332609375
12 0.702966009375 0.1073154234375 0.6857072375000001 0.1073154234375 0.6857072375000001 0.120590278125 0.702966009375 0.120590278125 0.702966009375 0.1073154234375
12 0.3818325109375 0.70716465625 0.36267406874999997 0.70716465625 0.36267406874999997 0.719593384375 0.3818325109375 0.719593384375 0.3818325109375 0.70716465625
12 0.3991488484375 0.6131670328125 0.38234786249999997 0.6131670328125 0.38234786249999997 0.626091009375 0.3991488484375 0.626091009375 0.3991488484375 0.6131670328125
12 0.15677768593750002 0.3480985015625 0.1425973140625 0.3480985015625 0.1425973140625 0.356978253125 0.15677768593750002 0.356978253125 0.15677768593750002 0.3480985015625
12 0.63084978125 0.5726790937499999 0.620126096875 0.5726790937499999 0.620126096875 0.5796637421875 0.63084978125 0.5796637421875 0.63084978125 0.5726790937499999
12 0.6564857453124999 0.5955345390625 0.6442982453125 0.5955345390625 0.6442982453125 0.6046591734375 0.6564857453124999 0.6046591734375 0.6564857453124999 0.5955345390625
12 0.8889268093749999 0.23667489062499997 0.8747464359375 0.23667489062499997 0.8747464359375 0.2474552265625 0.8889268093749999 0.2474552265625 0.8889268093749999 0.23667489062499997
12 0.1418421046875 0.24937499999999999 0.1304331140625 0.24937499999999999 0.1304331140625 0.2579495609375 0.1418421046875 0.2579495609375 0.1418421046875 0.24937499999999999
12 0.753858278125 0.587203946875 0.743214090625 0.587203946875 0.743214090625 0.594437134375 0.753858278125 0.594437134375 0.753858278125 0.587203946875
12 0.6024849234375 0.7076197 0.5891652953125 0.7076197 0.5891652953125 0.7220696265625001 0.6024849234375 0.7220696265625001 0.6024849234375 0.7076197
12 0.1535923796875 0.6311613671875 0.1344339359375 0.6311613671875 0.1344339359375 0.6442297156250001 0.1535923796875 0.6442297156250001 0.1535923796875 0.6311613671875
12 0.626311678125 0.324203215625 0.6012267 0.324203215625 0.6012267 0.3427887421875 0.626311678125 0.3427887421875 0.626311678125 0.324203215625
12 0.306507675 0.753784721875 0.28345942968750004 0.753784721875 0.28345942968750004 0.7706304828125 0.306507675 0.7706304828125 0.306507675 0.753784721875
12 0.59084155625 0.2370531796875 0.58103344375 0.2370531796875 0.58103344375 0.243904421875 0.59084155625 0.243904421875 0.59084155625 0.2370531796875
12 0.592667215625 0.6458516078125001 0.559432565625 0.6458516078125001 0.559432565625 0.6695796781250001 0.592667215625 0.6695796781250001 0.592667215625 0.6458516078125001
12 0.8506222593749999 0.45208242031249996 0.8368777406250001 0.45208242031249996 0.8368777406250001 0.4644197734375 0.8506222593749999 0.4644197734375 0.8506222593749999 0.45208242031249996
12 0.3084703953125 0.715264071875 0.285158990625 0.715264071875 0.285158990625 0.7417680921875001 0.3084703953125 0.7417680921875001 0.3084703953125 0.715264071875
12 0.590268640625 0.142658990625 0.5779440796875 0.142658990625 0.5779440796875 0.1500639625 0.590268640625 0.1500639625 0.590268640625 0.142658990625
12 0.762663103125 0.5578371703125 0.7505222046875 0.5578371703125 0.7505222046875 0.565211075 0.762663103125 0.565211075 0.762663103125 0.5578371703125
12 0.552401315625 0.2710370984375 0.537445175 0.2710370984375 0.537445175 0.28023117656249996 0.552401315625 0.28023117656249996 0.552401315625 0.2710370984375
12 0.0131003296875 0.336075475 0.001559759375 0.336075475 0.001559759375 0.3445897296875 0.0131003296875 0.3445897296875 0.0131003296875 0.336075475
12 0.6412856359375 0.1994170328125 0.619942434375 0.1994170328125 0.619942434375 0.2175749265625 0.6412856359375 0.2175749265625 0.6412856359375 0.1994170328125
12 0.8836156796875001 0.018623903125 0.8668722593749999 0.018623903125 0.8668722593749999 0.0352101609375 0.8836156796875001 0.0352101609375 0.8836156796875001 0.018623903125
12 0.4551548796875 0.1564327484375 0.3365940234375 0.1564327484375 0.3365940234375 0.1965935671875 0.4551548796875 0.1965935671875 0.4551548796875 0.1564327484375
12 0.5898355265624999 0.20923245625 0.5791118421875 0.20923245625 0.5791118421875 0.2165497078125 0.5898355265624999 0.2165497078125 0.5898355265624999 0.20923245625
12 0.8652192984375 0.41894462656250003 0.766617325 0.41894462656250003 0.766617325 0.702148209375 0.8652192984375 0.702148209375 0.8652192984375 0.41894462656250003
12 0.7385101421875 0.6695257671875 0.5901027953125 0.6695257671875 0.5901027953125 0.7464903140625 0.7385101421875 0.7464903140625 0.7385101421875 0.6695257671875
11 0.0419407890625 0.9868421046875 0.0435855265625 0.9998172515625001 0.5016447375 0.9998172515625001 0.5150767546874999 0.9904970765625001 0.521929825 0.9873903515625001 0.52110745625 0.9861111109375 0.6441885968750001 0.937134503125 0.6595394734375 0.9499269 0.6633771937499999 0.9579678359375 0.669956140625 0.9678362578125 0.6748903515625 0.9733187140625 0.6844846484375 0.9808114031249999 0.694901315625 0.9848318718750001 0.7088815796875 0.9861111109375 0.7220394734375 0.9853801171875001 0.7442434203125 0.9795321640625 0.7516447375 0.9767909359375 0.7615131578125001 0.970760234375 0.7716557015625 0.9618055562500001 0.7815241234375 0.959064328125 0.7922149125 0.9572368421874999 0.8083881578125001 0.9570540937500001 0.8114035093749999 0.9577850874999999 0.818804825 0.9619883046875 0.8174342109375001 0.9740497078124999 0.8174342109375001 0.9875731 0.819901315625 0.9998172515625001 0.90707236875 0.9998172515625001 0.9092653515625001 0.996893275 0.915570175 0.9937865499999999 0.935581140625 0.990314328125 0.94298245625 0.9877558484375 0.9454495609375 0.980080409375 0.9481907890624999 0.9767909359375 0.9514802625 0.9749634500000001 0.9682017546875 0.969115496875 0.9739583328125001 0.965277778125 0.9997258765625 0.965643275 0.9997258765625 0.7958698828124999 0.9969846484374999 0.7704678359375 0.9953399125000001 0.737116228125 0.9958881578125001 0.71326754375 0.9983552625 0.6979166671875 0.9983552625 0.6907894734375 0.9934210531250001 0.6441885968750001 0.9887609656249999 0.6176900578125 0.9854714906250001 0.6100146203125 0.9714912281249999 0.59758771875 0.962445175 0.58753655 0.9495614031249999 0.5791301171875001 0.9322916671874999 0.572185671875 0.9248903515625001 0.565972221875 0.92105263125 0.5672514625 0.91337719375 0.5716374265625 0.9092653515625001 0.5714546781250001 0.8985745609375 0.567616959375 0.8889802625 0.559027778125 0.8815789468749999 0.55628655 0.873081140625 0.5557383046875 0.86485745625 0.5592105265625 0.8604714906250001 0.559758771875 0.8569078953125 0.5584795328125 0.8497807015625 0.5537280703125 0.8459429828125 0.554276315625 0.8404605265624999 0.558296784375 0.83826754375 0.5615862578125 0.83196271875 0.5809576015625 0.8177083328125001 0.5787646203125 0.8223684203125 0.556652046875 0.8231907890624999 0.5540935671875 0.8259320171875 0.5515350875 0.8286732453125 0.5451388890625 0.834429825 0.5193713453125001 0.8412828953125 0.5076754390625 0.8459429828125 0.4936038015625 0.8533442984375 0.48062865468749993 0.8604714906250001 0.4563231 0.8670504390625 0.445723684375 0.8719846484374999 0.425438596875 0.8796600874999999 0.4150219296875 0.8826754390625 0.403508771875 0.8870614031249999 0.3954678359375 0.88980263125 0.3938231 0.8928179828125 0.38980263125 0.89610745625 0.3782894734375 0.9051535093749999 0.36549707656249997 0.9095394734375001 0.3536184203125 0.9172149125000001 0.3463084796875 0.9246162281249999 0.3313231 0.929276315625 0.3260233921875 0.9322916671874999 0.315606725 0.94298245625 0.29605263125 0.9470942984375 0.277046784375 0.9555921046875 0.2609649125 0.96162280625 0.23866959062499998 0.9660087718750001 0.22916666718749998 0.9734100874999999 0.20339912343750002 0.9791666671874999 0.1372441515625 0.9846491234375 0.10891812812499999 0.9884868421874999 0.097222221875 0.9934210531250001 0.08753655 0.9956140343750001 0.07894736875 0.9986293859375 0.063596490625 0.99917763125 0.0524488296875 0.9983552625 0.05025584843749999 0.9879385968750001 0.0475146203125 0.9846491234375 0.048062865625 0.97724780625 0.050986842187500006 0.9597039468749999 0.051352339062499995 0.9196820171875 0.058662281250000003 0.914473684375 0.0603070171875 0.91008771875 0.06286549687500001 0.90076754375 0.06487573125 0.8448464906250001 0.0716374265625 0.818804825 0.0765716375 0.759046053125 0.083150584375 0.75082236875 0.084795321875 0.7431469296875 0.08808479531249999 0.7338267546874999 0.090643275 0.69133771875 0.0966739765625 0.6828399125 0.09923245625 0.591008771875 0.11933479531249999 0.5756578953125 0.1217105265625 0.5682565796875 0.1240862578125 0.556195175 0.12956871406249998 0.5359100875 0.1350511703125 0.52110745625 0.1412646203125 0.49369517500000004 0.14766081874999998 0.4766995609375 0.154239765625 0.445723684375 0.1602704671875 0.4287280703125 0.1672149125 0.396929825 0.1725146203125 0.3782894734375 0.179276315625 0.34758771875 0.1845760234375 0.3256578953125 0.1924342109375 0.2944078953125 0.1975511703125 0.2779605265625 0.20339912343750002 0.2672697375 0.2055921046875 0.21847587656249998 0.21198830468750002 0.1962719296875 0.2178362578125 0.1650219296875 0.2233187140625 0.1439144734375 0.2319078953125 0.131578946875 0.2357456140625 0.11924342031249999 0.24305555625 0.10800438593749999 0.247989765625 0.10169956093750002 0.2529239765625 0.0701754390625 0.2732090640625 0.0646929828125 0.278508771875 0.056195175 0.2834429828125 0.049616228125 0.291849415625 0.0444078953125 0.296783625 0.03974780625 0.31853070156249996 0.038651315625 0.321454678125 0.0359100875 0.323099415625 0.0328947375 0.32090643281250003 0.0317982453125 0.31853070156249996 0.03125 0.303179825 0.033168859375 0.28983918124999997 0.0389254390625 0.2803362578125 0.0427631578125 0.266081871875 0.042489034375 0.2627923984375 0.03974780625 0.25603070156249996 0.037280701562500004 0.2532894734375 0.014528509375000002 0.2490862578125 0.011513157812499999 0.2494517546875 0.01014254375 0.250365496875 0.0005482453125 0.258954678125 0 0.9709429828125 0.011513157812499999 0.971856725 0.037554825 0.98355263125 0.0419407890625 0.9868421046875