12 0.685825109375 0.3541666671875 0.5010974046875 0.3541666671875 0.5010974046875 0.54602521875 0.685825109375 0.54602521875 0.685825109375 0.3541666671875
12 0.6905528140625 0.18969572343750002 0.49499543125 0.18969572343750002 0.49499543125 0.532469846875 0.6905528140625 0.532469846875 0.6905528140625 0.18969572343750002
12 0.4739373171875 0.2045271375 0.2911979171875 0.2045271375 0.2911979171875 0.5139761515625 0.4739373171875 0.5139761515625 0.4739373171875 0.2045271375
12 0.549620796875 0.508118146875 0.31903051875 0.508118146875 0.31903051875 0.797791940625 0.549620796875 0.797791940625 0.549620796875 0.508118146875
12 0.8427129015625001 0.191711896875 0.6455692609375 0.191711896875 0.6455692609375 0.48980674375 0.8427129015625001 0.48980674375 0.8427129015625001 0.191711896875
12 0.9108881578125001 0.20819215937500002 0.41821271875 0.20819215937500002 0.41821271875 0.7029427078125 0.9108881578125001 0.7029427078125 0.9108881578125001 0.20819215937500002
12 0.23895285156249998 0.009337993749999999 0.0374141078125 0.009337993749999999 0.0374141078125 0.2980962171875 0.23895285156249998 0.2980962171875 0.23895285156249998 0.009337993749999999
12 0.6919544953125001 0.46362390312499996 0.544372259375 0.46362390312499996 0.544372259375 0.6496600875 0.6919544953125001 0.6496600875 0.6919544953125001 0.46362390312499996
12 0.333862390625 0.2603755484375 0.1409914109375 0.2603755484375 0.1409914109375 0.5687253296875 0.333862390625 0.5687253296875 0.333862390625 0.2603755484375
12 0.5665296046875 0.3475328953125 0.48815972187499995 0.3475328953125 0.48815972187499995 0.515257675 0.5665296046875 0.515257675 0.5665296046875 0.3475328953125
12 0.6211842109375 0.31736705 0.55264254375 0.31736705 0.55264254375 0.4721833875 0.6211842109375 0.4721833875 0.6211842109375 0.31736705
12 0.713287646875 0.1726685859375 0.6343695171875 0.1726685859375 0.6343695171875 0.4151000546875 0.713287646875 0.4151000546875 0.713287646875 0.1726685859375
12 0.4044499265625 0.5764624453125 0.305999634375 0.5764624453125 0.305999634375 0.7418983 0.4044499265625 0.7418983 0.4044499265625 0.5764624453125
12 0.621826571875 0.1259758765625 0.15258863281249999 0.1259758765625 0.15258863281249999 0.8400877187500001 0.621826571875 0.8400877187500001 0.621826571875 0.1259758765625
12 0.1914674703125 0.170471490625 0.053528875 0.170471490625 0.053528875 0.368591009375 0.1914674703125 0.368591009375 0.1914674703125 0.170471490625
12 0.1869517546875 0.2425219296875 0.0010380109375 0.2425219296875 0.0010380109375 0.5646052625 0.1869517546875 0.5646052625 0.1869517546875 0.2425219296875
12 0.46371345 0.5403440234375 0.4059137421875 0.5403440234375 0.4059137421875 0.777282071875 0.46371345 0.777282071875 0.46371345 0.5403440234375
12 0.9999990859375 0.25204632656250003 0.7582392171875 0.25204632656250003 0.7582392171875 0.522125821875 0.9999990859375 0.522125821875 0.9999990859375 0.25204632656250003
12 0.3817132671875 0.3175054828125 0.322387609375 0.3175054828125 0.322387609375 0.4742434203125 0.3817132671875 0.4742434203125 0.3817132671875 0.3175054828125
12 0.4655144375 0.14282072343750002 0.332336440625 0.14282072343750002 0.332336440625 0.3017571265625 0.4655144375 0.3017571265625 0.4655144375 0.14282072343750002
12 0.6710809578125 0.13256853125 0.549620796875 0.13256853125 0.549620796875 0.2501233546875 0.6710809578125 0.2501233546875 0.6710809578125 0.13256853125
12 0.66143823125 0.353577303125 0.5983278515625 0.353577303125 0.5983278515625 0.47259594375 0.66143823125 0.47259594375 0.66143823125 0.353577303125
12 0.0950009140625 0.0041652953125 0.0143740859375 0.0041652953125 0.0143740859375 0.186996984375 0.0950009140625 0.186996984375 0.0950009140625 0.0041652953125
12 0.18682839843750002 0.6492927625 0.0055546421875 0.6492927625 0.0055546421875 0.8814692984375 0.18682839843750002 0.8814692984375 0.18682839843750002 0.6492927625
12 0.916137609375 0.4418325109375 0.7567132671875 0.4418325109375 0.7567132671875 0.6157826203125001 0.916137609375 0.6157826203125001 0.916137609375 0.4418325109375
12 0.5765981359375 0.11842379375 0.389220578125 0.11842379375 0.389220578125 0.2463240125 0.5765981359375 0.2463240125 0.5765981359375 0.11842379375
12 0.7471929828125 0.59719709375 0.49108918125 0.59719709375 0.49108918125 0.8427425984375001 0.7471929828125 0.8427425984375001 0.7471929828125 0.59719709375
12 0.6650091375 0.2814336625 0.6142891078125 0.2814336625 0.6142891078125 0.3861705046875 0.6650091375 0.3861705046875 0.6650091375 0.2814336625
12 0.56368969375 0.5152590453125 0.49490314375000005 0.5152590453125 0.49490314375000005 0.6331784546875 0.56368969375 0.6331784546875 0.56368969375 0.5152590453125
12 0.42608644062499995 0.6902604171875 0.308288559375 0.6902604171875 0.308288559375 0.8361047156250001 0.42608644062499995 0.8361047156250001 0.42608644062499995 0.6902604171875
12 0.484528509375 0.30093475937499997 0.3958442984375 0.30093475937499997 0.3958442984375 0.5076617328124999 0.484528509375 0.5076617328124999 0.484528509375 0.30093475937499997
12 0.8841557015625 0.4105222046875 0.5943603796875 0.4105222046875 0.5943603796875 0.5408922703125 0.8841557015625 0.5408922703125 0.8841557015625 0.4105222046875
12 0.285064875 0.08628974843750001 0.1900338078125 0.08628974843750001 0.1900338078125 0.2389076203125 0.285064875 0.2389076203125 0.285064875 0.08628974843750001
12 0.397460709375 0.5840158984375 0.1411138515625 0.5840158984375 0.1411138515625 0.8537308109374999 0.397460709375 0.8537308109374999 0.397460709375 0.5840158984375
12 0.623595578125 0.5388336078125 0.3988642171875 0.5388336078125 0.3988642171875 0.6872409546875 0.623595578125 0.6872409546875 0.623595578125 0.5388336078125
11 0.1471125734375 0.634046053125 0.15277777812499999 0.6422697375 0.1578947375 0.6567982453125001 0.17361111093749998 0.685581140625 0.17982456093750002 0.6951754390625 0.1860380109375 0.7099780703125 0.19353070156250002 0.7212171046875 0.19919590625 0.7357456140624999 0.20577485312500002 0.7447916671875 0.21016081875 0.7546600875 0.2333698828125 0.795778509375 0.23647660781250002 0.803179825 0.241045321875 0.8089364031249999 0.24762426875000002 0.82264254375 0.2563961984375 0.8330592109375001 0.26023391875 0.8393640343750001 0.2684576015625 0.8459429828125 0.27412280624999996 0.85389254375 0.2779605265625 0.8563596484374999 0.28527046718750004 0.8640350874999999 0.2892909359375 0.866776315625 0.31323099375 0.8717105265624999 0.32657163749999996 0.876918859375 0.34722222187499996 0.8799342109375001 0.3799342109375 0.882401315625 0.395650584375 0.88980263125 0.40698099374999996 0.8928179828125 0.42690058437499995 0.9004934203125 0.44298245625000005 0.9026864031249999 0.4563231 0.9015899125000001 0.506578946875 0.88212719375 0.5202850875 0.8782894734375001 0.531615496875 0.8714364031249999 0.5482456140624999 0.86485745625 0.5553728062500001 0.8596491234375 0.5692616953125 0.8549890343750001 0.5794956140624999 0.8527960531250001 0.596491228125 0.8451206140625 0.605080409375 0.8423793859375 0.6111111109375 0.8396381578125001 0.6178728062500001 0.8341557015625 0.6281067250000001 0.8305921046875 0.6357821640625 0.8264802625 0.6440058484375 0.8190789468749999 0.651864034375 0.8160635968750001 0.6611842109375 0.8078399125000001 0.666849415625 0.8045504390625 0.68987573125 0.7828947375 0.696820175 0.773026315625 0.70540935625 0.7661732453125001 0.7103435671875 0.7598684203125 0.7167397656250001 0.754385965625 0.7213084796875 0.7483552625 0.7395833328125 0.7327302625 0.750365496875 0.7247807015625 0.7573099421875 0.71792763125 0.76480263125 0.7135416671875 0.7708333328125 0.7064144734375 0.7796052625 0.7014802625 0.7841739765625 0.695723684375 0.79148391875 0.690241228125 0.796783625 0.6822916671875 0.802814328125 0.6768092109375 0.8072002921875001 0.6688596484375 0.8143274859374999 0.6620065796875 0.8247441515625 0.645010965625 0.865314328125 0.591831140625 0.8697002921875001 0.582510965625 0.8762792390625 0.57428728125 0.8896198828124999 0.5537280703125 0.894919590625 0.54139254375 0.9035087718750001 0.5276864031249999 0.9088084796875 0.516721490625 0.92269736875 0.496436403125 0.942616959375 0.476151315625 0.9502923984375 0.46546052656250003 0.98355263125 0.4372258765625 0.98665935625 0.43201754374999995 0.9936038015624999 0.424616228125 0.9998172515625001 0.41584429843750004 0.9998172515625001 0.3231907890625 0.9872076015625 0.3141447375 0.9731359656249999 0.3078399125 0.96326754375 0.3001644734375 0.9535818718750001 0.2955043859375 0.91008771875 0.2672697375 0.9029605265624999 0.2609649125 0.8947368421874999 0.25603070156249996 0.8702485375 0.23519736875000002 0.8538011703124999 0.22423245625 0.8459429828125 0.2203947375 0.8347953218749999 0.21244517499999999 0.8220029234374999 0.2061403515625 0.8048245609375 0.1943530703125 0.789473684375 0.1861293859375 0.7743055562500001 0.180098684375 0.7626096484375 0.173793859375 0.74451754375 0.167489034375 0.7333698828124999 0.1614583328125 0.718384503125 0.1557017546875 0.7055921046875 0.14830043906249998 0.6787280703125 0.1376096484375 0.6595394734375 0.13212719374999998 0.6451023390625 0.13048245625 0.5813231 0.13267543906249998 0.5568347953125 0.12198464843750001 0.5095029234374999 0.1145833328125 0.48556286562500006 0.112116228125 0.46564327499999997 0.112116228125 0.4276315796875 0.1217105265625 0.3923611109375 0.137883771875 0.3547149125 0.16173245625 0.339364034375 0.1740679828125 0.313596490625 0.2006578953125 0.2975146203125 0.2201206140625 0.2916666671875 0.22889254375 0.285453215625 0.23519736875000002 0.27923976562499997 0.2439692984375 0.2721125734375 0.2505482453125 0.26461988281250004 0.2615131578125 0.2563961984375 0.2765899125 0.2494517546875 0.285635965625 0.23775584843750003 0.304276315625 0.2107090640625 0.351973684375 0.19883040937500002 0.3766447375 0.190606725 0.404331140625 0.187134503125 0.41228070156249996 0.1474780703125 0.5315241234375 0.1430921046875 0.548793859375 0.1403508765625 0.5564692984375 0.133954678125 0.5671600875 0.132492690625 0.5712719296875 0.13121345 0.5866228062500001 0.13121345 0.5986842109375 0.1330409359375 0.6099232453125001 0.140533625 0.6203399125 0.1471125734375 0.634046053125