12 0.5557282531250001 0.2335540015625 0.4188587359375 0.2335540015625 0.4188587359375 0.436440515625 0.5557282531250001 0.436440515625 0.5557282531250001 0.2335540015625
12 0.5462043125 0.1470326203125 0.3737189328125 0.1470326203125 0.3737189328125 0.5322875546875 0.5462043125 0.5322875546875 0.5462043125 0.1470326203125
12 0.3678591015625 0.17120339843750002 0.22149762499999998 0.17120339843750002 0.22149762499999998 0.62933388125 0.3678591015625 0.62933388125 0.3678591015625 0.17120339843750002
12 0.2511595390625 0.232086075 0.166077303125 0.232086075 0.166077303125 0.5109566890624999 0.2511595390625 0.5109566890624999 0.2511595390625 0.232086075
12 0.43609557812500005 0.35284539531250003 0.335388340625 0.35284539531250003 0.335388340625 0.5905153515625 0.43609557812500005 0.5905153515625 0.43609557812500005 0.35284539531250003
12 0.6044307390625 0.28738486875 0.4483031796875 0.28738486875 0.4483031796875 0.605438596875 0.6044307390625 0.605438596875 0.6044307390625 0.28738486875
12 0.6821290203125 0.5877700109374999 0.4018548984375 0.5877700109374999 0.4018548984375 0.8895271375 0.6821290203125 0.8895271375 0.6821290203125 0.5877700109374999
12 0.6534731359375 0.1462102515625 0.5330509875 0.1462102515625 0.5330509875 0.32840049375 0.6534731359375 0.32840049375 0.6534731359375 0.1462102515625
12 0.884643640625 0.1849369515625 0.5577394 0.1849369515625 0.5577394 0.5906990125 0.884643640625 0.5906990125 0.884643640625 0.1849369515625
12 0.3328856 0.37719572343749996 0.24279787968750002 0.37719572343749996 0.24279787968750002 0.5632319078125 0.3328856 0.5632319078125 0.3328856 0.37719572343749996
12 0.5724488296875 0.09535087656249999 0.4158333328125 0.09535087656249999 0.4158333328125 0.2573081140625 0.5724488296875 0.2573081140625 0.5724488296875 0.09535087656249999
12 0.273559028125 0.1746820171875 0.1060791296875 0.1746820171875 0.1060791296875 0.6485581140625001 0.273559028125 0.6485581140625001 0.273559028125 0.1746820171875
12 0.6179194078125 0.15838541718750002 0.251707784375 0.15838541718750002 0.251707784375 0.8508908984374999 0.6179194078125 0.8508908984374999 0.6179194078125 0.15838541718750002
12 0.9936531437499999 0.5326521375 0.63427814375 0.5326521375 0.63427814375 0.8186636515625001 0.9936531437499999 0.8186636515625001 0.9936531437499999 0.5326521375
12 0.5004879390625 0.6316241781249999 0.22997989843750002 0.6316241781249999 0.22997989843750002 0.9738473140625 0.5004879390625 0.9738473140625 0.5004879390625 0.6316241781249999
12 0.5807483546875 0.75933799375 0.371886878125 0.75933799375 0.371886878125 0.9911499453125 0.5807483546875 0.9911499453125 0.5807483546875 0.75933799375
12 0.716856725 0.3505550984375 0.5614619890625 0.3505550984375 0.5614619890625 0.572295778125 0.716856725 0.572295778125 0.716856725 0.3505550984375
12 0.3804632671875 0.452911184375 0.27871801875 0.452911184375 0.27871801875 0.635466009375 0.3804632671875 0.635466009375 0.3804632671875 0.452911184375
12 0.88671875 0.7162171046875 0.6123053734374999 0.7162171046875 0.6123053734374999 0.9727467109375001 0.88671875 0.9727467109375001 0.88671875 0.7162171046875
12 0.250870796875 0.45565926562500003 0.20274396874999998 0.45565926562500003 0.20274396874999998 0.6554262609375 0.250870796875 0.6554262609375 0.250870796875 0.45565926562500003
12 0.3955683484375 0.61798245625 0.251891446875 0.61798245625 0.251891446875 0.7780153515625 0.3955683484375 0.7780153515625 0.3955683484375 0.61798245625
12 0.3317269734375 0.7282565796875 0.2493293125 0.7282565796875 0.2493293125 0.8962554828125 0.3317269734375 0.8962554828125 0.3317269734375 0.7282565796875
12 0.6538697 0.5588843203125 0.5082392171875 0.5588843203125 0.5082392171875 0.7147998906249999 0.6538697 0.7147998906249999 0.6538697 0.5588843203125
12 0.280700840625 0.6377563046875 0.11505208281249998 0.6377563046875 0.11505208281249998 0.8131702296875 0.280700840625 0.8131702296875 0.280700840625 0.6377563046875
12 0.3149716734375 0.8188473140625 0.20992964218750002 0.8188473140625 0.20992964218750002 0.9946285640625 0.3149716734375 0.9946285640625 0.3149716734375 0.8188473140625
12 0.82727065 0.1423629390625 0.687378471875 0.1423629390625 0.687378471875 0.2480153515625 0.82727065 0.2480153515625 0.82727065 0.1423629390625
12 0.298094846875 0.004073465625 0.163085709375 0.004073465625 0.163085709375 0.129501096875 0.298094846875 0.129501096875 0.298094846875 0.004073465625
12 0.8797907531250001 0.1943667765625 0.8145440421875 0.1943667765625 0.8145440421875 0.328582784375 0.8797907531250001 0.328582784375 0.8797907531250001 0.1943667765625
12 0.7877814328125 0.54386924375 0.617492690625 0.54386924375 0.617492690625 0.7180934765625 0.7877814328125 0.7180934765625 0.7877814328125 0.54386924375
12 0 0.727295778125 0.0557090640625 0.727295778125 0.0557090640625 0.43432702812499996 0 0.43432702812499996 0 0.727295778125
12 0.4215707234375 0.8999177625 0.3181770828125 0.8999177625 0.3181770828125 0.9970559203124999 0.4215707234375 0.9970559203124999 0.4215707234375 0.8999177625
12 0.3858945546875 0.67602521875 0.32064784375 0.67602521875 0.32064784375 0.768311403125 0.3858945546875 0.768311403125 0.3858945546875 0.67602521875
12 0.423126828125 0.8111581687499999 0.36447185625 0.8111581687499999 0.36447185625 0.8895271375 0.423126828125 0.8895271375 0.423126828125 0.8111581687499999
12 0.960572003125 0.501617325 0.6527101609375 0.501617325 0.6527101609375 0.6109320171875 0.960572003125 0.6109320171875 0.960572003125 0.501617325
12 0.24768092031250002 1 0.24768092031250002 0.6885690796875 0.1073008046875 0.6885690796875 0.1073008046875 1 0.24768092031250002 1
12 0.1467434203125 0.3423149671875 0.086776315625 0.3423149671875 0.086776315625 0.654510690625 0.1467434203125 0.654510690625 0.1467434203125 0.3423149671875
12 0.3790286921875 0.6131757125 0.1187746703125 0.6131757125 0.1187746703125 0.68907209375 0.3790286921875 0.68907209375 0.3790286921875 0.6131757125
12 0.45306286562500003 0.0067735749999999996 0.2783808484375 0.0067735749999999996 0.2783808484375 0.13467379375 0.45306286562500003 0.13467379375 0.45306286562500003 0.0067735749999999996
12 0.05539016875 0.67712308125 9.140625e-7 0.67712308125 9.140625e-7 0.9971916125 0.05539016875 0.9971916125 0.05539016875 0.67712308125
12 0.789429825 0.5425644187499999 0.4429934203125 0.5425644187499999 0.4429934203125 0.6117338265625001 0.789429825 0.6117338265625001 0.789429825 0.5425644187499999
12 0 0.7808552625 0.0415350875 0.7808552625 0.0415350875 0.660553728125 0 0.660553728125 0 0.7808552625
12 0.848296784375 0.29640350937500004 0.7366630109375001 0.29640350937500004 0.7366630109375001 0.3983004390625 0.848296784375 0.3983004390625 0.848296784375 0.29640350937500004
12 0.8928225515625 0.53173656875 0.1589354890625 0.53173656875 0.1589354890625 0.6862787828125 0.8928225515625 0.6862787828125 0.8928225515625 0.53173656875
12 0.0997779609375 0.3929440796875 0.048416484375 0.3929440796875 0.048416484375 0.67639254375 0.0997779609375 0.67639254375 0.0997779609375 0.3929440796875
12 0.3235480625 0.258682840625 0.23455866250000001 0.258682840625 0.23455866250000001 0.37962308125 0.3235480625 0.37962308125 0.3235480625 0.258682840625
12 0.3122715640625 0.0062239578125 0.2614601609375 0.0062239578125 0.2614601609375 0.1376027953125 0.3122715640625 0.1376027953125 0.3122715640625 0.0062239578125
12 0.246536915625 0.285370065625 0.192428728125 0.285370065625 0.192428728125 0.374174890625 0.246536915625 0.374174890625 0.246536915625 0.285370065625
12 0.5685873531250001 0.9306784546875001 0.5271144 0.9306784546875001 0.5271144 0.9999849234375 0.5685873531250001 0.9999849234375 0.5685873531250001 0.9306784546875001
12 0.99603344375 0.49159128281250003 0.877014803125 0.49159128281250003 0.877014803125 0.604110471875 0.99603344375 0.604110471875 0.99603344375 0.49159128281250003
12 0.251450109375 0.46522478125 0.2273108546875 0.46522478125 0.2273108546875 0.547713815625 0.251450109375 0.547713815625 0.251450109375 0.46522478125
12 0.9986567984375 0.166807840625 0.7786860375 0.166807840625 0.7786860375 0.6256702296875 0.9986567984375 0.6256702296875 0.9986567984375 0.166807840625
12 0.995544590625 0.21331825625 0.8941045328125 0.21331825625 0.8941045328125 0.371155428125 0.995544590625 0.371155428125 0.995544590625 0.21331825625
12 0.5401617328125 0.2205043859375 0.46374543125 0.2205043859375 0.46374543125 0.3723903515625 0.5401617328125 0.3723903515625 0.5401617328125 0.2205043859375
12 0.9196774484375 0.07198327812500001 0.3264153875 0.07198327812500001 0.3264153875 0.16513843125 0.9196774484375 0.16513843125 0.9196774484375 0.07198327812500001
12 0.0528408265625 0.6718941890625 0.0023346125 0.6718941890625 0.0023346125 0.7131167765625 0.0528408265625 0.7131167765625 0.0528408265625 0.6718941890625
12 0.4706103796875 0.0023560859375 0.3858333328125 0.0023560859375 0.3858333328125 0.09249040625 0.4706103796875 0.09249040625 0.4706103796875 0.0023560859375
12 0.23156706875 0.8034662828125001 0.2127677265625 0.8034662828125001 0.2127677265625 0.995360471875 0.23156706875 0.995360471875 0.23156706875 0.8034662828125001
12 0.48010325312499996 0.320526315625 0.3880619515625 0.320526315625 0.3880619515625 0.6008607453125 0.48010325312499996 0.6008607453125 0.48010325312499996 0.320526315625
12 0.9976197000000001 0.370788103125 0.8988642171875 0.370788103125 0.8988642171875 0.5286252734375 0.9976197000000001 0.5286252734375 0.9976197000000001 0.370788103125
12 0.09799250781249999 0.3717036734375 0.00045778437500000005 0.3717036734375 0.00045778437500000005 0.9942612390625 0.09799250781249999 0.9942612390625 0.09799250781249999 0.3717036734375
12 0.9460444078125001 0.5156236296875 0.0959475515625 0.5156236296875 0.0959475515625 0.983641721875 0.9460444078125001 0.983641721875 0.9460444078125001 0.5156236296875
12 0.8617863671875 0.7725685312499999 0.761261878125 0.7725685312499999 0.761261878125 0.9222560312500001 0.8617863671875 0.9222560312500001 0.8617863671875 0.7725685312499999
12 0.5065917390625 0.5727535640625 0.348876096875 0.5727535640625 0.348876096875 0.6276850328125 0.5065917390625 0.6276850328125 0.5065917390625 0.5727535640625
12 0.957580409375 0.80763295 0.7777704671875 0.80763295 0.7777704671875 0.9809416125 0.957580409375 0.9809416125 0.957580409375 0.80763295
12 0.70465095 0.3387225875 0.690857090625 0.3387225875 0.690857090625 0.3570778515625 0.70465095 0.3570778515625 0.70465095 0.3387225875
12 0.087364765625 0.466507675 0.063026315625 0.466507675 0.063026315625 0.6284649124999999 0.087364765625 0.6284649124999999 0.087364765625 0.466507675
12 0.08633497812499999 0.3597108 0.0013733546875 0.3597108 0.0013733546875 0.4862376640625 0.08633497812499999 0.4862376640625 0.08633497812499999 0.3597108
12 0.038865131250000004 0.3820038375 0.0011750734375 0.3820038375 0.0011750734375 0.4676069078125 0.038865131250000004 0.4676069078125 0.038865131250000004 0.3820038375
12 0.1174616234375 0.365204221875 0.0726005109375 0.365204221875 0.0726005109375 0.4712212171875 0.1174616234375 0.4712212171875 0.1174616234375 0.365204221875
12 0.2875557390625 0.268655428125 0.27738578281250004 0.268655428125 0.27738578281250004 0.280659265625 0.2875557390625 0.280659265625 0.2875557390625 0.268655428125
12 0.7323839546875 0.1395257671875 0.7051160453125 0.1395257671875 0.7051160453125 0.15838541718750002 0.7323839546875 0.15838541718750002 0.7323839546875 0.1395257671875
12 0.8403088453124999 0.773862390625 0.8218000734375 0.773862390625 0.8218000734375 0.8008470390625 0.8403088453124999 0.8008470390625 0.8403088453124999 0.773862390625
12 0.5695504390624999 0.8921367874999999 0.532989765625 0.8921367874999999 0.532989765625 0.9477097046875 0.5695504390624999 0.9477097046875 0.5695504390624999 0.8921367874999999
12 0.7590679828125 0.192809759375 0.7448391812499999 0.192809759375 0.7448391812499999 0.21295230312500002 0.7590679828125 0.21295230312500002 0.7590679828125 0.192809759375
12 0.424529421875 0.071776315625 0.3298638515625 0.071776315625 0.3298638515625 0.1068421046875 0.424529421875 0.1068421046875 0.424529421875 0.071776315625
12 0.4682611484375 0.5332017546875 0.3872066890625 0.5332017546875 0.3872066890625 0.614501096875 0.4682611484375 0.614501096875 0.4682611484375 0.5332017546875
12 0 0.41418448437500005 0.2626946265625 0.41418448437500005 0.2626946265625 0.005859375 0 0.005859375 0 0.41418448437500005
12 0.9899899484375 0.001555646875 0.4475100515625 0.001555646875 0.4475100515625 0.27658031875 0.9899899484375 0.27658031875 0.9899899484375 0.001555646875
12 0.7979742328125 0.4530482453125 0.7879650953125 0.4530482453125 0.7879650953125 0.47126644687499997 0.7979742328125 0.47126644687499997 0.7979742328125 0.4530482453125
12 0.7775466015625 0.354405153125 0.7673766453125 0.354405153125 0.7673766453125 0.36995888125 0.7775466015625 0.36995888125 0.7775466015625 0.354405153125
12 0.45709338437499997 0.325926534375 0.4003298609375 0.325926534375 0.4003298609375 0.41821271875 0.45709338437499997 0.41821271875 0.45709338437499997 0.325926534375
12 0.6744316515625 0.9467365687499999 0.661507675 0.9467365687499999 0.661507675 0.9648862390625 0.6744316515625 0.9648862390625 0.6744316515625 0.9467365687499999
12 0.5648355265625 0.74883771875 0.5523538015625 0.74883771875 0.5523538015625 0.76727521875 0.5648355265625 0.76727521875 0.5648355265625 0.74883771875
12 0.8149643640625 0.596546053125 0.7992936765625 0.596546053125 0.7992936765625 0.622203946875 0.8149643640625 0.622203946875 0.8149643640625 0.596546053125
12 0.0216831140625 0.7498396374999999 0.0000310671875 0.7498396374999999 0.0000310671875 0.7735978625000001 0.0216831140625 0.7735978625000001 0.0216831140625 0.7498396374999999
12 0.2997258765625 0.2887815234375 0.29353435625 0.2887815234375 0.29353435625 0.297890625 0.2997258765625 0.297890625 0.2997258765625 0.2887815234375
12 0.79628655 0.356969571875 0.7789071640625 0.356969571875 0.7789071640625 0.3798451203125 0.79628655 0.3798451203125 0.79628655 0.356969571875
12 0.17119060625 0.52806469375 0.16425895468750001 0.52806469375 0.16425895468750001 0.5376096484375 0.17119060625 0.5376096484375 0.17119060625 0.52806469375
12 0.1750328953125 0.7335211078125 0.11427266093749999 0.7335211078125 0.11427266093749999 0.9437267 0.1750328953125 0.9437267 0.1750328953125 0.7335211078125
12 0.22401224375 0.33452165625 0.218370796875 0.33452165625 0.218370796875 0.3426000546875 0.22401224375 0.3426000546875 0.22401224375 0.33452165625
12 0.3139482828125 0.3233511515625 0.30665844375 0.3233511515625 0.30665844375 0.33399534062499997 0.3139482828125 0.33399534062499997 0.3139482828125 0.3233511515625
12 0.5910115125 0.20908168906250002 0.5789117328125 0.20908168906250002 0.5789117328125 0.22634046093750002 0.5910115125 0.22634046093750002 0.5910115125 0.20908168906250002
12 0.111114765625 0.6279605265625 0.0051571640625 0.6279605265625 0.0051571640625 0.73727521875 0.111114765625 0.73727521875 0.111114765625 0.6279605265625
12 0.3322304453125 0.6619229718749999 0.325485196875 0.6619229718749999 0.325485196875 0.6703522484375 0.3322304453125 0.6703522484375 0.3322304453125 0.6619229718749999
12 0.5317909359375 0.2691419953125 0.512152778125 0.2691419953125 0.512152778125 0.29299067968750003 0.5317909359375 0.29299067968750003 0.5317909359375 0.2691419953125
12 0.791268275 0.8346751640625 0.7800219296875001 0.8346751640625 0.7800219296875001 0.8528248359375 0.791268275 0.8528248359375 0.791268275 0.8346751640625
12 0.2422925796875 0.2504331140625 0.23597861875 0.2504331140625 0.23597861875 0.258963815625 0.2422925796875 0.258963815625 0.2422925796875 0.2504331140625
12 0.7765533625 0.22937362968750002 0.7673903515625 0.22937362968750002 0.7673903515625 0.2448697921875 0.7765533625 0.2448697921875 0.7765533625 0.22937362968750002
12 0.476905153125 0.7747807015625 0.46645376406250005 0.7747807015625 0.46645376406250005 0.79113486875 0.476905153125 0.79113486875 0.476905153125 0.7747807015625
12 0.74387426875 0.167112115625 0.7336659359375 0.167112115625 0.7336659359375 0.1813363484375 0.74387426875 0.1813363484375 0.74387426875 0.167112115625
11 0 0.9997258765625 0.053362573437500005 0.9997258765625 0.0524488296875 0.9920504390625 0.0526315796875 0.9849232453125 0.059393275 0.9627192984375 0.061403509375 0.9487390343750001 0.060489765625000004 0.9380482453125 0.058114034375 0.9232456140625 0.058662281250000003 0.9084429828125 0.0626827484375 0.88048245625 0.0670687140625 0.8610197375 0.071454678125 0.8459429828125 0.07602339218750001 0.8094846484374999 0.07529239843749999 0.7966008765625 0.07108918125 0.7861842109375 0.0661549703125 0.76014254375 0.0661549703125 0.7483552625 0.068347953125 0.7439692984375 0.0747441515625 0.7379385968750001 0.0791301171875 0.7379385968750001 0.0826023390625 0.7395833328125 0.09301900625000001 0.7483552625 0.09996345 0.75082236875 0.1069078953125 0.765625 0.1131213453125 0.7735745609375 0.1197002921875 0.805098684375 0.121893275 0.8108552625 0.1259137421875 0.81798245625 0.1271929828125 0.8229166671874999 0.1313961984375 0.8481359656249999 0.1337719296875 0.8547149125000001 0.1381578953125 0.8610197375 0.140533625 0.8697916671874999 0.1451023390625 0.896929825 0.1467470765625 0.9015899125000001 0.1514985375 0.9098135968750001 0.157346490625 0.9347587718750001 0.1595394734375 0.9396929828125 0.162828946875 0.943804825 0.1657529234375 0.9509320171875 0.16959064375 0.9802631578125001 0.1712353796875 0.98355263125 0.17580409375 0.9860197375 0.181652046875 0.9997258765625 0.7971491234375 0.9997258765625 0.8101242687499999 0.9879385968750001 0.826937134375 0.9775219296875 0.8410087718750001 0.966831140625 0.8450292390625 0.9621710531250001 0.854349415625 0.9542214906250001 0.8768274859374999 0.9279057015625 0.8819444437499999 0.9202302625 0.8881578953125 0.9131030703125 0.896929825 0.8963815796875 0.9120979531250001 0.873081140625 0.9166666671874999 0.8673245609375 0.9225146203125 0.8571820171875 0.927814328125 0.85224780625 0.9365862578125 0.8412828953125 0.9411549703125001 0.83826754375 0.9493786546875 0.8303179828125 0.9555921046875 0.82730263125 0.9629020468749999 0.8190789468749999 0.9669225140625001 0.8171600874999999 0.97423245625 0.8067434203125 0.9822733921875001 0.8034539468749999 0.9872076015625 0.79605263125 0.9941520468749999 0.7908442984375 0.9998172515625001 0.783168859375 0.9998172515625001 0.246436403125 0.9678362578125 0.22916666718749998 0.9625365499999999 0.225328946875 0.946820175 0.219846490625 0.9364035093749999 0.214364034375 0.906615496875 0.204221490625 0.8680555562500001 0.1875 0.802814328125 0.1650219296875 0.7913011703125 0.1592653515625 0.7638888890625 0.14857456093750002 0.671783625 0.1225328953125 0.6403508765625 0.11705043906249998 0.6182383046875 0.1118421046875 0.56871345 0.104989034375 0.5365497078125 0.09758771875 0.455043859375 0.08415570156249999 0.4318347953125 0.08168859687499999 0.40040204687500003 0.08360745625 0.390533625 0.0849780703125 0.376096490625 0.08991228125 0.356725146875 0.0942982453125 0.3528874265625 0.0959429828125 0.3450292390625 0.10224780625 0.326937134375 0.1096491234375 0.312865496875 0.11759868437500001 0.28819444375000003 0.1348684203125 0.2518274859375 0.1721491234375 0.23464912343750002 0.1869517546875 0.21144005781250003 0.212171053125 0.1999269 0.226151315625 0.1860380109375 0.2450657890625 0.179276315625 0.2557565796875 0.16337719374999998 0.2765899125 0.15442251406250002 0.2935855265625 0.14766081874999998 0.303179825 0.14108187187500001 0.3174342109375 0.135599415625 0.3256578953125 0.1271929828125 0.34292763125 0.12207602343749999 0.35087719375000004 0.1154970765625 0.3662280703125 0.1083698828125 0.3763706140625 0.100328946875 0.3930921046875 0.0959429828125 0.3958333328125 0.091739765625 0.4015899125 0.0888157890625 0.408991228125 0.087902046875 0.41337719375 0.084795321875 0.41748903437499996 0.08351608125 0.420778509375 0.07602339218750001 0.4432565796875 0.07456140312500001 0.4421600875 0.0736476609375 0.43201754374999995 0.071454678125 0.42516447343749997 0.06286549687500001 0.414473684375 0.060489765625000004 0.41337719375 0.049890351562500004 0.4109100875 0.03362573125 0.418311403125 0.0266812859375 0.423793859375 0.02266081875 0.4306469296875 0.0190058484375 0.4427083328125 0.014254385937499999 0.45148026249999995 0.006213450000000001 0.4588815796875 0 0.4618969296875 0 0.9997258765625