12 0.5922733921875001 0.43092105312499995 0.41337719375 0.43092105312499995 0.41337719375 0.627116228125 0.5922733921875001 0.627116228125 0.5922733921875001 0.43092105312499995
12 0.7279057015625 0.413908990625 0.4537353796875 0.413908990625 0.4537353796875 0.640043859375 0.7279057015625 0.640043859375 0.7279057015625 0.413908990625
12 0.6217041296875 0.5219407890625 0.3314208703125 0.5219407890625 0.3314208703125 0.714385965625 0.6217041296875 0.714385965625 0.6217041296875 0.5219407890625
12 0.8306880484375 0.1688226421875 0.4876708703125 0.1688226421875 0.4876708703125 0.5375973140625 0.8306880484375 0.5375973140625 0.8306880484375 0.1688226421875
12 0.41833424687500004 0.6091927078125 0.2603755484375 0.6091927078125 0.2603755484375 0.774354440625 0.41833424687500004 0.774354440625 0.41833424687500004 0.6091927078125
12 0.4000858921875 0.21478207187499998 0.17706323125 0.21478207187499998 0.17706323125 0.7095326203125001 0.4000858921875 0.7095326203125001 0.4000858921875 0.21478207187499998
12 0.604735928125 0.581086896875 0.1784658265625 0.581086896875 0.1784658265625 0.88375959375 0.604735928125 0.88375959375 0.604735928125 0.581086896875
12 0.37380939375 0.37033031875 0.2546080046875 0.37033031875 0.2546080046875 0.59060718125 0.37380939375 0.59060718125 0.37380939375 0.37033031875
12 0.511412646875 0.21350054843750002 0.3474725875 0.21350054843750002 0.3474725875 0.5936266453125 0.511412646875 0.5936266453125 0.511412646875 0.21350054843750002
12 0.8824460890625 0.5335690796875 0.5872797875 0.5335690796875 0.5872797875 0.797242325 0.8824460890625 0.797242325 0.8824460890625 0.5335690796875
12 0.71337810625 0.3791652953125 0.5483397296875 0.3791652953125 0.5483397296875 0.48216145781249997 0.71337810625 0.48216145781249997 0.71337810625 0.3791652953125
12 0.616882309375 0.175047971875 0.46124269062499995 0.175047971875 0.46124269062499995 0.3687733 0.616882309375 0.3687733 0.616882309375 0.175047971875
12 0.3771655703125 0.34020833281249996 0.3098446640625 0.34020833281249996 0.3098446640625 0.44860745625 0.3771655703125 0.44860745625 0.3771655703125 0.34020833281249996
12 0.4590752921875 0.348495065625 0.3832090640625 0.348495065625 0.3832090640625 0.475479715625 0.4590752921875 0.475479715625 0.4590752921875 0.348495065625
12 0.2512216734375 0.49017406875 0.165039290625 0.49017406875 0.165039290625 0.7197875546875 0.2512216734375 0.7197875546875 0.2512216734375 0.49017406875
12 0.819152046875 0.2845463265625 0.6349488296875 0.2845463265625 0.6349488296875 0.4156510421875 0.819152046875 0.4156510421875 0.819152046875 0.2845463265625
12 0.1329961625 0.68568530625 9.140625e-7 0.68568530625 9.140625e-7 0.8187116234375 0.1329961625 0.8187116234375 0.1329961625 0.68568530625
12 0.8586430921874999 0.1687774125 0.6970221125 0.1687774125 0.6970221125 0.321946271875 0.8586430921874999 0.321946271875 0.8586430921874999 0.1687774125
12 0.3081971859375 0.3685923796875 0.24258497812500002 0.3685923796875 0.24258497812500002 0.45758086562500006 0.3081971859375 0.45758086562500006 0.3081971859375 0.3685923796875
12 0.6378161546875 0.5272286187499999 0.4217525578125 0.5272286187499999 0.4217525578125 0.5919106359375 0.6378161546875 0.5919106359375 0.6378161546875 0.5272286187499999
12 0.1242982453125 0.8400424890625 0.030975876562499997 0.8400424890625 0.030975876562499997 0.995407071875 0.1242982453125 0.995407071875 0.1242982453125 0.8400424890625
12 0.1841739765625 0.8317324562499999 0.0970760234375 0.8317324562499999 0.0970760234375 0.9216831140625 0.1841739765625 0.9216831140625 0.1841739765625 0.8317324562499999
12 0.74414016875 0.4483319625 0.54296875 0.4483319625 0.54296875 0.5045463265625 0.74414016875 0.5045463265625 0.74414016875 0.4483319625
12 0.288802996875 0.682594571875 0.23609831875 0.682594571875 0.23609831875 0.7580797703125 0.288802996875 0.7580797703125 0.288802996875 0.682594571875
12 0.8588861484375 0.71003700625 0.6000977703125 0.71003700625 0.6000977703125 0.81340049375 0.8588861484375 0.81340049375 0.8588861484375 0.71003700625
11 0 0.9997258765625 0.23227339218749998 0.9997258765625 0.24031432812500003 0.9912280703125 0.245614034375 0.9887609656249999 0.24926900624999998 0.9854714906250001 0.2518274859375 0.9791666671874999 0.2529239765625 0.9736842109375001 0.25548245625 0.970668859375 0.26790935625 0.970668859375 0.278143275 0.9745065796875 0.280884503125 0.9739583328125001 0.283991228125 0.9717653515625001 0.28581871406250003 0.96875 0.28728070156249996 0.9621710531250001 0.27412280624999996 0.9566885968750001 0.2697368421875 0.9514802625 0.2693713453125 0.9470942984375 0.2702850875 0.94462719375 0.273026315625 0.94133771875 0.2783260234375 0.939418859375 0.2865497078125 0.9328399125000001 0.3061038015625 0.9259868421874999 0.3249269 0.91337719375 0.3333333328125 0.9095394734375001 0.3435672515625 0.9078947375 0.3676900578125 0.9067982453125 0.3881578953125 0.9040570171875 0.3961988296875 0.9015899125000001 0.403508771875 0.8974780703125 0.42415935625 0.89144736875 0.4301900578125 0.88678728125 0.4513888890625 0.8793859656249999 0.45760233906250003 0.87417763125 0.49195906406249995 0.8547149125000001 0.49524853750000003 0.8516995609375 0.4963450296875 0.8495065796875 0.5098684203125 0.8407346484374999 0.536366959375 0.814418859375 0.540935671875 0.8072916671874999 0.5480628656250001 0.8012609656249999 0.562865496875 0.7815241234375 0.586257309375 0.7571271937499999 0.609831871875 0.7264254390625 0.63048245625 0.6954495609375 0.6368786546874999 0.68832236875 0.648026315625 0.672971490625 0.6891447375 0.61321271875 0.6964546781250001 0.5989583328125 0.70230263125 0.591008771875 0.7063231 0.580866228125 0.7139985375 0.5693530703125 0.7200292390625 0.5572916671875 0.7251461984375001 0.5509868421874999 0.7399488296875 0.5276864031249999 0.744152046875 0.518366228125 0.7571271937499999 0.4953399125 0.7644371343749999 0.4846491234375 0.791849415625 0.42845394687500005 0.8013523390625 0.41255482499999996 0.8141447375 0.3854166671875 0.82894736875 0.34978070156249996 0.853435671875 0.272203946875 0.859466375 0.24150219375 0.8600146203125 0.225328946875 0.8587353796875 0.214364034375 0.8559941515625 0.203125 0.851973684375 0.1916118421875 0.8481359656249999 0.1861293859375 0.83662280625 0.1759868421875 0.8285818718750001 0.171875 0.8077485375 0.16392543906249998 0.7896564328125 0.160635965625 0.759685671875 0.1578947375 0.734283625 0.1578947375 0.5561038015624999 0.1611842109375 0.5330774859375 0.162828946875 0.49616228125 0.167489034375 0.44444444375 0.16831140312499998 0.3806652046875 0.174616228125 0.361293859375 0.18119517499999999 0.340643275 0.18667763125 0.3154239765625 0.1979166671875 0.2936769 0.2127192984375 0.27503655 0.22807017499999999 0.26206140312500004 0.23711622812500002 0.237938596875 0.2615131578125 0.223135965625 0.2828947375 0.2021198828125 0.3166118421875 0.1875 0.3514254390625 0.18402777812499999 0.3640350875 0.17891081874999998 0.3911732453125 0.17233187187500001 0.418311403125 0.1666666671875 0.46875 0.1642909359375 0.50383771875 0.16392543906249998 0.5334429828125 0.165935671875 0.591008771875 0.17105263125 0.64446271875 0.17105263125 0.673793859375 0.1697733921875 0.6981907890625 0.1681286546875 0.7102521937499999 0.165204678125 0.7220394734375 0.163742690625 0.7321820171875 0.163742690625 0.748081140625 0.16301169531249998 0.75 0.1482090640625 0.764528509375 0.1427266078125 0.767543859375 0.125 0.7713815796875 0.11604532187500001 0.774671053125 0.1118421046875 0.774671053125 0.10654239843749999 0.7697368421874999 0.10453216406250002 0.7595942984375 0.0963084796875 0.7478070171875 0.08095760156250001 0.7330043859375001 0.072185671875 0.7264254390625 0.068347953125 0.7212171046875 0.057748537499999995 0.7138157890625 0.050986842187500006 0.7064144734375 0.043311403124999995 0.7036732453125001 0.037463449999999995 0.6979166671875 0.0307017546875 0.6946271937499999 0.012975146875 0.690241228125 0 0.69133771875 0 0.8689692984375 0.007127193749999999 0.87116228125 0.0127923984375 0.8747258765625 0.015899123437500003 0.8793859656249999 0.0208333328125 0.88980263125 0.028143275000000002 0.9002192984375 0.030153509375 0.9048793859375 0.031432748437500005 0.91337719375 0.030884503125 0.9295504390625 0.028143275000000002 0.9465460531250001 0.0263157890625 0.9509320171875 0.0248538015625 0.9528508765625 0.0126096484375 0.9575109656249999 0.009685671875 0.962445175 0 0.9728618421874999 0 0.9997258765625