10 0.49898999999999993 0.53147 0.46787 0.53147 0.46787 0.5702499999999999 0.49898999999999993 0.5702499999999999 0.49898999999999993 0.53147
10 0.028310000000000002 0.5155700000000001 0.00893 0.5155700000000001 0.00893 0.54009 0.028310000000000002 0.54009 0.028310000000000002 0.5155700000000001
10 0.07588 0.41835500000000003 0.05632 0.41835500000000003 0.05632 0.439565 0.07588 0.439565 0.07588 0.41835500000000003
10 0.25098 0.557045 0.23096 0.557045 0.23096 0.5806549999999999 0.25098 0.5806549999999999 0.25098 0.557045
10 0.47272 0.6246050000000001 0.44279999999999997 0.6246050000000001 0.44279999999999997 0.645895 0.47272 0.645895 0.47272 0.6246050000000001
10 0.3694 0.61128 0.34544 0.61128 0.34544 0.627 0.3694 0.627 0.3694 0.61128
10 0.46759000000000006 0.43659 0.42743000000000003 0.43659 0.42743000000000003 0.46868999999999994 0.46759000000000006 0.46868999999999994 0.46759000000000006 0.43659
10 0.345115 0.5665 0.329685 0.5665 0.329685 0.57998 0.345115 0.57998 0.345115 0.5665
10 0.5134350000000001 0.37685 0.496325 0.37685 0.496325 0.39269 0.5134350000000001 0.39269 0.5134350000000001 0.37685
10 0.69662 0.56077 0.68228 0.56077 0.68228 0.57399 0.69662 0.57399 0.69662 0.56077
10 0.21006 0.332285 0.19522 0.332285 0.19522 0.34545499999999996 0.21006 0.34545499999999996 0.21006 0.332285
10 0.15256 0.64815 0.13040000000000002 0.64815 0.13040000000000002 0.66825 0.15256 0.66825 0.15256 0.64815
10 0.48929 0.40223000000000003 0.47165 0.40223000000000003 0.47165 0.42199 0.48929 0.42199 0.48929 0.40223000000000003
10 0.63026 0.537315 0.61778 0.537315 0.61778 0.5515450000000001 0.63026 0.5515450000000001 0.63026 0.537315
10 0.037675 0.66849 0.018665 0.66849 0.018665 0.69187 0.037675 0.69187 0.037675 0.66849
10 0.536475 0.44656 0.511385 0.44656 0.511385 0.46163999999999994 0.536475 0.46163999999999994 0.536475 0.44656
10 0.687635 0.49981 0.673685 0.49981 0.673685 0.5119100000000001 0.687635 0.5119100000000001 0.687635 0.49981
10 0.392875 0.34834 0.377625 0.34834 0.377625 0.36162 0.392875 0.36162 0.392875 0.34834
10 0.302145 0.5001800000000001 0.290135 0.5001800000000001 0.290135 0.5144599999999999 0.302145 0.5144599999999999 0.302145 0.5001800000000001
10 0.09397 0.598705 0.07472999999999999 0.598705 0.07472999999999999 0.612235 0.09397 0.612235 0.09397 0.598705
10 0.606865 0.57347 0.591375 0.57347 0.591375 0.58669 0.606865 0.58669 0.606865 0.57347
10 0.7208249999999999 0.487855 0.709835 0.487855 0.709835 0.496525 0.7208249999999999 0.496525 0.7208249999999999 0.487855
10 0.250865 0.44966999999999996 0.223495 0.44966999999999996 0.223495 0.48244999999999993 0.250865 0.48244999999999993 0.250865 0.44966999999999996
10 0.5225299999999999 0.5700149999999999 0.50481 0.5700149999999999 0.50481 0.5852649999999999 0.5225299999999999 0.5852649999999999 0.5225299999999999 0.5700149999999999
10 0.739085 0.49003500000000005 0.730635 0.49003500000000005 0.730635 0.500205 0.739085 0.500205 0.739085 0.49003500000000005
10 0.35225 0.42557999999999996 0.33182999999999996 0.42557999999999996 0.33182999999999996 0.44014 0.35225 0.44014 0.35225 0.42557999999999996
10 0.302645 0.467995 0.25155500000000003 0.467995 0.25155500000000003 0.490505 0.302645 0.490505 0.302645 0.467995
10 0.56508 0.49311999999999995 0.5403800000000001 0.49311999999999995 0.5403800000000001 0.5064 0.56508 0.5064 0.56508 0.49311999999999995
10 0.352535 0.392385 0.341805 0.392385 0.341805 0.40303500000000003 0.352535 0.40303500000000003 0.352535 0.392385
10 0.587545 0.39932 0.576515 0.39932 0.576515 0.40780000000000005 0.587545 0.40780000000000005 0.587545 0.39932
10 0.637365 0.513565 0.629235 0.513565 0.629235 0.5235350000000001 0.637365 0.5235350000000001 0.637365 0.513565
10 0.097465 0.380725 0.089915 0.380725 0.089915 0.393695 0.097465 0.393695 0.097465 0.380725
10 0.32042000000000004 0.336125 0.30457999999999996 0.336125 0.30457999999999996 0.34991500000000003 0.32042000000000004 0.34991500000000003 0.32042000000000004 0.336125
10 0.1925 0.417405 0.11584000000000001 0.417405 0.11584000000000001 0.477615 0.1925 0.477615 0.1925 0.417405
10 0.06555 0.67371 0.05439000000000001 0.67371 0.05439000000000001 0.68761 0.06555 0.68761 0.06555 0.67371
10 0.37902 0.585755 0.36268 0.585755 0.36268 0.5988249999999999 0.37902 0.5988249999999999 0.37902 0.585755
10 0.558615 0.63317 0.545885 0.63317 0.545885 0.64223 0.558615 0.64223 0.558615 0.63317
10 0.39516 0.5212 0.36998000000000003 0.5212 0.36998000000000003 0.54032 0.39516 0.54032 0.39516 0.5212
10 0.101485 0.642605 0.064775 0.642605 0.064775 0.6630550000000001 0.101485 0.6630550000000001 0.101485 0.642605
10 0.015625 0.5017699999999999 0.008475 0.5017699999999999 0.008475 0.51093 0.015625 0.51093 0.015625 0.5017699999999999
10 0.7957799999999999 0.40801 0.7520800000000001 0.40801 0.7520800000000001 0.43085000000000007 0.7957799999999999 0.43085000000000007 0.7957799999999999 0.40801
10 0.632565 0.6135349999999999 0.603755 0.6135349999999999 0.603755 0.6267050000000001 0.632565 0.6267050000000001 0.632565 0.6135349999999999
10 0.36387 0.433755 0.35195 0.433755 0.35195 0.442705 0.36387 0.442705 0.36387 0.433755
10 0.15775999999999998 0.68662 0.13448 0.68662 0.13448 0.704 0.15775999999999998 0.704 0.15775999999999998 0.68662
10 0.87077 0.43888499999999997 0.84407 0.43888499999999997 0.84407 0.448815 0.87077 0.448815 0.87077 0.43888499999999997
10 0.591505 0.457445 0.569635 0.457445 0.569635 0.467855 0.591505 0.467855 0.591505 0.457445
10 0.457645 0.31945999999999997 0.425175 0.31945999999999997 0.425175 0.32898 0.457645 0.32898 0.457645 0.31945999999999997
10 0.7692599999999999 0.38305500000000003 0.7034 0.38305500000000003 0.7034 0.412365 0.7692599999999999 0.412365 0.7692599999999999 0.38305500000000003
10 0.6272599999999999 0.62386 0.5319200000000001 0.62386 0.5319200000000001 0.64568 0.6272599999999999 0.64568 0.6272599999999999 0.62386
10 0.128315 0.7163299999999999 0.120345 0.7163299999999999 0.120345 0.72409 0.128315 0.72409 0.128315 0.7163299999999999
10 0.40385499999999996 0.47322499999999995 0.349565 0.47322499999999995 0.349565 0.491135 0.40385499999999996 0.491135 0.40385499999999996 0.47322499999999995
10 0.78745 0.567305 0.75747 0.567305 0.75747 0.579175 0.78745 0.579175 0.78745 0.567305
10 0.1867 0.29040499999999997 0.12628 0.29040499999999997 0.12628 0.301875 0.1867 0.301875 0.1867 0.29040499999999997
10 0.16393 0.69601 0.14173 0.69601 0.14173 0.7053499999999999 0.16393 0.7053499999999999 0.16393 0.69601
10 0.9315200000000001 0.44628500000000004 0.84192 0.44628500000000004 0.84192 0.499995 0.9315200000000001 0.499995 0.9315200000000001 0.44628500000000004
10 0.9343049999999999 0.550775 0.925075 0.550775 0.925075 0.559585 0.9343049999999999 0.559585 0.9343049999999999 0.550775
9 0 0.708 0.004 0.709 0.10200000000000001 0.71 0.153 0.702 0.158 0.697 0.306 0.666 0.32599999999999996 0.667 0.339 0.683 0.361 0.6950000000000001 0.366 0.693 0.376 0.661 0.39 0.654 0.446 0.654 0.508 0.648 0.64 0.617 0.782 0.571 0.8869999999999999 0.5309999999999999 0.944 0.499 0.999 0.47400000000000003 0.999 0.465 0.9949999999999999 0.46399999999999997 0.966 0.46799999999999997 0.897 0.45099999999999996 0.8029999999999999 0.43499999999999994 0.743 0.404 0.6900000000000001 0.382 0.581 0.351 0.472 0.32599999999999996 0.37 0.318 0.331 0.309 0.23900000000000002 0.307 0.147 0.29300000000000004 0.052000000000000005 0.304 0.003 0.29100000000000004 0 0.29100000000000004 0 0.708