10 0.07971500000000001 0.62869 0.033985 0.62869 0.033985 0.6783699999999999 0.07971500000000001 0.6783699999999999 0.07971500000000001 0.62869
10 0.27436 0.48634000000000005 0.25542 0.48634000000000005 0.25542 0.50584 0.27436 0.50584 0.27436 0.48634000000000005
10 0.9301600000000001 0.66466 0.8706200000000001 0.66466 0.8706200000000001 0.7162 0.9301600000000001 0.7162 0.9301600000000001 0.66466
10 0.764555 0.6404099999999999 0.743265 0.6404099999999999 0.743265 0.65549 0.764555 0.65549 0.764555 0.6404099999999999
10 0.41615 0.60332 0.39343 0.60332 0.39343 0.61934 0.41615 0.61934 0.41615 0.60332
10 0.19354 0.6742549999999999 0.16926000000000002 0.6742549999999999 0.16926000000000002 0.699765 0.19354 0.699765 0.19354 0.6742549999999999
10 0.850605 0.685745 0.799795 0.685745 0.799795 0.723435 0.850605 0.723435 0.850605 0.685745
10 0.53647 0.255765 0.50649 0.255765 0.50649 0.280375 0.53647 0.280375 0.53647 0.255765
10 0.556465 0.45541 0.5372950000000001 0.45541 0.5372950000000001 0.47575 0.556465 0.47575 0.556465 0.45541
10 0.15816 0.611685 0.13506 0.611685 0.13506 0.631475 0.15816 0.631475 0.15816 0.611685
10 0.732745 0.36406 0.712575 0.36406 0.712575 0.38008000000000003 0.732745 0.38008000000000003 0.732745 0.36406
10 0.5231399999999999 0.3216 0.49833999999999995 0.3216 0.49833999999999995 0.34296000000000004 0.5231399999999999 0.34296000000000004 0.5231399999999999 0.3216
10 0.82484 0.37761 0.80212 0.37761 0.80212 0.39485000000000003 0.82484 0.39485000000000003 0.82484 0.37761
10 0.20678999999999997 0.74095 0.18555 0.74095 0.18555 0.75905 0.20678999999999997 0.75905 0.20678999999999997 0.74095
10 1 0.520405 0.9907999999999999 0.520405 0.9907999999999999 0.543075 1 0.543075 1 0.520405
10 0.332845 0.647635 0.30435500000000004 0.647635 0.30435500000000004 0.669745 0.332845 0.669745 0.332845 0.647635
10 0.27443 0.720835 0.24901 0.720835 0.24901 0.740105 0.27443 0.740105 0.27443 0.720835
10 0.040635 0.478855 0.008225 0.478855 0.008225 0.5001450000000001 0.040635 0.5001450000000001 0.040635 0.478855
10 0.925505 0.501405 0.8908950000000001 0.501405 0.8908950000000001 0.533755 0.925505 0.533755 0.925505 0.501405
10 0.49443000000000004 0.60908 0.48114999999999997 0.60908 0.48114999999999997 0.62236 0.49443000000000004 0.62236 0.49443000000000004 0.60908
10 0.14658 0.7748999999999999 0.09024 0.7748999999999999 0.09024 0.81396 0.14658 0.81396 0.14658 0.7748999999999999
10 0.142445 0.48667999999999995 0.12219500000000001 0.48667999999999995 0.12219500000000001 0.50258 0.142445 0.50258 0.142445 0.48667999999999995
10 0.31723 0.37193 0.23599 0.37193 0.23599 0.39663 0.31723 0.39663 0.31723 0.37193
10 0.61372 0.671365 0.58746 0.671365 0.58746 0.684095 0.61372 0.684095 0.61372 0.671365
10 0.358025 0.40058999999999995 0.331915 0.40058999999999995 0.331915 0.42069 0.358025 0.42069 0.358025 0.40058999999999995
10 0.746645 0.5662200000000001 0.727955 0.5662200000000001 0.727955 0.57832 0.746645 0.57832 0.746645 0.5662200000000001
10 0.20583999999999997 0.753125 0.13888 0.753125 0.13888 0.797655 0.20583999999999997 0.797655 0.20583999999999997 0.753125
10 0.90855 0.46976000000000007 0.8736700000000001 0.46976000000000007 0.8736700000000001 0.49362000000000006 0.90855 0.49362000000000006 0.90855 0.46976000000000007
10 0.45294 0.51117 0.42108 0.51117 0.42108 0.5347299999999999 0.45294 0.5347299999999999 0.45294 0.51117
10 0.352 0.7366550000000001 0.32916 0.7366550000000001 0.32916 0.754565 0.352 0.754565 0.352 0.7366550000000001
10 0.8527799999999999 0.6995199999999999 0.7653800000000001 0.6995199999999999 0.7653800000000001 0.7409 0.8527799999999999 0.7409 0.8527799999999999 0.6995199999999999
10 0.43562500000000004 0.74417 0.397875 0.74417 0.397875 0.76169 0.43562500000000004 0.76169 0.43562500000000004 0.74417
9 0 0.8 0.016 0.805 0.101 0.8109999999999999 0.127 0.8029999999999999 0.136 0.794 0.13999999999999999 0.782 0.154 0.78 0.16599999999999998 0.787 0.189 0.788 0.199 0.784 0.213 0.7929999999999999 0.282 0.7929999999999999 0.318 0.782 0.383 0.773 0.42000000000000004 0.76 0.48 0.761 0.528 0.753 0.616 0.747 0.641 0.741 0.7190000000000001 0.741 0.764 0.732 0.845 0.741 0.8550000000000001 0.736 0.9 0.756 0.931 0.761 0.993 0.763 0.999 0.76 0.999 0.34700000000000003 0.994 0.344 0.9570000000000001 0.32999999999999996 0.891 0.294 0.851 0.279 0.798 0.272 0.624 0.262 0.48200000000000004 0.225 0.438 0.22599999999999998 0.298 0.248 0.12 0.24700000000000003 0.076 0.252 0.022 0.264 0 0.272 0 0.8
9 0 0.799 0.017 0.805 0.099 0.8109999999999999 0.128 0.8019999999999999 0.13999999999999999 0.783 0.154 0.779 0.16899999999999998 0.787 0.19 0.787 0.2 0.783 0.21200000000000002 0.792 0.227 0.794 0.281 0.7929999999999999 0.318 0.782 0.383 0.773 0.41900000000000004 0.76 0.48 0.761 0.523 0.754 0.615 0.747 0.641 0.741 0.7190000000000001 0.741 0.763 0.732 0.836 0.74 0.8470000000000001 0.74 0.852 0.736 0.9 0.756 0.931 0.761 0.993 0.763 0.999 0.76 0.999 0.593 0.994 0.587 0.999 0.567957 0.999 0.34700000000000003 0.9550000000000001 0.329 0.893 0.29500000000000004 0.85 0.279 0.7969999999999999 0.272 0.643 0.265 0.597 0.257 0.52 0.233 0.481 0.225 0.43899999999999995 0.22599999999999998 0.305 0.24700000000000003 0.12 0.24700000000000003 0.08199999999999999 0.251 0.022 0.264 0 0.272 0 0.799