10 0.62801 0.59632 0.57683 0.59632 0.57683 0.6478200000000001 0.62801 0.6478200000000001 0.62801 0.59632
10 0.5461750000000001 0.32349 0.516745 0.32349 0.516745 0.35309 0.5461750000000001 0.35309 0.5461750000000001 0.32349
10 0.9319599999999999 0.640165 0.8918799999999999 0.640165 0.8918799999999999 0.672495 0.9319599999999999 0.672495 0.9319599999999999 0.640165
10 0.57429 0.352305 0.54779 0.352305 0.54779 0.378655 0.57429 0.378655 0.57429 0.352305
10 0.649775 0.47085499999999997 0.630505 0.47085499999999997 0.630505 0.490565 0.649775 0.490565 0.649775 0.47085499999999997
10 0.618935 0.53503 0.595905 0.53503 0.595905 0.55775 0.618935 0.55775 0.618935 0.53503
10 0.659755 0.53721 0.628325 0.53721 0.628325 0.56045 0.659755 0.56045 0.659755 0.53721
10 0.641315 0.5011 0.623325 0.5011 0.623325 0.52234 0.641315 0.52234 0.641315 0.5011
10 0.47331500000000004 0.421145 0.455405 0.421145 0.455405 0.452395 0.47331500000000004 0.452395 0.47331500000000004 0.421145
10 0.5999950000000001 0.45489499999999994 0.585545 0.45489499999999994 0.585545 0.473325 0.5999950000000001 0.473325 0.5999950000000001 0.45489499999999994
10 0.45765500000000003 0.567385 0.43980499999999995 0.567385 0.43980499999999995 0.583975 0.45765500000000003 0.583975 0.45765500000000003 0.567385
10 0.736 0.7436849999999999 0.72298 0.7436849999999999 0.72298 0.7563150000000001 0.736 0.7563150000000001 0.736 0.7436849999999999
10 0.53391 0.42094 0.51687 0.42094 0.51687 0.44528 0.53391 0.44528 0.53391 0.42094
10 0.11311500000000001 0.344095 0.099525 0.344095 0.099525 0.359525 0.11311500000000001 0.359525 0.11311500000000001 0.344095
10 0.8831749999999999 0.483495 0.8717050000000001 0.483495 0.8717050000000001 0.49844499999999997 0.8831749999999999 0.49844499999999997 0.8831749999999999 0.483495
10 0.5119 0.65686 0.47394 0.65686 0.47394 0.68884 0.5119 0.68884 0.5119 0.65686
10 0.78966 0.498525 0.77382 0.498525 0.77382 0.513195 0.78966 0.513195 0.78966 0.498525
10 0.71203 0.555795 0.69911 0.555795 0.69911 0.568225 0.71203 0.568225 0.71203 0.555795
10 0.17605500000000002 0.40126 0.157925 0.40126 0.157925 0.4171 0.17605500000000002 0.4171 0.17605500000000002 0.40126
10 0.495335 0.678165 0.48122499999999996 0.678165 0.48122499999999996 0.691955 0.495335 0.691955 0.495335 0.678165
10 0.703755 0.44509999999999994 0.692725 0.44509999999999994 0.692725 0.46262 0.703755 0.46262 0.703755 0.44509999999999994
10 0.1562 0.26688 0.13116 0.26688 0.13116 0.29122 0.1562 0.29122 0.1562 0.26688
10 0.973625 0.65176 0.957035 0.65176 0.957035 0.6666000000000001 0.973625 0.6666000000000001 0.973625 0.65176
10 0.49498 0.65798 0.47768 0.65798 0.47768 0.6750200000000001 0.49498 0.6750200000000001 0.49498 0.65798
10 0.62876 0.37315 0.61734 0.37315 0.61734 0.38563000000000003 0.62876 0.38563000000000003 0.62876 0.37315
10 0.759285 0.5268349999999999 0.747555 0.5268349999999999 0.747555 0.542505 0.759285 0.542505 0.759285 0.5268349999999999
10 0.99634 0.6849350000000001 0.95874 0.6849350000000001 0.95874 0.7125250000000001 0.99634 0.7125250000000001 0.99634 0.6849350000000001
10 0.261985 0.365185 0.249255 0.365185 0.249255 0.37651500000000004 0.261985 0.37651500000000004 0.261985 0.365185
10 0.78745 0.6833549999999999 0.77797 0.6833549999999999 0.77797 0.693605 0.78745 0.693605 0.78745 0.6833549999999999
10 0.650605 0.679795 0.628695 0.679795 0.628695 0.700085 0.650605 0.700085 0.650605 0.679795
10 0.68711 0.5567650000000001 0.64493 0.5567650000000001 0.64493 0.5926549999999999 0.68711 0.5926549999999999 0.68711 0.5567650000000001
10 0.89057 0.718455 0.87897 0.718455 0.87897 0.729785 0.89057 0.729785 0.89057 0.718455
10 0.5497799999999999 0.38827 0.54104 0.38827 0.54104 0.39787 0.5497799999999999 0.39787 0.5497799999999999 0.38827
10 0.7900699999999999 0.786535 0.78025 0.786535 0.78025 0.7994049999999999 0.7900699999999999 0.7994049999999999 0.7900699999999999 0.786535
10 0.40139500000000006 0.266725 0.34274499999999997 0.266725 0.34274499999999997 0.30505499999999997 0.40139500000000006 0.30505499999999997 0.40139500000000006 0.266725
10 0.62344 0.72549 0.60606 0.72549 0.60606 0.74327 0.62344 0.74327 0.62344 0.72549
10 0.843205 0.391745 0.835515 0.391745 0.835515 0.40073499999999995 0.843205 0.40073499999999995 0.843205 0.391745
10 0.8800100000000001 0.520035 0.85631 0.520035 0.85631 0.560045 0.8800100000000001 0.560045 0.8800100000000001 0.520035
10 0.35451 0.258035 0.34373 0.258035 0.34373 0.265405 0.35451 0.265405 0.35451 0.258035
10 0.124745 0.23118 0.11157500000000001 0.23118 0.11157500000000001 0.24196 0.124745 0.24196 0.124745 0.23118
10 0.8054399999999999 0.570865 0.78734 0.570865 0.78734 0.5834349999999999 0.8054399999999999 0.5834349999999999 0.8054399999999999 0.570865
10 0.93073 0.660355 0.8895899999999999 0.660355 0.8895899999999999 0.709765 0.93073 0.709765 0.93073 0.660355
10 0.209125 0.29371 0.198835 0.29371 0.198835 0.30345 0.209125 0.30345 0.209125 0.29371
10 0.7498400000000001 0.66475 0.73454 0.66475 0.73454 0.68193 0.7498400000000001 0.68193 0.7498400000000001 0.66475
10 0.24005 0.431555 0.18963000000000002 0.431555 0.18963000000000002 0.46298500000000004 0.24005 0.46298500000000004 0.24005 0.431555
10 0.418775 0.38327 0.40398500000000004 0.38327 0.40398500000000004 0.41506999999999994 0.418775 0.41506999999999994 0.418775 0.38327
10 0.570445 0.5352750000000001 0.5574749999999999 0.5352750000000001 0.5574749999999999 0.548705 0.570445 0.548705 0.570445 0.5352750000000001
10 0.47753500000000004 0.295025 0.46728500000000006 0.295025 0.46728500000000006 0.306535 0.47753500000000004 0.306535 0.47753500000000004 0.295025
10 0.759965 0.558675 0.717575 0.558675 0.717575 0.5809650000000001 0.759965 0.5809650000000001 0.759965 0.558675
10 0.43313499999999994 0.489645 0.400845 0.489645 0.400845 0.514255 0.43313499999999994 0.514255 0.43313499999999994 0.489645
10 0.55098 0.45334 0.53496 0.45334 0.53496 0.48026 0.55098 0.48026 0.55098 0.45334
10 0.990445 0.69077 0.935335 0.69077 0.935335 0.7594299999999999 0.990445 0.7594299999999999 0.990445 0.69077
10 0.5584749999999999 0.49995 0.535285 0.49995 0.535285 0.51959 0.5584749999999999 0.51959 0.5584749999999999 0.49995
10 0.534 0.5949099999999999 0.50896 0.5949099999999999 0.50896 0.61505 0.534 0.61505 0.534 0.5949099999999999
10 0.6296 0.60599 0.6038 0.60599 0.6038 0.62447 0.6296 0.62447 0.6296 0.60599
10 0.9270149999999999 0.619245 0.915765 0.619245 0.915765 0.629775 0.9270149999999999 0.629775 0.9270149999999999 0.619245
10 0.946015 0.508595 0.895785 0.508595 0.895785 0.567585 0.946015 0.567585 0.946015 0.508595
10 0.78303 0.754615 0.76579 0.754615 0.76579 0.773705 0.78303 0.773705 0.78303 0.754615
10 0.91121 0.69395 0.9003099999999999 0.69395 0.9003099999999999 0.70351 0.91121 0.70351 0.91121 0.69395
10 0.87026 0.579635 0.84946 0.579635 0.84946 0.593225 0.87026 0.593225 0.87026 0.579635
10 0.6598849999999999 0.49403499999999995 0.6477350000000001 0.49403499999999995 0.6477350000000001 0.504985 0.6598849999999999 0.504985 0.6598849999999999 0.49403499999999995
10 0.99504 0.58644 0.9532 0.58644 0.9532 0.60594 0.99504 0.60594 0.99504 0.58644
10 0.78674 0.691535 0.77772 0.691535 0.77772 0.703005 0.78674 0.703005 0.78674 0.691535
10 0.673215 0.348905 0.657845 0.348905 0.657845 0.363015 0.673215 0.363015 0.673215 0.348905
10 0.55061 0.552835 0.51677 0.552835 0.51677 0.575085 0.55061 0.575085 0.55061 0.552835
10 0.768285 0.647235 0.7336750000000001 0.647235 0.7336750000000001 0.682845 0.768285 0.682845 0.768285 0.647235
10 0.510715 0.47562499999999996 0.48050499999999996 0.47562499999999996 0.48050499999999996 0.502895 0.510715 0.502895 0.510715 0.47562499999999996
9 0.11299999999999999 0.375 0.192 0.45899999999999996 0.246 0.501 0.313 0.568 0.351 0.601 0.472 0.689 0.5599999999999999 0.737 0.617 0.758 0.669 0.784 0.729 0.8039999999999999 0.806 0.82 0.921 0.8320000000000001 0.999 0.8460000000000001 0.999 0.343 0.969 0.35 0.8470000000000001 0.354 0.8019999999999999 0.368 0.771 0.373 0.763 0.381 0.755 0.381 0.742 0.39 0.722 0.393 0.638 0.34199999999999997 0.564 0.315 0.42400000000000004 0.284 0.371 0.265 0.304 0.25 0.24 0.24300000000000002 0.16699999999999998 0.24100000000000002 0.1 0.219 0.05600000000000001 0.209 0.049 0.211 0.046 0.217 0.043 0.27599999999999997 0.061 0.301 0.073 0.327 0.11299999999999999 0.375