10 0.58156 0.40190000000000003 0.54906 0.40190000000000003 0.54906 0.42502000000000006 0.58156 0.42502000000000006 0.58156 0.40190000000000003
10 0.573985 0.401625 0.549055 0.401625 0.549055 0.42161499999999996 0.573985 0.42161499999999996 0.573985 0.401625
10 0.60664 0.33601000000000003 0.5818399999999999 0.33601000000000003 0.5818399999999999 0.35247 0.60664 0.35247 0.60664 0.33601000000000003
10 0.76637 0.33048500000000003 0.74241 0.33048500000000003 0.74241 0.35311499999999996 0.76637 0.35311499999999996 0.76637 0.33048500000000003
10 0.894655 0.45447 0.8778050000000001 0.45447 0.8778050000000001 0.47327 0.894655 0.47327 0.894655 0.45447
10 0.98085 0.61432 0.95177 0.61432 0.95177 0.63568 0.98085 0.63568 0.98085 0.61432
10 0.9937549999999999 0.56726 0.9691449999999999 0.56726 0.9691449999999999 0.589 0.9937549999999999 0.589 0.9937549999999999 0.56726
10 0.71837 0.40069 0.69667 0.40069 0.69667 0.42451 0.71837 0.42451 0.71837 0.40069
10 0.8033899999999999 0.378145 0.78255 0.378145 0.78255 0.398215 0.8033899999999999 0.398215 0.8033899999999999 0.378145
10 0.930595 0.36671 0.910225 0.36671 0.910225 0.38621 0.930595 0.38621 0.930595 0.36671
10 0.734685 0.58555 0.715515 0.58555 0.715515 0.60293 0.734685 0.60293 0.734685 0.58555
10 0.9994249999999999 0.34039 0.977135 0.34039 0.977135 0.36761 0.9994249999999999 0.36761 0.9994249999999999 0.34039
10 0.657675 0.390555 0.638225 0.390555 0.638225 0.40534499999999996 0.657675 0.40534499999999996 0.657675 0.390555
10 0.9364699999999999 0.65544 0.91021 0.65544 0.91021 0.67268 0.9364699999999999 0.67268 0.9364699999999999 0.65544
10 0.798625 0.623665 0.767775 0.623665 0.767775 0.648795 0.798625 0.648795 0.798625 0.623665
10 0.797755 0.533645 0.776465 0.533645 0.776465 0.552295 0.797755 0.552295 0.797755 0.533645
10 0.9491149999999999 0.50876 0.9268649999999999 0.50876 0.9268649999999999 0.5264 0.9491149999999999 0.5264 0.9491149999999999 0.50876
10 0.8388249999999999 0.45349500000000004 0.816455 0.45349500000000004 0.816455 0.468865 0.8388249999999999 0.468865 0.8388249999999999 0.45349500000000004
10 0.5712900000000001 0.44497 0.53613 0.44497 0.53613 0.46323 0.5712900000000001 0.46323 0.5712900000000001 0.44497
10 0.210765 0.41512000000000004 0.187435 0.41512000000000004 0.187435 0.43694 0.210765 0.43694 0.210765 0.41512000000000004
10 0.47400000000000003 0.42150499999999996 0.45275999999999994 0.42150499999999996 0.45275999999999994 0.44129500000000005 0.47400000000000003 0.44129500000000005 0.47400000000000003 0.42150499999999996
10 0.29891999999999996 0.378735 0.26944 0.378735 0.26944 0.403485 0.29891999999999996 0.403485 0.29891999999999996 0.378735
10 0.7165 0.658945 0.69268 0.658945 0.69268 0.681875 0.7165 0.681875 0.7165 0.658945
10 0.487125 0.45010500000000003 0.467955 0.45010500000000003 0.467955 0.469815 0.487125 0.469815 0.487125 0.45010500000000003
10 0.26610999999999996 0.5458999999999999 0.22851 0.5458999999999999 0.22851 0.58106 0.26610999999999996 0.58106 0.26610999999999996 0.5458999999999999
10 0.15365 0.58302 0.12930999999999998 0.58302 0.12930999999999998 0.60644 0.15365 0.60644 0.15365 0.58302
10 0.45328999999999997 0.44950999999999997 0.44027000000000005 0.44950999999999997 0.44027000000000005 0.46505 0.45328999999999997 0.46505 0.45328999999999997 0.44950999999999997
10 0.039169999999999996 0.50632 0.02091 0.50632 0.02091 0.52298 0.039169999999999996 0.52298 0.039169999999999996 0.50632
10 0.477985 0.656865 0.458535 0.656865 0.458535 0.671255 0.477985 0.671255 0.477985 0.656865
10 0.044675 0.54711 0.030825 0.54711 0.030825 0.56129 0.044675 0.56129 0.044675 0.54711
10 0.5043650000000001 0.6845749999999999 0.481475 0.6845749999999999 0.481475 0.701165 0.5043650000000001 0.701165 0.5043650000000001 0.6845749999999999
10 0.9956099999999999 0.618515 0.9780300000000001 0.618515 0.9780300000000001 0.636365 0.9956099999999999 0.636365 0.9956099999999999 0.618515
10 0.30253 0.47311 0.28341 0.47311 0.28341 0.49223 0.30253 0.49223 0.30253 0.47311
10 0.92918 0.47047 0.9048 0.47047 0.9048 0.49389000000000005 0.92918 0.49389000000000005 0.92918 0.47047
10 0.874875 0.501565 0.8595050000000001 0.501565 0.8595050000000001 0.516015 0.874875 0.516015 0.874875 0.501565
10 0.39361999999999997 0.553085 0.3847 0.553085 0.3847 0.561175 0.39361999999999997 0.561175 0.39361999999999997 0.553085
10 0.141215 0.631485 0.11048500000000001 0.631485 0.11048500000000001 0.668315 0.141215 0.668315 0.141215 0.631485
10 0.34018000000000004 0.515825 0.2814 0.515825 0.2814 0.553515 0.34018000000000004 0.553515 0.34018000000000004 0.515825
10 0.488865 0.44486499999999995 0.436435 0.44486499999999995 0.436435 0.496535 0.488865 0.496535 0.488865 0.44486499999999995
10 0.4109 0.65595 0.39672 0.65595 0.39672 0.66437 0.4109 0.66437 0.4109 0.65595
10 0.15728999999999999 0.622945 0.14495 0.622945 0.14495 0.633895 0.15728999999999999 0.633895 0.15728999999999999 0.622945
10 0.11584000000000001 0.55776 0.0957 0.55776 0.0957 0.5779799999999999 0.11584000000000001 0.5779799999999999 0.11584000000000001 0.55776
10 0.03196 0.475425 0.01848 0.475425 0.01848 0.48551500000000003 0.03196 0.48551500000000003 0.03196 0.475425
10 0.841975 0.675255 0.8269650000000001 0.675255 0.8269650000000001 0.688025 0.841975 0.688025 0.841975 0.675255
10 0.86305 0.474465 0.84399 0.474465 0.84399 0.488915 0.86305 0.488915 0.86305 0.474465
10 0.9061349999999999 0.58866 0.881945 0.58866 0.881945 0.6125200000000001 0.9061349999999999 0.6125200000000001 0.9061349999999999 0.58866
10 0.45026 0.530355 0.44036 0.530355 0.44036 0.540925 0.45026 0.540925 0.45026 0.530355
10 0.34470999999999996 0.462465 0.33009 0.462465 0.33009 0.47307499999999997 0.34470999999999996 0.47307499999999997 0.34470999999999996 0.462465
10 0.584055 0.4835 0.569265 0.4835 0.569265 0.49356 0.584055 0.49356 0.584055 0.4835
10 0.49450500000000003 0.565465 0.483035 0.565465 0.483035 0.574175 0.49450500000000003 0.574175 0.49450500000000003 0.565465
10 0.734645 0.454775 0.714575 0.454775 0.714575 0.472965 0.734645 0.472965 0.734645 0.454775
10 0.21938 0.339215 0.19541999999999998 0.339215 0.19541999999999998 0.34974500000000003 0.21938 0.34974500000000003 0.21938 0.339215
10 0.053935 0.59074 0.017165 0.59074 0.017165 0.63386 0.053935 0.63386 0.053935 0.59074
10 0.7579049999999999 0.501225 0.744055 0.501225 0.744055 0.513415 0.7579049999999999 0.513415 0.7579049999999999 0.501225
10 0.521455 0.52283 0.511745 0.52283 0.511745 0.53185 0.521455 0.53185 0.521455 0.52283
10 0.35675500000000004 0.45355999999999996 0.327825 0.45355999999999996 0.327825 0.47808 0.35675500000000004 0.47808 0.35675500000000004 0.45355999999999996
10 0.9911300000000001 0.41752 0.98153 0.41752 0.98153 0.42868000000000006 0.9911300000000001 0.42868000000000006 0.9911300000000001 0.41752
10 0.10122500000000001 0.479835 0.073955 0.479835 0.073955 0.491845 0.10122500000000001 0.491845 0.10122500000000001 0.479835
10 0.31006 0.53092 0.29003999999999996 0.53092 0.29003999999999996 0.55698 0.31006 0.55698 0.31006 0.53092
10 0.38608 0.62771 0.37808 0.62771 0.37808 0.63597 0.38608 0.63597 0.38608 0.62771
10 0.524 0.33411 0.5062800000000001 0.33411 0.5062800000000001 0.34607 0.524 0.34607 0.524 0.33411
10 0.064945 0.420845 0.044055 0.420845 0.044055 0.431215 0.064945 0.431215 0.064945 0.420845
10 0.7271099999999999 0.290755 0.7162499999999999 0.290755 0.7162499999999999 0.298105 0.7271099999999999 0.298105 0.7271099999999999 0.290755
10 0.34934 0.45444500000000004 0.34158 0.45444500000000004 0.34158 0.462055 0.34934 0.462055 0.34934 0.45444500000000004
10 0.37360000000000004 0.47363999999999995 0.3637 0.47363999999999995 0.3637 0.47948 0.37360000000000004 0.47948 0.37360000000000004 0.47363999999999995
10 0.08847000000000001 0.43187499999999995 0.08047 0.43187499999999995 0.08047 0.439225 0.08847000000000001 0.439225 0.08847000000000001 0.43187499999999995
9 0 0.654 0.056999999999999995 0.6719999999999999 0.209 0.705 0.33399999999999996 0.717 0.43099999999999994 0.732 0.5900000000000001 0.745 0.65 0.746 0.75 0.735 0.8220000000000001 0.736 0.898 0.722 0.999 0.7110000000000001 0.999 0.339 0.986 0.333 0.892 0.308 0.759 0.28900000000000003 0.5955 0.303 0.525 0.302 0.51 0.317 0.508 0.32799999999999996 0.462 0.32799999999999996 0.45599999999999996 0.32599999999999996 0.45 0.317 0.442 0.316 0.422 0.319 0.385 0.33399999999999996 0.344 0.34500000000000003 0.309 0.35 0.25 0.35 0.188 0.343 0.15 0.351 0.074 0.381 0 0.383 0 0.654