10 0.58572 0.49857500000000005 0.55286 0.49857500000000005 0.55286 0.522145 0.58572 0.522145 0.58572 0.49857500000000005
10 0.27714500000000003 0.44285500000000005 0.23285499999999998 0.44285500000000005 0.23285499999999998 0.472145 0.27714500000000003 0.472145 0.27714500000000003 0.44285500000000005
10 0.102855 0.551435 0.068565 0.551435 0.068565 0.5821449999999999 0.102855 0.5821449999999999 0.102855 0.551435
10 0.982155 0.588565 0.955345 0.588565 0.955345 0.6116349999999999 0.982155 0.6116349999999999 0.982155 0.588565
10 0.23956 0.456855 0.21844000000000002 0.456855 0.21844000000000002 0.475765 0.23956 0.475765 0.23956 0.456855
10 0.46377499999999994 0.44541000000000003 0.448825 0.44541000000000003 0.448825 0.46181 0.46377499999999994 0.46181 0.46377499999999994 0.44541000000000003
10 0.8929199999999999 0.5142450000000001 0.8815 0.5142450000000001 0.8815 0.524815 0.8929199999999999 0.524815 0.8929199999999999 0.5142450000000001
10 0.20073 0.44736000000000004 0.18623 0.44736000000000004 0.18623 0.46083999999999997 0.20073 0.46083999999999997 0.20073 0.44736000000000004
10 0.16508499999999998 0.5822849999999999 0.15107500000000001 0.5822849999999999 0.15107500000000001 0.5954550000000001 0.16508499999999998 0.5954550000000001 0.16508499999999998 0.5822849999999999
10 0.083475 0.42621000000000003 0.072405 0.42621000000000003 0.072405 0.43707 0.083475 0.43707 0.083475 0.42621000000000003
10 0.155485 0.46837 0.141635 0.46837 0.141635 0.48085000000000006 0.155485 0.48085000000000006 0.155485 0.46837
10 0.110995 0.4424 0.09836500000000001 0.4424 0.09836500000000001 0.45702 0.110995 0.45702 0.110995 0.4424
10 0.7019949999999999 0.694545 0.676905 0.694545 0.676905 0.7126750000000001 0.7019949999999999 0.7126750000000001 0.7019949999999999 0.694545
10 0.992195 0.6631549999999999 0.977525 0.6631549999999999 0.977525 0.678645 0.992195 0.678645 0.992195 0.6631549999999999
10 0.5333300000000001 0.647865 0.5184300000000001 0.647865 0.5184300000000001 0.6607350000000001 0.5333300000000001 0.6607350000000001 0.5333300000000001 0.647865
10 0.09679499999999999 0.5112 0.081785 0.5112 0.081785 0.52494 0.09679499999999999 0.52494 0.09679499999999999 0.5112
10 0.05342 0.41442500000000004 0.03936 0.41442500000000004 0.03936 0.427855 0.05342 0.427855 0.05342 0.41442500000000004
10 0.13447 0.508715 0.12213 0.508715 0.12213 0.520585 0.13447 0.520585 0.13447 0.508715
10 0.208635 0.59215 0.197125 0.59215 0.197125 0.60121 0.208635 0.60121 0.208635 0.59215
10 0.022765 0.40213 0.008315 0.40213 0.008315 0.42111 0.022765 0.42111 0.022765 0.40213
10 0.23679 0.66379 0.22171 0.66379 0.22171 0.67313 0.23679 0.67313 0.23679 0.66379
10 0.43169500000000005 0.423595 0.419865 0.423595 0.419865 0.43528500000000003 0.43169500000000005 0.43528500000000003 0.43169500000000005 0.423595
10 0.23673000000000002 0.606205 0.22371 0.606205 0.22371 0.616455 0.23673000000000002 0.616455 0.23673000000000002 0.606205
10 0.39295 0.6195299999999999 0.36924999999999997 0.6195299999999999 0.36924999999999997 0.63437 0.39295 0.63437 0.39295 0.6195299999999999
10 0.909815 0.554545 0.9007250000000001 0.554545 0.9007250000000001 0.562635 0.909815 0.562635 0.909815 0.554545
10 0.66663 0.6097699999999999 0.6517299999999999 0.6097699999999999 0.6517299999999999 0.62655 0.66663 0.62655 0.66663 0.6097699999999999
10 0.32688 0.591305 0.30935999999999997 0.591305 0.30935999999999997 0.603035 0.32688 0.603035 0.32688 0.591305
10 0.076595 0.39439 0.064025 0.39439 0.064025 0.40686999999999995 0.076595 0.40686999999999995 0.076595 0.39439
10 0.403465 0.5969249999999999 0.389015 0.5969249999999999 0.389015 0.612055 0.403465 0.612055 0.403465 0.5969249999999999
10 0.54859 0.66673 0.53441 0.66673 0.53441 0.67897 0.54859 0.67897 0.54859 0.66673
10 0.897915 0.692365 0.8765050000000001 0.692365 0.8765050000000001 0.705095 0.897915 0.705095 0.897915 0.692365
10 0.153315 0.6123350000000001 0.141125 0.6123350000000001 0.141125 0.624965 0.153315 0.624965 0.153315 0.6123350000000001
10 0.51517 0.5883149999999999 0.50143 0.5883149999999999 0.50143 0.602105 0.51517 0.602105 0.51517 0.5883149999999999
10 0.431955 0.6294500000000001 0.419125 0.6294500000000001 0.419125 0.64105 0.431955 0.64105 0.431955 0.6294500000000001
10 0.21254499999999998 0.400345 0.20151500000000003 0.400345 0.20151500000000003 0.41167499999999996 0.21254499999999998 0.41167499999999996 0.21254499999999998 0.400345
10 0.8171900000000001 0.6533599999999999 0.8009700000000001 0.6533599999999999 0.8009700000000001 0.6689 0.8171900000000001 0.6689 0.8171900000000001 0.6533599999999999
10 0.317605 0.50163 0.296155 0.50163 0.296155 0.5188699999999999 0.317605 0.5188699999999999 0.317605 0.50163
10 0.8165850000000001 0.506645 0.806455 0.506645 0.806455 0.5148349999999999 0.8165850000000001 0.5148349999999999 0.8165850000000001 0.506645
10 0.439925 0.5929599999999999 0.427255 0.5929599999999999 0.427255 0.60724 0.439925 0.60724 0.439925 0.5929599999999999
10 0.550615 0.69931 0.532385 0.69931 0.532385 0.71279 0.550615 0.71279 0.550615 0.69931
10 0.96585 0.71458 0.94723 0.71458 0.94723 0.7278 0.96585 0.7278 0.96585 0.71458
10 0.65303 0.710795 0.63897 0.710795 0.63897 0.724745 0.65303 0.724745 0.65303 0.710795
10 0.16029500000000002 0.39776500000000004 0.14976499999999998 0.39776500000000004 0.14976499999999998 0.407895 0.16029500000000002 0.407895 0.16029500000000002 0.39776500000000004
10 0.21780499999999997 0.56495 0.194295 0.56495 0.194295 0.59033 0.21780499999999997 0.59033 0.21780499999999997 0.56495
10 0.88229 0.658625 0.86381 0.658625 0.86381 0.673415 0.88229 0.673415 0.88229 0.658625
10 0.5326150000000001 0.410875 0.517185 0.410875 0.517185 0.42116499999999996 0.5326150000000001 0.42116499999999996 0.5326150000000001 0.410875
10 0.302085 0.48861499999999997 0.291675 0.48861499999999997 0.291675 0.49918500000000005 0.302085 0.49918500000000005 0.302085 0.48861499999999997
10 0.710325 0.555495 0.695935 0.555495 0.695935 0.567545 0.710325 0.567545 0.710325 0.555495
10 0.16673500000000002 0.51676 0.154545 0.51676 0.154545 0.52914 0.16673500000000002 0.52914 0.16673500000000002 0.51676
10 0.57294 0.563465 0.56182 0.563465 0.56182 0.572275 0.57294 0.572275 0.57294 0.563465
10 0.298565 0.54073 0.280055 0.54073 0.280055 0.5608299999999999 0.298565 0.5608299999999999 0.298565 0.54073
10 0.641435 0.50732 0.631025 0.50732 0.631025 0.5171 0.641435 0.5171 0.641435 0.50732
10 0.42153 0.47079000000000004 0.40804999999999997 0.47079000000000004 0.40804999999999997 0.48039 0.42153 0.48039 0.42153 0.47079000000000004
10 0.73871 0.730205 0.71929 0.730205 0.71929 0.740495 0.73871 0.740495 0.73871 0.730205
10 0.576145 0.696915 0.543975 0.696915 0.543975 0.718125 0.576145 0.718125 0.576145 0.696915
10 0.70262 0.6683749999999999 0.688 0.6683749999999999 0.688 0.678305 0.70262 0.678305 0.70262 0.6683749999999999
10 0.94708 0.5258149999999999 0.9269399999999999 0.5258149999999999 0.9269399999999999 0.539605 0.94708 0.539605 0.94708 0.5258149999999999
10 0.856325 0.60088 0.8292149999999999 0.60088 0.8292149999999999 0.6169 0.856325 0.6169 0.856325 0.60088
10 0.421285 0.671865 0.40927499999999994 0.671865 0.40927499999999994 0.686535 0.421285 0.686535 0.421285 0.671865
10 0.865645 0.62113 0.8531150000000001 0.62113 0.8531150000000001 0.63277 0.865645 0.63277 0.865645 0.62113
10 0.524585 0.6254649999999999 0.506675 0.6254649999999999 0.506675 0.641135 0.524585 0.641135 0.524585 0.6254649999999999
10 0.404705 0.50114 0.383375 0.50114 0.383375 0.5223 0.404705 0.5223 0.404705 0.50114
10 0.208445 0.360635 0.195615 0.360635 0.195615 0.36982499999999996 0.208445 0.36982499999999996 0.208445 0.360635
10 0.7673 0.49756999999999996 0.74832 0.49756999999999996 0.74832 0.51219 0.7673 0.51219 0.7673 0.49756999999999996
9 0 0.592 0.036 0.623 0.068 0.644 0.094 0.655 0.162 0.669 0.301 0.673 0.34900000000000003 0.6799999999999999 0.40800000000000003 0.704 0.465 0.72 0.495 0.7230000000000001 0.577 0.721 0.666 0.741 0.722 0.741 0.782 0.728 0.8720000000000001 0.7230000000000001 0.96 0.735 0.999 0.735 0.9970000000000001 0.516 0.9359999999999999 0.509 0.897 0.49800000000000005 0.834 0.495 0.775 0.48 0.732 0.487 0.7 0.484 0.627 0.44699999999999995 0.576 0.434 0.5 0.40499999999999997 0.46299999999999997 0.399 0.41 0.382 0.378 0.376 0.33999999999999997 0.376 0.24700000000000003 0.361 0.161 0.357 0.11100000000000002 0.362 0.049 0.374 0.004 0.392 0 0.395 0 0.592