10 0.9119550000000001 0.545145 0.8807449999999999 0.545145 0.8807449999999999 0.581635 0.9119550000000001 0.581635 0.9119550000000001 0.545145
10 0.2311 0.5578000000000001 0.21469999999999997 0.5578000000000001 0.21469999999999997 0.57794 0.2311 0.57794 0.2311 0.5578000000000001
10 0.539635 0.32621 0.517985 0.32621 0.517985 0.34615 0.539635 0.34615 0.539635 0.32621
10 0.7241500000000001 0.5846549999999999 0.70651 0.5846549999999999 0.70651 0.6028450000000001 0.7241500000000001 0.6028450000000001 0.7241500000000001 0.5846549999999999
10 0.728805 0.6322650000000001 0.705775 0.6322650000000001 0.705775 0.6460549999999999 0.728805 0.6460549999999999 0.728805 0.6322650000000001
10 0.751745 0.48235 0.728715 0.48235 0.728715 0.50545 0.751745 0.50545 0.751745 0.48235
10 0.879975 0.58239 0.853425 0.58239 0.853425 0.60511 0.879975 0.60511 0.879975 0.58239
10 0.02037 0.5748800000000001 0.00143 0.5748800000000001 0.00143 0.59212 0.02037 0.59212 0.02037 0.5748800000000001
10 0.14758 0.461055 0.13 0.461055 0.13 0.47448499999999993 0.14758 0.47448499999999993 0.14758 0.461055
10 0.599415 0.594475 0.578325 0.594475 0.578325 0.611585 0.599415 0.611585 0.599415 0.594475
10 0.8427149999999999 0.45616500000000004 0.8193849999999999 0.45616500000000004 0.8193849999999999 0.474995 0.8427149999999999 0.474995 0.8427149999999999 0.45616500000000004
10 0.850985 0.441875 0.831635 0.441875 0.831635 0.457545 0.850985 0.457545 0.850985 0.441875
10 0.274 0.636145 0.25432 0.636145 0.25432 0.6558550000000001 0.274 0.6558550000000001 0.274 0.636145
10 0.932785 0.611625 0.914875 0.611625 0.914875 0.6325149999999999 0.932785 0.6325149999999999 0.932785 0.611625
10 0.853735 0.36656 0.8308450000000001 0.36656 0.8308450000000001 0.3849 0.853735 0.3849 0.853735 0.36656
10 0.8038449999999999 0.45855499999999993 0.785995 0.45855499999999993 0.785995 0.47356499999999996 0.8038449999999999 0.47356499999999996 0.8038449999999999 0.45855499999999993
10 0.133245 0.56257 0.118455 0.56257 0.118455 0.57707 0.133245 0.57707 0.133245 0.56257
10 0.157605 0.518625 0.143655 0.518625 0.143655 0.534115 0.157605 0.534115 0.157605 0.518625
10 0.87259 0.65511 0.85397 0.65511 0.85397 0.67107 0.87259 0.67107 0.87259 0.65511
10 0.85115 0.539455 0.83537 0.539455 0.83537 0.560145 0.85115 0.560145 0.85115 0.539455
10 0.36607 0.555435 0.35023 0.555435 0.35023 0.574445 0.36607 0.574445 0.36607 0.555435
10 0.8412750000000001 0.66054 0.8247450000000001 0.66054 0.8247450000000001 0.67638 0.8412750000000001 0.67638 0.8412750000000001 0.66054
10 0.44906499999999994 0.6395500000000001 0.436195 0.6395500000000001 0.436195 0.65733 0.44906499999999994 0.65733 0.44906499999999994 0.6395500000000001
10 0.084775 0.561025 0.069645 0.561025 0.069645 0.5747150000000001 0.084775 0.5747150000000001 0.084775 0.561025
10 0.357775 0.42532 0.339005 0.42532 0.339005 0.44236000000000003 0.357775 0.44236000000000003 0.357775 0.42532
10 0.36982 0.31831 0.35087999999999997 0.31831 0.35087999999999997 0.33403 0.36982 0.33403 0.36982 0.31831
10 0.430455 0.43043 0.410845 0.43043 0.410845 0.44603000000000004 0.430455 0.44603000000000004 0.430455 0.43043
10 0.29596 0.456515 0.28362 0.456515 0.28362 0.46780499999999997 0.29596 0.46780499999999997 0.29596 0.456515
10 0.467535 0.671345 0.438725 0.671345 0.438725 0.696815 0.467535 0.696815 0.467535 0.671345
10 0.346555 0.46355500000000005 0.332165 0.46355500000000005 0.332165 0.47638499999999995 0.346555 0.47638499999999995 0.346555 0.46355500000000005
10 0.25244 0.561565 0.21924000000000002 0.561565 0.21924000000000002 0.582975 0.25244 0.582975 0.25244 0.561565
10 0.356625 0.5779099999999999 0.341135 0.5779099999999999 0.341135 0.59299 0.356625 0.59299 0.356625 0.5779099999999999
10 0.470995 0.38519000000000003 0.45234500000000005 0.38519000000000003 0.45234500000000005 0.39947 0.470995 0.39947 0.470995 0.38519000000000003
10 0.35114 0.40064500000000003 0.3388 0.40064500000000003 0.3388 0.412335 0.35114 0.412335 0.35114 0.40064500000000003
10 0.31063 0.68071 0.29435 0.68071 0.29435 0.69625 0.31063 0.69625 0.31063 0.68071
10 1 0.55733 0.9711399999999999 0.55733 0.9711399999999999 0.5832900000000001 1 0.5832900000000001 1 0.55733
10 0.011425000000000001 0.46004500000000004 0.00039500000000000006 0.46004500000000004 0.00039500000000000006 0.47257499999999997 0.011425000000000001 0.47257499999999997 0.011425000000000001 0.46004500000000004
10 0.6900000000000001 0.43149499999999996 0.67328 0.43149499999999996 0.67328 0.44594500000000004 0.6900000000000001 0.44594500000000004 0.6900000000000001 0.43149499999999996
10 0.57036 0.36475 0.54878 0.36475 0.54878 0.38233 0.57036 0.38233 0.57036 0.36475
10 0.9034800000000001 0.49870000000000003 0.88656 0.49870000000000003 0.88656 0.51498 0.9034800000000001 0.51498 0.9034800000000001 0.49870000000000003
10 0.87497 0.6192249999999999 0.8515900000000001 0.6192249999999999 0.8515900000000001 0.631755 0.87497 0.631755 0.87497 0.6192249999999999
10 0.572525 0.443545 0.562235 0.443545 0.562235 0.453915 0.572525 0.453915 0.572525 0.443545
10 0.49835 0.443935 0.48993000000000003 0.443935 0.48993000000000003 0.454505 0.49835 0.454505 0.49835 0.443935
10 0.48336499999999993 0.4875 0.47121500000000005 0.4875 0.47121500000000005 0.49688 0.48336499999999993 0.49688 0.48336499999999993 0.4875
10 0.528335 0.660875 0.513665 0.660875 0.513665 0.677985 0.528335 0.677985 0.528335 0.660875
10 0.26871999999999996 0.328905 0.22224 0.328905 0.22224 0.358115 0.26871999999999996 0.358115 0.26871999999999996 0.328905
10 0.39808 0.69883 0.36804000000000003 0.69883 0.36804000000000003 0.71231 0.39808 0.71231 0.39808 0.69883
10 0.99423 0.52541 0.96867 0.52541 0.96867 0.5361100000000001 0.99423 0.5361100000000001 0.99423 0.52541
10 0.59772 0.48031499999999994 0.58782 0.48031499999999994 0.58782 0.490885 0.59772 0.490885 0.59772 0.48031499999999994
10 0.48028000000000004 0.36946 0.44989999999999997 0.36946 0.44989999999999997 0.39274 0.48028000000000004 0.39274 0.48028000000000004 0.36946
10 0.965215 0.42753500000000005 0.9058849999999999 0.42753500000000005 0.9058849999999999 0.481645 0.965215 0.481645 0.965215 0.42753500000000005
10 0.307395 0.43233 0.280985 0.43233 0.280985 0.45879000000000003 0.307395 0.45879000000000003 0.307395 0.43233
10 0.8201449999999999 0.5191250000000001 0.776535 0.5191250000000001 0.776535 0.540455 0.8201449999999999 0.540455 0.8201449999999999 0.5191250000000001
10 0.07969000000000001 0.64713 0.05885 0.64713 0.05885 0.66341 0.07969000000000001 0.66341 0.07969000000000001 0.64713
10 0.91346 0.473545 0.90588 0.473545 0.90588 0.481035 0.91346 0.481035 0.91346 0.473545
10 0.55876 0.63008 0.54964 0.63008 0.54964 0.6394599999999999 0.55876 0.6394599999999999 0.55876 0.63008
10 0.38187000000000004 0.53895 0.36521 0.53895 0.36521 0.56945 0.38187000000000004 0.56945 0.38187000000000004 0.53895
10 0.20360499999999998 0.43133999999999995 0.162615 0.43133999999999995 0.162615 0.46172 0.20360499999999998 0.46172 0.20360499999999998 0.43133999999999995
10 0.92073 0.434535 0.9093500000000001 0.434535 0.9093500000000001 0.443385 0.92073 0.443385 0.92073 0.434535
10 0.9514250000000001 0.43320499999999995 0.944075 0.43320499999999995 0.944075 0.44471499999999997 0.9514250000000001 0.44471499999999997 0.9514250000000001 0.43320499999999995
10 0.9965949999999999 0.61394 0.981925 0.61394 0.981925 0.62532 0.9965949999999999 0.62532 0.9965949999999999 0.61394
10 0.12795 0.1646 0.11937 0.1646 0.11937 0.17206 0.12795 0.17206 0.12795 0.1646
10 0.142255 0.343275 0.128245 0.343275 0.128245 0.35496500000000003 0.142255 0.35496500000000003 0.142255 0.343275
10 0.61894 0.49961500000000003 0.59884 0.49961500000000003 0.59884 0.510145 0.61894 0.510145 0.61894 0.49961500000000003
10 0.251865 0.665305 0.20883500000000002 0.665305 0.20883500000000002 0.695055 0.251865 0.695055 0.251865 0.665305
10 0.788045 0.332615 0.731495 0.332615 0.731495 0.400305 0.788045 0.400305 0.788045 0.332615
10 0.230295 0.32522 0.193525 0.32522 0.193525 0.33592 0.230295 0.33592 0.230295 0.32522
10 0.12761499999999998 0.530555 0.11958500000000001 0.530555 0.11958500000000001 0.540725 0.12761499999999998 0.540725 0.12761499999999998 0.530555
10 0.174755 0.596815 0.164105 0.596815 0.164105 0.605325 0.174755 0.605325 0.174755 0.596815
10 0.678955 0.5571349999999999 0.668705 0.5571349999999999 0.668705 0.5678650000000001 0.678955 0.5678650000000001 0.678955 0.5571349999999999
10 0.028399999999999998 0.622555 0.000059999999999999995 0.622555 0.000059999999999999995 0.666505 0.028399999999999998 0.666505 0.028399999999999998 0.622555
10 0.35982 0.5401900000000001 0.35209999999999997 0.5401900000000001 0.35209999999999997 0.54867 0.35982 0.54867 0.35982 0.5401900000000001
10 0.47220000000000006 0.694585 0.42624000000000006 0.694585 0.42624000000000006 0.709715 0.47220000000000006 0.709715 0.47220000000000006 0.694585
9 0.028999999999999998 0.655 0.036 0.651 0.039 0.662 0.101 0.661 0.137 0.671 0.145 0.669 0.151 0.675 0.157 0.674 0.184 0.6849999999999999 0.191 0.6839999999999999 0.2 0.6900000000000001 0.28500000000000003 0.7030000000000001 0.44299999999999995 0.7110000000000001 0.485 0.706 0.5780000000000001 0.6839999999999999 0.623 0.682 0.709 0.688 0.778 0.688 0.859 0.678 0.923 0.658 0.999 0.618 0.999 0.461 0.953 0.422 0.8619999999999999 0.369 0.8099999999999999 0.343 0.744 0.32 0.666 0.31 0.583 0.311 0.51 0.3 0.429 0.29900000000000004 0.367 0.306 0.292 0.32599999999999996 0.227 0.327 0.183 0.333 0.094 0.329 0.028000000000000004 0.339 0.005 0.34700000000000003 0 0.35 0.002 0.653 0.023 0.651 0.028999999999999998 0.655