10 0.521425 0.40143000000000006 0.499995 0.40143000000000006 0.499995 0.43643 0.521425 0.43643 0.521425 0.40143000000000006
10 0.8860300000000001 0.476905 0.8678699999999999 0.476905 0.8678699999999999 0.491355 0.8860300000000001 0.491355 0.8860300000000001 0.476905
10 0.8893449999999999 0.504035 0.874335 0.504035 0.874335 0.519405 0.8893449999999999 0.519405 0.8893449999999999 0.504035
10 0.74658 0.46036 0.729 0.46036 0.729 0.47714 0.74658 0.47714 0.74658 0.46036
10 0.93154 0.53768 0.9151400000000001 0.53768 0.9151400000000001 0.55608 0.93154 0.55608 0.93154 0.53768
10 0.718295 0.41655 0.705525 0.41655 0.705525 0.43257 0.718295 0.43257 0.718295 0.41655
10 0.43187499999999995 0.31345999999999996 0.42018500000000003 0.31345999999999996 0.42018500000000003 0.32667999999999997 0.43187499999999995 0.32667999999999997 0.43187499999999995 0.31345999999999996
10 0.8363799999999999 0.42285500000000004 0.8159599999999999 0.42285500000000004 0.8159599999999999 0.437985 0.8363799999999999 0.437985 0.8363799999999999 0.42285500000000004
10 0.23410000000000003 0.44205500000000003 0.21902 0.44205500000000003 0.21902 0.451005 0.23410000000000003 0.451005 0.23410000000000003 0.44205500000000003
10 0.8083199999999999 0.407595 0.79128 0.407595 0.79128 0.42296500000000004 0.8083199999999999 0.42296500000000004 0.8083199999999999 0.407595
10 0.533075 0.330425 0.520645 0.330425 0.520645 0.342435 0.533075 0.342435 0.533075 0.330425
10 0.6876249999999999 0.483955 0.667835 0.483955 0.667835 0.499445 0.6876249999999999 0.499445 0.6876249999999999 0.483955
10 0.19724 0.40964 0.18216000000000002 0.40964 0.18216000000000002 0.4263 0.19724 0.4263 0.19724 0.40964
10 0.9484299999999999 0.44382 0.92949 0.44382 0.92949 0.45998 0.9484299999999999 0.45998 0.9484299999999999 0.44382
10 0.17686 0.3473 0.15614 0.3473 0.15614 0.36022 0.17686 0.36022 0.17686 0.3473
10 0.279265 0.511855 0.262735 0.511855 0.262735 0.524285 0.279265 0.524285 0.279265 0.511855
10 0.48752000000000006 0.437015 0.4744 0.437015 0.4744 0.447745 0.48752000000000006 0.447745 0.48752000000000006 0.437015
10 0.90851 0.49539 0.8883699999999999 0.49539 0.8883699999999999 0.51047 0.90851 0.51047 0.90851 0.49539
10 0.34758 0.52683 0.32674 0.52683 0.32674 0.54349 0.34758 0.54349 0.34758 0.52683
10 0.619715 0.389245 0.598065 0.389245 0.598065 0.40177500000000005 0.619715 0.40177500000000005 0.619715 0.389245
10 0.39845 0.495895 0.38427 0.495895 0.38427 0.506065 0.39845 0.506065 0.39845 0.495895
10 0.274215 0.310975 0.259485 0.310975 0.259485 0.322805 0.274215 0.322805 0.274215 0.310975
10 0.5034500000000001 0.640895 0.48581 0.640895 0.48581 0.653045 0.5034500000000001 0.653045 0.5034500000000001 0.640895
10 1 0.49437 0.9938549999999999 0.49437 0.9938549999999999 0.50855 1 0.50855 1 0.49437
10 0.6997150000000001 0.555465 0.685045 0.555465 0.685045 0.564655 0.6997150000000001 0.564655 0.6997150000000001 0.555465
10 0.21234999999999998 0.43562500000000004 0.19829000000000002 0.43562500000000004 0.19829000000000002 0.44669499999999995 0.21234999999999998 0.44669499999999995 0.21234999999999998 0.43562500000000004
10 0.6797850000000001 0.509195 0.669815 0.509195 0.669815 0.5191250000000001 0.6797850000000001 0.5191250000000001 0.6797850000000001 0.509195
10 0.5019750000000001 0.534195 0.48678499999999997 0.534195 0.48678499999999997 0.545885 0.5019750000000001 0.545885 0.5019750000000001 0.534195
10 0.60753 0.59519 0.59169 0.59519 0.59169 0.6050099999999999 0.60753 0.6050099999999999 0.60753 0.59519
10 0.28451499999999996 0.55191 0.270665 0.55191 0.270665 0.5662499999999999 0.28451499999999996 0.5662499999999999 0.28451499999999996 0.55191
10 0.44871999999999995 0.523765 0.43312 0.523765 0.43312 0.535815 0.44871999999999995 0.535815 0.44871999999999995 0.523765
10 0.9573600000000001 0.516005 0.94206 0.516005 0.94206 0.526955 0.9573600000000001 0.526955 0.9573600000000001 0.516005
10 0.478395 0.400745 0.464965 0.400745 0.464965 0.413715 0.478395 0.413715 0.478395 0.400745
10 0.553945 0.462025 0.530035 0.462025 0.530035 0.479875 0.553945 0.479875 0.553945 0.462025
10 0.406265 0.362235 0.391595 0.362235 0.391595 0.37556500000000004 0.406265 0.37556500000000004 0.406265 0.362235
10 0.30886 0.54453 0.2927 0.54453 0.2927 0.55801 0.30886 0.55801 0.30886 0.54453
10 0.5351049999999999 0.567195 0.525435 0.567195 0.525435 0.580265 0.5351049999999999 0.580265 0.5351049999999999 0.567195
10 0.9863250000000001 0.44776499999999997 0.9560549999999999 0.44776499999999997 0.9560549999999999 0.46775500000000003 0.9863250000000001 0.46775500000000003 0.9863250000000001 0.44776499999999997
10 0.49581 0.60372 0.48417000000000004 0.60372 0.48417000000000004 0.6121000000000001 0.49581 0.6121000000000001 0.49581 0.60372
10 0.059160000000000004 0.279605 0.046239999999999996 0.279605 0.046239999999999996 0.288275 0.059160000000000004 0.288275 0.059160000000000004 0.279605
10 0.44111 0.55503 0.42901 0.55503 0.42901 0.56509 0.44111 0.56509 0.44111 0.55503
10 0.66654 0.544555 0.6527999999999999 0.544555 0.6527999999999999 0.556025 0.66654 0.556025 0.66654 0.544555
10 0.51859 0.54295 0.50485 0.54295 0.50485 0.55373 0.51859 0.55373 0.51859 0.54295
10 0.446035 0.348005 0.405045 0.348005 0.405045 0.381975 0.446035 0.381975 0.446035 0.348005
10 0.8305 0.399835 0.81404 0.399835 0.81404 0.414625 0.8305 0.414625 0.8305 0.399835
10 0.10149999999999999 0.34487 0.08990000000000001 0.34487 0.08990000000000001 0.35435 0.10149999999999999 0.35435 0.10149999999999999 0.34487
10 0.46116 0.496255 0.4324 0.496255 0.4324 0.514485 0.46116 0.514485 0.46116 0.496255
10 0.363365 0.538795 0.345135 0.538795 0.345135 0.557885 0.363365 0.557885 0.363365 0.538795
10 0.47322 0.359705 0.46184000000000003 0.359705 0.46184000000000003 0.369795 0.47322 0.369795 0.47322 0.359705
10 0.51101 0.44377500000000003 0.49485 0.44377500000000003 0.49485 0.457105 0.51101 0.457105 0.51101 0.44377500000000003
10 0.572305 0.47055499999999995 0.557575 0.47055499999999995 0.557575 0.485505 0.572305 0.485505 0.572305 0.47055499999999995
10 0.559105 0.522165 0.543435 0.522165 0.543435 0.533495 0.559105 0.533495 0.559105 0.522165
10 0.35836 0.6004400000000001 0.34672000000000003 0.6004400000000001 0.34672000000000003 0.6105 0.35836 0.6105 0.35836 0.6004400000000001
10 0.385235 0.569175 0.37600500000000003 0.569175 0.37600500000000003 0.579265 0.385235 0.579265 0.385235 0.569175
10 0.45885999999999993 0.5415300000000001 0.44984 0.5415300000000001 0.44984 0.54929 0.45885999999999993 0.54929 0.45885999999999993 0.5415300000000001
10 0.42091500000000004 0.458975 0.393545 0.458975 0.393545 0.470705 0.42091500000000004 0.470705 0.42091500000000004 0.458975
10 0.528015 0.47112 0.5178849999999999 0.47112 0.5178849999999999 0.48102 0.528015 0.48102 0.528015 0.47112
10 0.46189 0.44062999999999997 0.44437 0.44062999999999997 0.44437 0.45049 0.46189 0.45049 0.46189 0.44062999999999997
10 0.422755 0.387845 0.404385 0.387845 0.404385 0.401215 0.422755 0.401215 0.422755 0.387845
10 0.47653 0.31684 0.46536999999999995 0.31684 0.46536999999999995 0.3277 0.47653 0.3277 0.47653 0.31684
10 0.49544499999999997 0.521225 0.48551500000000003 0.521225 0.48551500000000003 0.528575 0.49544499999999997 0.528575 0.49544499999999997 0.521225
9 0 0.346 0.026000000000000002 0.357 0.033 0.373 0.078 0.418 0.158 0.517 0.21600000000000003 0.564 0.365 0.636 0.46699999999999997 0.655 0.514 0.658 0.5780000000000001 0.64 0.609 0.625 0.639 0.621 0.692 0.593 0.725 0.592 0.749 0.6 0.78 0.602 0.826 0.591 0.8789999999999999 0.603 0.8880000000000001 0.612 0.9039999999999999 0.613 0.908 0.612 0.9099999999999999 0.6 0.9189999999999999 0.5900000000000001 0.959 0.607 0.999 0.642 0.999 0.45599999999999996 0.8019999999999999 0.381 0.737 0.367 0.697 0.365 0.661 0.368 0.615 0.362 0.514 0.319 0.40099999999999997 0.3 0.366 0.3 0.315429 0.307 0.257 0.305 0.2 0.29900000000000004 0.096 0.27799999999999997 0.05500000000000001 0.27999999999999997 0.006 0.292 0 0.29500000000000004 0 0.346