10 0.22264499999999998 0.300395 0.190395 0.300395 0.190395 0.326945 0.22264499999999998 0.326945 0.22264499999999998 0.300395
10 0.325145 0.274205 0.30523500000000003 0.274205 0.30523500000000003 0.295615 0.325145 0.295615 0.325145 0.274205
10 0.573815 0.46353999999999995 0.5541050000000001 0.46353999999999995 0.5541050000000001 0.48226 0.573815 0.48226 0.573815 0.46353999999999995
10 0.25548000000000004 0.63567 0.2311 0.63567 0.2311 0.65339 0.25548000000000004 0.65339 0.25548000000000004 0.63567
10 0.33635000000000004 0.680995 0.30280999999999997 0.680995 0.30280999999999997 0.706705 0.33635000000000004 0.706705 0.33635000000000004 0.680995
10 0.16368 0.44828 0.14418 0.44828 0.14418 0.46676 0.16368 0.46676 0.16368 0.44828
10 0.25373 0.224775 0.22747 0.224775 0.22747 0.25544500000000003 0.25373 0.25544500000000003 0.25373 0.224775
10 0.455755 0.44869000000000003 0.427545 0.44869000000000003 0.427545 0.47465 0.455755 0.47465 0.455755 0.44869000000000003
10 0.268885 0.576615 0.248195 0.576615 0.248195 0.595265 0.268885 0.595265 0.268885 0.576615
10 0.682 0.462995 0.66566 0.462995 0.66566 0.476945 0.682 0.476945 0.682 0.462995
10 0.51484 0.363875 0.49786 0.363875 0.49786 0.37782499999999997 0.51484 0.37782499999999997 0.51484 0.363875
10 0.060085 0.5475 0.040555 0.5475 0.040555 0.5648 0.060085 0.5648 0.060085 0.5475
10 0.16702999999999998 0.67076 0.15011000000000002 0.67076 0.15011000000000002 0.68666 0.16702999999999998 0.68666 0.16702999999999998 0.67076
10 0.68214 0.439725 0.66258 0.439725 0.66258 0.45383500000000004 0.68214 0.45383500000000004 0.68214 0.439725
10 0.1153 0.731275 0.09368 0.731275 0.09368 0.755045 0.1153 0.755045 0.1153 0.731275
10 0.062450000000000006 0.24357 0.04515 0.24357 0.04515 0.25935 0.062450000000000006 0.25935 0.062450000000000006 0.24357
10 0.129185 0.37743000000000004 0.106415 0.37743000000000004 0.106415 0.39649 0.129185 0.39649 0.129185 0.37743000000000004
10 0.07481499999999999 0.49653 0.045605 0.49653 0.045605 0.52105 0.07481499999999999 0.52105 0.07481499999999999 0.49653
10 0.54575 0.732065 0.5157700000000001 0.732065 0.5157700000000001 0.7571950000000001 0.54575 0.7571950000000001 0.54575 0.732065
10 0.23118500000000003 0.5755950000000001 0.21241500000000002 0.5755950000000001 0.21241500000000002 0.595305 0.23118500000000003 0.595305 0.23118500000000003 0.5755950000000001
10 0.045774999999999996 0.18907000000000002 0.029185 0.18907000000000002 0.029185 0.20497 0.045774999999999996 0.20497 0.045774999999999996 0.18907000000000002
10 0.315785 0.305525 0.30139499999999997 0.305525 0.30139499999999997 0.319475 0.315785 0.319475 0.315785 0.305525
10 0.808645 0.618605 0.789995 0.618605 0.789995 0.637255 0.808645 0.637255 0.808645 0.618605
10 0.47196499999999997 0.646385 0.44845499999999994 0.646385 0.44845499999999994 0.670995 0.47196499999999997 0.670995 0.47196499999999997 0.646385
10 0.438295 0.384495 0.41034499999999996 0.384495 0.41034499999999996 0.404565 0.438295 0.404565 0.438295 0.384495
10 0.64568 0.520975 0.62288 0.520975 0.62288 0.536645 0.64568 0.536645 0.64568 0.520975
10 0.02256 0.33372 0.00702 0.33372 0.00702 0.35182 0.02256 0.35182 0.02256 0.33372
10 0.5342100000000001 0.343085 0.52047 0.343085 0.52047 0.356615 0.5342100000000001 0.356615 0.5342100000000001 0.343085
10 0.324335 0.24272 0.308965 0.24272 0.308965 0.25874 0.324335 0.25874 0.324335 0.24272
10 0.32323 0.441075 0.31203 0.441075 0.31203 0.45394500000000004 0.32323 0.45394500000000004 0.32323 0.441075
10 0.288845 0.7373700000000001 0.268275 0.7373700000000001 0.268275 0.75481 0.288845 0.75481 0.288845 0.7373700000000001
10 0.17898 0.5384599999999999 0.16258 0.5384599999999999 0.16258 0.55236 0.17898 0.55236 0.17898 0.5384599999999999
10 0.48125999999999997 0.324805 0.46698000000000006 0.324805 0.46698000000000006 0.340235 0.48125999999999997 0.340235 0.48125999999999997 0.324805
10 0.28437999999999997 0.249685 0.26884 0.249685 0.26884 0.264475 0.28437999999999997 0.264475 0.28437999999999997 0.249685
10 0.8526199999999999 0.5307999999999999 0.82218 0.5307999999999999 0.82218 0.54634 0.8526199999999999 0.54634 0.8526199999999999 0.5307999999999999
10 0.57499 0.405035 0.55489 0.405035 0.55489 0.42162499999999997 0.57499 0.42162499999999997 0.57499 0.405035
10 0.90852 0.521525 0.8854200000000001 0.521525 0.8854200000000001 0.5380550000000001 0.90852 0.5380550000000001 0.90852 0.521525
10 0.631845 0.443705 0.617175 0.443705 0.617175 0.459135 0.631845 0.459135 0.631845 0.443705
10 0.3641 0.46933499999999995 0.35172 0.46933499999999995 0.35172 0.484765 0.3641 0.484765 0.3641 0.46933499999999995
10 0.57369 0.380285 0.55913 0.380285 0.55913 0.39315500000000003 0.57369 0.39315500000000003 0.57369 0.380285
10 0.241655 0.34381 0.23172500000000001 0.34381 0.23172500000000001 0.35541 0.241655 0.35541 0.241655 0.34381
10 0.20798 0.43414 0.19290000000000002 0.43414 0.19290000000000002 0.45698 0.20798 0.45698 0.20798 0.43414
10 0.03014 0.5962850000000001 0.00318 0.5962850000000001 0.00318 0.6156349999999999 0.03014 0.6156349999999999 0.03014 0.5962850000000001
10 0.64097 0.7036450000000001 0.62367 0.7036450000000001 0.62367 0.720175 0.64097 0.720175 0.64097 0.7036450000000001
10 0.19205 0.770725 0.16805 0.770725 0.16805 0.7888550000000001 0.19205 0.7888550000000001 0.19205 0.770725
10 0.45183 0.7450249999999999 0.42903 0.7450249999999999 0.42903 0.757895 0.45183 0.757895 0.45183 0.7450249999999999
10 0.382815 0.213625 0.294925 0.213625 0.294925 0.25195500000000004 0.382815 0.25195500000000004 0.382815 0.213625
10 0.407665 0.78468 0.385795 0.78468 0.385795 0.7993 0.407665 0.7993 0.407665 0.78468
10 0.118435 0.78915 0.107145 0.78915 0.107145 0.79875 0.118435 0.79875 0.118435 0.78915
9 0.308 0.794 0.40199999999999997 0.805 0.45599999999999996 0.8039999999999999 0.584 0.787 0.647 0.771 0.671 0.759 0.6839999999999999 0.758 0.739 0.732 0.8320000000000001 0.661 0.9189999999999999 0.5780000000000001 0.953 0.5599999999999999 0.951 0.544 0.943 0.546 0.89 0.502 0.858 0.49000000000000005 0.8210000000000001 0.48200000000000004 0.779 0.46399999999999997 0.726 0.43099999999999994 0.645 0.372 0.557 0.323 0.49800000000000005 0.282 0.434 0.25 0.392 0.23500000000000001 0.32999999999999996 0.22000000000000003 0.24700000000000003 0.20800000000000002 0.153 0.17099999999999999 0.002 0.157 0 0.756 0.014000000000000002 0.763 0.11100000000000002 0.7889999999999999 0.308 0.794