10 0.47064500000000004 0.610425 0.427635 0.610425 0.427635 0.636155 0.47064500000000004 0.636155 0.47064500000000004 0.610425
10 0.83452 0.565095 0.8139200000000001 0.565095 0.8139200000000001 0.578465 0.83452 0.578465 0.83452 0.565095
10 0.57096 0.655035 0.55404 0.655035 0.55404 0.670165 0.57096 0.670165 0.57096 0.655035
10 0.5247200000000001 0.58431 0.51044 0.58431 0.51044 0.59733 0.5247200000000001 0.59733 0.5247200000000001 0.58431
10 0.41489000000000004 0.69355 0.39663 0.69355 0.39663 0.70977 0.41489000000000004 0.70977 0.41489000000000004 0.69355
10 0.59508 0.6117250000000001 0.57874 0.6117250000000001 0.57874 0.624595 0.59508 0.624595 0.59508 0.6117250000000001
10 0.22847499999999998 0.65149 0.218545 0.65149 0.218545 0.66003 0.22847499999999998 0.66003 0.22847499999999998 0.65149
10 0.47185499999999997 0.665445 0.461245 0.665445 0.461245 0.6753750000000001 0.47185499999999997 0.6753750000000001 0.47185499999999997 0.665445
10 0.34917 0.704925 0.33294999999999997 0.704925 0.33294999999999997 0.719875 0.34917 0.719875 0.34917 0.704925
10 0.54135 0.581185 0.52993 0.581185 0.52993 0.593615 0.54135 0.593615 0.54135 0.581185
10 0.71006 0.45713499999999996 0.69814 0.45713499999999996 0.69814 0.46766500000000005 0.71006 0.46766500000000005 0.71006 0.45713499999999996
10 0.05193 0.59762 0.02387 0.59762 0.02387 0.6221 0.05193 0.6221 0.05193 0.59762
10 0.51239 0.68548 0.46026999999999996 0.68548 0.46026999999999996 0.71198 0.51239 0.71198 0.51239 0.68548
10 0.62276 0.502055 0.6067400000000001 0.502055 0.6067400000000001 0.516505 0.62276 0.516505 0.62276 0.502055
10 0.5295099999999999 0.45223500000000005 0.51639 0.45223500000000005 0.51639 0.464765 0.5295099999999999 0.464765 0.5295099999999999 0.45223500000000005
10 0.853345 0.59816 0.842935 0.59816 0.842935 0.6079 0.853345 0.6079 0.853345 0.59816
10 0.44782500000000003 0.44461500000000004 0.438415 0.44461500000000004 0.438415 0.453325 0.44782500000000003 0.453325 0.44782500000000003 0.44461500000000004
10 0.194085 0.538805 0.183835 0.538805 0.183835 0.549095 0.194085 0.549095 0.194085 0.538805
10 0.6817249999999999 0.655835 0.667875 0.655835 0.667875 0.669365 0.6817249999999999 0.669365 0.6817249999999999 0.655835
10 0.682115 0.43027 0.669445 0.43027 0.669445 0.44033 0.682115 0.44033 0.682115 0.43027
10 0.919575 0.548585 0.905625 0.548585 0.905625 0.557855 0.919575 0.557855 0.919575 0.548585
10 0.845415 0.656165 0.836225 0.656165 0.836225 0.665115 0.845415 0.665115 0.845415 0.656165
10 0.7298199999999999 0.5101899999999999 0.7174400000000001 0.5101899999999999 0.7174400000000001 0.5200899999999999 0.7298199999999999 0.5200899999999999 0.7298199999999999 0.5101899999999999
10 0.8935150000000001 0.595255 0.876985 0.595255 0.876985 0.611785 0.8935150000000001 0.611785 0.8935150000000001 0.595255
10 0.511145 0.46765 0.49861500000000003 0.46765 0.49861500000000003 0.47961 0.511145 0.47961 0.511145 0.46765
10 0.617835 0.46884 0.607745 0.46884 0.607745 0.47648 0.617835 0.47648 0.617835 0.46884
10 0.97514 0.51378 0.91548 0.51378 0.91548 0.55556 0.97514 0.55556 0.97514 0.51378
10 0.582345 0.49820000000000003 0.569015 0.49820000000000003 0.569015 0.50962 0.582345 0.50962 0.582345 0.49820000000000003
10 0.9494199999999999 0.60561 0.9294800000000001 0.60561 0.9294800000000001 0.62583 0.9494199999999999 0.62583 0.9494199999999999 0.60561
10 0.936965 0.5243 0.927295 0.5243 0.927295 0.53136 0.936965 0.53136 0.936965 0.5243
10 0.6836949999999999 0.44631999999999994 0.674705 0.44631999999999994 0.674705 0.45748 0.6836949999999999 0.45748 0.6836949999999999 0.44631999999999994
10 0.42400000000000004 0.457315 0.41536 0.457315 0.41536 0.466505 0.42400000000000004 0.466505 0.42400000000000004 0.457315
10 0.7165600000000001 0.54779 0.70238 0.54779 0.70238 0.55865 0.7165600000000001 0.55865 0.7165600000000001 0.54779
10 0.8071249999999999 0.677235 0.790535 0.677235 0.790535 0.691905 0.8071249999999999 0.691905 0.8071249999999999 0.677235
10 0.50008 0.662965 0.4838 0.662965 0.4838 0.679815 0.50008 0.679815 0.50008 0.662965
10 0.774455 0.568785 0.7616850000000001 0.568785 0.7616850000000001 0.576715 0.774455 0.576715 0.774455 0.568785
10 0.6986 0.57279 0.6822600000000001 0.57279 0.6822600000000001 0.58443 0.6986 0.58443 0.6986 0.57279
10 0.85754 0.5196500000000001 0.8436400000000001 0.5196500000000001 0.8436400000000001 0.5291699999999999 0.85754 0.5291699999999999 0.85754 0.5196500000000001
10 0.31018 0.61642 0.30164 0.61642 0.30164 0.62576 0.31018 0.62576 0.31018 0.61642
10 0.5984499999999999 0.40496999999999994 0.5900299999999999 0.40496999999999994 0.5900299999999999 0.41193 0.5984499999999999 0.41193 0.5984499999999999 0.40496999999999994
10 0.5590550000000001 0.434915 0.549345 0.434915 0.549345 0.442525 0.5590550000000001 0.442525 0.5590550000000001 0.434915
10 0.84608 0.63667 0.8336 0.63667 0.8336 0.64653 0.84608 0.64653 0.84608 0.63667
10 0.36451 0.48034999999999994 0.35473 0.48034999999999994 0.35473 0.48888999999999994 0.36451 0.48888999999999994 0.36451 0.48034999999999994
10 0.39320499999999997 0.605385 0.382675 0.605385 0.382675 0.618255 0.39320499999999997 0.618255 0.39320499999999997 0.605385
10 0.56093 0.47277500000000006 0.55235 0.47277500000000006 0.55235 0.47936500000000004 0.56093 0.47936500000000004 0.56093 0.47277500000000006
10 0.7560399999999999 0.61233 0.74688 0.61233 0.74688 0.62009 0.7560399999999999 0.62009 0.7560399999999999 0.61233
10 0.824575 0.59456 0.8121449999999999 0.59456 0.8121449999999999 0.60758 0.824575 0.60758 0.824575 0.59456
10 0.39689 0.656925 0.38729 0.656925 0.38729 0.667295 0.39689 0.667295 0.39689 0.656925
10 0.736335 0.58403 0.721665 0.58403 0.721665 0.59859 0.736335 0.59859 0.736335 0.58403
10 0.86897 0.65701 0.84587 0.65701 0.84587 0.69455 0.86897 0.69455 0.86897 0.65701
10 0.44970499999999997 0.515025 0.419435 0.515025 0.419435 0.5435749999999999 0.44970499999999997 0.5435749999999999 0.44970499999999997 0.515025
10 0.577125 0.570255 0.563495 0.570255 0.563495 0.582085 0.577125 0.582085 0.577125 0.570255
10 0.65781 0.39087 0.64981 0.39087 0.64981 0.39721 0.65781 0.39721 0.65781 0.39087
10 0.46392 0.5527 0.44770000000000004 0.5527 0.44770000000000004 0.5664399999999999 0.46392 0.5664399999999999 0.46392 0.5527
10 0.627615 0.6892400000000001 0.5979650000000001 0.6892400000000001 0.5979650000000001 0.70432 0.627615 0.70432 0.627615 0.6892400000000001
10 0.84081 0.44694500000000004 0.82521 0.44694500000000004 0.82521 0.45589500000000005 0.84081 0.45589500000000005 0.84081 0.44694500000000004
10 0.251455 0.416065 0.239025 0.416065 0.239025 0.423295 0.251455 0.423295 0.251455 0.416065
10 0.35477 0.61833 0.34299 0.61833 0.34299 0.63949 0.35477 0.63949 0.35477 0.61833
10 0.978345 0.629545 0.9474349999999999 0.629545 0.9474349999999999 0.682955 0.978345 0.682955 0.978345 0.629545
10 0.814645 0.62598 0.806455 0.62598 0.806455 0.63476 0.814645 0.63476 0.814645 0.62598
10 0.480225 0.47546499999999997 0.427975 0.47546499999999997 0.427975 0.503055 0.480225 0.503055 0.480225 0.47546499999999997
10 0.120425 0.5764549999999999 0.110295 0.5764549999999999 0.110295 0.586625 0.120425 0.586625 0.120425 0.5764549999999999
10 0.309715 0.527815 0.303565 0.527815 0.303565 0.533705 0.309715 0.533705 0.309715 0.527815
9 0 0.647 0.064 0.6799999999999999 0.145 0.705 0.20800000000000002 0.716 0.351 0.724 0.40099999999999997 0.718 0.49000000000000005 0.716 0.657444 0.6990000000000001 0.773 0.7030000000000001 0.7969999999999999 0.709 0.865 0.712 0.999 0.6980000000000001 0.999 0.507 0.986 0.499 0.9349999999999999 0.488 0.8720000000000001 0.46699999999999997 0.796 0.43 0.754 0.414 0.727 0.41200000000000003 0.705 0.40199999999999997 0.5660000000000001 0.382 0.49000000000000005 0.382 0.441 0.396 0.372 0.40499999999999997 0.354 0.41100000000000003 0.21000000000000002 0.42300000000000004 0.121 0.437 0.052000000000000005 0.453 0.009 0.46900000000000003 0 0.47400000000000003 0 0.647