10 0.199345 0.32187 0.142855 0.32187 0.142855 0.39281 0.199345 0.39281 0.199345 0.32187
10 0.39136000000000004 0.31720000000000004 0.35718 0.31720000000000004 0.35718 0.34296000000000004 0.39136000000000004 0.34296000000000004 0.39136000000000004 0.31720000000000004
10 0.08641499999999999 0.38405 0.056764999999999996 0.38405 0.056764999999999996 0.40842999999999996 0.08641499999999999 0.40842999999999996 0.08641499999999999 0.38405
10 0.181595 0.33392499999999997 0.16142499999999999 0.33392499999999997 0.16142499999999999 0.352115 0.181595 0.352115 0.181595 0.33392499999999997
10 0.34655 0.39762 0.32435 0.39762 0.32435 0.41878000000000004 0.34655 0.41878000000000004 0.34655 0.39762
10 0.12425 0.42868000000000006 0.10647 0.42868000000000006 0.10647 0.4473 0.12425 0.4473 0.12425 0.42868000000000006
10 0.49406999999999995 0.360155 0.47175 0.360155 0.47175 0.382025 0.49406999999999995 0.382025 0.49406999999999995 0.360155
10 0.178095 0.574135 0.158565 0.574135 0.158565 0.597745 0.178095 0.597745 0.178095 0.574135
10 0.43621999999999994 0.42773000000000005 0.41486 0.42773000000000005 0.41486 0.44679 0.43621999999999994 0.44679 0.43621999999999994 0.42773000000000005
10 0.51573 0.567125 0.49501 0.567125 0.49501 0.584235 0.51573 0.584235 0.51573 0.567125
10 0.02092 0.34405 0.00532 0.34405 0.00532 0.36103 0.02092 0.36103 0.02092 0.34405
10 0.20573000000000002 0.47746000000000005 0.18855 0.47746000000000005 0.18855 0.49470000000000003 0.20573000000000002 0.49470000000000003 0.20573000000000002 0.47746000000000005
10 0.09847 0.69045 0.07413 0.69045 0.07413 0.71287 0.09847 0.71287 0.09847 0.69045
10 0.20248499999999997 0.41425999999999996 0.18179499999999998 0.41425999999999996 0.18179499999999998 0.43144 0.20248499999999997 0.43144 0.20248499999999997 0.41425999999999996
10 0.27401 0.33167 0.25871 0.33167 0.25871 0.34557000000000004 0.27401 0.34557000000000004 0.27401 0.33167
10 0.4166 0.35244 0.39638 0.35244 0.39638 0.37168 0.4166 0.37168 0.4166 0.35244
10 0.55351 0.354745 0.5343899999999999 0.354745 0.5343899999999999 0.371335 0.55351 0.371335 0.55351 0.354745
10 0.14604999999999999 0.25393 0.12983 0.25393 0.12983 0.27097000000000004 0.14604999999999999 0.27097000000000004 0.14604999999999999 0.25393
10 0.32049 0.42007500000000003 0.20831 0.42007500000000003 0.20831 0.495945 0.32049 0.495945 0.32049 0.42007500000000003
10 0.21000999999999997 0.45942999999999995 0.18549 0.45942999999999995 0.18549 0.48197 0.21000999999999997 0.48197 0.21000999999999997 0.45942999999999995
10 0.46127 0.68023 0.40933 0.68023 0.40933 0.71137 0.46127 0.71137 0.46127 0.68023
10 0.16772499999999999 0.42319500000000004 0.13647499999999999 0.42319500000000004 0.13647499999999999 0.45082500000000003 0.16772499999999999 0.45082500000000003 0.16772499999999999 0.42319500000000004
10 0.26858 0.43282 0.22238000000000002 0.43282 0.22238000000000002 0.48075999999999997 0.26858 0.48075999999999997 0.26858 0.43282
10 0.40770999999999996 0.624205 0.38525 0.624205 0.38525 0.6423949999999999 0.40770999999999996 0.6423949999999999 0.40770999999999996 0.624205
10 0.54381 0.66347 0.52161 0.66347 0.52161 0.68125 0.54381 0.68125 0.54381 0.66347
10 0.42977499999999996 0.6361399999999999 0.409085 0.6361399999999999 0.409085 0.6529200000000001 0.42977499999999996 0.6529200000000001 0.42977499999999996 0.6361399999999999
10 0.281555 0.54357 0.25604499999999997 0.54357 0.25604499999999997 0.5736100000000001 0.281555 0.5736100000000001 0.281555 0.54357
10 0.252 0.606965 0.23481999999999997 0.606965 0.23481999999999997 0.623495 0.252 0.623495 0.252 0.606965
10 0.099885 0.62454 0.035495 0.62454 0.035495 0.6869799999999999 0.099885 0.6869799999999999 0.099885 0.62454
10 0.657795 0.42733499999999996 0.629305 0.42733499999999996 0.629305 0.451565 0.657795 0.451565 0.657795 0.42733499999999996
10 0.484465 0.456595 0.470615 0.456595 0.470615 0.469665 0.484465 0.469665 0.484465 0.456595
10 0.132425 0.7348 0.11451499999999999 0.7348 0.11451499999999999 0.75152 0.132425 0.75152 0.132425 0.7348
10 0.18286 0.74373 0.14014 0.74373 0.14014 0.77091 0.18286 0.77091 0.18286 0.74373
10 0.72736 0.491335 0.69452 0.491335 0.69452 0.514525 0.72736 0.514525 0.72736 0.491335
10 0.680195 0.43336499999999994 0.629385 0.43336499999999994 0.629385 0.483135 0.680195 0.483135 0.680195 0.43336499999999994
10 0.06645999999999999 0.22923 0.041760000000000005 0.22923 0.041760000000000005 0.24563000000000001 0.06645999999999999 0.24563000000000001 0.06645999999999999 0.22923
10 0.28250000000000003 0.6622049999999999 0.26486 0.6622049999999999 0.26486 0.677635 0.28250000000000003 0.677635 0.28250000000000003 0.6622049999999999
10 0.25151500000000004 0.42719500000000005 0.23798499999999997 0.42719500000000005 0.23798499999999997 0.438525 0.25151500000000004 0.438525 0.25151500000000004 0.42719500000000005
10 0.27146499999999996 0.54715 0.257835 0.54715 0.257835 0.56223 0.27146499999999996 0.56223 0.27146499999999996 0.54715
10 0.03639 0.46617499999999995 0.02337 0.46617499999999995 0.02337 0.47670500000000005 0.03639 0.47670500000000005 0.03639 0.46617499999999995
10 0.54609 0.48596500000000004 0.53399 0.48596500000000004 0.53399 0.496955 0.54609 0.496955 0.54609 0.48596500000000004
10 0.17175 0.63125 0.15565 0.63125 0.15565 0.6460899999999999 0.17175 0.6460899999999999 0.17175 0.63125
10 0.44621500000000003 0.46380999999999994 0.432205 0.46380999999999994 0.432205 0.47467 0.44621500000000003 0.47467 0.44621500000000003 0.46380999999999994
10 0.31474 0.62927 0.29756 0.62927 0.29756 0.64417 0.31474 0.64417 0.31474 0.62927
10 0.196765 0.6709050000000001 0.17579499999999998 0.6709050000000001 0.17579499999999998 0.698235 0.196765 0.698235 0.196765 0.6709050000000001
10 0.34875 0.7154849999999999 0.31677 0.7154849999999999 0.31677 0.7513150000000001 0.34875 0.7513150000000001 0.34875 0.7154849999999999
10 0.361795 0.528135 0.347685 0.528135 0.347685 0.543145 0.361795 0.543145 0.361795 0.528135
10 0.74326 0.53585 0.7284200000000001 0.53585 0.7284200000000001 0.5559499999999999 0.74326 0.5559499999999999 0.74326 0.53585
10 0.46193 0.286725 0.43895 0.286725 0.43895 0.299695 0.46193 0.299695 0.46193 0.286725
10 0.083705 0.76985 0.054115 0.76985 0.054115 0.79069 0.083705 0.79069 0.083705 0.76985
10 0.40701 0.501035 0.39719000000000004 0.501035 0.39719000000000004 0.508725 0.40701 0.508725 0.40701 0.501035
10 0.526455 0.6912 0.49796500000000005 0.6912 0.49796500000000005 0.71212 0.526455 0.71212 0.526455 0.6912
10 0.04279 0.773495 0.00635 0.773495 0.00635 0.796825 0.04279 0.796825 0.04279 0.773495
10 0.698235 0.63549 0.677745 0.63549 0.677745 0.65455 0.698235 0.65455 0.698235 0.63549
10 0.5403100000000001 0.6590550000000001 0.52415 0.6590550000000001 0.52415 0.670045 0.5403100000000001 0.670045 0.5403100000000001 0.6590550000000001
9 0 0.795 0.11100000000000002 0.786 0.15 0.776 0.268 0.772 0.42400000000000004 0.741 0.55 0.7070000000000001 0.5730000000000001 0.697 0.628 0.6910000000000001 0.6769999999999999 0.6799999999999999 0.735 0.658 0.7929999999999999 0.625 0.866 0.5690000000000001 0.8880000000000001 0.542 0.9730000000000001 0.507 0.952 0.506 0.764 0.403 0.744 0.386 0.726 0.377 0.627 0.34199999999999997 0.508 0.311 0.44299999999999995 0.28900000000000003 0.337 0.266 0.288 0.257 0.134 0.24300000000000002 0.012 0.21800000000000003 0 0.21800000000000003 0 0.795