10 0.137355 0.28446 0.10300499999999999 0.28446 0.10300499999999999 0.32932 0.137355 0.32932 0.137355 0.28446
10 0.472855 0.3782 0.414845 0.3782 0.414845 0.41574 0.472855 0.41574 0.472855 0.3782
10 0.17946 0.31799499999999997 0.1433 0.31799499999999997 0.1433 0.35046499999999997 0.17946 0.35046499999999997 0.17946 0.31799499999999997
10 0.337485 0.39521 0.313395 0.39521 0.313395 0.41729000000000005 0.337485 0.41729000000000005 0.337485 0.39521
10 0.299805 0.44400500000000004 0.267575 0.44400500000000004 0.267575 0.47055499999999995 0.299805 0.47055499999999995 0.299805 0.44400500000000004
10 0.33021500000000004 0.287695 0.309925 0.287695 0.309925 0.306065 0.33021500000000004 0.306065 0.33021500000000004 0.287695
10 0.096945 0.2468 0.076875 0.2468 0.076875 0.26444 0.096945 0.26444 0.096945 0.2468
10 0.30872 0.64314 0.28748 0.64314 0.28748 0.66154 0.30872 0.66154 0.30872 0.64314
10 0.74207 0.55144 0.7208300000000001 0.55144 0.7208300000000001 0.56868 0.74207 0.56868 0.74207 0.55144
10 0.56653 0.443785 0.5369900000000001 0.443785 0.5369900000000001 0.467835 0.56653 0.467835 0.56653 0.443785
10 0.224825 0.40071 0.191435 0.40071 0.191435 0.43133 0.224825 0.43133 0.224825 0.40071
10 0.5684549999999999 0.54961 0.540925 0.54961 0.540925 0.57343 0.5684549999999999 0.57343 0.5684549999999999 0.54961
10 0.443145 0.5812 0.421115 0.5812 0.421115 0.6004400000000001 0.443145 0.6004400000000001 0.443145 0.5812
10 0.23128 0.6463300000000001 0.21134 0.6463300000000001 0.21134 0.66325 0.23128 0.66325 0.23128 0.6463300000000001
10 0.626205 0.669575 0.605235 0.669575 0.605235 0.690785 0.626205 0.690785 0.626205 0.669575
10 0.077905 0.3968 0.055275 0.3968 0.055275 0.43034 0.077905 0.43034 0.077905 0.3968
10 0.58456 0.634235 0.56584 0.634235 0.56584 0.648965 0.58456 0.648965 0.58456 0.634235
10 0.052700000000000004 0.21988 0.04092 0.21988 0.04092 0.2313 0.052700000000000004 0.2313 0.052700000000000004 0.21988
10 0.08223 0.724855 0.05241 0.724855 0.05241 0.753665 0.08223 0.753665 0.08223 0.724855
10 0.21076999999999999 0.77278 0.19475 0.77278 0.19475 0.78874 0.21076999999999999 0.78874 0.21076999999999999 0.77278
10 0.69445 0.47562 0.66395 0.47562 0.66395 0.49996 0.69445 0.49996 0.69445 0.47562
10 0.146985 0.528995 0.121075 0.528995 0.121075 0.547185 0.146985 0.547185 0.146985 0.528995
10 0.65961 0.5908249999999999 0.62847 0.5908249999999999 0.62847 0.617175 0.65961 0.617175 0.65961 0.5908249999999999
10 0.027805000000000003 0.137545 0.008015 0.137545 0.008015 0.155915 0.027805000000000003 0.155915 0.027805000000000003 0.137545
10 0.37128 0.48161 0.34992 0.48161 0.34992 0.49691 0.37128 0.49691 0.37128 0.48161
10 0.51986 0.434445 0.50456 0.434445 0.50456 0.44787499999999997 0.51986 0.44787499999999997 0.51986 0.434445
10 0.05473 0.555005 0.02803 0.555005 0.02803 0.579755 0.05473 0.579755 0.05473 0.555005
10 0.051265000000000005 0.19795000000000001 0.040655000000000004 0.19795000000000001 0.040655000000000004 0.20781 0.051265000000000005 0.20781 0.051265000000000005 0.19795000000000001
10 0.136995 0.7140150000000001 0.10238499999999999 0.7140150000000001 0.10238499999999999 0.749845 0.136995 0.749845 0.136995 0.7140150000000001
10 0.44537000000000004 0.223775 0.42865000000000003 0.223775 0.42865000000000003 0.237405 0.44537000000000004 0.237405 0.44537000000000004 0.223775
10 0.11708 0.374765 0.10118 0.374765 0.10118 0.386955 0.11708 0.386955 0.11708 0.374765
10 0.18314 0.6452600000000001 0.13254 0.6452600000000001 0.13254 0.6769999999999999 0.18314 0.6769999999999999 0.18314 0.6452600000000001
10 0.37937 0.75272 0.36429 0.75272 0.36429 0.7658400000000001 0.37937 0.7658400000000001 0.37937 0.75272
10 0.169055 0.6484099999999999 0.148565 0.6484099999999999 0.148565 0.66605 0.169055 0.66605 0.169055 0.6484099999999999
10 0.482525 0.596 0.47157499999999997 0.596 0.47157499999999997 0.60712 0.482525 0.60712 0.482525 0.596
10 0.058255 0.14676 0.042765 0.14676 0.042765 0.16428 0.058255 0.16428 0.058255 0.14676
10 0.43220000000000003 0.6940850000000001 0.41448 0.6940850000000001 0.41448 0.705335 0.43220000000000003 0.705335 0.43220000000000003 0.6940850000000001
10 0.407625 0.6051650000000001 0.392675 0.6051650000000001 0.392675 0.620415 0.407625 0.620415 0.407625 0.6051650000000001
10 0.82785 0.40411 0.73563 0.40411 0.73563 0.47820999999999997 0.82785 0.47820999999999997 0.82785 0.40411
10 0.644775 0.407165 0.530025 0.407165 0.530025 0.490295 0.644775 0.490295 0.644775 0.407165
10 0.299115 0.742765 0.278025 0.742765 0.278025 0.761135 0.299115 0.761135 0.299115 0.742765
10 0.391115 0.48268000000000005 0.371585 0.48268000000000005 0.371585 0.49828 0.391115 0.49828 0.391115 0.48268000000000005
10 0.39314 0.51458 0.3759 0.51458 0.3759 0.52448 0.39314 0.52448 0.39314 0.51458
10 0.519505 0.67835 0.509795 0.67835 0.509795 0.68787 0.519505 0.68787 0.519505 0.67835
10 0.24811 0.442325 0.23698999999999998 0.442325 0.23698999999999998 0.454155 0.24811 0.454155 0.24811 0.442325
10 0.022275 0.3552 0.013005 0.3552 0.013005 0.36502 0.022275 0.36502 0.022275 0.3552
10 0.62917 0.525605 0.61107 0.525605 0.61107 0.536895 0.62917 0.536895 0.62917 0.525605
10 0.45418000000000003 0.7515850000000001 0.44279999999999997 0.7515850000000001 0.44279999999999997 0.763055 0.45418000000000003 0.763055 0.45418000000000003 0.7515850000000001
10 0.22059 0.35063 0.20640999999999998 0.35063 0.20640999999999998 0.36227 0.22059 0.36227 0.22059 0.35063
10 0.40556000000000003 0.65374 0.39474 0.65374 0.39474 0.66364 0.40556000000000003 0.66364 0.40556000000000003 0.65374
10 0.5570700000000001 0.7611749999999999 0.54547 0.7611749999999999 0.54547 0.773005 0.5570700000000001 0.773005 0.5570700000000001 0.7611749999999999
10 0.18609 0.707225 0.12567 0.707225 0.12567 0.756635 0.18609 0.756635 0.18609 0.707225
10 0.277185 0.43472999999999995 0.263335 0.43472999999999995 0.263335 0.44711 0.277185 0.44711 0.277185 0.43472999999999995
10 0.5629850000000001 0.47596999999999995 0.546395 0.47596999999999995 0.546395 0.49375 0.5629850000000001 0.49375 0.5629850000000001 0.47596999999999995
10 0.02655 0.748095 0.015690000000000003 0.748095 0.015690000000000003 0.758745 0.02655 0.758745 0.02655 0.748095
10 0.756135 0.720465 0.741905 0.720465 0.741905 0.7326550000000001 0.756135 0.7326550000000001 0.756135 0.720465
10 0.701905 0.34656 0.5881350000000001 0.34656 0.5881350000000001 0.43762 0.701905 0.43762 0.701905 0.34656
10 0.5924050000000001 0.43743 0.581415 0.43743 0.581415 0.44733 0.5924050000000001 0.44733 0.5924050000000001 0.43743
10 0.750325 0.57139 0.706715 0.57139 0.706715 0.60829 0.750325 0.60829 0.750325 0.57139
10 0.48854499999999995 0.485825 0.475815 0.485825 0.475815 0.500495 0.48854499999999995 0.500495 0.48854499999999995 0.485825
10 0.33764 0.20329999999999998 0.31616 0.20329999999999998 0.31616 0.22224 0.33764 0.22224 0.33764 0.20329999999999998
10 0.5623750000000001 0.708045 0.5479849999999999 0.708045 0.5479849999999999 0.721635 0.5623750000000001 0.721635 0.5623750000000001 0.708045
10 0.396875 0.25764 0.375585 0.25764 0.375585 0.28043999999999997 0.396875 0.28043999999999997 0.396875 0.25764
10 0.42315500000000006 0.73961 0.341485 0.73961 0.341485 0.79555 0.42315500000000006 0.79555 0.42315500000000006 0.73961
10 0.577855 0.33265 0.567645 0.33265 0.567645 0.34899 0.577855 0.34899 0.577855 0.33265
10 0.13782 0.69192 0.020880000000000003 0.69192 0.020880000000000003 0.7944 0.13782 0.7944 0.13782 0.69192
10 0.26414499999999996 0.336265 0.223895 0.336265 0.223895 0.376635 0.26414499999999996 0.376635 0.26414499999999996 0.336265
10 0.25714000000000004 0.31145 0.21918 0.31145 0.21918 0.35799 0.25714000000000004 0.35799 0.25714000000000004 0.31145
10 0.697155 0.37078500000000003 0.672965 0.37078500000000003 0.672965 0.383615 0.697155 0.383615 0.697155 0.37078500000000003
10 0.496455 0.21469 0.374145 0.21469 0.374145 0.32437 0.496455 0.32437 0.496455 0.21469
10 0.04565 0.40344499999999994 0.02899 0.40344499999999994 0.02899 0.45105500000000004 0.04565 0.45105500000000004 0.04565 0.40344499999999994
10 0.955715 0.52148 0.854825 0.52148 0.854825 0.65332 0.955715 0.65332 0.955715 0.52148
10 0.64307 0.37360000000000004 0.6079100000000001 0.37360000000000004 0.6079100000000001 0.42182000000000003 0.64307 0.42182000000000003 0.64307 0.37360000000000004
9 0 0.7969999999999999 0.006 0.8 0.033 0.805 0.158 0.807 0.192 0.8109999999999999 0.351 0.807 0.41200000000000003 0.8019999999999999 0.46900000000000003 0.792 0.5559999999999999 0.787 0.6769999999999999 0.76 0.739 0.736 0.8019999999999999 0.7070000000000001 0.8220000000000001 0.6940000000000001 0.893 0.627 0.9470000000000001 0.5549999999999999 0.9640000000000001 0.5389999999999999 0.999 0.521 0.999 0.483 0.969 0.477 0.952 0.46900000000000003 0.8220000000000001 0.374 0.773 0.352 0.683 0.323 0.605 0.27999999999999997 0.49800000000000005 0.233 0.351 0.188 0.304 0.18 0.198 0.15 0.034 0.126 0.004 0.125 0 0.126 0 0.7969999999999999