10 0.510485 0.547095 0.48095499999999997 0.547095 0.48095499999999997 0.564785 0.510485 0.564785 0.510485 0.547095
10 0.554345 0.356775 0.518055 0.356775 0.518055 0.38554499999999997 0.554345 0.38554499999999997 0.554345 0.356775
10 0.59435 0.61645 0.55193 0.61645 0.55193 0.64989 0.59435 0.64989 0.59435 0.61645
10 0.5973499999999999 0.6094999999999999 0.5559700000000001 0.6094999999999999 0.5559700000000001 0.63854 0.5973499999999999 0.63854 0.5973499999999999 0.6094999999999999
10 0.579465 0.56816 0.531855 0.56816 0.531855 0.5959 0.579465 0.5959 0.579465 0.56816
10 0.5732999999999999 0.539235 0.54292 0.539235 0.54292 0.561345 0.5732999999999999 0.561345 0.5732999999999999 0.539235
10 0.37733 0.48514 0.34631 0.48514 0.34631 0.5085200000000001 0.37733 0.5085200000000001 0.37733 0.48514
10 0.47738500000000006 0.45889499999999994 0.401515 0.45889499999999994 0.401515 0.524505 0.47738500000000006 0.524505 0.47738500000000006 0.45889499999999994
10 0.9364699999999999 0.53453 0.91021 0.53453 0.91021 0.55043 0.9364699999999999 0.55043 0.9364699999999999 0.53453
10 0.547265 0.46031000000000005 0.531835 0.46031000000000005 0.531835 0.50209 0.547265 0.50209 0.547265 0.46031000000000005
10 0.49362500000000004 0.34204 0.43069499999999994 0.34204 0.43069499999999994 0.3772 0.49362500000000004 0.3772 0.49362500000000004 0.34204
10 0.309205 0.440945 0.25915499999999997 0.440945 0.25915499999999997 0.481415 0.309205 0.481415 0.309205 0.440945
10 0.7142850000000001 0.41536 0.686115 0.41536 0.686115 0.45036 0.7142850000000001 0.45036 0.7142850000000001 0.41536
10 0.39203 0.31793 0.30573 0.31793 0.30573 0.37005 0.39203 0.37005 0.39203 0.31793
10 0.977965 0.37717 0.9409750000000001 0.37717 0.9409750000000001 0.44461000000000006 0.977965 0.44461000000000006 0.977965 0.37717
10 0.902665 0.460355 0.8658950000000001 0.460355 0.8658950000000001 0.5337850000000001 0.902665 0.5337850000000001 0.902665 0.460355
10 0.91666 0.6223150000000001 0.8177199999999999 0.6223150000000001 0.8177199999999999 0.6745650000000001 0.91666 0.6745650000000001 0.91666 0.6223150000000001
10 0.958285 0.384945 0.944055 0.384945 0.944055 0.433895 0.958285 0.433895 0.958285 0.384945
10 0.84726 0.36435 0.8129 0.36435 0.8129 0.43643 0.84726 0.43643 0.84726 0.36435
10 0.9994249999999999 0.34975999999999996 0.9634750000000001 0.34975999999999996 0.9634750000000001 0.37974 0.9994249999999999 0.37974 0.9994249999999999 0.34975999999999996
10 0.262905 0.466705 0.25027499999999997 0.466705 0.25027499999999997 0.480075 0.262905 0.480075 0.262905 0.466705
10 0.461075 0.356565 0.448105 0.356565 0.448105 0.366575 0.461075 0.366575 0.461075 0.356565
10 0.993375 0.45382999999999996 0.975385 0.45382999999999996 0.975385 0.56375 0.993375 0.56375 0.993375 0.45382999999999996
10 0.7076100000000001 0.46134000000000003 0.6722699999999999 0.46134000000000003 0.6722699999999999 0.56894 0.7076100000000001 0.56894 0.7076100000000001 0.46134000000000003
10 0.8371850000000001 0.36796 0.821995 0.36796 0.821995 0.3835 0.8371850000000001 0.3835 0.8371850000000001 0.36796
10 0.545015 0.40841000000000005 0.531165 0.40841000000000005 0.531165 0.41923000000000005 0.545015 0.41923000000000005 0.545015 0.40841000000000005
10 0.6896950000000001 0.48144 0.664805 0.48144 0.664805 0.49901999999999996 0.6896950000000001 0.49901999999999996 0.6896950000000001 0.48144
10 0.84317 0.46441 0.7652300000000001 0.46441 0.7652300000000001 0.60687 0.84317 0.60687 0.84317 0.46441
10 0.95462 0.375765 0.93014 0.375765 0.93014 0.388395 0.95462 0.388395 0.95462 0.375765
10 0.65186 0.315095 0.61768 0.315095 0.61768 0.342625 0.65186 0.342625 0.65186 0.315095
10 0.81598 0.40718 0.74066 0.40718 0.74066 0.44682000000000005 0.81598 0.44682000000000005 0.81598 0.40718
10 0.482325 0.47483000000000003 0.467375 0.47483000000000003 0.467375 0.49099000000000004 0.482325 0.49099000000000004 0.482325 0.47483000000000003
10 0.9915749999999999 0.44952500000000006 0.870725 0.44952500000000006 0.870725 0.536315 0.9915749999999999 0.536315 0.9915749999999999 0.44952500000000006
10 0.571605 0.28918499999999997 0.540695 0.28918499999999997 0.540695 0.31237499999999996 0.571605 0.31237499999999996 0.571605 0.28918499999999997
10 0.74132 0.59833 0.7283999999999999 0.59833 0.7283999999999999 0.60675 0.74132 0.60675 0.74132 0.59833
10 0.6318349999999999 0.43434999999999996 0.578125 0.43434999999999996 0.578125 0.44943 0.6318349999999999 0.44943 0.6318349999999999 0.43434999999999996
10 0.608635 0.437855 0.595465 0.437855 0.595465 0.44838500000000003 0.608635 0.44838500000000003 0.608635 0.437855
10 0.8816700000000001 0.40176999999999996 0.8585699999999999 0.40176999999999996 0.8585699999999999 0.41855000000000003 0.8816700000000001 0.41855000000000003 0.8816700000000001 0.40176999999999996
10 0.61651 0.55889 0.60713 0.55889 0.60713 0.57295 0.61651 0.57295 0.61651 0.55889
10 0.9125 0.44389 0.8990199999999999 0.44389 0.8990199999999999 0.45160999999999996 0.9125 0.45160999999999996 0.9125 0.44389
10 0.57646 0.62481 0.56318 0.62481 0.56318 0.63593 0.57646 0.63593 0.57646 0.62481
10 0.878205 0.46675500000000003 0.8630150000000001 0.46675500000000003 0.8630150000000001 0.481485 0.878205 0.481485 0.878205 0.46675500000000003
10 0.887725 0.50713 0.8437150000000001 0.50713 0.8437150000000001 0.54073 0.887725 0.54073 0.887725 0.50713
10 0.58492 0.436585 0.57328 0.436585 0.57328 0.44525499999999996 0.58492 0.44525499999999996 0.58492 0.436585
10 0.7063200000000001 0.667455 0.69408 0.667455 0.69408 0.6753250000000001 0.7063200000000001 0.6753250000000001 0.7063200000000001 0.667455
10 0.31236 0.40228 0.30044 0.40228 0.30044 0.4107 0.31236 0.4107 0.31236 0.40228
9 0 0.395 0.073 0.40199999999999997 0.121 0.413 0.146 0.42400000000000004 0.174 0.44699999999999995 0.21200000000000002 0.504 0.263 0.548 0.32 0.584 0.41500000000000004 0.632 0.477 0.658 0.524 0.673 0.614 0.6809999999999999 0.6950000000000001 0.675 0.8400000000000001 0.6799999999999999 0.945 0.6759999999999999 0.999 0.6679999999999999 0.999 0.22000000000000003 0.953 0.22799999999999998 0.884 0.248 0.8160000000000001 0.259 0.6839999999999999 0.263 0.525 0.255 0.42000000000000004 0.257 0.386 0.265 0.314 0.29700000000000004 0.19 0.373 0.151 0.378 0.003 0.375 0 0.376 0 0.395