10 0.7685649999999999 0.392855 0.732855 0.392855 0.732855 0.42642499999999994 0.7685649999999999 0.42642499999999994 0.7685649999999999 0.392855
10 0.36190500000000003 0.54401 0.33535499999999996 0.54401 0.33535499999999996 0.5653699999999999 0.36190500000000003 0.5653699999999999 0.36190500000000003 0.54401
10 0.78074 0.53816 0.75636 0.53816 0.75636 0.56048 0.78074 0.56048 0.78074 0.53816
10 0.38583500000000004 0.610975 0.35440499999999997 0.610975 0.35440499999999997 0.6361049999999999 0.38583500000000004 0.6361049999999999 0.38583500000000004 0.610975
10 0.79901 0.44698000000000004 0.77325 0.44698000000000004 0.77325 0.46416 0.79901 0.46416 0.79901 0.44698000000000004
10 0.676135 0.42306 0.654925 0.42306 0.654925 0.4407 0.676135 0.4407 0.676135 0.42306
10 0.381725 0.399715 0.357535 0.399715 0.357535 0.420605 0.381725 0.420605 0.381725 0.399715
10 0.478955 0.551435 0.448285 0.551435 0.448285 0.571605 0.478955 0.571605 0.478955 0.551435
10 0.762455 0.44351 0.740465 0.44351 0.740465 0.46275000000000005 0.762455 0.46275000000000005 0.762455 0.44351
10 0.28365999999999997 0.34168 0.26027999999999996 0.34168 0.26027999999999996 0.36388 0.28365999999999997 0.36388 0.28365999999999997 0.34168
10 0.10260499999999999 0.40284000000000003 0.078175 0.40284000000000003 0.078175 0.41894 0.10260499999999999 0.41894 0.10260499999999999 0.40284000000000003
10 0.61697 0.42882999999999993 0.60081 0.42882999999999993 0.60081 0.44372999999999996 0.61697 0.44372999999999996 0.61697 0.42882999999999993
10 0.8869149999999999 0.555455 0.865045 0.555455 0.865045 0.577365 0.8869149999999999 0.577365 0.8869149999999999 0.555455
10 0.583835 0.46071 0.5587449999999999 0.46071 0.5587449999999999 0.48021 0.583835 0.48021 0.583835 0.46071
10 0.9353999999999999 0.397895 0.91518 0.397895 0.91518 0.413145 0.9353999999999999 0.413145 0.9353999999999999 0.397895
10 0.308425 0.32069000000000003 0.287775 0.32069000000000003 0.287775 0.34045000000000003 0.308425 0.34045000000000003 0.308425 0.32069000000000003
10 0.661945 0.66875 0.634935 0.66875 0.634935 0.68477 0.661945 0.68477 0.661945 0.66875
10 0.391685 0.34413 0.373455 0.34413 0.373455 0.35997 0.391685 0.35997 0.391685 0.34413
10 0.641185 0.428805 0.626395 0.428805 0.626395 0.440815 0.641185 0.440815 0.641185 0.428805
10 0.2138 0.366385 0.19708 0.366385 0.19708 0.385075 0.2138 0.385075 0.2138 0.366385
10 0.33804500000000004 0.660365 0.315755 0.660365 0.315755 0.6784950000000001 0.33804500000000004 0.6784950000000001 0.33804500000000004 0.660365
10 0.24677 0.41057499999999997 0.22027000000000002 0.41057499999999997 0.22027000000000002 0.429265 0.24677 0.429265 0.24677 0.41057499999999997
10 0.8274900000000001 0.51554 0.80923 0.51554 0.80923 0.53232 0.8274900000000001 0.53232 0.8274900000000001 0.51554
10 0.5659099999999999 0.547225 0.54737 0.547225 0.54737 0.561175 0.5659099999999999 0.561175 0.5659099999999999 0.547225
10 0.5725 0.35104 0.54664 0.35104 0.54664 0.37551999999999996 0.5725 0.37551999999999996 0.5725 0.35104
10 0.743035 0.57684 0.716925 0.57684 0.716925 0.5979599999999999 0.743035 0.5979599999999999 0.743035 0.57684
10 0.49661999999999995 0.566885 0.47750000000000004 0.566885 0.47750000000000004 0.581555 0.49661999999999995 0.581555 0.49661999999999995 0.566885
10 0.050745 0.379735 0.030495 0.379735 0.030495 0.39810500000000004 0.050745 0.39810500000000004 0.050745 0.379735
10 0.33299500000000004 0.405445 0.313985 0.405445 0.313985 0.420235 0.33299500000000004 0.420235 0.33299500000000004 0.405445
10 0.593235 0.6515150000000001 0.567905 0.6515150000000001 0.567905 0.674665 0.593235 0.674665 0.593235 0.6515150000000001
10 0.87774 0.42182000000000003 0.86152 0.42182000000000003 0.86152 0.43804 0.87774 0.43804 0.87774 0.42182000000000003
10 0.7769199999999999 0.6612899999999999 0.75434 0.6612899999999999 0.75434 0.67757 0.7769199999999999 0.67757 0.7769199999999999 0.6612899999999999
10 0.25215 0.51973 0.23295 0.51973 0.23295 0.53691 0.25215 0.53691 0.25215 0.51973
10 0.169795 0.421155 0.146865 0.421155 0.146865 0.44016500000000003 0.169795 0.44016500000000003 0.169795 0.421155
10 0.9978400000000001 0.346055 0.97774 0.346055 0.97774 0.35902500000000004 0.9978400000000001 0.35902500000000004 0.9978400000000001 0.346055
10 0.04005 0.4908 0.019450000000000002 0.4908 0.019450000000000002 0.50676 0.04005 0.50676 0.04005 0.4908
10 0.13363 0.567605 0.11833 0.567605 0.11833 0.5827950000000001 0.13363 0.5827950000000001 0.13363 0.567605
10 0.09632500000000001 0.52469 0.07847499999999999 0.52469 0.07847499999999999 0.5397700000000001 0.09632500000000001 0.5397700000000001 0.09632500000000001 0.52469
10 0.43736499999999995 0.53206 0.400535 0.53206 0.400535 0.56072 0.43736499999999995 0.56072 0.43736499999999995 0.53206
10 0.9088749999999999 0.606785 0.8938650000000001 0.606785 0.8938650000000001 0.6217349999999999 0.9088749999999999 0.6217349999999999 0.9088749999999999 0.606785
10 0.52107 0.38772 0.50335 0.38772 0.50335 0.40523999999999993 0.52107 0.40523999999999993 0.52107 0.38772
10 0.5122 0.524485 0.49366000000000004 0.524485 0.49366000000000004 0.539975 0.5122 0.539975 0.5122 0.524485
10 0.9334749999999999 0.440675 0.920045 0.440675 0.920045 0.451405 0.9334749999999999 0.451405 0.9334749999999999 0.440675
10 0.11144000000000001 0.50988 0.0779 0.50988 0.0779 0.5408999999999999 0.11144000000000001 0.5408999999999999 0.11144000000000001 0.50988
10 0.999995 0.44777500000000003 0.994285 0.44777500000000003 0.994285 0.461885 0.999995 0.461885 0.999995 0.44777500000000003
10 0.05432 0.550055 0.0213 0.550055 0.0213 0.5739650000000001 0.05432 0.5739650000000001 0.05432 0.550055
10 0.10851999999999999 0.5103850000000001 0.09362000000000001 0.5103850000000001 0.09362000000000001 0.522815 0.10851999999999999 0.522815 0.10851999999999999 0.5103850000000001
10 0.311715 0.450595 0.302045 0.450595 0.302045 0.46004500000000004 0.311715 0.46004500000000004 0.311715 0.450595
10 0.447295 0.43759499999999996 0.41842499999999994 0.43759499999999996 0.41842499999999994 0.461825 0.447295 0.461825 0.447295 0.43759499999999996
10 0.6946049999999999 0.372195 0.683315 0.372195 0.683315 0.382205 0.6946049999999999 0.382205 0.6946049999999999 0.372195
10 0.57985 0.60018 0.56761 0.60018 0.56761 0.60978 0.57985 0.60978 0.57985 0.60018
10 0.094745 0.341515 0.07907499999999999 0.341515 0.07907499999999999 0.355745 0.094745 0.355745 0.094745 0.341515
10 0.39022999999999997 0.64482 0.33243 0.64482 0.33243 0.69404 0.39022999999999997 0.69404 0.39022999999999997 0.64482
10 0.207225 0.6201450000000001 0.192435 0.6201450000000001 0.192435 0.632775 0.207225 0.632775 0.207225 0.6201450000000001
10 0.354025 0.387235 0.334935 0.387235 0.334935 0.40134499999999995 0.354025 0.40134499999999995 0.354025 0.387235
10 0.65456 0.603375 0.64232 0.603375 0.64232 0.614405 0.65456 0.614405 0.65456 0.603375
10 0.24344000000000002 0.61856 0.22360000000000002 0.61856 0.22360000000000002 0.63534 0.24344000000000002 0.63534 0.24344000000000002 0.61856
10 0.6856099999999999 0.539755 0.67475 0.539755 0.67475 0.5500849999999999 0.6856099999999999 0.5500849999999999 0.6856099999999999 0.539755
10 0.59738 0.5500200000000001 0.58622 0.5500200000000001 0.58622 0.5593600000000001 0.59738 0.5593600000000001 0.59738 0.5500200000000001
10 0.679815 0.61032 0.662965 0.61032 0.662965 0.6221 0.679815 0.6221 0.679815 0.61032
10 0.9087400000000001 0.69004 0.8988799999999999 0.69004 0.8988799999999999 0.6996 0.9087400000000001 0.6996 0.9087400000000001 0.69004
10 0.284825 0.530435 0.276215 0.530435 0.276215 0.5398850000000001 0.284825 0.5398850000000001 0.284825 0.530435
10 0.74798 0.486005 0.73054 0.486005 0.73054 0.49495500000000003 0.74798 0.49495500000000003 0.74798 0.486005
10 0.48325500000000005 0.42127 0.474745 0.42127 0.474745 0.43029 0.48325500000000005 0.43029 0.48325500000000005 0.42127
10 0.029199999999999997 0.37466499999999997 0.0045 0.37466499999999997 0.0045 0.406095 0.029199999999999997 0.406095 0.029199999999999997 0.37466499999999997
10 0.893355 0.69015 0.872265 0.69015 0.872265 0.71025 0.893355 0.71025 0.893355 0.69015
9 0 0.562 0.08499999999999999 0.624 0.132 0.647 0.19 0.665 0.197 0.671 0.255 0.689 0.38 0.7070000000000001 0.484 0.705 0.5860000000000001 0.696 0.646857 0.696 0.661 0.697 0.689 0.71 0.727 0.7190000000000001 0.795 0.721 0.865 0.718 0.9550000000000001 0.6950000000000001 0.999 0.6769999999999999 0.999 0.325 0.9259999999999999 0.316 0.852 0.29500000000000004 0.795 0.286 0.738 0.28700000000000003 0.702 0.27999999999999997 0.657 0.27799999999999997 0.616 0.292 0.589 0.294 0.461 0.266 0.389 0.263 0.321 0.266 0.244 0.277 0.009 0.34500000000000003 0 0.348 0 0.562