10 0.361275 0.40299500000000005 0.295505 0.40299500000000005 0.295505 0.45702499999999996 0.361275 0.45702499999999996 0.361275 0.40299500000000005
10 0.23426999999999998 0.43831499999999995 0.19737 0.43831499999999995 0.19737 0.464025 0.23426999999999998 0.464025 0.23426999999999998 0.43831499999999995
10 0.258675 0.363005 0.23766500000000002 0.363005 0.23766500000000002 0.381135 0.258675 0.381135 0.258675 0.363005
10 0.142825 0.5127550000000001 0.114015 0.5127550000000001 0.114015 0.540965 0.142825 0.540965 0.142825 0.5127550000000001
10 0.48711000000000004 0.6753199999999999 0.46502999999999994 0.6753199999999999 0.46502999999999994 0.69284 0.48711000000000004 0.69284 0.48711000000000004 0.6753199999999999
10 0.21422 0.41703 0.18984 0.41703 0.18984 0.43696999999999997 0.21422 0.43696999999999997 0.21422 0.41703
10 0.384525 0.353035 0.355715 0.353035 0.355715 0.375965 0.384525 0.375965 0.384525 0.353035
10 0.928215 0.53591 0.9018649999999999 0.53591 0.9018649999999999 0.55785 0.928215 0.55785 0.928215 0.53591
10 0.54011 0.6896 0.51849 0.6896 0.51849 0.70982 0.54011 0.70982 0.54011 0.6896
10 0.129605 0.594645 0.087915 0.594645 0.087915 0.616295 0.129605 0.616295 0.129605 0.594645
10 0.6383099999999999 0.53939 0.61461 0.53939 0.61461 0.5563100000000001 0.6383099999999999 0.5563100000000001 0.6383099999999999 0.53939
10 0.631455 0.66331 0.608785 0.66331 0.608785 0.67947 0.631455 0.67947 0.631455 0.66331
10 0.771575 0.60686 0.7450249999999999 0.60686 0.7450249999999999 0.62458 0.771575 0.62458 0.771575 0.60686
10 0.85937 0.453395 0.83399 0.453395 0.83399 0.48020500000000005 0.85937 0.48020500000000005 0.85937 0.453395
10 0.045835 0.41239 0.015505 0.41239 0.015505 0.43233 0.045835 0.43233 0.045835 0.41239
10 0.513225 0.52495 0.48775500000000005 0.52495 0.48775500000000005 0.56587 0.513225 0.56587 0.513225 0.52495
10 0.410505 0.5932999999999999 0.389295 0.5932999999999999 0.389295 0.61178 0.410505 0.61178 0.410505 0.5932999999999999
10 0.037705 0.54582 0.001875 0.54582 0.001875 0.58308 0.037705 0.58308 0.037705 0.54582
10 0.19275 0.55023 0.09827 0.55023 0.09827 0.63531 0.19275 0.63531 0.19275 0.55023
10 0.313565 0.364045 0.21719499999999997 0.364045 0.21719499999999997 0.45431499999999997 0.313565 0.45431499999999997 0.313565 0.364045
10 0.889515 0.434945 0.875125 0.434945 0.875125 0.45031499999999997 0.889515 0.45031499999999997 0.889515 0.434945
10 0.160685 0.52638 0.145955 0.52638 0.145955 0.541 0.160685 0.541 0.160685 0.52638
9 0 0.79 0.098 0.7769999999999999 0.244 0.774 0.34700000000000003 0.765 0.501 0.8099999999999999 0.549 0.8119999999999999 0.6 0.806 0.654 0.7889999999999999 0.783 0.717 0.845 0.6990000000000001 0.925 0.661 0.9640000000000001 0.623 0.998 0.5690000000000001 0.999 0.42300000000000004 0.9490000000000001 0.421 0.889 0.40800000000000003 0.857 0.40800000000000003 0.7929999999999999 0.414 0.736 0.442 0.714 0.43499999999999994 0.655 0.43099999999999994 0.608 0.422 0.597 0.413 0.549 0.39 0.521 0.394 0.518 0.379 0.506 0.366 0.445 0.33599999999999997 0.40199999999999997 0.324 0.34500000000000003 0.315 0.309 0.31 0.264 0.31 0.22799999999999998 0.319 0.13 0.329 0.056999999999999995 0.327 0.016 0.32 0 0.312 0 0.545 0.004 0.5509999999999999 0.004 0.5650000000000001 0 0.572 0 0.79