10 0.561435 0.385715 0.537145 0.385715 0.537145 0.41214500000000004 0.561435 0.41214500000000004 0.561435 0.385715
10 0.717215 0.4205 0.683185 0.4205 0.683185 0.44572 0.717215 0.44572 0.717215 0.4205
10 0.9400499999999999 0.41254 0.90955 0.41254 0.90955 0.4361 0.9400499999999999 0.4361 0.9400499999999999 0.41254
10 0.54731 0.43794000000000005 0.52105 0.43794000000000005 0.52105 0.45854 0.54731 0.45854 0.54731 0.43794000000000005
10 0.60924 0.437485 0.59194 0.437485 0.59194 0.45215500000000003 0.60924 0.45215500000000003 0.60924 0.437485
10 0.101455 0.44823 0.087505 0.44823 0.087505 0.46241000000000004 0.101455 0.46241000000000004 0.101455 0.44823
10 0.738175 0.5536 0.717885 0.5536 0.717885 0.56944 0.738175 0.56944 0.738175 0.5536
10 0.644745 0.55244 0.6218549999999999 0.55244 0.6218549999999999 0.56866 0.644745 0.56866 0.644745 0.55244
10 0.198285 0.42493 0.183555 0.42493 0.183555 0.43883 0.198285 0.43883 0.198285 0.42493
10 0.33201 0.376715 0.31497 0.376715 0.31497 0.389885 0.33201 0.389885 0.33201 0.376715
10 0.30555 0.38417 0.28625 0.38417 0.28625 0.40147000000000005 0.30555 0.40147000000000005 0.30555 0.38417
10 0.8514849999999999 0.5929599999999999 0.8301550000000001 0.5929599999999999 0.8301550000000001 0.61408 0.8514849999999999 0.61408 0.8514849999999999 0.5929599999999999
10 0.21242 0.372545 0.20384000000000002 0.372545 0.20384000000000002 0.383795 0.21242 0.383795 0.21242 0.372545
10 0.026725 0.4185 0.005955 0.4185 0.005955 0.4443 0.026725 0.4443 0.026725 0.4185
10 0.99116 0.459745 0.9648999999999999 0.459745 0.9648999999999999 0.499235 0.99116 0.499235 0.99116 0.459745
10 0.78606 0.452315 0.7686200000000001 0.452315 0.7686200000000001 0.470545 0.78606 0.470545 0.78606 0.452315
10 0.85545 0.41596 0.8330299999999999 0.41596 0.8330299999999999 0.4361 0.85545 0.4361 0.85545 0.41596
10 0.9918250000000001 0.44298000000000004 0.974975 0.44298000000000004 0.974975 0.46132 0.9918250000000001 0.46132 0.9918250000000001 0.44298000000000004
10 0.80206 0.44477500000000003 0.76922 0.44477500000000003 0.76922 0.481485 0.80206 0.481485 0.80206 0.44477500000000003
10 0.078275 0.441315 0.056365 0.441315 0.056365 0.46640499999999996 0.078275 0.46640499999999996 0.078275 0.441315
10 0.1347 0.437755 0.11726 0.437755 0.11726 0.464105 0.1347 0.464105 0.1347 0.437755
10 0.670415 0.37934 0.658685 0.37934 0.658685 0.3902 0.670415 0.3902 0.670415 0.37934
10 0.73661 0.5677800000000001 0.71749 0.5677800000000001 0.71749 0.58456 0.73661 0.58456 0.73661 0.5677800000000001
10 0.382965 0.45674000000000003 0.368015 0.45674000000000003 0.368015 0.47392 0.382965 0.47392 0.382965 0.45674000000000003
10 0.41949500000000006 0.42066499999999996 0.40130499999999997 0.42066499999999996 0.40130499999999997 0.438715 0.41949500000000006 0.438715 0.41949500000000006 0.42066499999999996
10 0.44579 0.58219 0.42725 0.58219 0.42725 0.59653 0.44579 0.59653 0.44579 0.58219
10 0.390345 0.546245 0.373815 0.546245 0.373815 0.560195 0.390345 0.560195 0.390345 0.546245
10 0.06275 0.38393 0.04973 0.38393 0.04973 0.39585 0.06275 0.39585 0.06275 0.38393
10 0.47489 0.46884499999999996 0.45576999999999995 0.46884499999999996 0.45576999999999995 0.48427499999999996 0.47489 0.48427499999999996 0.47489 0.46884499999999996
10 0.623155 0.473235 0.612205 0.473235 0.612205 0.482325 0.623155 0.482325 0.623155 0.473235
10 0.8970549999999999 0.48333000000000004 0.875405 0.48333000000000004 0.875405 0.50105 0.8970549999999999 0.50105 0.8970549999999999 0.48333000000000004
10 0.70963 0.622055 0.69271 0.622055 0.69271 0.634785 0.70963 0.634785 0.70963 0.622055
10 0.29985 0.44992 0.28999 0.44992 0.28999 0.46365999999999996 0.29985 0.46365999999999996 0.29985 0.44992
10 0.333185 0.42149000000000003 0.322575 0.42149000000000003 0.322575 0.43105000000000004 0.333185 0.43105000000000004 0.333185 0.42149000000000003
9 0 0.532 0.096 0.591 0.161 0.617 0.20800000000000002 0.622 0.252 0.62 0.29700000000000004 0.629 0.361 0.65 0.42400000000000004 0.678 0.46900000000000003 0.686 0.521 0.683 0.627 0.653 0.776 0.628 0.8380000000000001 0.625 0.885 0.638 0.9179999999999999 0.642 0.975 0.637 0.999 0.631 0.999 0.40499999999999997 0.944 0.389 0.873 0.357 0.837 0.34900000000000003 0.522 0.33399999999999996 0.48200000000000004 0.344 0.43499999999999994 0.35 0.382 0.346 0.298 0.325 0.242 0.322 0.188 0.327 0.13799999999999998 0.33999999999999997 0.09814300000000001 0.34199999999999997 0 0.33399999999999996 0 0.532