10 0.505315 0.5725399999999999 0.461965 0.5725399999999999 0.461965 0.6188 0.505315 0.6188 0.505315 0.5725399999999999
10 0.62044 0.56728 0.55148 0.56728 0.55148 0.6623 0.62044 0.6623 0.62044 0.56728
10 0.6962550000000001 0.6409900000000001 0.651525 0.6409900000000001 0.651525 0.67493 0.6962550000000001 0.67493 0.6962550000000001 0.6409900000000001
10 0.8901450000000001 0.7045899999999999 0.865715 0.7045899999999999 0.865715 0.72705 0.8901450000000001 0.72705 0.8901450000000001 0.7045899999999999
10 0.5598099999999999 0.65987 0.53979 0.65987 0.53979 0.67803 0.5598099999999999 0.67803 0.5598099999999999 0.65987
10 0.351775 0.559825 0.32986499999999996 0.559825 0.32986499999999996 0.579815 0.351775 0.579815 0.351775 0.559825
10 0.66227 0.596225 0.64535 0.596225 0.64535 0.612755 0.66227 0.612755 0.66227 0.596225
10 0.652205 0.5641 0.625135 0.5641 0.625135 0.58824 0.652205 0.58824 0.652205 0.5641
10 0.589735 0.57367 0.555765 0.57367 0.555765 0.60309 0.589735 0.60309 0.589735 0.57367
10 0.7731399999999999 0.72227 0.74932 0.72227 0.74932 0.74745 0.7731399999999999 0.74745 0.7731399999999999 0.72227
10 0.37139500000000003 0.556225 0.356145 0.556225 0.356145 0.569755 0.37139500000000003 0.569755 0.37139500000000003 0.556225
10 0.7255 0.5638650000000001 0.6993 0.5638650000000001 0.6993 0.5884750000000001 0.7255 0.5884750000000001 0.7255 0.5638650000000001
10 0.848555 0.67503 0.827225 0.67503 0.827225 0.69899 0.848555 0.69899 0.848555 0.67503
10 0.55823 0.55538 0.5394300000000001 0.55538 0.5394300000000001 0.5745 0.55823 0.5745 0.55823 0.55538
10 0.45205 0.63735 0.43467 0.63735 0.43467 0.65561 0.45205 0.65561 0.45205 0.63735
10 0.38959 0.650845 0.35211000000000003 0.650845 0.35211000000000003 0.680215 0.38959 0.680215 0.38959 0.650845
10 0.80051 0.74981 0.78739 0.74981 0.78739 0.7667900000000001 0.80051 0.7667900000000001 0.80051 0.74981
10 0.804165 0.780305 0.7876350000000001 0.780305 0.7876350000000001 0.796835 0.804165 0.796835 0.804165 0.780305
10 0.459955 0.47257999999999994 0.43702500000000005 0.47257999999999994 0.43702500000000005 0.49568 0.459955 0.49568 0.459955 0.47257999999999994
10 0.47142999999999996 0.6377849999999999 0.45533 0.6377849999999999 0.45533 0.657135 0.47142999999999996 0.657135 0.47142999999999996 0.6377849999999999
10 0.41487999999999997 0.515295 0.3986 0.515295 0.3986 0.533525 0.41487999999999997 0.533525 0.41487999999999997 0.515295
10 0.45842499999999997 0.5513950000000001 0.44441499999999995 0.5513950000000001 0.44441499999999995 0.566765 0.45842499999999997 0.566765 0.45842499999999997 0.5513950000000001
10 0.4915 0.58108 0.46992 0.58108 0.46992 0.6035 0.4915 0.6035 0.4915 0.58108
10 0.97409 0.8342449999999999 0.9565699999999999 0.8342449999999999 0.9565699999999999 0.8532550000000001 0.97409 0.8532550000000001 0.97409 0.8342449999999999
10 0.92522 0.40332999999999997 0.90682 0.40332999999999997 0.90682 0.41795 0.92522 0.41795 0.92522 0.40332999999999997
10 0.41859 0.649385 0.40025000000000005 0.649385 0.40025000000000005 0.671895 0.41859 0.671895 0.41859 0.649385
10 0.63163 0.53325 0.61153 0.53325 0.61153 0.54879 0.63163 0.54879 0.63163 0.53325
10 0.919825 0.72306 0.9043950000000001 0.72306 0.9043950000000001 0.7398399999999999 0.919825 0.7398399999999999 0.919825 0.72306
10 0.97089 0.68842 0.9539099999999999 0.68842 0.9539099999999999 0.70514 0.97089 0.70514 0.97089 0.68842
10 0.9868 0.8632099999999999 0.9673 0.8632099999999999 0.9673 0.8828900000000001 0.9868 0.8828900000000001 0.9868 0.8632099999999999
10 0.978385 0.704015 0.963995 0.704015 0.963995 0.717865 0.978385 0.717865 0.978385 0.704015
10 0.9062849999999999 0.35859 0.885715 0.35859 0.885715 0.38017 0.9062849999999999 0.38017 0.9062849999999999 0.35859
10 0.89502 0.61941 0.87744 0.61941 0.87744 0.6374299999999999 0.89502 0.6374299999999999 0.89502 0.61941
10 0.57343 0.57618 0.55645 0.57618 0.55645 0.59178 0.57343 0.59178 0.57343 0.57618
10 0.40813 0.44184999999999997 0.38631000000000004 0.44184999999999997 0.38631000000000004 0.45903 0.40813 0.45903 0.40813 0.44184999999999997
10 0.74081 0.53657 0.71037 0.53657 0.71037 0.55229 0.74081 0.55229 0.74081 0.53657
10 0.258095 0.46418499999999996 0.243865 0.46418499999999996 0.243865 0.477715 0.258095 0.477715 0.258095 0.46418499999999996
10 0.56679 0.50257 0.54845 0.50257 0.54845 0.51891 0.56679 0.51891 0.56679 0.50257
10 0.71871 0.7099 0.70317 0.7099 0.70317 0.72662 0.71871 0.72662 0.71871 0.7099
10 0.69215 0.38140999999999997 0.65355 0.38140999999999997 0.65355 0.40862999999999994 0.69215 0.40862999999999994 0.69215 0.38140999999999997
10 0.6978850000000001 0.748305 0.669295 0.748305 0.669295 0.767315 0.6978850000000001 0.767315 0.6978850000000001 0.748305
10 0.35040499999999997 0.43494 0.336615 0.43494 0.336615 0.4469 0.35040499999999997 0.4469 0.35040499999999997 0.43494
10 1 0.37654 0.9938549999999999 0.37654 0.9938549999999999 0.39249999999999996 1 0.39249999999999996 1 0.37654
10 0.98737 0.846885 0.95989 0.846885 0.95989 0.874795 0.98737 0.874795 0.98737 0.846885
10 0.762645 0.67475 0.740275 0.67475 0.740275 0.6992700000000001 0.762645 0.6992700000000001 0.762645 0.67475
10 0.640695 0.73562 0.6220049999999999 0.73562 0.6220049999999999 0.7506999999999999 0.640695 0.7506999999999999 0.640695 0.73562
10 0.792195 0.647355 0.783005 0.647355 0.783005 0.6573249999999999 0.792195 0.6573249999999999 0.792195 0.647355
10 0.47168 0.713105 0.45410000000000006 0.713105 0.45410000000000006 0.7282949999999999 0.47168 0.7282949999999999 0.47168 0.713105
10 0.8869450000000001 0.43323999999999996 0.8669549999999999 0.43323999999999996 0.8669549999999999 0.44908000000000003 0.8869450000000001 0.44908000000000003 0.8869450000000001 0.43323999999999996
10 0.308805 0.393425 0.263455 0.393425 0.263455 0.420535 0.308805 0.420535 0.308805 0.393425
9 0.11499999999999999 0.5389999999999999 0.13 0.546 0.154 0.523 0.154 0.5 0.16499999999999998 0.49000000000000005 0.176 0.493 0.186 0.506 0.191 0.507 0.2 0.5269999999999999 0.194 0.5650000000000001 0.202 0.5900000000000001 0.21600000000000003 0.603 0.298 0.645 0.364 0.689 0.503 0.736 0.541 0.741 0.621 0.743 0.655 0.752 0.692 0.768 0.721 0.775 0.782 0.806 0.8140000000000001 0.834 0.851 0.849 0.95 0.8800000000000001 0.999 0.89 0.999 0.318 0.9570000000000001 0.317 0.921 0.322 0.8619999999999999 0.34700000000000003 0.7929999999999999 0.356 0.751 0.367 0.6559999999999999 0.372 0.5660000000000001 0.404 0.503 0.422 0.46299999999999997 0.429 0.325 0.373 0.3 0.373 0.22000000000000003 0.397 0.16399999999999998 0.404 0.079 0.441 0.028999999999999998 0.44699999999999995 0.024 0.454 0.023 0.476 0.028999999999999998 0.48200000000000004 0.072 0.502 0.11499999999999999 0.5389999999999999