10 0.63552 0.58217 0.59568 0.58217 0.59568 0.61807 0.63552 0.61807 0.63552 0.58217
10 0.6756300000000001 0.59654 0.6456500000000001 0.59654 0.6456500000000001 0.62124 0.6756300000000001 0.62124 0.6756300000000001 0.59654
10 0.75507 0.428615 0.7185699999999999 0.428615 0.7185699999999999 0.45614499999999997 0.75507 0.45614499999999997 0.75507 0.428615
10 0.770745 0.58998 0.752695 0.58998 0.752695 0.60728 0.770745 0.60728 0.770745 0.58998
10 0.67302 0.520435 0.65706 0.520435 0.65706 0.535225 0.67302 0.535225 0.67302 0.520435
10 0.70738 0.42515000000000003 0.69008 0.42515000000000003 0.69008 0.44253 0.70738 0.44253 0.70738 0.42515000000000003
10 0.8411250000000001 0.575695 0.8258749999999999 0.575695 0.8258749999999999 0.588365 0.8411250000000001 0.588365 0.8411250000000001 0.575695
10 0.58587 0.6104149999999999 0.56355 0.6104149999999999 0.56355 0.625905 0.58587 0.625905 0.58587 0.6104149999999999
10 0.540805 0.58346 0.522675 0.58346 0.522675 0.5972000000000001 0.540805 0.5972000000000001 0.540805 0.58346
10 0.5797100000000001 0.511835 0.56091 0.511835 0.56091 0.525265 0.5797100000000001 0.525265 0.5797100000000001 0.511835
10 0.50444 0.594265 0.48285999999999996 0.594265 0.48285999999999996 0.614715 0.50444 0.614715 0.50444 0.594265
10 0.427485 0.523075 0.41529499999999997 0.523075 0.41529499999999997 0.536505 0.427485 0.536505 0.427485 0.523075
10 0.07842 0.41203 0.058660000000000004 0.41203 0.058660000000000004 0.42831 0.07842 0.42831 0.07842 0.41203
10 0.62437 0.49021499999999996 0.60415 0.49021499999999996 0.60415 0.5058849999999999 0.62437 0.5058849999999999 0.62437 0.49021499999999996
10 0.032565 0.45443 0.007635 0.45443 0.007635 0.47965 0.032565 0.47965 0.032565 0.45443
10 0.7127399999999999 0.47887 0.6632399999999999 0.47887 0.6632399999999999 0.51235 0.7127399999999999 0.51235 0.7127399999999999 0.47887
10 0.79717 0.448695 0.78095 0.448695 0.78095 0.46830499999999997 0.79717 0.46830499999999997 0.79717 0.448695
10 0.181335 0.43242 0.117245 0.43242 0.117245 0.48360000000000003 0.181335 0.48360000000000003 0.181335 0.43242
10 0.46735499999999996 0.593465 0.454025 0.593465 0.454025 0.605755 0.46735499999999996 0.605755 0.46735499999999996 0.593465
10 0.808175 0.50623 0.793385 0.50623 0.793385 0.5181899999999999 0.808175 0.5181899999999999 0.808175 0.50623
10 0.375665 0.524615 0.360175 0.524615 0.360175 0.536905 0.375665 0.536905 0.375665 0.524615
10 0.6826 0.53648 0.667 0.53648 0.667 0.55238 0.6826 0.55238 0.6826 0.53648
10 0.152095 0.605885 0.140625 0.605885 0.140625 0.618715 0.152095 0.618715 0.152095 0.605885
10 0.524125 0.58641 0.5139549999999999 0.58641 0.5139549999999999 0.59719 0.524125 0.59719 0.524125 0.58641
10 0.12074 0.40978000000000003 0.10484 0.40978000000000003 0.10484 0.42225999999999997 0.12074 0.42225999999999997 0.12074 0.40978000000000003
10 0.231165 0.48414999999999997 0.203895 0.48414999999999997 0.203895 0.49535 0.231165 0.49535 0.231165 0.48414999999999997
10 0.7529899999999999 0.501515 0.74213 0.501515 0.74213 0.512165 0.7529899999999999 0.512165 0.7529899999999999 0.501515
10 0.10081500000000002 0.48006000000000004 0.088145 0.48006000000000004 0.088145 0.49307999999999996 0.10081500000000002 0.49307999999999996 0.10081500000000002 0.48006000000000004
10 0.789425 0.53167 0.775995 0.53167 0.775995 0.54157 0.789425 0.54157 0.789425 0.53167
10 0.03971 0.53642 0.02901 0.53642 0.02901 0.54464 0.03971 0.54464 0.03971 0.53642
10 0.51534 0.5059400000000001 0.49539999999999995 0.5059400000000001 0.49539999999999995 0.51554 0.51534 0.51554 0.51534 0.5059400000000001
10 0.757275 0.5146 0.746625 0.5146 0.746625 0.52348 0.757275 0.52348 0.757275 0.5146
10 0.616105 0.534975 0.589955 0.534975 0.589955 0.564625 0.616105 0.564625 0.616105 0.534975
10 0.6678200000000001 0.44726499999999997 0.6564 0.44726499999999997 0.6564 0.45653499999999997 0.6678200000000001 0.45653499999999997 0.6678200000000001 0.44726499999999997
10 0.38734999999999997 0.582255 0.37778999999999996 0.582255 0.37778999999999996 0.592545 0.38734999999999997 0.592545 0.38734999999999997 0.582255
10 0.716805 0.55365 0.707995 0.55365 0.707995 0.56257 0.716805 0.56257 0.716805 0.55365
10 0.38478 0.43189500000000003 0.37254 0.43189500000000003 0.37254 0.44262499999999994 0.38478 0.44262499999999994 0.38478 0.43189500000000003
9 0 0.5730000000000001 0.033 0.579 0.064 0.5900000000000001 0.11000000000000001 0.63 0.147 0.645 0.178 0.645 0.21800000000000003 0.629 0.288 0.627 0.368 0.617 0.489 0.653 0.518 0.655 0.585 0.641 0.631 0.637 0.6759999999999999 0.639 0.732 0.626 0.817 0.596 0.8859999999999999 0.5589999999999999 0.906 0.553 0.9480000000000001 0.5589999999999999 0.999 0.5820000000000001 0.999 0.557 0.9730000000000001 0.548 0.8880000000000001 0.5349999999999999 0.8710000000000001 0.522 0.849 0.492 0.798 0.44699999999999995 0.758 0.42300000000000004 0.73 0.41200000000000003 0.697 0.40800000000000003 0.6679999999999999 0.414 0.563 0.389 0.532 0.378 0.501 0.378 0.471 0.372 0.41600000000000004 0.375 0.37 0.369 0.33999999999999997 0.37 0.26 0.396 0.22999999999999998 0.397 0.093 0.369 0.037 0.352 0.009 0.352 0 0.355 0 0.5730000000000001