10 0.60694 0.44198000000000004 0.52858 0.44198000000000004 0.52858 0.49756 0.60694 0.49756 0.60694 0.44198000000000004
10 0.59177 0.42633 0.51859 0.42633 0.51859 0.47845000000000004 0.59177 0.47845000000000004 0.59177 0.42633
10 0.030264999999999997 0.483855 0.006535000000000001 0.483855 0.006535000000000001 0.514185 0.030264999999999997 0.514185 0.030264999999999997 0.483855
10 0.22406 0.56454 0.10869999999999999 0.56454 0.10869999999999999 0.64444 0.22406 0.64444 0.22406 0.56454
10 0.13518 0.29312 0.11434 0.29312 0.11434 0.32504 0.13518 0.32504 0.13518 0.29312
10 0.44820000000000004 0.5983850000000001 0.41459999999999997 0.5983850000000001 0.41459999999999997 0.6271950000000001 0.44820000000000004 0.6271950000000001 0.44820000000000004 0.5983850000000001
10 0.392455 0.39926 0.359985 0.39926 0.359985 0.43228 0.392455 0.43228 0.392455 0.39926
10 0.24801 0.570145 0.22366999999999998 0.570145 0.22366999999999998 0.590015 0.24801 0.590015 0.24801 0.570145
10 0.05858 0.71028 0.01106 0.71028 0.01106 0.7409 0.05858 0.7409 0.05858 0.71028
10 0.14698 0.37936000000000003 0.11596 0.37936000000000003 0.11596 0.42288 0.14698 0.42288 0.14698 0.37936000000000003
10 0.518065 0.47817999999999994 0.474115 0.47817999999999994 0.474115 0.5169400000000001 0.518065 0.5169400000000001 0.518065 0.47817999999999994
10 0.992615 0.6445000000000001 0.9058249999999999 0.6445000000000001 0.9058249999999999 0.7139 0.992615 0.7139 0.992615 0.6445000000000001
10 0.34538 0.5923350000000001 0.31038 0.5923350000000001 0.31038 0.6147050000000001 0.34538 0.6147050000000001 0.34538 0.5923350000000001
10 0.9307550000000001 0.6699550000000001 0.8768649999999999 0.6699550000000001 0.8768649999999999 0.707005 0.9307550000000001 0.707005 0.9307550000000001 0.6699550000000001
10 0.731705 0.689975 0.706775 0.689975 0.706775 0.717245 0.731705 0.717245 0.731705 0.689975
10 0.11606000000000001 0.635575 0.08182 0.635575 0.08182 0.655445 0.11606000000000001 0.655445 0.11606000000000001 0.635575
10 0.485005 0.469955 0.472035 0.469955 0.472035 0.48268500000000003 0.485005 0.48268500000000003 0.485005 0.469955
10 0.099225 0.53322 0.044935 0.53322 0.044935 0.54882 0.099225 0.54882 0.099225 0.53322
10 0.17339500000000002 0.51582 0.158385 0.51582 0.158385 0.53398 0.17339500000000002 0.53398 0.17339500000000002 0.51582
10 0.7173 0.44903000000000004 0.67528 0.44903000000000004 0.67528 0.47383 0.7173 0.47383 0.7173 0.44903000000000004
10 0.02647 0.41509 0.00723 0.41509 0.00723 0.43207000000000007 0.02647 0.43207000000000007 0.02647 0.41509
10 0.35318 0.40629499999999996 0.28696 0.40629499999999996 0.28696 0.445265 0.35318 0.445265 0.35318 0.40629499999999996
10 0.9165449999999999 0.552175 0.887175 0.552175 0.887175 0.570865 0.9165449999999999 0.570865 0.9165449999999999 0.552175
10 0.061935 0.457555 0.050985 0.457555 0.050985 0.470185 0.061935 0.470185 0.061935 0.457555
10 0.06362999999999999 0.280845 0.05221 0.280845 0.05221 0.291415 0.06362999999999999 0.291415 0.06362999999999999 0.280845
10 0.814925 0.569805 0.801295 0.569805 0.801295 0.582535 0.814925 0.582535 0.814925 0.569805
10 0.77528 0.73442 0.7462 0.73442 0.7462 0.75484 0.77528 0.75484 0.77528 0.73442
10 0.44999 0.50792 0.44161 0.50792 0.44161 0.51748 0.44999 0.51748 0.44999 0.50792
10 0.37749 0.64919 0.35005000000000003 0.64919 0.35005000000000003 0.66623 0.37749 0.66623 0.37749 0.64919
10 0.022994999999999998 0.59225 0.012825 0.59225 0.012825 0.6040300000000001 0.022994999999999998 0.6040300000000001 0.022994999999999998 0.59225
10 0.37858 0.47268499999999997 0.36898 0.47268499999999997 0.36898 0.484835 0.37858 0.484835 0.37858 0.47268499999999997
10 0.30488499999999996 0.4751 0.244915 0.4751 0.244915 0.5175799999999999 0.30488499999999996 0.5175799999999999 0.30488499999999996 0.4751
10 0.062385 0.449035 0.051135 0.449035 0.051135 0.46210500000000004 0.062385 0.46210500000000004 0.062385 0.449035
10 0.6021099999999999 0.42076 0.5726899999999999 0.42076 0.5726899999999999 0.43323999999999996 0.6021099999999999 0.43323999999999996 0.6021099999999999 0.42076
10 0.62996 0.571455 0.5927 0.571455 0.5927 0.602365 0.62996 0.602365 0.62996 0.571455
10 0.37991 0.48789999999999994 0.37057 0.48789999999999994 0.37057 0.49745999999999996 0.37991 0.49745999999999996 0.37991 0.48789999999999994
10 0.33342 0.475855 0.3243 0.475855 0.3243 0.48508500000000004 0.33342 0.48508500000000004 0.33342 0.475855
10 0.01396 0.6290600000000001 0.00148 0.6290600000000001 0.00148 0.6434 0.01396 0.6434 0.01396 0.6290600000000001
10 0.7313850000000001 0.744605 0.6680349999999999 0.744605 0.6680349999999999 0.7749349999999999 0.7313850000000001 0.7749349999999999 0.7313850000000001 0.744605
10 0.763915 0.74351 0.712645 0.74351 0.712645 0.7682100000000001 0.763915 0.7682100000000001 0.763915 0.74351
10 0.5449550000000001 0.5741850000000001 0.47848499999999994 0.5741850000000001 0.47848499999999994 0.605495 0.5449550000000001 0.605495 0.5449550000000001 0.5741850000000001
10 0.8832549999999999 0.6983050000000001 0.844285 0.6983050000000001 0.844285 0.713795 0.8832549999999999 0.713795 0.8832549999999999 0.6983050000000001
10 0.5200400000000001 0.646805 0.50926 0.646805 0.50926 0.657875 0.5200400000000001 0.657875 0.5200400000000001 0.646805
10 0.657045 0.598945 0.592955 0.598945 0.592955 0.628595 0.657045 0.628595 0.657045 0.598945
10 0.41389 0.433845 0.40251000000000003 0.433845 0.40251000000000003 0.446035 0.41389 0.446035 0.41389 0.433845
10 0.083575 0.7317400000000001 0.023605 0.7317400000000001 0.023605 0.75458 0.083575 0.75458 0.083575 0.7317400000000001
10 0.30480999999999997 0.56289 0.28015 0.56289 0.28015 0.57481 0.30480999999999997 0.57481 0.30480999999999997 0.56289
9 0.153 0.7230000000000001 0.161 0.725 0.16699999999999998 0.718 0.177 0.7190000000000001 0.324 0.6849999999999999 0.386 0.696 0.43899999999999995 0.692 0.47800000000000004 0.696 0.502 0.71 0.549 0.729 0.596 0.756 0.623 0.767 0.662 0.773 0.6980000000000001 0.772 0.728 0.764 0.8400000000000001 0.709 0.884 0.705 0.944 0.714 0.976 0.712 0.999 0.706 0.999 0.613 0.9869999999999999 0.604 0.9650000000000001 0.5980000000000001 0.9550000000000001 0.587 0.893 0.558 0.8210000000000001 0.534 0.786 0.516 0.755 0.492 0.701 0.45999999999999996 0.63 0.43600000000000005 0.549 0.42000000000000004 0.45199999999999996 0.41500000000000004 0.43899999999999995 0.417 0.43600000000000005 0.42699999999999994 0.43099999999999994 0.426 0.425 0.433 0.41500000000000004 0.433 0.399 0.42699999999999994 0.398 0.409 0.392 0.395 0.363 0.376 0.29 0.343 0.23700000000000002 0.323 0.175 0.306 0.002 0.27 0 0.757 0.044 0.746 0.099 0.738 0.153 0.7230000000000001