10 0.6687649999999999 0.634445 0.6393150000000001 0.634445 0.6393150000000001 0.658115 0.6687649999999999 0.658115 0.6687649999999999 0.634445
10 0.434665 0.585415 0.42129500000000003 0.585415 0.42129500000000003 0.598185 0.434665 0.598185 0.434665 0.585415
10 0.538635 0.6363000000000001 0.524845 0.6363000000000001 0.524845 0.65374 0.538635 0.65374 0.538635 0.6363000000000001
10 0.30250499999999997 0.5534250000000001 0.287835 0.5534250000000001 0.287835 0.565715 0.30250499999999997 0.565715 0.30250499999999997 0.5534250000000001
10 0.46371 0.46749999999999997 0.44692999999999994 0.46749999999999997 0.44692999999999994 0.48416 0.46371 0.48416 0.46371 0.46749999999999997
10 0.8044100000000001 0.473215 0.7912899999999999 0.473215 0.7912899999999999 0.486745 0.8044100000000001 0.486745 0.8044100000000001 0.473215
10 0.28051499999999996 0.537185 0.263925 0.537185 0.263925 0.5507150000000001 0.28051499999999996 0.5507150000000001 0.28051499999999996 0.537185
10 0.14718 0.416845 0.13284 0.416845 0.13284 0.432275 0.14718 0.432275 0.14718 0.416845
10 0.410095 0.56586 0.395085 0.56586 0.395085 0.58258 0.410095 0.58258 0.410095 0.56586
10 0.87822 0.575415 0.86104 0.575415 0.86104 0.5906049999999999 0.87822 0.5906049999999999 0.87822 0.575415
10 0.68565 0.59287 0.66787 0.59287 0.66787 0.60927 0.68565 0.60927 0.68565 0.59287
10 0.742065 0.42532 0.726695 0.42532 0.726695 0.43844000000000005 0.742065 0.43844000000000005 0.742065 0.42532
10 0.44201499999999994 0.55094 0.428585 0.55094 0.428585 0.5672200000000001 0.44201499999999994 0.5672200000000001 0.44201499999999994 0.55094
10 0.49363999999999997 0.479565 0.47901999999999995 0.479565 0.47901999999999995 0.493575 0.49363999999999997 0.493575 0.49363999999999997 0.479565
10 0.5082 0.605115 0.49471999999999994 0.605115 0.49471999999999994 0.617545 0.5082 0.617545 0.5082 0.605115
10 0.03229 0.425655 0.01125 0.425655 0.01125 0.445445 0.03229 0.445445 0.03229 0.425655
10 0.8086650000000001 0.563315 0.796795 0.563315 0.796795 0.5734049999999999 0.8086650000000001 0.5734049999999999 0.8086650000000001 0.563315
10 0.136375 0.40007000000000004 0.12436499999999999 0.40007000000000004 0.12436499999999999 0.41145 0.136375 0.41145 0.136375 0.40007000000000004
10 0.762355 0.430055 0.750345 0.430055 0.750345 0.440545 0.762355 0.440545 0.762355 0.430055
10 0.891335 0.43448000000000003 0.8811249999999999 0.43448000000000003 0.8811249999999999 0.44882 0.891335 0.44882 0.891335 0.43448000000000003
10 0.419245 0.592705 0.405455 0.592705 0.405455 0.6055349999999999 0.419245 0.6055349999999999 0.419245 0.592705
10 0.59627 0.55714 0.58049 0.55714 0.58049 0.57176 0.59627 0.57176 0.59627 0.55714
10 0.38493 0.456405 0.37191 0.456405 0.37191 0.469375 0.38493 0.469375 0.38493 0.456405
10 0.49271000000000004 0.56517 0.47359 0.56517 0.47359 0.57839 0.49271000000000004 0.57839 0.49271000000000004 0.56517
10 0.739385 0.48789499999999997 0.728395 0.48789499999999997 0.728395 0.498425 0.739385 0.498425 0.739385 0.48789499999999997
10 0.199015 0.43087 0.188445 0.43087 0.188445 0.44169 0.199015 0.44169 0.199015 0.43087
10 0.8878349999999999 0.48175999999999997 0.8768050000000001 0.48175999999999997 0.8768050000000001 0.48992 0.8878349999999999 0.48992 0.8878349999999999 0.48175999999999997
10 0.70321 0.48721500000000006 0.68643 0.48721500000000006 0.68643 0.501065 0.70321 0.501065 0.70321 0.48721500000000006
10 0.233325 0.43024500000000004 0.221995 0.43024500000000004 0.221995 0.440855 0.233325 0.440855 0.233325 0.43024500000000004
10 0.5963149999999999 0.47302999999999995 0.579465 0.47302999999999995 0.579465 0.48595 0.5963149999999999 0.48595 0.5963149999999999 0.47302999999999995
10 0.370825 0.5806899999999999 0.36111499999999996 0.5806899999999999 0.36111499999999996 0.59021 0.370825 0.59021 0.370825 0.5806899999999999
10 0.804185 0.540055 0.792495 0.540055 0.792495 0.552725 0.804185 0.552725 0.804185 0.540055
10 0.6605000000000001 0.449055 0.64908 0.449055 0.64908 0.461105 0.6605000000000001 0.461105 0.6605000000000001 0.449055
10 0.671705 0.548385 0.661295 0.548385 0.661295 0.559035 0.671705 0.559035 0.671705 0.548385
10 0.434845 0.39432 0.420615 0.39432 0.420615 0.40743999999999997 0.434845 0.40743999999999997 0.434845 0.39432
10 0.33344999999999997 0.5645749999999999 0.31889 0.5645749999999999 0.31889 0.578005 0.33344999999999997 0.578005 0.33344999999999997 0.5645749999999999
10 0.28675 0.48335 0.26305 0.48335 0.26305 0.49907 0.28675 0.49907 0.28675 0.48335
10 0.230695 0.52019 0.21900499999999998 0.52019 0.21900499999999998 0.53157 0.230695 0.53157 0.230695 0.52019
10 0.481685 0.6239600000000001 0.472415 0.6239600000000001 0.472415 0.63288 0.481685 0.63288 0.481685 0.6239600000000001
10 0.7811250000000001 0.37057 0.765755 0.37057 0.765755 0.38235 0.7811250000000001 0.38235 0.7811250000000001 0.37057
10 0.6228100000000001 0.40871500000000005 0.60863 0.40871500000000005 0.60863 0.42086499999999993 0.6228100000000001 0.42086499999999993 0.6228100000000001 0.40871500000000005
10 0.37816 0.39193 0.36354000000000003 0.39193 0.36354000000000003 0.40495000000000003 0.37816 0.40495000000000003 0.37816 0.39193
10 0.054569999999999994 0.43526499999999996 0.04297 0.43526499999999996 0.04297 0.44755500000000004 0.054569999999999994 0.44755500000000004 0.054569999999999994 0.43526499999999996
10 0.403895 0.4124 0.383205 0.4124 0.383205 0.42645999999999995 0.403895 0.42645999999999995 0.403895 0.4124
10 0.33923000000000003 0.542465 0.32727 0.542465 0.32727 0.555195 0.33923000000000003 0.555195 0.33923000000000003 0.542465
10 0.523595 0.44781000000000004 0.513505 0.44781000000000004 0.513505 0.45892999999999995 0.523595 0.45892999999999995 0.523595 0.44781000000000004
10 0.473705 0.4056 0.460875 0.4056 0.460875 0.41862000000000005 0.473705 0.41862000000000005 0.473705 0.4056
10 0.64831 0.56141 0.63879 0.56141 0.63879 0.57043 0.64831 0.57043 0.64831 0.56141
10 0.6503650000000001 0.47969 0.636735 0.47969 0.636735 0.49541 0.6503650000000001 0.49541 0.6503650000000001 0.47969
10 0.6555150000000001 0.5420849999999999 0.6423449999999999 0.5420849999999999 0.6423449999999999 0.557515 0.6555150000000001 0.557515 0.6555150000000001 0.5420849999999999
10 0.330495 0.4327 0.310125 0.4327 0.310125 0.44962 0.330495 0.44962 0.330495 0.4327
10 0.41396 0.46963999999999995 0.39756 0.46963999999999995 0.39756 0.48592 0.41396 0.48592 0.41396 0.46963999999999995
10 0.47331500000000004 0.4423 0.45930499999999996 0.4423 0.45930499999999996 0.45858 0.47331500000000004 0.45858 0.47331500000000004 0.4423
10 0.443905 0.644545 0.43011499999999997 0.644545 0.43011499999999997 0.656235 0.443905 0.656235 0.443905 0.644545
10 0.352895 0.37052 0.33752499999999996 0.37052 0.33752499999999996 0.3829 0.352895 0.3829 0.352895 0.37052
10 0.3254 0.39004 0.30985999999999997 0.39004 0.30985999999999997 0.40488 0.3254 0.40488 0.3254 0.39004
10 0.86875 0.494515 0.85391 0.494515 0.85391 0.5050049999999999 0.86875 0.5050049999999999 0.86875 0.494515
10 0.6082150000000001 0.65007 0.597845 0.65007 0.597845 0.66145 0.6082150000000001 0.66145 0.6082150000000001 0.65007
10 0.5432349999999999 0.40374 0.528045 0.40374 0.528045 0.41608 0.5432349999999999 0.41608 0.5432349999999999 0.40374
10 0.701865 0.36006 0.692675 0.36006 0.692675 0.36991999999999997 0.701865 0.36991999999999997 0.701865 0.36006
10 0.31347 0.49681499999999995 0.29493 0.49681499999999995 0.29493 0.513925 0.31347 0.513925 0.31347 0.49681499999999995
10 0.448665 0.39183 0.438055 0.39183 0.438055 0.40113000000000004 0.448665 0.40113000000000004 0.448665 0.39183
9 0 0.5 0.008 0.505 0.08399999999999999 0.51 0.156 0.53 0.189 0.545 0.259 0.595 0.322 0.627 0.391 0.654 0.46299999999999997 0.67 0.5 0.673 0.584 0.671 0.616 0.6679999999999999 0.6519999999999999 0.659 0.727 0.653 0.77 0.662 0.799 0.662 0.8779999999999999 0.644 0.968 0.61 0.999 0.608 0.999 0.42000000000000004 0.97 0.44000000000000006 0.9369999999999999 0.44000000000000006 0.9 0.425 0.833 0.388 0.778 0.372 0.725 0.366 0.686 0.357 0.588 0.351 0.5309999999999999 0.343 0.40199999999999997 0.33999999999999997 0.339 0.355 0.231 0.34700000000000003 0.145 0.361 0.093 0.376 0.052000000000000005 0.396 0.005 0.42699999999999994 0 0.43099999999999994 0 0.5