10 0.36033 0.34818 0.29651 0.34818 0.29651 0.3983 0.36033 0.3983 0.36033 0.34818
10 0.290495 0.18868000000000001 0.250025 0.18868000000000001 0.250025 0.21781999999999999 0.290495 0.21781999999999999 0.290495 0.18868000000000001
10 0.40835 0.50726 0.33382999999999996 0.50726 0.33382999999999996 0.55816 0.40835 0.55816 0.40835 0.50726
10 0.649985 0.564785 0.627355 0.564785 0.627355 0.590495 0.649985 0.590495 0.649985 0.564785
10 0.08247 0.50293 0.05339000000000001 0.50293 0.05339000000000001 0.53711 0.08247 0.53711 0.08247 0.50293
10 0.142045 0.29134000000000004 0.104295 0.29134000000000004 0.104295 0.32633999999999996 0.142045 0.32633999999999996 0.142045 0.29134000000000004
10 0.34817 0.63073 0.31490999999999997 0.63073 0.31490999999999997 0.65443 0.34817 0.65443 0.34817 0.63073
10 0.2522 0.25928 0.2334 0.25928 0.2334 0.2793 0.2522 0.2793 0.2522 0.25928
10 0.27721 0.62754 0.25551 0.62754 0.25551 0.64492 0.27721 0.64492 0.27721 0.62754
10 0.500035 0.2072 0.476525 0.2072 0.476525 0.2264 0.500035 0.2264 0.500035 0.2072
10 0.256795 0.695535 0.234165 0.695535 0.234165 0.7156049999999999 0.256795 0.7156049999999999 0.256795 0.695535
10 0.56204 0.451795 0.52878 0.451795 0.52878 0.485705 0.56204 0.485705 0.56204 0.451795
10 0.061045 0.14946500000000001 0.035575 0.14946500000000001 0.035575 0.17035499999999998 0.061045 0.17035499999999998 0.061045 0.14946500000000001
10 0.02877 0.554775 0.00935 0.554775 0.00935 0.573145 0.02877 0.573145 0.02877 0.554775
10 0.26041 0.261045 0.22860999999999998 0.261045 0.22860999999999998 0.300475 0.26041 0.300475 0.26041 0.261045
10 0.293555 0.562265 0.268465 0.562265 0.268465 0.586175 0.293555 0.586175 0.293555 0.562265
10 0.14579999999999999 0.47874 0.12347999999999999 0.47874 0.12347999999999999 0.49978 0.14579999999999999 0.49978 0.14579999999999999 0.47874
10 0.5849249999999999 0.27833 0.563515 0.27833 0.563515 0.29392999999999997 0.5849249999999999 0.29392999999999997 0.5849249999999999 0.27833
10 0.65761 0.36999 0.63243 0.36999 0.63243 0.38879 0.65761 0.38879 0.65761 0.36999
10 0.699085 0.52173 0.677875 0.52173 0.677875 0.55347 0.699085 0.55347 0.699085 0.52173
10 0.080645 0.71855 0.042895 0.71855 0.042895 0.74629 0.080645 0.74629 0.080645 0.71855
10 0.680365 0.501195 0.658495 0.501195 0.658495 0.5232249999999999 0.680365 0.5232249999999999 0.680365 0.501195
10 0.67531 0.597835 0.64989 0.597835 0.64989 0.619945 0.67531 0.619945 0.67531 0.597835
10 0.43611000000000005 0.44929500000000006 0.39201 0.44929500000000006 0.39201 0.474045 0.43611000000000005 0.474045 0.43611000000000005 0.44929500000000006
10 0.318945 0.49667000000000006 0.251375 0.49667000000000006 0.251375 0.5472699999999999 0.318945 0.5472699999999999 0.318945 0.49667000000000006
10 0.74417 0.42557999999999996 0.71969 0.42557999999999996 0.71969 0.44551999999999997 0.74417 0.44551999999999997 0.74417 0.42557999999999996
10 0.5282600000000001 0.523695 0.5010399999999999 0.523695 0.5010399999999999 0.554425 0.5282600000000001 0.554425 0.5282600000000001 0.523695
10 0.42177 0.492845 0.39659 0.492845 0.39659 0.513015 0.42177 0.513015 0.42177 0.492845
10 0.09931999999999999 0.32943 0.0789 0.32943 0.0789 0.34635 0.09931999999999999 0.34635 0.09931999999999999 0.32943
10 0.785935 0.463335 0.736525 0.463335 0.736525 0.505905 0.785935 0.505905 0.785935 0.463335
10 0.627575 0.611305 0.609725 0.611305 0.609725 0.6269750000000001 0.627575 0.6269750000000001 0.627575 0.611305
10 0.327355 0.3976 0.307905 0.3976 0.307905 0.41929999999999995 0.327355 0.41929999999999995 0.327355 0.3976
10 0.42458 0.6202650000000001 0.40842 0.6202650000000001 0.40842 0.6336350000000001 0.42458 0.6336350000000001 0.42458 0.6202650000000001
10 0.76149 0.48321 0.73753 0.48321 0.73753 0.50605 0.76149 0.50605 0.76149 0.48321
10 0.54818 0.5824900000000001 0.52702 0.5824900000000001 0.52702 0.60111 0.54818 0.60111 0.54818 0.5824900000000001
10 0.83653 0.43388 0.81875 0.43388 0.81875 0.44989999999999997 0.83653 0.44989999999999997 0.83653 0.43388
10 0.429955 0.5936950000000001 0.410865 0.5936950000000001 0.410865 0.6074849999999999 0.429955 0.6074849999999999 0.429955 0.5936950000000001
10 0.393255 0.32127 0.373345 0.32127 0.373345 0.33937 0.393255 0.33937 0.393255 0.32127
10 0.607805 0.48621 0.579695 0.48621 0.579695 0.50841 0.607805 0.50841 0.607805 0.48621
10 0.282125 0.498385 0.252535 0.498385 0.252535 0.521155 0.282125 0.521155 0.282125 0.498385
10 0.08215 0.361585 0.02325 0.361585 0.02325 0.402575 0.08215 0.402575 0.08215 0.361585
10 0.10503499999999999 0.27264499999999997 0.078685 0.27264499999999997 0.078685 0.29669500000000004 0.10503499999999999 0.29669500000000004 0.10503499999999999 0.27264499999999997
10 0.5034799999999999 0.310245 0.35150000000000003 0.310245 0.35150000000000003 0.429015 0.5034799999999999 0.429015 0.5034799999999999 0.310245
10 0.8309049999999999 0.38878 0.795075 0.38878 0.795075 0.41396 0.8309049999999999 0.41396 0.8309049999999999 0.38878
10 0.11442000000000001 0.37829 0.0975 0.37829 0.0975 0.39319000000000004 0.11442000000000001 0.39319000000000004 0.11442000000000001 0.37829
10 0.561105 0.645045 0.540455 0.645045 0.540455 0.6654950000000001 0.561105 0.6654950000000001 0.561105 0.645045
10 0.22689499999999999 0.440285 0.153225 0.440285 0.153225 0.462055 0.22689499999999999 0.462055 0.22689499999999999 0.440285
10 0.6878949999999999 0.44437499999999996 0.6685450000000001 0.44437499999999996 0.6685450000000001 0.460905 0.6878949999999999 0.460905 0.6878949999999999 0.44437499999999996
10 0.86714 0.306215 0.84672 0.306215 0.84672 0.32464499999999996 0.86714 0.32464499999999996 0.86714 0.306215
10 0.781045 0.540235 0.768755 0.540235 0.768755 0.551565 0.781045 0.551565 0.781045 0.540235
10 0.25346 0.612845 0.24386000000000002 0.612845 0.24386000000000002 0.622515 0.25346 0.622515 0.25346 0.612845
10 0.8944050000000001 0.32048 0.869275 0.32048 0.869275 0.33578 0.8944050000000001 0.33578 0.8944050000000001 0.32048
10 0.92204 0.307595 0.90608 0.307595 0.90608 0.322785 0.92204 0.322785 0.92204 0.307595
10 0.994955 0.32429 0.933765 0.32429 0.933765 0.35783 0.994955 0.35783 0.994955 0.32429
10 0.65442 0.43074 0.62976 0.43074 0.62976 0.45011999999999996 0.65442 0.45011999999999996 0.65442 0.43074
10 0.79567 0.391795 0.78637 0.391795 0.78637 0.399225 0.79567 0.399225 0.79567 0.391795
10 0.09881 0.72288 0.08685000000000001 0.72288 0.08685000000000001 0.7361 0.09881 0.7361 0.09881 0.72288
10 0.083775 0.36138 0.06526499999999999 0.36138 0.06526499999999999 0.39008 0.083775 0.39008 0.083775 0.36138
10 0.590815 0.416775 0.571285 0.416775 0.571285 0.426985 0.590815 0.426985 0.590815 0.416775
10 0.44423 0.16452 0.41952999999999996 0.16452 0.41952999999999996 0.17826 0.44423 0.17826 0.44423 0.16452
10 0.84332 0.31507999999999997 0.81294 0.31507999999999997 0.81294 0.3358 0.84332 0.3358 0.84332 0.31507999999999997
10 0.93631 0.31023 0.81271 0.31023 0.81271 0.35677 0.93631 0.35677 0.93631 0.31023
9 0 0.776 0.101 0.773 0.16299999999999998 0.763 0.256 0.763 0.357 0.756 0.409 0.75 0.44400000000000006 0.74 0.568 0.675 0.603 0.651 0.7070000000000001 0.609 0.77 0.568 0.834 0.513 0.9179999999999999 0.414 0.999 0.356 0.999 0.337 0.9650000000000001 0.33199999999999996 0.959 0.32799999999999996 0.9460000000000001 0.329 0.876 0.29100000000000004 0.8300000000000001 0.275 0.7969999999999999 0.274 0.762 0.279 0.7 0.27 0.642 0.246 0.5660000000000001 0.221 0.517 0.197 0.43099999999999994 0.17099999999999999 0.353 0.155 0.27599999999999997 0.147 0.22000000000000003 0.131 0.19 0.118 0.173 0.11599999999999999 0.162 0.10900000000000001 0.011 0.079 0 0.079 0 0.776