10 0.42939499999999997 0.46453 0.394945 0.46453 0.394945 0.49359000000000003 0.42939499999999997 0.49359000000000003 0.42939499999999997 0.46453
10 0.483115 0.54594 0.46658499999999997 0.54594 0.46658499999999997 0.5605 0.483115 0.5605 0.483115 0.54594
10 0.82308 0.43098000000000003 0.8068 0.43098000000000003 0.8068 0.44744 0.82308 0.44744 0.82308 0.43098000000000003
10 0.8165100000000001 0.53982 0.79481 0.53982 0.79481 0.55784 0.8165100000000001 0.55784 0.8165100000000001 0.53982
10 0.7286349999999999 0.55571 0.711785 0.55571 0.711785 0.57125 0.7286349999999999 0.57125 0.7286349999999999 0.55571
10 0.30071 0.530865 0.28620999999999996 0.530865 0.28620999999999996 0.545315 0.30071 0.545315 0.30071 0.530865
10 0.5745250000000001 0.41461 0.555355 0.41461 0.555355 0.43159000000000003 0.5745250000000001 0.43159000000000003 0.5745250000000001 0.41461
10 0.42657 0.49800000000000005 0.40449 0.49800000000000005 0.40449 0.51958 0.42657 0.51958 0.42657 0.49800000000000005
10 0.555905 0.59679 0.542735 0.59679 0.542735 0.60927 0.555905 0.60927 0.555905 0.59679
10 0.42314999999999997 0.535795 0.40643 0.535795 0.40643 0.549165 0.42314999999999997 0.549165 0.42314999999999997 0.535795
10 0.75737 0.622875 0.74165 0.622875 0.74165 0.636885 0.75737 0.636885 0.75737 0.622875
10 0.15028 0.42783 0.12194 0.42783 0.12194 0.45106999999999997 0.15028 0.45106999999999997 0.15028 0.42783
10 0.411705 0.5808150000000001 0.398835 0.5808150000000001 0.398835 0.593005 0.411705 0.593005 0.411705 0.5808150000000001
10 0.582275 0.537375 0.567145 0.537375 0.567145 0.551485 0.582275 0.551485 0.582275 0.537375
10 0.72673 0.505135 0.70393 0.505135 0.70393 0.520265 0.72673 0.520265 0.72673 0.505135
10 0.30945 0.387 0.28771 0.387 0.28771 0.40548 0.30945 0.40548 0.30945 0.387
10 0.66075 0.5166999999999999 0.64491 0.5166999999999999 0.64491 0.53018 0.66075 0.53018 0.66075 0.5166999999999999
10 0.34701 0.47476 0.33171 0.47476 0.33171 0.4891 0.34701 0.4891 0.34701 0.47476
10 0.478665 0.40620500000000004 0.463715 0.40620500000000004 0.463715 0.42093499999999995 0.478665 0.42093499999999995 0.478665 0.40620500000000004
10 0.48429 0.5178849999999999 0.46737 0.5178849999999999 0.46737 0.532895 0.48429 0.532895 0.48429 0.5178849999999999
10 0.7275699999999999 0.403325 0.7099300000000001 0.403325 0.7099300000000001 0.41845499999999997 0.7275699999999999 0.41845499999999997 0.7275699999999999 0.403325
10 0.18105500000000002 0.372645 0.16586499999999998 0.372645 0.16586499999999998 0.383215 0.18105500000000002 0.383215 0.18105500000000002 0.372645
10 0.821045 0.58045 0.805915 0.58045 0.805915 0.59435 0.821045 0.59435 0.821045 0.58045
10 0.8557600000000001 0.52385 0.83858 0.52385 0.83858 0.54157 0.8557600000000001 0.54157 0.8557600000000001 0.52385
10 0.6785249999999999 0.38237 0.660335 0.38237 0.660335 0.39791 0.6785249999999999 0.39791 0.6785249999999999 0.38237
10 0.18057 0.55083 0.16319 0.55083 0.16319 0.5653900000000001 0.18057 0.5653900000000001 0.18057 0.55083
10 0.61166 0.609385 0.59538 0.609385 0.59538 0.6259750000000001 0.61166 0.6259750000000001 0.61166 0.609385
10 0.324065 0.507885 0.310215 0.507885 0.310215 0.521415 0.324065 0.521415 0.324065 0.507885
10 0.60886 0.382185 0.59134 0.382185 0.59134 0.39515500000000003 0.60886 0.39515500000000003 0.60886 0.382185
10 0.6363000000000001 0.41536 0.61858 0.41536 0.61858 0.43132000000000004 0.6363000000000001 0.43132000000000004 0.6363000000000001 0.41536
10 0.8768100000000001 0.443215 0.8585499999999999 0.443215 0.8585499999999999 0.457665 0.8768100000000001 0.457665 0.8768100000000001 0.443215
10 0.6851499999999999 0.6198750000000001 0.66837 0.6198750000000001 0.66837 0.633045 0.6851499999999999 0.633045 0.6851499999999999 0.6198750000000001
10 0.5954550000000001 0.343905 0.580325 0.343905 0.580325 0.356775 0.5954550000000001 0.356775 0.5954550000000001 0.343905
10 0.296165 0.571565 0.280495 0.571565 0.280495 0.594455 0.296165 0.594455 0.296165 0.571565
10 0.5832200000000001 0.60911 0.5700999999999999 0.60911 0.5700999999999999 0.62233 0.5832200000000001 0.62233 0.5832200000000001 0.60911
10 0.707875 0.45823 0.686665 0.45823 0.686665 0.47439 0.707875 0.47439 0.707875 0.45823
10 0.12848500000000002 0.402605 0.113815 0.402605 0.113815 0.41429499999999997 0.12848500000000002 0.41429499999999997 0.12848500000000002 0.402605
10 0.779265 0.48317 0.7666350000000001 0.48317 0.7666350000000001 0.49437 0.779265 0.49437 0.779265 0.48317
10 0.30118999999999996 0.30366 0.26765 0.30366 0.26765 0.32426 0.30118999999999996 0.32426 0.30118999999999996 0.30366
10 0.39181499999999997 0.445285 0.371365 0.445285 0.371365 0.465355 0.39181499999999997 0.465355 0.39181499999999997 0.445285
10 0.8039099999999999 0.47191 0.78789 0.47191 0.78789 0.48513 0.8039099999999999 0.48513 0.8039099999999999 0.47191
10 0.51595 0.31577500000000003 0.49966999999999995 0.31577500000000003 0.49966999999999995 0.326805 0.51595 0.326805 0.51595 0.31577500000000003
10 0.70904 0.322335 0.69818 0.322335 0.69818 0.330005 0.70904 0.330005 0.70904 0.322335
10 0.741865 0.5442750000000001 0.727855 0.5442750000000001 0.727855 0.554365 0.741865 0.554365 0.741865 0.5442750000000001
10 0.25231499999999996 0.315585 0.240125 0.315585 0.240125 0.325035 0.25231499999999996 0.325035 0.25231499999999996 0.315585
10 0.9673450000000001 0.483695 0.935975 0.483695 0.935975 0.5119049999999999 0.9673450000000001 0.5119049999999999 0.9673450000000001 0.483695
10 0.948455 0.5402 0.9363049999999999 0.5402 0.9363049999999999 0.5525800000000001 0.948455 0.5525800000000001 0.948455 0.5402
10 0.066855 0.42453 0.055345 0.42453 0.055345 0.43434999999999996 0.066855 0.43434999999999996 0.066855 0.42453
10 0.469175 0.6132500000000001 0.45074500000000006 0.6132500000000001 0.45074500000000006 0.62503 0.469175 0.62503 0.469175 0.6132500000000001
10 0.33474 0.26924000000000003 0.32492 0.26924000000000003 0.32492 0.27714 0.33474 0.27714 0.33474 0.26924000000000003
10 0.97044 0.43503499999999995 0.96218 0.43503499999999995 0.96218 0.44240500000000005 0.97044 0.44240500000000005 0.97044 0.43503499999999995
10 0.16018 0.39584 0.15062 0.39584 0.15062 0.40347999999999995 0.16018 0.40347999999999995 0.16018 0.39584
10 0.9749700000000001 0.54199 0.94299 0.54199 0.94299 0.57519 0.9749700000000001 0.57519 0.9749700000000001 0.54199
10 0.48965 0.1207 0.47958999999999996 0.1207 0.47958999999999996 0.12734 0.48965 0.12734 0.48965 0.1207
9 0 0.46900000000000003 0.006 0.47400000000000003 0.019 0.476 0.031 0.489 0.044 0.48200000000000004 0.061 0.493 0.066 0.507 0.059 0.524 0.06 0.533 0.135 0.5700000000000001 0.177 0.5860000000000001 0.379 0.632 0.484 0.648 0.568 0.65 0.604 0.646 0.689 0.654 0.76 0.648 0.8310000000000001 0.633 0.883 0.61 0.9720000000000001 0.584 0.999 0.571 0.999 0.47300000000000003 0.991 0.46299999999999997 0.9650000000000001 0.438 0.921 0.40499999999999997 0.869 0.374 0.8230000000000001 0.352 0.762 0.339 0.658 0.305 0.608 0.29500000000000004 0.5559999999999999 0.29100000000000004 0.491 0.29500000000000004 0.376 0.282 0.358 0.274 0.322 0.266 0.296 0.266 0.248 0.275 0.133 0.32 0.081 0.34700000000000003 0.033 0.351 0.020999999999999998 0.35 0 0.341 0 0.46900000000000003