10 0.40502000000000005 0.5044 0.3524 0.5044 0.3524 0.55742 0.40502000000000005 0.55742 0.40502000000000005 0.5044
10 0.47928 0.535705 0.43332 0.535705 0.43332 0.565855 0.47928 0.565855 0.47928 0.535705
10 0.62183 0.5503899999999999 0.58521 0.5503899999999999 0.58521 0.57363 0.62183 0.57363 0.62183 0.5503899999999999
10 0.11035500000000001 0.681825 0.083745 0.681825 0.083745 0.7097749999999999 0.11035500000000001 0.7097749999999999 0.11035500000000001 0.681825
10 0.44082999999999994 0.32842 0.41463 0.32842 0.41463 0.35518 0.44082999999999994 0.35518 0.44082999999999994 0.32842
10 0.450645 0.37700999999999996 0.42093499999999995 0.37700999999999996 0.42093499999999995 0.39985 0.450645 0.39985 0.450645 0.37700999999999996
10 0.54717 0.382715 0.52021 0.382715 0.52021 0.410245 0.54717 0.410245 0.54717 0.382715
10 0.50029 0.57847 0.44893 0.57847 0.44893 0.61781 0.50029 0.61781 0.50029 0.57847
10 0.368425 0.360105 0.342515 0.360105 0.342515 0.391355 0.368425 0.391355 0.368425 0.360105
10 0.37118 0.64655 0.34074 0.64655 0.34074 0.67377 0.37118 0.67377 0.37118 0.64655
10 0.109075 0.31772999999999996 0.081965 0.31772999999999996 0.081965 0.34829 0.109075 0.34829 0.109075 0.31772999999999996
10 0.19537500000000002 0.733375 0.171325 0.733375 0.171325 0.7558849999999999 0.19537500000000002 0.7558849999999999 0.19537500000000002 0.733375
10 0.13998 0.71975 0.10573999999999999 0.71975 0.10573999999999999 0.75095 0.13998 0.75095 0.13998 0.71975
10 0.62087 0.5122899999999999 0.59789 0.5122899999999999 0.59789 0.5326299999999999 0.62087 0.5326299999999999 0.62087 0.5122899999999999
10 0.18284 0.33761 0.15164 0.33761 0.15164 0.37039 0.18284 0.37039 0.18284 0.33761
10 0.45929000000000003 0.21629 0.43329000000000006 0.21629 0.43329000000000006 0.24098999999999998 0.45929000000000003 0.24098999999999998 0.45929000000000003 0.21629
10 0.437585 0.626745 0.41495499999999996 0.626745 0.41495499999999996 0.648655 0.437585 0.648655 0.437585 0.626745
10 0.38773 0.68633 0.37009 0.68633 0.37009 0.70331 0.38773 0.70331 0.38773 0.68633
10 0.048659999999999995 0.343935 0.01176 0.343935 0.01176 0.371885 0.048659999999999995 0.371885 0.048659999999999995 0.343935
10 0.26144500000000004 0.60336 0.236355 0.60336 0.236355 0.6232 0.26144500000000004 0.6232 0.26144500000000004 0.60336
10 0.20742 0.16891 0.18662 0.16891 0.18662 0.19339 0.20742 0.19339 0.20742 0.16891
10 0.37054 0.26423 0.3531 0.26423 0.3531 0.28069 0.37054 0.28069 0.37054 0.26423
10 0.55788 0.61336 0.53392 0.61336 0.53392 0.63274 0.55788 0.63274 0.55788 0.61336
10 0.09901 0.23179500000000003 0.06993 0.23179500000000003 0.06993 0.259165 0.09901 0.259165 0.09901 0.23179500000000003
10 0.065305 0.19802999999999998 0.037774999999999996 0.19802999999999998 0.037774999999999996 0.22286999999999998 0.065305 0.22286999999999998 0.065305 0.19802999999999998
10 0.07382999999999999 0.5364099999999999 0.04263 0.5364099999999999 0.04263 0.56125 0.07382999999999999 0.56125 0.07382999999999999 0.5364099999999999
10 0.82365 0.43111499999999997 0.80037 0.43111499999999997 0.80037 0.454145 0.82365 0.454145 0.82365 0.43111499999999997
10 0.237175 0.190075 0.21912500000000001 0.190075 0.21912500000000001 0.208845 0.237175 0.208845 0.237175 0.190075
10 0.46594499999999994 0.66638 0.422735 0.66638 0.422735 0.7008 0.46594499999999994 0.7008 0.46594499999999994 0.66638
10 0.343105 0.40987 0.319495 0.40987 0.319495 0.44365 0.343105 0.44365 0.343105 0.40987
10 0.06382 0.65247 0.032619999999999996 0.65247 0.032619999999999996 0.68053 0.06382 0.68053 0.06382 0.65247
10 0.085685 0.8194649999999999 0.059575 0.8194649999999999 0.059575 0.838735 0.085685 0.838735 0.085685 0.8194649999999999
9 0 0.829 0.024 0.834 0.09 0.837 0.196 0.82 0.22799999999999998 0.807 0.256 0.8029999999999999 0.42400000000000004 0.725 0.47300000000000003 0.709 0.55 0.678 0.603 0.6519999999999999 0.669 0.631 0.708 0.614 0.869 0.534 0.9269999999999999 0.523 0.968 0.524 0.9810000000000001 0.528 0.999 0.523 0.999 0.506 0.994 0.502 0.95 0.49400000000000005 0.8949999999999999 0.47400000000000003 0.867 0.454 0.828 0.41500000000000004 0.778 0.376 0.654 0.3 0.599 0.262 0.485 0.202 0.33399999999999996 0.156 0.225 0.131 0.18 0.125 0.003 0.11499999999999999 0 0.11599999999999999 0 0.829