10 0.5505950000000001 0.41239499999999996 0.520405 0.41239499999999996 0.520405 0.450185 0.5505950000000001 0.450185 0.5505950000000001 0.41239499999999996
10 0.6649200000000001 0.42206 0.6261 0.42206 0.6261 0.4549 0.6649200000000001 0.4549 0.6649200000000001 0.42206
10 0.3371 0.469785 0.30548000000000003 0.469785 0.30548000000000003 0.49505499999999997 0.3371 0.49505499999999997 0.3371 0.469785
10 0.37655500000000003 0.30699 0.34414500000000003 0.30699 0.34414500000000003 0.33216999999999997 0.37655500000000003 0.33216999999999997 0.37655500000000003 0.30699
10 0.21903999999999998 0.18038 0.19722 0.18038 0.19722 0.20438 0.21903999999999998 0.20438 0.21903999999999998 0.18038
10 0.44846 0.26762 0.42362 0.26762 0.42362 0.28854 0.44846 0.28854 0.44846 0.26762
10 0.26538 0.407345 0.23242 0.407345 0.23242 0.434935 0.26538 0.434935 0.26538 0.407345
10 0.17753000000000002 0.21758000000000002 0.15719 0.21758000000000002 0.15719 0.2353 0.17753000000000002 0.2353 0.17753000000000002 0.21758000000000002
10 0.02667 0.261755 0.00091 0.261755 0.00091 0.289025 0.02667 0.289025 0.02667 0.261755
10 0.16509000000000001 0.500045 0.11982999999999999 0.500045 0.11982999999999999 0.556595 0.16509000000000001 0.556595 0.16509000000000001 0.500045
10 0.47923499999999997 0.507985 0.457785 0.507985 0.457785 0.528155 0.47923499999999997 0.528155 0.47923499999999997 0.507985
10 0.34397 0.43576499999999996 0.32889 0.43576499999999996 0.32889 0.450955 0.34397 0.450955 0.34397 0.43576499999999996
10 0.293515 0.47175 0.278265 0.47175 0.278265 0.48918999999999996 0.293515 0.48918999999999996 0.293515 0.47175
10 0.28093 0.380335 0.25911 0.380335 0.25911 0.403365 0.28093 0.403365 0.28093 0.380335
10 0.693025 0.30700500000000003 0.6546350000000001 0.30700500000000003 0.6546350000000001 0.334115 0.693025 0.334115 0.693025 0.30700500000000003
10 0.49566999999999994 0.471515 0.48139000000000004 0.471515 0.48139000000000004 0.483565 0.49566999999999994 0.483565 0.49566999999999994 0.471515
10 0.377235 0.378385 0.363005 0.378385 0.363005 0.392615 0.377235 0.392615 0.377235 0.378385
10 0.18752 0.502055 0.17162 0.502055 0.17162 0.517485 0.18752 0.517485 0.18752 0.502055
10 0.08881 0.33282 0.06706999999999999 0.33282 0.06706999999999999 0.35566 0.08881 0.35566 0.08881 0.33282
10 0.03412 0.43181 0.00064 0.43181 0.00064 0.47248999999999997 0.03412 0.47248999999999997 0.03412 0.43181
10 0.18134999999999998 0.27280000000000004 0.16411 0.27280000000000004 0.16411 0.29018 0.18134999999999998 0.29018 0.18134999999999998 0.27280000000000004
10 0.197615 0.46102499999999996 0.184945 0.46102499999999996 0.184945 0.473555 0.197615 0.473555 0.197615 0.46102499999999996
10 0.11155999999999999 0.387285 0.09559999999999999 0.387285 0.09559999999999999 0.401295 0.11155999999999999 0.401295 0.11155999999999999 0.387285
10 0.32098499999999996 0.188945 0.290835 0.188945 0.290835 0.211455 0.32098499999999996 0.211455 0.32098499999999996 0.188945
10 0.06432 0.5335799999999999 0.049819999999999996 0.5335799999999999 0.049819999999999996 0.54748 0.06432 0.54748 0.06432 0.5335799999999999
10 0.23352499999999998 0.26702499999999996 0.220095 0.26702499999999996 0.220095 0.279855 0.23352499999999998 0.279855 0.23352499999999998 0.26702499999999996
10 0.223155 0.5389700000000001 0.20848499999999998 0.5389700000000001 0.20848499999999998 0.55381 0.223155 0.55381 0.223155 0.5389700000000001
10 0.307915 0.371975 0.292665 0.371975 0.292665 0.385345 0.307915 0.385345 0.307915 0.371975
10 0.07769000000000001 0.5866450000000001 0.06477000000000001 0.5866450000000001 0.06477000000000001 0.601835 0.07769000000000001 0.601835 0.07769000000000001 0.5866450000000001
10 0.71562 0.35758 0.69746 0.35758 0.69746 0.36996 0.71562 0.36996 0.71562 0.35758
10 0.084535 0.573025 0.071965 0.573025 0.071965 0.585175 0.084535 0.585175 0.084535 0.573025
10 0.418105 0.33718499999999996 0.39585499999999996 0.33718499999999996 0.39585499999999996 0.36007500000000003 0.418105 0.36007500000000003 0.418105 0.33718499999999996
10 0.670235 0.3452 0.6481250000000001 0.3452 0.6481250000000001 0.35744 0.670235 0.35744 0.670235 0.3452
10 0.273795 0.344805 0.259405 0.344805 0.259405 0.357335 0.273795 0.357335 0.273795 0.344805
10 0.362555 0.23817499999999997 0.348865 0.23817499999999997 0.348865 0.250845 0.362555 0.250845 0.362555 0.23817499999999997
10 0.17754 0.41561000000000003 0.14034 0.41561000000000003 0.14034 0.43888999999999995 0.17754 0.43888999999999995 0.17754 0.41561000000000003
10 0.37028 0.45282999999999995 0.35432 0.45282999999999995 0.35432 0.46611 0.37028 0.46611 0.37028 0.45282999999999995
10 0.5608500000000001 0.36439499999999997 0.54657 0.36439499999999997 0.54657 0.375345 0.5608500000000001 0.375345 0.5608500000000001 0.36439499999999997
10 0.643745 0.337015 0.6238349999999999 0.337015 0.6238349999999999 0.34852500000000003 0.643745 0.34852500000000003 0.643745 0.337015
10 0.80368 0.35613 0.78616 0.35613 0.78616 0.36846999999999996 0.80368 0.36846999999999996 0.80368 0.35613
10 0.13744499999999998 0.105535 0.120855 0.105535 0.120855 0.117005 0.13744499999999998 0.117005 0.13744499999999998 0.105535
10 0.15161 0.450225 0.13965 0.450225 0.13965 0.46237500000000004 0.15161 0.46237500000000004 0.15161 0.450225
10 0.18919 0.602305 0.16677 0.602305 0.16677 0.623275 0.18919 0.623275 0.18919 0.602305
10 0.399335 0.23581500000000002 0.387285 0.23581500000000002 0.387285 0.24782500000000002 0.399335 0.24782500000000002 0.399335 0.23581500000000002
10 0.8121 0.37860499999999997 0.79532 0.37860499999999997 0.79532 0.393855 0.8121 0.393855 0.8121 0.37860499999999997
10 0.138575 0.43803000000000003 0.12656499999999998 0.43803000000000003 0.12656499999999998 0.44966999999999996 0.138575 0.44966999999999996 0.138575 0.43803000000000003
10 0.613225 0.35774 0.5850150000000001 0.35774 0.5850150000000001 0.37517999999999996 0.613225 0.37517999999999996 0.613225 0.35774
10 0.03194 0.36816 0.00202 0.36816 0.00202 0.38818 0.03194 0.38818 0.03194 0.36816
10 0.558735 0.49929500000000004 0.5457650000000001 0.49929500000000004 0.5457650000000001 0.513405 0.558735 0.513405 0.558735 0.49929500000000004
10 0.40273000000000003 0.48811499999999997 0.38683 0.48811499999999997 0.38683 0.502125 0.40273000000000003 0.502125 0.40273000000000003 0.48811499999999997
10 0.43737000000000004 0.49087500000000006 0.42347 0.49087500000000006 0.42347 0.503745 0.43737000000000004 0.503745 0.43737000000000004 0.49087500000000006
10 0.06834 0.63514 0.05032 0.63514 0.05032 0.64806 0.06834 0.64806 0.06834 0.63514
9 0 0.6519999999999999 0.003 0.653 0.161 0.626 0.472 0.55 0.591 0.506 0.657 0.472 0.8039999999999999 0.40800000000000003 0.908 0.382 0.959 0.374 0.9650000000000001 0.37 0.96 0.364 0.9410000000000001 0.363 0.852 0.34199999999999997 0.741 0.344 0.714 0.333 0.6849999999999999 0.312 0.5269999999999999 0.23199999999999998 0.381 0.172 0.33999999999999997 0.162 0.27799999999999997 0.13799999999999998 0.158 0.11499999999999999 0.141 0.10700000000000001 0.076 0.092 0.007000000000000001 0.08199999999999999 0 0.08199999999999999 0 0.6519999999999999