10 0.412775 0.572525 0.373305 0.572525 0.373305 0.6109549999999999 0.412775 0.6109549999999999 0.412775 0.572525
10 0.20397500000000002 0.5618000000000001 0.18884499999999999 0.5618000000000001 0.18884499999999999 0.57492 0.20397500000000002 0.57492 0.20397500000000002 0.5618000000000001
10 0.20234000000000002 0.5367200000000001 0.18462 0.5367200000000001 0.18462 0.5541 0.20234000000000002 0.5541 0.20234000000000002 0.5367200000000001
10 0.626645 0.58028 0.607735 0.58028 0.607735 0.59844 0.626645 0.59844 0.626645 0.58028
10 0.2933 0.46677 0.27652 0.46677 0.27652 0.48292999999999997 0.2933 0.48292999999999997 0.2933 0.46677
10 0.099505 0.56044 0.081275 0.56044 0.081275 0.57628 0.099505 0.57628 0.099505 0.56044
10 0.343755 0.6047450000000001 0.30078499999999997 0.6047450000000001 0.30078499999999997 0.628655 0.343755 0.628655 0.343755 0.6047450000000001
10 0.261165 0.572875 0.24859499999999998 0.572875 0.24859499999999998 0.584345 0.261165 0.584345 0.261165 0.572875
10 0.0809 0.47542 0.06228 0.47542 0.06228 0.48992 0.0809 0.48992 0.0809 0.47542
10 0.312565 0.62156 0.299735 0.62156 0.299735 0.63234 0.312565 0.63234 0.312565 0.62156
10 0.40641499999999997 0.6247550000000001 0.385085 0.6247550000000001 0.385085 0.639885 0.40641499999999997 0.639885 0.40641499999999997 0.6247550000000001
10 0.6334500000000001 0.5105299999999999 0.61265 0.5105299999999999 0.61265 0.52561 0.6334500000000001 0.52561 0.6334500000000001 0.5105299999999999
10 0.21664 0.44054000000000004 0.2023 0.44054000000000004 0.2023 0.45302 0.21664 0.45302 0.21664 0.44054000000000004
10 0.48031499999999994 0.39154 0.455225 0.39154 0.455225 0.41412000000000004 0.48031499999999994 0.41412000000000004 0.48031499999999994 0.39154
10 0.47185499999999997 0.58316 0.461245 0.58316 0.461245 0.59458 0.47185499999999997 0.59458 0.47185499999999997 0.58316
10 0.27888 0.60371 0.26749999999999996 0.60371 0.26749999999999996 0.6130899999999999 0.27888 0.6130899999999999 0.27888 0.60371
10 0.474275 0.55918 0.45932500000000004 0.55918 0.45932500000000004 0.5726600000000001 0.474275 0.5726600000000001 0.474275 0.55918
10 0.14018999999999998 0.45487500000000003 0.12397 0.45487500000000003 0.12397 0.468465 0.14018999999999998 0.468465 0.14018999999999998 0.45487500000000003
10 0.336195 0.5260849999999999 0.325905 0.5260849999999999 0.325905 0.538375 0.336195 0.538375 0.336195 0.5260849999999999
10 0.452105 0.58038 0.44243499999999997 0.58038 0.44243499999999997 0.5895400000000001 0.452105 0.5895400000000001 0.452105 0.58038
10 0.35202 0.40193500000000004 0.3345 0.40193500000000004 0.3345 0.419845 0.35202 0.419845 0.35202 0.40193500000000004
10 0.5672550000000001 0.62782 0.5528649999999999 0.62782 0.5528649999999999 0.64074 0.5672550000000001 0.64074 0.5672550000000001 0.62782
10 0.553265 0.427095 0.538535 0.427095 0.538535 0.44204499999999997 0.553265 0.44204499999999997 0.553265 0.427095
10 0.21892 0.48163999999999996 0.20564 0.48163999999999996 0.20564 0.50224 0.21892 0.50224 0.21892 0.48163999999999996
10 0.373105 0.6025050000000001 0.359315 0.6025050000000001 0.359315 0.615275 0.373105 0.615275 0.373105 0.6025050000000001
10 0.5788800000000001 0.396305 0.56272 0.396305 0.56272 0.411795 0.5788800000000001 0.411795 0.5788800000000001 0.396305
10 0.13979 0.5932649999999999 0.12240999999999999 0.5932649999999999 0.12240999999999999 0.609855 0.13979 0.609855 0.13979 0.5932649999999999
10 0.51344 0.44755500000000004 0.5012 0.44755500000000004 0.5012 0.458205 0.51344 0.458205 0.51344 0.44755500000000004
10 0.43542500000000006 0.5414 0.423955 0.5414 0.423955 0.55332 0.43542500000000006 0.55332 0.43542500000000006 0.5414
10 0.379455 0.43998 0.356385 0.43998 0.356385 0.4609 0.379455 0.4609 0.379455 0.43998
10 0.59548 0.66173 0.58226 0.66173 0.58226 0.67421 0.59548 0.67421 0.59548 0.66173
10 0.46858000000000005 0.47165999999999997 0.44938 0.47165999999999997 0.44938 0.49463999999999997 0.46858000000000005 0.49463999999999997 0.46858000000000005 0.47165999999999997
10 0.543205 0.653425 0.531015 0.653425 0.531015 0.664935 0.543205 0.664935 0.543205 0.653425
10 0.63002 0.5417799999999999 0.6229 0.5417799999999999 0.6229 0.54904 0.63002 0.54904 0.63002 0.5417799999999999
10 0.508265 0.562155 0.49955499999999997 0.562155 0.49955499999999997 0.570665 0.508265 0.570665 0.508265 0.562155
10 0.5442400000000001 0.63063 0.53096 0.63063 0.53096 0.64183 0.5442400000000001 0.64183 0.5442400000000001 0.63063
10 0.239635 0.637005 0.228385 0.637005 0.228385 0.6471750000000001 0.239635 0.6471750000000001 0.239635 0.637005
10 0.40072 0.42195499999999997 0.38638 0.42195499999999997 0.38638 0.433505 0.40072 0.433505 0.40072 0.42195499999999997
10 0.92432 0.5433600000000001 0.9067399999999999 0.5433600000000001 0.9067399999999999 0.5582 0.92432 0.5582 0.92432 0.5433600000000001
10 0.46068499999999996 0.369355 0.448015 0.369355 0.448015 0.380645 0.46068499999999996 0.380645 0.46068499999999996 0.369355
10 0.27180499999999996 0.35041 0.263835 0.35041 0.263835 0.35857 0.27180499999999996 0.35857 0.27180499999999996 0.35041
10 0.32063 0.405995 0.30485 0.405995 0.30485 0.41968500000000003 0.32063 0.41968500000000003 0.32063 0.405995
10 0.6140450000000001 0.427905 0.598855 0.427905 0.598855 0.439775 0.6140450000000001 0.439775 0.6140450000000001 0.427905
10 0.33599999999999997 0.35476 0.32758 0.35476 0.32758 0.3635 0.33599999999999997 0.3635 0.33599999999999997 0.35476
10 0.611335 0.5132049999999999 0.597645 0.5132049999999999 0.597645 0.5268349999999999 0.611335 0.5268349999999999 0.611335 0.5132049999999999
10 0.29557 0.341445 0.28793 0.341445 0.28793 0.349955 0.29557 0.349955 0.29557 0.341445
10 0.630195 0.56975 0.6207849999999999 0.56975 0.6207849999999999 0.58065 0.630195 0.58065 0.630195 0.56975
10 0.698255 0.624275 0.684565 0.624275 0.684565 0.637445 0.698255 0.637445 0.698255 0.624275
10 0.120305 0.39359 0.107235 0.39359 0.107235 0.40475000000000005 0.120305 0.40475000000000005 0.120305 0.39359
9 0 0.588 0.037 0.609 0.118 0.629 0.215 0.665 0.26 0.6759999999999999 0.441 0.683 0.471 0.6910000000000001 0.537 0.6910000000000001 0.605 0.6759999999999999 0.6519999999999999 0.658 0.737 0.641 0.766 0.626 0.796 0.626 0.853 0.635 0.916 0.629 0.954 0.615 0.999 0.614 0.999 0.47300000000000003 0.966 0.481 0.9410000000000001 0.472 0.915 0.45199999999999996 0.881 0.43600000000000005 0.8699999999999999 0.433 0.826 0.43600000000000005 0.8150000000000001 0.42800000000000005 0.806 0.43200000000000005 0.7769999999999999 0.41100000000000003 0.741 0.372 0.709 0.34900000000000003 0.667 0.33399999999999996 0.603 0.323 0.54 0.315 0.48600000000000004 0.314 0.479 0.318 0.47000000000000003 0.314 0.46799999999999997 0.319 0.437 0.32 0.42300000000000004 0.314 0.422 0.318 0.40499999999999997 0.32 0.352 0.319 0.275 0.329 0.255 0.305 0.24700000000000003 0.306 0.21400000000000002 0.34700000000000003 0.161 0.366 0.11100000000000002 0.391 0.014000000000000002 0.45499999999999996 0 0.466 0 0.588