10 0.665775 0.6224000000000001 0.520405 0.6224000000000001 0.520405 0.69666 0.665775 0.69666 0.665775 0.6224000000000001
10 0.866915 0.6699550000000001 0.786405 0.6699550000000001 0.786405 0.739225 0.866915 0.739225 0.866915 0.6699550000000001
10 0.748005 0.64861 0.713915 0.64861 0.713915 0.6785300000000001 0.748005 0.6785300000000001 0.748005 0.64861
10 0.47856 0.38974000000000003 0.42476 0.38974000000000003 0.42476 0.44034000000000006 0.47856 0.44034000000000006 0.47856 0.38974000000000003
10 0.66682 0.58336 0.63298 0.58336 0.63298 0.6070599999999999 0.66682 0.6070599999999999 0.66682 0.58336
10 0.492645 0.62337 0.429715 0.62337 0.429715 0.65691 0.492645 0.65691 0.492645 0.62337
10 0.769475 0.6622049999999999 0.6699849999999999 0.6622049999999999 0.6699849999999999 0.731355 0.769475 0.731355 0.769475 0.6622049999999999
10 0.5706 0.36436 0.53486 0.36436 0.53486 0.39492 0.5706 0.39492 0.5706 0.36436
10 0.46543 0.352395 0.42325 0.352395 0.42325 0.38636499999999996 0.46543 0.38636499999999996 0.46543 0.352395
10 0.9230050000000001 0.28506 0.873875 0.28506 0.873875 0.32724000000000003 0.9230050000000001 0.32724000000000003 0.9230050000000001 0.28506
10 0.083095 0.331845 0.003445 0.331845 0.003445 0.418635 0.083095 0.418635 0.083095 0.331845
10 0.7480800000000001 0.22702 0.6445000000000001 0.22702 0.6445000000000001 0.29642 0.7480800000000001 0.29642 0.7480800000000001 0.22702
10 0.601455 0.364995 0.579205 0.364995 0.579205 0.384525 0.601455 0.384525 0.601455 0.364995
10 0.34554999999999997 0.28164500000000003 0.31949 0.28164500000000003 0.31949 0.306255 0.34554999999999997 0.306255 0.34554999999999997 0.28164500000000003
10 0.69456 0.24654500000000001 0.6609 0.24654500000000001 0.6609 0.275915 0.69456 0.275915 0.69456 0.24654500000000001
10 0.63225 0.42685500000000004 0.60897 0.42685500000000004 0.60897 0.45058499999999996 0.63225 0.45058499999999996 0.63225 0.42685500000000004
10 0.14275500000000002 0.42743000000000003 0.005185 0.42743000000000003 0.005185 0.5300900000000001 0.14275500000000002 0.5300900000000001 0.14275500000000002 0.42743000000000003
10 0.56124 0.40286 0.54032 0.40286 0.54032 0.42088000000000003 0.56124 0.42088000000000003 0.56124 0.40286
10 0.37298 0.397355 0.35652 0.397355 0.35652 0.41856499999999996 0.37298 0.41856499999999996 0.37298 0.397355
10 0.42990000000000006 0.538845 0.33182 0.538845 0.33182 0.578335 0.42990000000000006 0.578335 0.42990000000000006 0.538845
10 0.5751649999999999 0.6834 0.459995 0.6834 0.459995 0.72774 0.5751649999999999 0.72774 0.5751649999999999 0.6834
10 0.225515 0.48556 0.205645 0.48556 0.205645 0.5032 0.225515 0.5032 0.225515 0.48556
10 0.78247 0.24493 0.54565 0.24493 0.54565 0.43231 0.78247 0.43231 0.78247 0.24493
10 0.315715 0.51413 0.292685 0.51413 0.292685 0.5317700000000001 0.315715 0.5317700000000001 0.315715 0.51413
10 0.48756000000000005 0.517685 0.47337999999999997 0.517685 0.47337999999999997 0.529195 0.48756000000000005 0.529195 0.48756000000000005 0.517685
10 0.273695 0.31231 0.260965 0.31231 0.260965 0.32441 0.273695 0.32441 0.273695 0.31231
10 0.57383 0.5166999999999999 0.55899 0.5166999999999999 0.55899 0.53018 0.57383 0.53018 0.57383 0.5166999999999999
10 0.5841999999999999 0.45547000000000004 0.56716 0.45547000000000004 0.56716 0.47031 0.5841999999999999 0.47031 0.5841999999999999 0.45547000000000004
10 0.595575 0.607505 0.569465 0.607505 0.569465 0.629795 0.595575 0.629795 0.595575 0.607505
10 0.455885 0.647555 0.428875 0.647555 0.428875 0.665925 0.455885 0.665925 0.455885 0.647555
10 0.849005 0.66547 0.8248150000000001 0.66547 0.8248150000000001 0.6821900000000001 0.849005 0.6821900000000001 0.849005 0.66547
10 0.25339 0.65389 0.20267 0.65389 0.20267 0.68107 0.25339 0.68107 0.25339 0.65389
10 0.422865 0.535635 0.404275 0.535635 0.404275 0.550305 0.422865 0.550305 0.422865 0.535635
10 0.29278 0.456485 0.27656000000000003 0.456485 0.27656000000000003 0.470275 0.29278 0.470275 0.29278 0.456485
10 0.97955 0.7070700000000001 0.96283 0.7070700000000001 0.96283 0.72261 0.97955 0.72261 0.97955 0.7070700000000001
10 0.40171999999999997 0.398585 0.3888 0.398585 0.3888 0.409035 0.40171999999999997 0.409035 0.40171999999999997 0.398585
10 0.54356 0.49793000000000004 0.52772 0.49793000000000004 0.52772 0.51183 0.54356 0.51183 0.54356 0.49793000000000004
10 1 0.750455 0.97184 0.750455 0.97184 0.782745 1 0.782745 1 0.750455
10 0.93864 0.580795 0.9226800000000001 0.580795 0.9226800000000001 0.591085 0.93864 0.591085 0.93864 0.580795
10 0.807775 0.632945 0.7850050000000001 0.632945 0.7850050000000001 0.654155 0.807775 0.654155 0.807775 0.632945
10 0.70565 0.63999 0.69475 0.63999 0.69475 0.65005 0.70565 0.65005 0.70565 0.63999
10 0.65744 0.21988500000000002 0.6325999999999999 0.21988500000000002 0.6325999999999999 0.238115 0.65744 0.238115 0.65744 0.21988500000000002
10 0.5236500000000001 0.503205 0.42313 0.503205 0.42313 0.577855 0.5236500000000001 0.577855 0.5236500000000001 0.503205
10 0.032025 0.37366 0.000775 0.37366 0.000775 0.40662000000000004 0.032025 0.40662000000000004 0.032025 0.37366
10 1 0.753235 0.991115 0.753235 0.991115 0.7682450000000001 1 0.7682450000000001 1 0.753235
10 0.338795 0.55869 0.311105 0.55869 0.311105 0.57509 0.338795 0.57509 0.338795 0.55869
10 0.310205 0.562335 0.294775 0.562335 0.294775 0.574385 0.310205 0.574385 0.310205 0.562335
10 0.984365 0.23109000000000002 0.958015 0.23109000000000002 0.958015 0.25695 0.984365 0.25695 0.984365 0.23109000000000002
10 1 0.53275 0.9756600000000001 0.53275 0.9756600000000001 0.60007 1 0.60007 1 0.53275
10 0.056885 0.57271 0.032655 0.57271 0.032655 0.59429 0.056885 0.59429 0.056885 0.57271
10 0.40558500000000003 0.46951 0.396175 0.46951 0.396175 0.47727 0.40558500000000003 0.47727 0.40558500000000003 0.46951
10 0.44596 0.517105 0.41878000000000004 0.517105 0.41878000000000004 0.558095 0.44596 0.558095 0.44596 0.517105
10 0.32933500000000004 0.602495 0.309345 0.602495 0.309345 0.6211450000000001 0.32933500000000004 0.6211450000000001 0.32933500000000004 0.602495
10 0.14374 0.42021 0.12946 0.42021 0.12946 0.43477 0.14374 0.43477 0.14374 0.42021
10 0.6341 0.54349 0.60126 0.54349 0.60126 0.56197 0.6341 0.56197 0.6341 0.54349
10 0.25017 0.45376000000000005 0.23079 0.45376000000000005 0.23079 0.46518 0.25017 0.46518 0.25017 0.45376000000000005
10 0.9900499999999999 0.359135 0.85663 0.359135 0.85663 0.486085 0.9900499999999999 0.486085 0.9900499999999999 0.359135
10 0.628505 0.4907 0.607815 0.4907 0.607815 0.50148 0.628505 0.50148 0.628505 0.4907
10 0.19227 0.60033 0.18321 0.60033 0.18321 0.60865 0.19227 0.60865 0.19227 0.60033
10 0.253385 0.296725 0.243935 0.296725 0.243935 0.305335 0.253385 0.305335 0.253385 0.296725
10 0.629235 0.769095 0.619785 0.769095 0.619785 0.778765 0.629235 0.778765 0.629235 0.769095
10 0.614175 0.478975 0.602625 0.478975 0.602625 0.486845 0.614175 0.486845 0.614175 0.478975
10 0.096455 0.57684 0.052844999999999996 0.57684 0.052844999999999996 0.5979599999999999 0.096455 0.5979599999999999 0.096455 0.57684
10 0.0199 0.380505 0.00356 0.380505 0.00356 0.388055 0.0199 0.388055 0.0199 0.380505
10 0.951665 0.19349 0.664555 0.19349 0.664555 0.22252999999999998 0.951665 0.22252999999999998 0.951665 0.19349
10 1 0.477815 0.6322 0.477815 0.6322 0.5041249999999999 1 0.5041249999999999 1 0.477815
10 0.540035 0.67799 0.25732499999999997 0.67799 0.25732499999999997 0.71165 0.540035 0.71165 0.540035 0.67799
10 0.09799 0.359145 0.07315 0.359145 0.07315 0.379135 0.09799 0.379135 0.09799 0.359145
10 0.639805 0.6217349999999999 0.543795 0.6217349999999999 0.543795 0.674165 0.639805 0.674165 0.639805 0.6217349999999999
10 0.631205 0.6278400000000001 0.593395 0.6278400000000001 0.593395 0.65732 0.631205 0.65732 0.631205 0.6278400000000001
10 0.487035 0.34240499999999996 0.39236499999999996 0.34240499999999996 0.39236499999999996 0.431515 0.487035 0.431515 0.487035 0.34240499999999996
10 0.5991150000000001 0.541935 0.330565 0.541935 0.330565 0.686585 0.5991150000000001 0.686585 0.5991150000000001 0.541935
10 0.8136599999999999 0.5877049999999999 0.57892 0.5877049999999999 0.57892 0.751155 0.8136599999999999 0.751155 0.8136599999999999 0.5877049999999999
10 0.44403 0.5879749999999999 0.32256999999999997 0.5879749999999999 0.32256999999999997 0.664945 0.44403 0.664945 0.44403 0.5879749999999999
10 0.85517 0.72041 0.83233 0.72041 0.83233 0.73663 0.85517 0.73663 0.85517 0.72041
10 0.7445 0.28659 0.7262 0.28659 0.7262 0.30325 0.7445 0.30325 0.7445 0.28659
10 0.6772050000000001 0.38265 0.655795 0.38265 0.655795 0.39957 0.6772050000000001 0.39957 0.6772050000000001 0.38265
10 0.8745799999999999 0.36781 0.85296 0.36781 0.85296 0.39587 0.8745799999999999 0.39587 0.8745799999999999 0.36781
10 0.80335 0.720915 0.78845 0.720915 0.78845 0.7390450000000001 0.80335 0.7390450000000001 0.80335 0.720915
10 0.67066 0.25751 0.3772 0.25751 0.3772 0.46955 0.67066 0.46955 0.67066 0.25751
10 0.8622249999999999 0.43980499999999995 0.8506750000000001 0.43980499999999995 0.8506750000000001 0.45277500000000004 0.8622249999999999 0.45277500000000004 0.8622249999999999 0.43980499999999995
10 0.569125 0.57926 0.5548949999999999 0.57926 0.5548949999999999 0.59456 0.569125 0.59456 0.569125 0.57926
10 0.054255 0.38261 0.022945 0.38261 0.022945 0.41035000000000005 0.054255 0.41035000000000005 0.054255 0.38261
10 0.787725 0.39959500000000003 0.697635 0.39959500000000003 0.697635 0.48126499999999994 0.787725 0.48126499999999994 0.787725 0.39959500000000003
10 0.684385 0.47607 0.669135 0.47607 0.669135 0.48585 0.684385 0.48585 0.684385 0.47607
10 0.8047549999999999 0.49724 0.789965 0.49724 0.789965 0.50862 0.8047549999999999 0.50862 0.8047549999999999 0.49724
9 0 0.537 0.040999999999999995 0.561 0.054000000000000006 0.563 0.06 0.571 0.121 0.604 0.15 0.632 0.173 0.646 0.187 0.649 0.20400000000000001 0.662 0.22999999999999998 0.665 0.25 0.679 0.266 0.6839999999999999 0.294 0.689 0.346 0.688 0.472 0.696 0.587 0.739 0.619 0.744 0.701 0.766 0.837 0.787 0.89 0.7889999999999999 0.9380000000000001 0.796 0.993 0.795 0.999 0.792 0.999 0.205 0.932 0.2 0.829 0.202 0.662 0.21800000000000003 0.5660000000000001 0.219 0.481 0.231 0.383 0.251 0.29 0.284 0.219 0.292 0.153 0.28500000000000003 0.076 0.261 0 0.253 0 0.537