10 0.811345 0.3124 0.7623949999999999 0.3124 0.7623949999999999 0.36376 0.811345 0.36376 0.811345 0.3124
10 0.21061000000000002 0.33908 0.18733 0.33908 0.18733 0.366 0.21061000000000002 0.366 0.21061000000000002 0.33908
10 0.92165 0.29872 0.90061 0.29872 0.90061 0.32042000000000004 0.92165 0.32042000000000004 0.92165 0.29872
10 0.33725 0.28364500000000004 0.30289 0.28364500000000004 0.30289 0.32133500000000004 0.33725 0.32133500000000004 0.33725 0.28364500000000004
10 0.7352350000000001 0.49820000000000003 0.711045 0.49820000000000003 0.711045 0.5203599999999999 0.7352350000000001 0.5203599999999999 0.7352350000000001 0.49820000000000003
10 0.9359400000000001 0.772365 0.89804 0.772365 0.89804 0.799895 0.9359400000000001 0.799895 0.9359400000000001 0.772365
10 0.8399050000000001 0.23782 0.808535 0.23782 0.808535 0.27437999999999996 0.8399050000000001 0.27437999999999996 0.8399050000000001 0.23782
10 0.8418100000000001 0.71773 0.81347 0.71773 0.81347 0.7393099999999999 0.8418100000000001 0.7393099999999999 0.8418100000000001 0.71773
10 0.61522 0.6116050000000001 0.59084 0.6116050000000001 0.59084 0.634495 0.61522 0.634495 0.61522 0.6116050000000001
10 0.46204999999999996 0.717195 0.42467 0.717195 0.42467 0.743745 0.46204999999999996 0.743745 0.46204999999999996 0.717195
10 0.313565 0.658765 0.271875 0.658765 0.271875 0.692795 0.313565 0.692795 0.313565 0.658765
10 0.8590350000000001 0.64862 0.835305 0.64862 0.835305 0.66974 0.8590350000000001 0.66974 0.8590350000000001 0.64862
10 0.61681 0.259065 0.59609 0.259065 0.59609 0.279515 0.61681 0.279515 0.61681 0.259065
10 0.7409749999999999 0.7593650000000001 0.719965 0.7593650000000001 0.719965 0.7787149999999999 0.7409749999999999 0.7787149999999999 0.7409749999999999 0.7593650000000001
10 0.555885 0.565885 0.529075 0.565885 0.529075 0.589395 0.555885 0.589395 0.555885 0.565885
10 0.9125949999999999 0.33341 0.896005 0.33341 0.896005 0.34775 0.9125949999999999 0.34775 0.9125949999999999 0.33341
10 0.27803 0.7121850000000001 0.24297 0.7121850000000001 0.24297 0.738995 0.27803 0.738995 0.27803 0.7121850000000001
10 0.597475 0.194705 0.5783050000000001 0.194705 0.5783050000000001 0.214235 0.597475 0.214235 0.597475 0.194705
10 0.571465 0.36314 0.552555 0.36314 0.552555 0.38784 0.571465 0.38784 0.571465 0.36314
10 0.6800900000000001 0.8319000000000001 0.6548700000000001 0.8319000000000001 0.6548700000000001 0.8555999999999999 0.6800900000000001 0.8555999999999999 0.6800900000000001 0.8319000000000001
10 0.8155150000000001 0.64788 0.793865 0.64788 0.793865 0.6695 0.8155150000000001 0.6695 0.8155150000000001 0.64788
10 0.140745 0.31643 0.123895 0.31643 0.123895 0.33445 0.140745 0.33445 0.140745 0.31643
10 0.431885 0.45365500000000003 0.41235499999999997 0.45365500000000003 0.41235499999999997 0.473105 0.431885 0.473105 0.431885 0.45365500000000003
10 0.921045 0.49056 0.909035 0.49056 0.909035 0.50358 0.921045 0.50358 0.921045 0.49056
10 0.122835 0.5415949999999999 0.090545 0.5415949999999999 0.090545 0.565825 0.122835 0.565825 0.122835 0.5415949999999999
10 0.43059000000000003 0.6195 0.40975 0.6195 0.40975 0.6344000000000001 0.43059000000000003 0.6344000000000001 0.43059000000000003 0.6195
10 0.207775 0.71499 0.18040499999999998 0.71499 0.18040499999999998 0.7342299999999999 0.207775 0.7342299999999999 0.207775 0.71499
10 0.06295500000000001 0.47985 0.028405000000000003 0.47985 0.028405000000000003 0.50257 0.06295500000000001 0.50257 0.06295500000000001 0.47985
10 0.69665 0.415585 0.66761 0.415585 0.66761 0.440855 0.69665 0.440855 0.69665 0.415585
10 0.88079 0.8357300000000001 0.8565099999999999 0.8357300000000001 0.8565099999999999 0.8556699999999999 0.88079 0.8556699999999999 0.88079 0.8357300000000001
10 0.53708 0.23879 0.51956 0.23879 0.51956 0.25657 0.53708 0.25657 0.53708 0.23879
10 0.21244999999999997 0.296465 0.19063000000000002 0.296465 0.19063000000000002 0.31437499999999996 0.21244999999999997 0.31437499999999996 0.21244999999999997 0.296465
10 0.87546 0.26738 0.8579399999999999 0.26738 0.8579399999999999 0.2834 0.87546 0.2834 0.87546 0.26738
10 0.39096000000000003 0.72151 0.36294 0.72151 0.36294 0.74235 0.39096000000000003 0.74235 0.39096000000000003 0.72151
10 0.30285 0.4524 0.28454999999999997 0.4524 0.28454999999999997 0.47093999999999997 0.30285 0.47093999999999997 0.30285 0.4524
10 0.398445 0.32620499999999997 0.377435 0.32620499999999997 0.377435 0.347615 0.398445 0.347615 0.398445 0.32620499999999997
10 0.06468 0.53413 0.027360000000000002 0.53413 0.027360000000000002 0.56157 0.06468 0.56157 0.06468 0.53413
10 0.61632 0.566045 0.59462 0.566045 0.59462 0.586295 0.61632 0.586295 0.61632 0.566045
10 0.78429 0.48838 0.76845 0.48838 0.76845 0.50576 0.78429 0.50576 0.78429 0.48838
10 0.063995 0.6143449999999999 0.020045 0.6143449999999999 0.020045 0.636635 0.063995 0.636635 0.063995 0.6143449999999999
10 0.9694750000000001 0.524635 0.9563050000000001 0.524635 0.9563050000000001 0.539825 0.9694750000000001 0.539825 0.9694750000000001 0.524635
10 0.397295 0.57855 0.37028500000000003 0.57855 0.37028500000000003 0.60797 0.397295 0.60797 0.397295 0.57855
10 0.13935999999999998 0.5633549999999999 0.10002 0.5633549999999999 0.10002 0.5948450000000001 0.13935999999999998 0.5948450000000001 0.13935999999999998 0.5633549999999999
10 0.76691 0.875905 0.74187 0.875905 0.74187 0.896555 0.76691 0.896555 0.76691 0.875905
10 0.544085 0.42998000000000003 0.526235 0.42998000000000003 0.526235 0.44892000000000004 0.544085 0.44892000000000004 0.544085 0.42998000000000003
10 0.343925 0.750615 0.323555 0.750615 0.323555 0.7659849999999999 0.343925 0.7659849999999999 0.343925 0.750615
10 0.5737300000000001 0.673315 0.53955 0.673315 0.53955 0.694845 0.5737300000000001 0.694845 0.5737300000000001 0.673315
10 0.14999 0.643355 0.08157 0.643355 0.08157 0.685745 0.14999 0.685745 0.14999 0.643355
10 0.54021 0.87348 0.52425 0.87348 0.52425 0.8843400000000001 0.54021 0.8843400000000001 0.54021 0.87348
10 0.683115 0.8979900000000001 0.669425 0.8979900000000001 0.669425 0.9096299999999999 0.683115 0.9096299999999999 0.683115 0.8979900000000001
9 0 0.646 0.036 0.671 0.056999999999999995 0.6910000000000001 0.095 0.717 0.128 0.727 0.133 0.732 0.16499999999999998 0.739 0.189 0.738 0.255 0.748 0.32 0.788 0.368 0.8099999999999999 0.441 0.834 0.489 0.841 0.647 0.889 0.716 0.897 0.8779999999999999 0.899 0.991 0.909 0.999 0.906 0.999 0.251 0.9490000000000001 0.238 0.8560000000000001 0.22599999999999998 0.8210000000000001 0.217 0.732 0.18 0.6849999999999999 0.16999999999999998 0.5559999999999999 0.16 0.375 0.16899999999999998 0.2 0.149 0.09 0.146 0.008 0.149 0 0.153 0 0.646