10 0.67 0.6599999999999999 0.608 0.6599999999999999 0.608 0.722 0.67 0.722 0.67 0.6599999999999999
10 0.31409 0.6370199999999999 0.28454999999999997 0.6370199999999999 0.28454999999999997 0.6627799999999999 0.31409 0.6627799999999999 0.31409 0.6370199999999999
10 0.9053800000000001 0.55284 0.88466 0.55284 0.88466 0.57118 0.9053800000000001 0.57118 0.9053800000000001 0.55284
10 0.8832700000000001 0.64872 0.85989 0.64872 0.85989 0.66964 0.8832700000000001 0.66964 0.8832700000000001 0.64872
10 0.18448 0.603915 0.15 0.603915 0.15 0.626545 0.18448 0.626545 0.18448 0.603915
10 0.8053250000000001 0.6533599999999999 0.7903749999999999 0.6533599999999999 0.7903749999999999 0.6689 0.8053250000000001 0.6689 0.8053250000000001 0.6533599999999999
10 0.8047599999999999 0.41371 0.78704 0.41371 0.78704 0.42955 0.8047599999999999 0.42955 0.8047599999999999 0.41371
10 0.40590000000000004 0.44522000000000006 0.35337999999999997 0.44522000000000006 0.35337999999999997 0.504 0.40590000000000004 0.504 0.40590000000000004 0.44522000000000006
10 0.90665 0.47921500000000006 0.8863099999999999 0.47921500000000006 0.8863099999999999 0.490505 0.90665 0.490505 0.90665 0.47921500000000006
10 0.12768 0.585275 0.08276 0.585275 0.08276 0.614925 0.12768 0.614925 0.12768 0.585275
10 0.72261 0.48498 0.7070700000000001 0.48498 0.7070700000000001 0.49988 0.72261 0.49988 0.72261 0.48498
10 0.19073 0.48819 0.17401 0.48819 0.17401 0.5025299999999999 0.19073 0.5025299999999999 0.19073 0.48819
10 0.27749 0.59496 0.24693 0.59496 0.24693 0.61402 0.27749 0.61402 0.27749 0.59496
10 0.090305 0.39038 0.024695 0.39038 0.024695 0.43384 0.090305 0.43384 0.090305 0.39038
10 0.87568 0.44753999999999994 0.8528399999999999 0.44753999999999994 0.8528399999999999 0.46651999999999993 0.87568 0.46651999999999993 0.87568 0.44753999999999994
10 0.106625 0.4868 0.08271500000000001 0.4868 0.08271500000000001 0.50002 0.106625 0.50002 0.106625 0.4868
10 0.76571 0.392895 0.74893 0.392895 0.74893 0.40690499999999996 0.76571 0.40690499999999996 0.76571 0.392895
10 0.31368 0.57474 0.28788 0.57474 0.28788 0.59322 0.31368 0.59322 0.31368 0.57474
10 0.495745 0.4286 0.482775 0.4286 0.482775 0.4425 0.495745 0.4425 0.495745 0.4286
10 0.79942 0.44579 0.77772 0.44579 0.77772 0.46485000000000004 0.79942 0.46485000000000004 0.79942 0.44579
10 0.60713 0.39144 0.59307 0.39144 0.59307 0.40446 0.60713 0.40446 0.60713 0.39144
10 0.701935 0.47693 0.6867449999999999 0.47693 0.6867449999999999 0.49183000000000004 0.701935 0.49183000000000004 0.701935 0.47693
10 0.8505699999999999 0.36822 0.79103 0.36822 0.79103 0.41644 0.8505699999999999 0.41644 0.8505699999999999 0.36822
10 0.2222 0.46026 0.20554 0.46026 0.20554 0.47431999999999996 0.2222 0.47431999999999996 0.2222 0.46026
10 0.380985 0.44006 0.364135 0.44006 0.364135 0.45496 0.380985 0.45496 0.380985 0.44006
10 0.186 0.43859000000000004 0.16116 0.43859000000000004 0.16116 0.45349000000000006 0.186 0.45349000000000006 0.186 0.43859000000000004
10 0.28554 0.40756 0.2672 0.40756 0.2672 0.42447999999999997 0.28554 0.42447999999999997 0.28554 0.40756
10 0.550875 0.34907499999999997 0.48526499999999995 0.34907499999999997 0.48526499999999995 0.37992499999999996 0.550875 0.37992499999999996 0.550875 0.34907499999999997
10 0.294335 0.5575249999999999 0.279885 0.5575249999999999 0.279885 0.570395 0.294335 0.570395 0.294335 0.5575249999999999
10 0.41391 0.37719 0.39713 0.37719 0.39713 0.39137 0.41391 0.39137 0.41391 0.37719
10 0.62093 0.46765999999999996 0.60173 0.46765999999999996 0.60173 0.49816000000000005 0.62093 0.49816000000000005 0.62093 0.46765999999999996
10 0.9419850000000001 0.43156999999999995 0.929115 0.43156999999999995 0.929115 0.44390999999999997 0.9419850000000001 0.44390999999999997 0.9419850000000001 0.43156999999999995
10 0.382285 0.38719000000000003 0.364295 0.38719000000000003 0.364295 0.39943 0.382285 0.39943 0.382285 0.38719000000000003
10 1 0.47598 0.99042 0.47598 0.99042 0.49082 1 0.49082 1 0.47598
10 0.756765 0.60963 0.746155 0.60963 0.746155 0.62083 0.756765 0.62083 0.756765 0.60963
10 0.85642 0.36292 0.8389 0.36292 0.8389 0.37584 0.85642 0.37584 0.85642 0.36292
10 0.653765 0.433855 0.6401749999999999 0.433855 0.6401749999999999 0.446525 0.653765 0.446525 0.653765 0.433855
10 0.5101 0.46387999999999996 0.49772 0.46387999999999996 0.49772 0.47508 0.5101 0.47508 0.5101 0.46387999999999996
10 0.334025 0.39907499999999996 0.32125499999999996 0.39907499999999996 0.32125499999999996 0.41244500000000006 0.334025 0.41244500000000006 0.334025 0.39907499999999996
10 0.7828350000000001 0.40428499999999995 0.771845 0.40428499999999995 0.771845 0.41553500000000004 0.7828350000000001 0.41553500000000004 0.7828350000000001 0.40428499999999995
10 0.8966799999999999 0.379495 0.88458 0.379495 0.88458 0.391005 0.8966799999999999 0.391005 0.8966799999999999 0.379495
10 0.55266 0.583515 0.53816 0.583515 0.53816 0.595205 0.55266 0.595205 0.55266 0.583515
10 0.673095 0.369705 0.657965 0.369705 0.657965 0.381755 0.673095 0.381755 0.673095 0.369705
10 0.46794 0.37940999999999997 0.45492 0.37940999999999997 0.45492 0.39061 0.46794 0.39061 0.46794 0.37940999999999997
10 0.79367 0.354255 0.7805500000000001 0.354255 0.7805500000000001 0.36450499999999997 0.79367 0.36450499999999997 0.79367 0.354255
10 0.586395 0.6281100000000001 0.517125 0.6281100000000001 0.517125 0.6785300000000001 0.586395 0.6785300000000001 0.586395 0.6281100000000001
10 0.968045 0.48464999999999997 0.9528549999999999 0.48464999999999997 0.9528549999999999 0.49776999999999993 0.968045 0.49776999999999993 0.968045 0.48464999999999997
10 0.496965 0.354335 0.48545499999999997 0.354335 0.48545499999999997 0.364905 0.496965 0.364905 0.496965 0.354335
10 0.99189 0.40659999999999996 0.98077 0.40659999999999996 0.98077 0.41616 0.99189 0.41616 0.99189 0.40659999999999996
10 0.33299 0.508495 0.32179 0.508495 0.32179 0.519825 0.33299 0.519825 0.33299 0.508495
10 0.535635 0.43533999999999995 0.523945 0.43533999999999995 0.523945 0.44698000000000004 0.535635 0.44698000000000004 0.535635 0.43533999999999995
10 0.9290200000000001 0.372885 0.9147399999999999 0.372885 0.9147399999999999 0.385415 0.9290200000000001 0.385415 0.9290200000000001 0.372885
10 0.946055 0.45621999999999996 0.9348050000000001 0.45621999999999996 0.9348050000000001 0.4676 0.946055 0.4676 0.946055 0.45621999999999996
10 0.57783 0.30454 0.5667099999999999 0.30454 0.5667099999999999 0.3146 0.57783 0.3146 0.57783 0.30454
10 0.44083500000000003 0.475955 0.43074500000000004 0.475955 0.43074500000000004 0.48596500000000004 0.44083500000000003 0.48596500000000004 0.44083500000000003 0.475955
10 0.367335 0.597735 0.306485 0.597735 0.306485 0.627845 0.367335 0.627845 0.367335 0.597735
10 0.47146999999999994 0.62697 0.45773 0.62697 0.45773 0.63767 0.47146999999999994 0.63767 0.47146999999999994 0.62697
10 0.9728350000000001 0.53237 0.962705 0.53237 0.962705 0.5418499999999999 0.9728350000000001 0.5418499999999999 0.9728350000000001 0.53237
10 0.808685 0.471495 0.782135 0.471495 0.782135 0.49970499999999995 0.808685 0.49970499999999995 0.808685 0.471495
10 0.8809549999999999 0.321855 0.8544050000000001 0.321855 0.8544050000000001 0.331945 0.8809549999999999 0.331945 0.8809549999999999 0.321855
10 0.679675 0.557295 0.667005 0.557295 0.667005 0.567705 0.679675 0.567705 0.679675 0.557295
10 1 0.605495 0.9903150000000001 0.605495 0.9903150000000001 0.625945 1 0.625945 1 0.605495
10 0.55302 0.8689450000000001 0.49678000000000005 0.8689450000000001 0.49678000000000005 0.9289149999999999 0.55302 0.9289149999999999 0.55302 0.8689450000000001
10 0.644755 0.635115 0.630645 0.635115 0.630645 0.648085 0.644755 0.648085 0.644755 0.635115
10 0.71015 0.310065 0.6980500000000001 0.310065 0.6980500000000001 0.320315 0.71015 0.320315 0.71015 0.310065
10 0.495015 0.465235 0.48350499999999996 0.465235 0.48350499999999996 0.475685 0.495015 0.475685 0.495015 0.465235
10 0.582745 0.563285 0.575455 0.563285 0.575455 0.570495 0.582745 0.570495 0.582745 0.563285
10 0.60078 0.6041350000000001 0.58868 0.6041350000000001 0.58868 0.614625 0.60078 0.614625 0.60078 0.6041350000000001
10 0.757595 0.7176400000000001 0.742405 0.7176400000000001 0.742405 0.72376 0.757595 0.72376 0.757595 0.7176400000000001
10 0.14626999999999998 0.473575 0.12863 0.473575 0.12863 0.491765 0.14626999999999998 0.491765 0.14626999999999998 0.473575
10 0.128685 0.5684 0.10691500000000001 0.5684 0.10691500000000001 0.58296 0.128685 0.58296 0.128685 0.5684
10 0.35179499999999997 0.315455 0.340105 0.315455 0.340105 0.324685 0.35179499999999997 0.324685 0.35179499999999997 0.315455
10 0.23645 0.65505 0.08215 0.65505 0.08215 0.71117 0.23645 0.71117 0.23645 0.65505
10 0.44648000000000004 0.507315 0.43536 0.507315 0.43536 0.516125 0.44648000000000004 0.516125 0.44648000000000004 0.507315
10 0.40522 0.3659 0.3941 0.3659 0.3941 0.3758 0.40522 0.3758 0.40522 0.3659
10 0.27451 0.498595 0.25966999999999996 0.498595 0.25966999999999996 0.511165 0.27451 0.511165 0.27451 0.498595
10 0.04421 0.58362 0.03447 0.58362 0.03447 0.59216 0.04421 0.59216 0.04421 0.58362
10 0.243865 0.404955 0.230995 0.404955 0.230995 0.41682499999999995 0.243865 0.41682499999999995 0.243865 0.404955
10 0.32316 0.482155 0.30428 0.482155 0.30428 0.492445 0.32316 0.492445 0.32316 0.482155
10 0.8183199999999999 0.31026 0.79398 0.31026 0.79398 0.31816 0.8183199999999999 0.31816 0.8183199999999999 0.31026
10 0.24691000000000002 0.595805 0.22574999999999998 0.595805 0.22574999999999998 0.610255 0.24691000000000002 0.610255 0.24691000000000002 0.595805
9 0 0.635 0.053000000000000005 0.673 0.12 0.701 0.156 0.709 0.193 0.71 0.246 0.696 0.301 0.7150000000000001 0.32 0.726 0.384 0.735 0.479333 0.729 0.584 0.73 0.659 0.718 0.798 0.722 0.8960000000000001 0.701 0.999 0.661 0.999 0.34700000000000003 0.9890000000000001 0.343 0.9029999999999999 0.32599999999999996 0.828 0.318 0.692 0.29500000000000004 0.529 0.292 0.396 0.29500000000000004 0.26 0.315 0.22000000000000003 0.33399999999999996 0.16699999999999998 0.343 0.10600000000000001 0.381 0.073 0.389 0.043 0.39 0.024 0.398 0 0.414 0 0.635