10 0.414195 0.55884 0.372225 0.55884 0.372225 0.5859 0.414195 0.5859 0.414195 0.55884
10 0.38793500000000003 0.536435 0.371345 0.536435 0.371345 0.549505 0.38793500000000003 0.549505 0.38793500000000003 0.536435
10 0.867695 0.632935 0.849105 0.632935 0.849105 0.644405 0.867695 0.644405 0.867695 0.632935
10 0.47099 0.607775 0.45038999999999996 0.607775 0.45038999999999996 0.626605 0.47099 0.626605 0.47099 0.607775
10 0.46900000000000003 0.452705 0.45142 0.452705 0.45142 0.466235 0.46900000000000003 0.466235 0.46900000000000003 0.452705
10 0.514775 0.595935 0.49792500000000006 0.595935 0.49792500000000006 0.613045 0.514775 0.613045 0.514775 0.595935
10 0.191035 0.59233 0.167845 0.59233 0.167845 0.61275 0.191035 0.61275 0.191035 0.59233
10 0.35851500000000003 0.55284 0.347045 0.55284 0.347045 0.56532 0.35851500000000003 0.56532 0.35851500000000003 0.55284
10 0.32682 0.584145 0.3016 0.584145 0.3016 0.602375 0.32682 0.602375 0.32682 0.584145
10 0.71366 0.582435 0.68966 0.582435 0.68966 0.604085 0.71366 0.604085 0.71366 0.582435
10 0.365105 0.487625 0.349735 0.487625 0.349735 0.499675 0.365105 0.499675 0.365105 0.487625
10 0.5590200000000001 0.6212799999999999 0.53766 0.6212799999999999 0.53766 0.64142 0.5590200000000001 0.64142 0.5590200000000001 0.6212799999999999
10 0.0865 0.522015 0.07244 0.522015 0.07244 0.5326649999999999 0.0865 0.5326649999999999 0.0865 0.522015
10 0.529105 0.6652 0.5138550000000001 0.6652 0.5138550000000001 0.6805 0.529105 0.6805 0.529105 0.6652
10 0.22152 0.554525 0.20622 0.554525 0.20622 0.565595 0.22152 0.565595 0.22152 0.554525
10 0.38254 0.664805 0.36941999999999997 0.664805 0.36941999999999997 0.677975 0.38254 0.677975 0.38254 0.664805
10 0.27039 0.6202449999999999 0.24914999999999998 0.6202449999999999 0.24914999999999998 0.6346350000000001 0.27039 0.6346350000000001 0.27039 0.6202449999999999
10 0.880035 0.52068 0.8133250000000001 0.52068 0.8133250000000001 0.57796 0.880035 0.57796 0.880035 0.52068
10 0.920865 0.69911 0.904335 0.69911 0.904335 0.71495 0.920865 0.71495 0.920865 0.69911
10 0.7406550000000001 0.70845 0.725165 0.70845 0.725165 0.72417 0.7406550000000001 0.72417 0.7406550000000001 0.70845
10 0.9451499999999999 0.6910999999999999 0.9288700000000001 0.6910999999999999 0.9288700000000001 0.70538 0.9451499999999999 0.70538 0.9451499999999999 0.6910999999999999
10 0.46921 0.6914450000000001 0.44437 0.6914450000000001 0.44437 0.707975 0.46921 0.707975 0.46921 0.6914450000000001
10 0.12906 0.3623 0.04636 0.3623 0.04636 0.43651999999999996 0.12906 0.43651999999999996 0.12906 0.3623
10 0.176685 0.5973900000000001 0.165355 0.5973900000000001 0.165355 0.61061 0.176685 0.61061 0.176685 0.5973900000000001
10 0.818975 0.49896 0.740605 0.49896 0.740605 0.5732999999999999 0.818975 0.5732999999999999 0.818975 0.49896
9 0 0.5900000000000001 0.051000000000000004 0.624 0.10600000000000001 0.65 0.162 0.667 0.313 0.682 0.394 0.706 0.426 0.7110000000000001 0.542 0.7110000000000001 0.619 0.731 0.642 0.73 0.6519999999999999 0.733 0.658 0.74 0.689 0.744 0.725 0.742 0.772 0.73 0.952 0.7110000000000001 0.999 0.697 0.999 0.576 0.9710000000000001 0.553 0.9109999999999999 0.49000000000000005 0.8699999999999999 0.462 0.8470000000000001 0.433 0.8160000000000001 0.41500000000000004 0.768 0.4 0.6639999999999999 0.385 0.548 0.389 0.485 0.369 0.42800000000000005 0.341 0.37 0.329 0.256 0.34500000000000003 0.223 0.34199999999999997 0.19 0.331 0.074 0.317 0.047 0.316 0.008 0.322 0 0.32599999999999996 0 0.5900000000000001