10 0.789995 0.45857000000000003 0.761425 0.45857000000000003 0.761425 0.49071 0.789995 0.49071 0.789995 0.45857000000000003
10 0.638685 0.51536 0.625955 0.51536 0.625955 0.53152 0.638685 0.53152 0.638685 0.51536
10 0.5835549999999999 0.457895 0.5697650000000001 0.457895 0.5697650000000001 0.470325 0.5835549999999999 0.470325 0.5835549999999999 0.457895
10 0.05706 0.43339999999999995 0.04066 0.43339999999999995 0.04066 0.45038 0.05706 0.45038 0.05706 0.43339999999999995
10 0.7635449999999999 0.44502499999999995 0.748175 0.44502499999999995 0.748175 0.459755 0.7635449999999999 0.459755 0.7635449999999999 0.44502499999999995
10 0.55663 0.40298 0.54201 0.40298 0.54201 0.4149 0.55663 0.4149 0.55663 0.40298
10 0.47744 0.40449 0.46006 0.40449 0.46006 0.42021 0.47744 0.42021 0.47744 0.40449
10 0.534455 0.39417 0.5163249999999999 0.39417 0.5163249999999999 0.40709 0.534455 0.40709 0.534455 0.39417
10 0.85983 0.483875 0.84231 0.483875 0.84231 0.497565 0.85983 0.497565 0.85983 0.483875
10 0.517305 0.487455 0.5031950000000001 0.487455 0.5031950000000001 0.5008250000000001 0.517305 0.5008250000000001 0.517305 0.487455
10 0.60673 0.623785 0.58761 0.623785 0.58761 0.636955 0.60673 0.636955 0.60673 0.623785
10 0.721835 0.51156 0.706885 0.51156 0.706885 0.52458 0.721835 0.52458 0.721835 0.51156
10 0.8559749999999999 0.49905999999999995 0.8403050000000001 0.49905999999999995 0.8403050000000001 0.5107 0.8559749999999999 0.5107 0.8559749999999999 0.49905999999999995
10 0.55815 0.498495 0.54243 0.498495 0.54243 0.513225 0.55815 0.513225 0.55815 0.498495
10 0.734765 0.61344 0.7134750000000001 0.61344 0.7134750000000001 0.62582 0.734765 0.62582 0.734765 0.61344
10 0.45918000000000003 0.526005 0.44316000000000005 0.526005 0.44316000000000005 0.540395 0.45918000000000003 0.540395 0.45918000000000003 0.526005
10 0.8545299999999999 0.589485 0.8407899999999999 0.589485 0.8407899999999999 0.601915 0.8545299999999999 0.601915 0.8545299999999999 0.589485
10 0.43517 0.473855 0.41883 0.473855 0.41883 0.484145 0.43517 0.484145 0.43517 0.473855
10 0.626195 0.648115 0.591585 0.648115 0.591585 0.666345 0.626195 0.666345 0.626195 0.648115
10 0.79619 0.59566 0.78291 0.59566 0.78291 0.60648 0.79619 0.60648 0.79619 0.59566
10 0.21480000000000002 0.62517 0.19878 0.62517 0.19878 0.63655 0.21480000000000002 0.63655 0.21480000000000002 0.62517
10 0.5524549999999999 0.6293 0.530545 0.6293 0.530545 0.6441399999999999 0.5524549999999999 0.6441399999999999 0.5524549999999999 0.6293
10 0.168575 0.602115 0.15320499999999998 0.602115 0.15320499999999998 0.612725 0.168575 0.612725 0.168575 0.602115
10 0.300995 0.627485 0.288845 0.627485 0.288845 0.637155 0.300995 0.637155 0.300995 0.627485
10 0.451485 0.61366 0.429375 0.61366 0.429375 0.6295 0.451485 0.6295 0.451485 0.61366
10 0.29643 0.6463650000000001 0.28071 0.6463650000000001 0.28071 0.657355 0.29643 0.657355 0.29643 0.6463650000000001
10 0.461585 0.54052 0.45051500000000005 0.54052 0.45051500000000005 0.5503 0.461585 0.5503 0.461585 0.54052
10 0.72938 0.50383 0.67784 0.50383 0.67784 0.54793 0.72938 0.54793 0.72938 0.50383
10 0.38793500000000003 0.41867 0.375745 0.41867 0.375745 0.43045 0.38793500000000003 0.43045 0.38793500000000003 0.41867
10 0.07067 0.523585 0.04951 0.523585 0.04951 0.5369550000000001 0.07067 0.5369550000000001 0.07067 0.523585
10 0.356325 0.503235 0.339475 0.503235 0.339475 0.516305 0.356325 0.516305 0.356325 0.503235
10 0.285195 0.586345 0.272905 0.586345 0.272905 0.596275 0.285195 0.596275 0.285195 0.586345
10 0.8483850000000001 0.43999 0.830335 0.43999 0.830335 0.45404999999999995 0.8483850000000001 0.45404999999999995 0.8483850000000001 0.43999
10 0.43272000000000005 0.658615 0.41688000000000003 0.658615 0.41688000000000003 0.670485 0.43272000000000005 0.670485 0.43272000000000005 0.658615
10 0.319645 0.44288999999999995 0.301455 0.44288999999999995 0.301455 0.45751 0.319645 0.45751 0.319645 0.44288999999999995
10 0.52305 0.371605 0.5082099999999999 0.371605 0.5082099999999999 0.380835 0.52305 0.380835 0.52305 0.371605
10 0.385465 0.53023 0.37283499999999997 0.53023 0.37283499999999997 0.54105 0.385465 0.54105 0.385465 0.53023
10 0.30755499999999997 0.5683 0.294985 0.5683 0.294985 0.57916 0.30755499999999997 0.57916 0.30755499999999997 0.5683
10 0.822995 0.58291 0.809825 0.58291 0.809825 0.59483 0.822995 0.59483 0.822995 0.58291
10 0.6772549999999999 0.646195 0.663565 0.646195 0.663565 0.6575249999999999 0.6772549999999999 0.6575249999999999 0.6772549999999999 0.646195
10 0.334615 0.45790499999999995 0.320165 0.45790499999999995 0.320165 0.468355 0.334615 0.468355 0.334615 0.45790499999999995
10 0.14323999999999998 0.539145 0.12678 0.539145 0.12678 0.5506949999999999 0.14323999999999998 0.5506949999999999 0.14323999999999998 0.539145
10 0.75309 0.6507799999999999 0.74007 0.6507799999999999 0.74007 0.6627 0.75309 0.6627 0.75309 0.6507799999999999
10 0.42344499999999996 0.52907 0.412495 0.52907 0.412495 0.54027 0.42344499999999996 0.54027 0.42344499999999996 0.52907
10 0.30149 0.5258849999999999 0.28445 0.5258849999999999 0.28445 0.542475 0.30149 0.542475 0.30149 0.5258849999999999
10 0.449395 0.505905 0.43390500000000004 0.505905 0.43390500000000004 0.516555 0.449395 0.516555 0.449395 0.505905
10 0.103685 0.55495 0.089675 0.55495 0.089675 0.56615 0.103685 0.56615 0.103685 0.55495
10 0.69733 0.5047349999999999 0.68743 0.5047349999999999 0.68743 0.513825 0.69733 0.513825 0.69733 0.5047349999999999
10 0.408585 0.6505150000000001 0.39463499999999996 0.6505150000000001 0.39463499999999996 0.6658850000000001 0.408585 0.6658850000000001 0.408585 0.6505150000000001
10 0.26953499999999997 0.46258499999999997 0.22998500000000002 0.46258499999999997 0.22998500000000002 0.48809500000000006 0.26953499999999997 0.48809500000000006 0.26953499999999997 0.46258499999999997
10 0.127705 0.487915 0.117775 0.487915 0.117775 0.499385 0.127705 0.499385 0.127705 0.487915
10 0.02245 0.3911 0.0049299999999999995 0.3911 0.0049299999999999995 0.40334000000000003 0.02245 0.40334000000000003 0.02245 0.3911
10 0.361395 0.55792 0.348565 0.55792 0.348565 0.56708 0.361395 0.56708 0.361395 0.55792
10 0.10102 0.618905 0.08868000000000001 0.618905 0.08868000000000001 0.6271950000000001 0.10102 0.6271950000000001 0.10102 0.618905
9 0 0.646 0.012 0.649 0.052000000000000005 0.65 0.146 0.641 0.189 0.6559999999999999 0.24700000000000003 0.6599999999999999 0.298 0.6849999999999999 0.348 0.701 0.378 0.705 0.42000000000000004 0.706 0.45999999999999996 0.6980000000000001 0.487 0.697 0.5599999999999999 0.706 0.607 0.706 0.648 0.696 0.755 0.683 0.8019999999999999 0.671 0.857 0.648 0.9349999999999999 0.606 0.9640000000000001 0.581 0.999 0.561 0.999 0.5429999999999999 0.9560000000000001 0.509 0.916 0.49000000000000005 0.8150000000000001 0.426 0.74 0.398 0.61 0.373 0.572 0.37 0.446 0.372 0.40499999999999997 0.379 0.365 0.395 0.33199999999999996 0.392 0.29100000000000004 0.378 0.225 0.371 0.152 0.379 0.125 0.396 0.06999999999999999 0.377 0.009 0.378 0 0.38 0 0.646