10 0.67979 0.64039 0.63147 0.64039 0.63147 0.67447 0.67979 0.67447 0.67979 0.64039
10 0.61523 0.6431250000000001 0.58985 0.6431250000000001 0.58985 0.6683950000000001 0.61523 0.6683950000000001 0.61523 0.6431250000000001
10 0.20257 0.6172799999999999 0.18121 0.6172799999999999 0.18121 0.63076 0.20257 0.63076 0.20257 0.6172799999999999
10 0.96745 0.5285249999999999 0.9456300000000001 0.5285249999999999 0.9456300000000001 0.542755 0.96745 0.542755 0.96745 0.5285249999999999
10 0.821015 0.43589500000000003 0.798125 0.43589500000000003 0.798125 0.45374499999999995 0.821015 0.45374499999999995 0.821015 0.43589500000000003
10 0.07054 0.32586499999999996 0.03316 0.32586499999999996 0.03316 0.35919500000000004 0.07054 0.35919500000000004 0.07054 0.32586499999999996
10 0.51981 0.429335 0.50069 0.429335 0.50069 0.45298499999999997 0.51981 0.45298499999999997 0.51981 0.429335
10 0.8261049999999999 0.34053 0.805735 0.34053 0.805735 0.35771000000000003 0.8261049999999999 0.35771000000000003 0.8261049999999999 0.34053
10 0.5938749999999999 0.5023799999999999 0.574085 0.5023799999999999 0.574085 0.52888 0.5938749999999999 0.52888 0.5938749999999999 0.5023799999999999
10 0.771995 0.51081 0.749485 0.51081 0.749485 0.52825 0.771995 0.52825 0.771995 0.51081
10 0.902595 0.362315 0.881585 0.362315 0.881585 0.382805 0.902595 0.382805 0.902595 0.362315
10 0.789445 0.444445 0.777935 0.444445 0.777935 0.458395 0.789445 0.458395 0.789445 0.444445
10 0.46165 0.7004699999999999 0.44461000000000006 0.7004699999999999 0.44461000000000006 0.71555 0.46165 0.71555 0.46165 0.7004699999999999
10 0.21325500000000003 0.40414000000000005 0.199825 0.40414000000000005 0.199825 0.42106000000000005 0.21325500000000003 0.42106000000000005 0.21325500000000003 0.40414000000000005
10 0.30979 0.615425 0.29470999999999997 0.615425 0.29470999999999997 0.630675 0.30979 0.630675 0.30979 0.615425
10 0.42213500000000004 0.25844 0.409405 0.25844 0.409405 0.27427999999999997 0.42213500000000004 0.27427999999999997 0.42213500000000004 0.25844
10 0.51398 0.41038500000000006 0.4997 0.41038500000000006 0.4997 0.423115 0.51398 0.423115 0.51398 0.41038500000000006
10 0.37246 0.62539 0.35606 0.62539 0.35606 0.6402300000000001 0.37246 0.6402300000000001 0.37246 0.62539
10 0.275555 0.578965 0.261545 0.578965 0.261545 0.592915 0.275555 0.592915 0.275555 0.578965
10 0.5314300000000001 0.43219 0.48419 0.43219 0.48419 0.46868999999999994 0.5314300000000001 0.46868999999999994 0.5314300000000001 0.43219
10 0.08701 0.29879 0.06997 0.29879 0.06997 0.31253000000000003 0.08701 0.31253000000000003 0.08701 0.29879
10 0.164665 0.56678 0.150275 0.56678 0.150275 0.58068 0.164665 0.58068 0.164665 0.56678
10 0.37751999999999997 0.29115 0.36124 0.29115 0.36124 0.30845 0.37751999999999997 0.30845 0.37751999999999997 0.29115
10 0.19311 0.487835 0.18019000000000002 0.487835 0.18019000000000002 0.501425 0.19311 0.501425 0.19311 0.487835
10 0.37873999999999997 0.542005 0.36344 0.542005 0.36344 0.553695 0.37873999999999997 0.553695 0.37873999999999997 0.542005
10 0.58411 0.4572 0.56531 0.4572 0.56531 0.47298 0.58411 0.47298 0.58411 0.4572
10 0.538985 0.48174 0.483475 0.48174 0.483475 0.508 0.538985 0.508 0.538985 0.48174
10 0.39899 0.6852050000000001 0.38665 0.6852050000000001 0.38665 0.6985750000000001 0.39899 0.6985750000000001 0.39899 0.6852050000000001
10 0.09218 0.45083 0.07616 0.45083 0.07616 0.46567 0.09218 0.46567 0.09218 0.45083
10 0.42357500000000003 0.676105 0.410405 0.676105 0.410405 0.690115 0.42357500000000003 0.690115 0.42357500000000003 0.676105
10 0.11213999999999999 0.51003 0.08818000000000001 0.51003 0.08818000000000001 0.52123 0.11213999999999999 0.52123 0.11213999999999999 0.51003
10 0.41983 0.50766 0.35165 0.50766 0.35165 0.5665600000000001 0.41983 0.5665600000000001 0.41983 0.50766
10 0.918905 0.47980999999999996 0.9023749999999999 0.47980999999999996 0.9023749999999999 0.49725 0.918905 0.49725 0.918905 0.47980999999999996
10 0.526355 0.6370899999999999 0.513685 0.6370899999999999 0.513685 0.65001 0.526355 0.65001 0.526355 0.6370899999999999
10 0.15265 0.336605 0.14031 0.336605 0.14031 0.349435 0.15265 0.349435 0.15265 0.336605
10 0.03991 0.500005 0.03009 0.500005 0.03009 0.507815 0.03991 0.507815 0.03991 0.500005
10 0.627595 0.42827000000000004 0.612645 0.42827000000000004 0.612645 0.44381000000000004 0.627595 0.44381000000000004 0.627595 0.42827000000000004
10 0.9600949999999999 0.502845 0.947125 0.502845 0.947125 0.512775 0.9600949999999999 0.512775 0.9600949999999999 0.502845
10 0.37193 0.44476000000000004 0.36001 0.44476000000000004 0.36001 0.45709999999999995 0.37193 0.45709999999999995 0.37193 0.44476000000000004
10 0.502335 0.7037950000000001 0.49082499999999996 0.7037950000000001 0.49082499999999996 0.714165 0.502335 0.714165 0.502335 0.7037950000000001
10 0.56416 0.359985 0.55206 0.359985 0.55206 0.370975 0.56416 0.370975 0.56416 0.359985
10 0.99716 0.46601499999999996 0.9383800000000001 0.46601499999999996 0.9383800000000001 0.508585 0.99716 0.508585 0.99716 0.46601499999999996
10 0.015085000000000001 0.276695 0.00007500000000000001 0.276695 0.00007500000000000001 0.28678499999999996 0.015085000000000001 0.28678499999999996 0.015085000000000001 0.276695
10 0.10624 0.5421199999999999 0.09798 0.5421199999999999 0.09798 0.5506599999999999 0.10624 0.5506599999999999 0.10624 0.5421199999999999
10 0.87729 0.490855 0.85903 0.490855 0.85903 0.503285 0.87729 0.503285 0.87729 0.490855
10 0.6463949999999999 0.31091 0.6377849999999999 0.31091 0.6377849999999999 0.32043 0.6463949999999999 0.32043 0.6463949999999999 0.31091
10 0.7790199999999999 0.47801 0.7639400000000001 0.47801 0.7639400000000001 0.49024999999999996 0.7790199999999999 0.49024999999999996 0.7790199999999999 0.47801
10 0.70974 0.305245 0.6935800000000001 0.305245 0.6935800000000001 0.320735 0.70974 0.320735 0.70974 0.305245
10 0.31100500000000003 0.50464 0.236355 0.50464 0.236355 0.57446 0.31100500000000003 0.57446 0.31100500000000003 0.50464
10 0.12168000000000001 0.279935 0.09768 0.279935 0.09768 0.29330500000000004 0.12168000000000001 0.29330500000000004 0.12168000000000001 0.279935
10 0.46921 0.435225 0.40091 0.435225 0.40091 0.46613499999999997 0.46921 0.46613499999999997 0.46921 0.435225
10 0.21822499999999997 0.28344 0.20437500000000003 0.28344 0.20437500000000003 0.29762 0.21822499999999997 0.29762 0.21822499999999997 0.28344
10 0.883335 0.259515 0.8598250000000001 0.259515 0.8598250000000001 0.274185 0.883335 0.274185 0.883335 0.259515
10 0.5380499999999999 0.326295 0.50491 0.326295 0.50491 0.357785 0.5380499999999999 0.357785 0.5380499999999999 0.326295
10 0.7149 0.46136 0.61224 0.46136 0.61224 0.48785999999999996 0.7149 0.48785999999999996 0.7149 0.46136
10 0.843805 0.432775 0.7675150000000001 0.432775 0.7675150000000001 0.486665 0.843805 0.486665 0.843805 0.432775
10 0.55572 0.51228 0.5389999999999999 0.51228 0.5389999999999999 0.52874 0.55572 0.52874 0.55572 0.51228
10 0.19933499999999998 0.6821349999999999 0.188605 0.6821349999999999 0.188605 0.6928650000000001 0.19933499999999998 0.6928650000000001 0.19933499999999998 0.6821349999999999
10 0.9313499999999999 0.49666 0.90459 0.49666 0.90459 0.5111600000000001 0.9313499999999999 0.5111600000000001 0.9313499999999999 0.49666
10 0.409995 0.627915 0.397125 0.627915 0.397125 0.640645 0.409995 0.640645 0.409995 0.627915
10 0.631215 0.34359 0.618785 0.34359 0.618785 0.35661 0.631215 0.35661 0.631215 0.34359
10 0.21578 0.47315500000000005 0.20339999999999997 0.47315500000000005 0.20339999999999997 0.485825 0.21578 0.485825 0.21578 0.47315500000000005
10 0.07464 0.638415 0.06074 0.638415 0.06074 0.6496649999999999 0.07464 0.6496649999999999 0.07464 0.638415
10 0.9071300000000001 0.347845 0.81845 0.347845 0.81845 0.424135 0.9071300000000001 0.424135 0.9071300000000001 0.347845
10 0.12362999999999999 0.33887 0.01395 0.33887 0.01395 0.41553000000000007 0.12362999999999999 0.41553000000000007 0.12362999999999999 0.33887
10 0.7275400000000001 0.36346500000000004 0.63086 0.36346500000000004 0.63086 0.441715 0.7275400000000001 0.441715 0.7275400000000001 0.36346500000000004
10 0.174785 0.596005 0.165795 0.596005 0.165795 0.606135 0.174785 0.606135 0.174785 0.596005
10 0.631405 0.27085499999999996 0.617615 0.27085499999999996 0.617615 0.28530500000000003 0.631405 0.28530500000000003 0.631405 0.27085499999999996
10 0.28097500000000003 0.36862 0.204865 0.36862 0.204865 0.43118 0.28097500000000003 0.43118 0.28097500000000003 0.36862
10 0.624955 0.46338 0.573285 0.46338 0.573285 0.48339999999999994 0.624955 0.48339999999999994 0.624955 0.46338
10 0.13504 0.61965 0.023039999999999998 0.61965 0.023039999999999998 0.67235 0.13504 0.67235 0.13504 0.61965
10 0.97485 0.33233 0.95875 0.33233 0.95875 0.37811 0.97485 0.37811 0.97485 0.33233
10 0.761965 0.33830499999999997 0.632575 0.33830499999999997 0.632575 0.399495 0.761965 0.399495 0.761965 0.33830499999999997
10 0.00912 0.47539999999999993 0.0001 0.47539999999999993 0.0001 0.48456 0.00912 0.48456 0.00912 0.47539999999999993
10 0 0.473235 0.057620000000000005 0.473235 0.057620000000000005 0.413485 0 0.413485 0 0.473235
10 0.52117 0.7193050000000001 0.46175 0.7193050000000001 0.46175 0.732835 0.52117 0.732835 0.52117 0.7193050000000001
10 0.08035 0.440335 0.051370000000000006 0.440335 0.051370000000000006 0.493745 0.08035 0.493745 0.08035 0.440335
10 0 0.48566000000000004 0.016819999999999998 0.48566000000000004 0.016819999999999998 0.45380000000000004 0 0.45380000000000004 0 0.48566000000000004
10 0.12771 0.24077 0.01779 0.24077 0.01779 0.25655 0.12771 0.25655 0.12771 0.24077
10 0.9706899999999999 0.655535 0.9101699999999999 0.655535 0.9101699999999999 0.674545 0.9706899999999999 0.674545 0.9706899999999999 0.655535
10 0.71173 0.698725 0.49237000000000003 0.698725 0.49237000000000003 0.728035 0.71173 0.728035 0.71173 0.698725
10 0.8278800000000001 0.22643 0.46704 0.22643 0.46704 0.25551 0.8278800000000001 0.25551 0.8278800000000001 0.22643
10 0.998715 0.28247 0.960265 0.28247 0.960265 0.32153 0.998715 0.32153 0.998715 0.28247
9 0 0.617 0.066 0.647 0.19 0.693 0.231 0.704 0.309 0.7110000000000001 0.35 0.721 0.399 0.727 0.635 0.724 0.721 0.708 0.7849999999999999 0.688 0.86 0.6719999999999999 0.944 0.662 0.951 0.674 0.9640000000000001 0.6599999999999999 0.999 0.6639999999999999 0.9970000000000001 0.306 0.861 0.261 0.807 0.24700000000000003 0.642 0.22999999999999998 0.43899999999999995 0.23500000000000001 0.29500000000000004 0.244 0.101 0.24500000000000002 0.006 0.256 0 0.258 0 0.617