10 0.70008 0.42764499999999994 0.66636 0.42764499999999994 0.66636 0.453915 0.70008 0.453915 0.70008 0.42764499999999994
10 0.10926499999999999 0.57051 0.092155 0.57051 0.092155 0.58769 0.10926499999999999 0.58769 0.10926499999999999 0.57051
10 0.89794 0.6205499999999999 0.8823399999999999 0.6205499999999999 0.8823399999999999 0.63727 0.89794 0.63727 0.89794 0.6205499999999999
10 0.569465 0.65403 0.5496749999999999 0.65403 0.5496749999999999 0.6701900000000001 0.569465 0.6701900000000001 0.569465 0.65403
10 0.6228 0.394215 0.6067 0.394215 0.6067 0.407545 0.6228 0.407545 0.6228 0.394215
10 0.62685 0.363415 0.60947 0.363415 0.60947 0.382685 0.62685 0.382685 0.62685 0.363415
10 0.73254 0.484645 0.71864 0.484645 0.71864 0.49875499999999995 0.73254 0.49875499999999995 0.73254 0.484645
10 0.844595 0.63847 0.825325 0.63847 0.825325 0.65449 0.844595 0.65449 0.844595 0.63847
10 0.958015 0.45018 0.9443250000000001 0.45018 0.9443250000000001 0.46096000000000004 0.958015 0.46096000000000004 0.958015 0.45018
10 0.8751099999999999 0.47431999999999996 0.8592700000000001 0.47431999999999996 0.8592700000000001 0.49004000000000003 0.8751099999999999 0.49004000000000003 0.8751099999999999 0.47431999999999996
10 0.781225 0.4798 0.767595 0.4798 0.767595 0.49139999999999995 0.781225 0.49139999999999995 0.781225 0.4798
10 0.85656 0.52501 0.8426600000000001 0.52501 0.8426600000000001 0.53749 0.85656 0.53749 0.85656 0.52501
10 0.10417000000000001 0.4203 0.08357 0.4203 0.08357 0.43664 0.10417000000000001 0.43664 0.10417000000000001 0.4203
10 0.885895 0.50984 0.8631249999999999 0.50984 0.8631249999999999 0.52434 0.885895 0.52434 0.885895 0.50984
10 0.69109 0.370395 0.67513 0.370395 0.67513 0.383025 0.69109 0.383025 0.69109 0.370395
10 0.060965000000000005 0.42335 0.047435 0.42335 0.047435 0.43796999999999997 0.060965000000000005 0.43796999999999997 0.060965000000000005 0.42335
10 0.9159349999999999 0.45627000000000006 0.9043850000000001 0.45627000000000006 0.9043850000000001 0.46805 0.9159349999999999 0.46805 0.9159349999999999 0.45627000000000006
10 0.408775 0.62771 0.385165 0.62771 0.385165 0.6447499999999999 0.408775 0.6447499999999999 0.408775 0.62771
10 0.20423 0.40433 0.18933 0.40433 0.18933 0.41940999999999995 0.20423 0.41940999999999995 0.20423 0.40433
10 0.48981 0.62941 0.46819 0.62941 0.46819 0.64501 0.48981 0.64501 0.48981 0.62941
10 0.74922 0.439315 0.73516 0.439315 0.73516 0.452285 0.74922 0.452285 0.74922 0.439315
10 0.9738300000000001 0.5858450000000001 0.9470700000000001 0.5858450000000001 0.9470700000000001 0.619235 0.9738300000000001 0.619235 0.9738300000000001 0.5858450000000001
10 0.50685 0.430215 0.49607 0.430215 0.49607 0.44380499999999995 0.50685 0.44380499999999995 0.50685 0.430215
10 0.48610499999999995 0.6013499999999999 0.46603500000000003 0.6013499999999999 0.46603500000000003 0.61643 0.48610499999999995 0.61643 0.48610499999999995 0.6013499999999999
10 0.12145500000000001 0.42889499999999997 0.10766500000000001 0.42889499999999997 0.10766500000000001 0.442685 0.12145500000000001 0.442685 0.12145500000000001 0.42889499999999997
10 0.67164 0.450685 0.65746 0.450685 0.65746 0.465815 0.67164 0.465815 0.67164 0.450685
10 0.163095 0.623895 0.148425 0.623895 0.148425 0.6348849999999999 0.163095 0.6348849999999999 0.163095 0.623895
10 0.02029 0.41468 0.00439 0.41468 0.00439 0.4276 0.02029 0.4276 0.02029 0.41468
10 0.81723 0.631715 0.8048500000000001 0.631715 0.8048500000000001 0.6427050000000001 0.81723 0.6427050000000001 0.81723 0.631715
10 0.25047 0.56982 0.23462999999999998 0.56982 0.23462999999999998 0.5873999999999999 0.25047 0.5873999999999999 0.25047 0.56982
10 0.698135 0.61144 0.677845 0.61144 0.677845 0.62978 0.698135 0.62978 0.698135 0.61144
10 0.34435 0.529245 0.32801 0.529245 0.32801 0.547895 0.34435 0.547895 0.34435 0.529245
10 0.40713 0.48465499999999995 0.39365 0.48465499999999995 0.39365 0.501185 0.40713 0.501185 0.40713 0.48465499999999995
10 0.759575 0.691995 0.744325 0.691995 0.744325 0.703505 0.759575 0.703505 0.759575 0.691995
10 0.47125000000000006 0.376715 0.45453 0.376715 0.45453 0.391845 0.47125000000000006 0.391845 0.47125000000000006 0.376715
10 0.223035 0.603375 0.20934499999999998 0.603375 0.20934499999999998 0.616345 0.223035 0.616345 0.223035 0.603375
10 0.88879 0.661585 0.87683 0.661585 0.87683 0.674355 0.88879 0.674355 0.88879 0.661585
10 0.040845 0.457575 0.018335 0.457575 0.018335 0.482845 0.040845 0.482845 0.040845 0.457575
10 0.552995 0.36123500000000003 0.528065 0.36123500000000003 0.528065 0.38192499999999996 0.552995 0.38192499999999996 0.552995 0.36123500000000003
10 0.51772 0.6410549999999999 0.50182 0.6410549999999999 0.50182 0.654845 0.51772 0.654845 0.51772 0.6410549999999999
10 0.366385 0.485715 0.350895 0.485715 0.350895 0.5025649999999999 0.366385 0.5025649999999999 0.366385 0.485715
10 0.30274999999999996 0.50799 0.25389 0.50799 0.25389 0.5584100000000001 0.30274999999999996 0.5584100000000001 0.30274999999999996 0.50799
10 1 0.507555 0.99154 0.507555 0.99154 0.5295449999999999 1 0.5295449999999999 1 0.507555
10 0.51352 0.673355 0.49917999999999996 0.673355 0.49917999999999996 0.686025 0.51352 0.686025 0.51352 0.673355
10 0.41068 0.54494 0.38668 0.54494 0.38668 0.5673600000000001 0.41068 0.5673600000000001 0.41068 0.54494
10 0.06911 0.528235 0.05327 0.528235 0.05327 0.5420849999999999 0.06911 0.5420849999999999 0.06911 0.528235
10 0.677335 0.495585 0.649805 0.495585 0.649805 0.514175 0.677335 0.514175 0.677335 0.495585
10 0.46034499999999995 0.454595 0.44737499999999997 0.454595 0.44737499999999997 0.471185 0.46034499999999995 0.471185 0.46034499999999995 0.454595
10 0.8144349999999999 0.37672500000000003 0.8008050000000001 0.37672500000000003 0.8008050000000001 0.389395 0.8144349999999999 0.389395 0.8144349999999999 0.37672500000000003
10 0.7574 0.35223499999999996 0.74162 0.35223499999999996 0.74162 0.366025 0.7574 0.366025 0.7574 0.35223499999999996
10 0.105905 0.35885 0.076595 0.35885 0.076595 0.38285 0.105905 0.38285 0.105905 0.35885
10 0.72438 0.381465 0.71116 0.381465 0.71116 0.392455 0.72438 0.392455 0.72438 0.381465
10 0.891695 0.54745 0.871005 0.54745 0.871005 0.57853 0.891695 0.57853 0.891695 0.54745
10 0.381325 0.38531 0.362815 0.38531 0.362815 0.40229 0.381325 0.40229 0.381325 0.38531
10 0.26122999999999996 0.507365 0.24121 0.507365 0.24121 0.529735 0.26122999999999996 0.529735 0.26122999999999996 0.507365
10 0.493665 0.413385 0.476555 0.413385 0.476555 0.426455 0.493665 0.426455 0.493665 0.413385
10 0.28864999999999996 0.401455 0.25041 0.401455 0.25041 0.433985 0.28864999999999996 0.433985 0.28864999999999996 0.401455
10 0.178685 0.537855 0.16847499999999999 0.537855 0.16847499999999999 0.550045 0.178685 0.550045 0.178685 0.537855
10 0.16747 0.521795 0.15187 0.521795 0.15187 0.531925 0.16747 0.531925 0.16747 0.521795
10 0.7087950000000001 0.48407 0.697465 0.48407 0.697465 0.49835 0.7087950000000001 0.49835 0.7087950000000001 0.48407
10 0.316035 0.33369 0.301645 0.33369 0.301645 0.34697 0.316035 0.34697 0.316035 0.33369
10 0.36357 0.46353 0.34541 0.46353 0.34541 0.48179 0.36357 0.48179 0.36357 0.46353
10 0.696225 0.533015 0.6875549999999999 0.533015 0.6875549999999999 0.5402250000000001 0.696225 0.5402250000000001 0.696225 0.533015
10 0.7619 0.515505 0.75274 0.515505 0.75274 0.5255150000000001 0.7619 0.5255150000000001 0.7619 0.515505
10 0.02509 0.338995 0.00293 0.338995 0.00293 0.349485 0.02509 0.349485 0.02509 0.338995
10 0.46536999999999995 0.4545 0.44137000000000004 0.4545 0.44137000000000004 0.51084 0.46536999999999995 0.51084 0.46536999999999995 0.4545
9 0 0.638 0.017 0.647 0.089 0.665 0.154 0.669 0.22799999999999998 0.687 0.311 0.678 0.34500000000000003 0.67 0.413 0.6679999999999999 0.525 0.706 0.605 0.714 0.6759999999999999 0.713 0.725 0.7230000000000001 0.9119999999999999 0.71 0.942 0.702 0.999 0.6759999999999999 0.999 0.42300000000000004 0.968 0.40499999999999997 0.9119999999999999 0.382 0.8009999999999999 0.35 0.5900000000000001 0.316 0.553 0.316 0.493 0.32599999999999996 0.462667 0.327 0.368 0.315 0.258 0.312 0.194 0.32 0.13799999999999998 0.335 0.044 0.337 0.004 0.343 0 0.34500000000000003 0 0.638