10 0.175035 0.45442499999999997 0.140965 0.45442499999999997 0.140965 0.501555 0.175035 0.501555 0.175035 0.45442499999999997
10 0.45694 0.467725 0.41454 0.467725 0.41454 0.503455 0.45694 0.503455 0.45694 0.467725
10 0.45389999999999997 0.31955 0.41264 0.31955 0.41264 0.35157 0.45389999999999997 0.35157 0.45389999999999997 0.31955
10 0.557235 0.50003 0.511425 0.50003 0.511425 0.54447 0.557235 0.54447 0.557235 0.50003
10 0.12415000000000001 0.24546 0.09347 0.24546 0.09347 0.28626 0.12415000000000001 0.28626 0.12415000000000001 0.24546
10 0.10136 0.34994000000000003 0.05738 0.34994000000000003 0.05738 0.3941 0.10136 0.3941 0.10136 0.34994000000000003
10 0.08251 0.34370500000000004 0.026690000000000002 0.34370500000000004 0.026690000000000002 0.393115 0.08251 0.393115 0.08251 0.34370500000000004
10 0.54269 0.50685 0.51883 0.50685 0.51883 0.53123 0.54269 0.53123 0.54269 0.50685
10 0.640165 0.5057400000000001 0.5736950000000001 0.5057400000000001 0.5736950000000001 0.5763 0.640165 0.5763 0.640165 0.5057400000000001
10 0.31503000000000003 0.518205 0.26993 0.518205 0.26993 0.5521149999999999 0.31503000000000003 0.5521149999999999 0.31503000000000003 0.518205
10 0.8429249999999999 0.42335500000000004 0.799655 0.42335500000000004 0.799655 0.453105 0.8429249999999999 0.453105 0.8429249999999999 0.42335500000000004
10 0.30822 0.31175 0.2826 0.31175 0.2826 0.33279000000000003 0.30822 0.33279000000000003 0.30822 0.31175
10 0.28741500000000003 0.5378149999999999 0.273625 0.5378149999999999 0.273625 0.553005 0.28741500000000003 0.553005 0.28741500000000003 0.5378149999999999
10 0.747375 0.39181499999999997 0.6100450000000001 0.39181499999999997 0.6100450000000001 0.48318500000000003 0.747375 0.48318500000000003 0.747375 0.39181499999999997
10 0.5311 0.325285 0.51186 0.325285 0.51186 0.343655 0.5311 0.343655 0.5311 0.325285
10 0.476595 0.37478 0.458465 0.37478 0.458465 0.3923 0.476595 0.3923 0.476595 0.37478
10 0.263335 0.312745 0.172945 0.312745 0.172945 0.41723499999999997 0.263335 0.41723499999999997 0.263335 0.312745
10 0.633815 0.47245 0.611305 0.47245 0.611305 0.48409 0.633815 0.48409 0.633815 0.47245
10 0.44087 0.41194 0.42045000000000005 0.41194 0.42045000000000005 0.4284 0.44087 0.4284 0.44087 0.41194
10 0.9172549999999999 0.512545 0.898165 0.512545 0.898165 0.5274949999999999 0.9172549999999999 0.5274949999999999 0.9172549999999999 0.512545
10 0.026690000000000002 0.41879999999999995 0.01085 0.41879999999999995 0.01085 0.43228 0.026690000000000002 0.43228 0.026690000000000002 0.41879999999999995
10 0.01227 0.53818 0.000029999999999999997 0.53818 0.000029999999999999997 0.56142 0.01227 0.56142 0.01227 0.53818
10 0.086065 0.38932 0.019595 0.38932 0.019595 0.4183 0.086065 0.4183 0.086065 0.38932
10 0.16887000000000002 0.36917 0.12215000000000001 0.36917 0.12215000000000001 0.40719000000000005 0.16887000000000002 0.40719000000000005 0.16887000000000002 0.36917
10 0.02381 0.47129000000000004 0.01677 0.47129000000000004 0.01677 0.47793 0.02381 0.47793 0.02381 0.47129000000000004
10 0.339445 0.35673499999999997 0.326075 0.35673499999999997 0.326075 0.365925 0.339445 0.365925 0.339445 0.35673499999999997
10 0.359395 0.532235 0.351045 0.532235 0.351045 0.540025 0.359395 0.540025 0.359395 0.532235
10 0.66936 0.48898 0.64998 0.48898 0.64998 0.49832 0.66936 0.49832 0.66936 0.48898
10 0.198405 0.314495 0.173415 0.314495 0.173415 0.33248500000000003 0.198405 0.33248500000000003 0.198405 0.314495
10 0.370825 0.41996500000000003 0.290315 0.41996500000000003 0.290315 0.450635 0.370825 0.450635 0.370825 0.41996500000000003
10 0.59898 0.48063500000000003 0.58168 0.48063500000000003 0.58168 0.491045 0.59898 0.491045 0.59898 0.48063500000000003
9 0 0.572 0.025 0.584 0.121 0.611 0.16 0.617 0.272 0.617 0.42300000000000004 0.611 0.526 0.627 0.5509999999999999 0.635 0.585 0.631 0.595 0.626 0.741 0.611 0.849 0.593 0.853 0.587 0.891 0.5820000000000001 0.9480000000000001 0.581 0.999 0.585 0.999 0.45999999999999996 0.993 0.458 0.9199999999999999 0.441 0.8460000000000001 0.41500000000000004 0.8019999999999999 0.40800000000000003 0.761 0.396 0.733 0.394 0.724 0.398 0.713 0.395 0.689 0.378 0.612 0.343 0.366 0.265 0.277 0.25 0.178 0.244 0.065 0.24900000000000003 0.05 0.257 0.003 0.259 0 0.26 0 0.572