10 0.7965099999999999 0.42819 0.7525299999999999 0.42819 0.7525299999999999 0.47165 0.7965099999999999 0.47165 0.7965099999999999 0.42819
10 0.6100749999999999 0.58235 0.593445 0.58235 0.593445 0.60673 0.6100749999999999 0.60673 0.6100749999999999 0.58235
10 0.5341400000000001 0.62026 0.5186 0.62026 0.5186 0.63852 0.5341400000000001 0.63852 0.5341400000000001 0.62026
10 0.8160299999999999 0.40896999999999994 0.80019 0.40896999999999994 0.80019 0.42013 0.8160299999999999 0.42013 0.8160299999999999 0.40896999999999994
10 0.9399850000000001 0.59368 0.9252549999999999 0.59368 0.9252549999999999 0.6113999999999999 0.9399850000000001 0.6113999999999999 0.9399850000000001 0.59368
10 0.53563 0.35989 0.52003 0.35989 0.52003 0.37791 0.53563 0.37791 0.53563 0.35989
10 0.507575 0.57216 0.48558500000000004 0.57216 0.48558500000000004 0.58994 0.507575 0.58994 0.507575 0.57216
10 0.8637549999999999 0.410985 0.851085 0.410985 0.851085 0.42299499999999995 0.8637549999999999 0.42299499999999995 0.8637549999999999 0.410985
10 0.7606900000000001 0.42784000000000005 0.74127 0.42784000000000005 0.74127 0.44424 0.7606900000000001 0.44424 0.7606900000000001 0.42784000000000005
10 0.6530050000000001 0.36506500000000003 0.638995 0.36506500000000003 0.638995 0.377115 0.6530050000000001 0.377115 0.6530050000000001 0.36506500000000003
10 0.09987 0.39341499999999996 0.08457 0.39341499999999996 0.08457 0.407365 0.09987 0.407365 0.09987 0.39341499999999996
10 0.30945 0.412205 0.29015 0.412205 0.29015 0.427635 0.30945 0.427635 0.30945 0.412205
10 0.855885 0.506115 0.8423550000000001 0.506115 0.8423550000000001 0.518305 0.855885 0.518305 0.855885 0.506115
10 0.648685 0.45248499999999997 0.627675 0.45248499999999997 0.627675 0.46743499999999993 0.648685 0.46743499999999993 0.648685 0.45248499999999997
10 0.9797100000000001 0.65321 0.9626699999999999 0.65321 0.9626699999999999 0.66613 0.9797100000000001 0.66613 0.9797100000000001 0.65321
10 0.08426 0.371105 0.06942000000000001 0.371105 0.06942000000000001 0.38427500000000003 0.08426 0.38427500000000003 0.08426 0.371105
10 0.59545 0.5549649999999999 0.57935 0.5549649999999999 0.57935 0.567115 0.59545 0.567115 0.59545 0.5549649999999999
10 0.9026500000000001 0.56163 0.89031 0.56163 0.89031 0.57411 0.9026500000000001 0.57411 0.9026500000000001 0.56163
10 0.978265 0.46536999999999995 0.965095 0.46536999999999995 0.965095 0.47653 0.978265 0.47653 0.978265 0.46536999999999995
10 0.8718999999999999 0.481365 0.86052 0.481365 0.86052 0.49177499999999996 0.8718999999999999 0.49177499999999996 0.8718999999999999 0.481365
10 0.56674 0.553655 0.5524 0.553655 0.5524 0.565485 0.56674 0.565485 0.56674 0.553655
10 0.11508 0.42301 0.0983 0.42301 0.0983 0.43929 0.11508 0.43929 0.11508 0.42301
10 0.49082 0.43454 0.47256 0.43454 0.47256 0.44828 0.49082 0.44828 0.49082 0.43454
10 0.042749999999999996 0.38391000000000003 0.02665 0.38391000000000003 0.02665 0.39881 0.042749999999999996 0.39881 0.042749999999999996 0.38391000000000003
10 0.70441 0.665395 0.69013 0.665395 0.69013 0.678365 0.70441 0.678365 0.70441 0.665395
10 0.76617 0.385995 0.74653 0.385995 0.74653 0.402585 0.76617 0.402585 0.76617 0.385995
10 0.766305 0.48363500000000004 0.753235 0.48363500000000004 0.753235 0.49536499999999994 0.766305 0.49536499999999994 0.766305 0.48363500000000004
10 0.26449 0.52437 0.24821 0.52437 0.24821 0.54009 0.26449 0.54009 0.26449 0.52437
10 0.5493750000000001 0.545825 0.535585 0.545825 0.535585 0.557695 0.5493750000000001 0.557695 0.5493750000000001 0.545825
10 0.7688200000000001 0.580585 0.75658 0.580585 0.75658 0.592275 0.7688200000000001 0.592275 0.7688200000000001 0.580585
10 0.7134400000000001 0.42796 0.69672 0.42796 0.69672 0.44020000000000004 0.7134400000000001 0.44020000000000004 0.7134400000000001 0.42796
10 0.35214 0.44494999999999996 0.33536 0.44494999999999996 0.33536 0.46619 0.35214 0.46619 0.35214 0.44494999999999996
10 0.8262750000000001 0.626475 0.815325 0.626475 0.815325 0.637205 0.8262750000000001 0.637205 0.8262750000000001 0.626475
10 0.921865 0.473475 0.9091950000000001 0.473475 0.9091950000000001 0.486005 0.921865 0.486005 0.921865 0.473475
10 0.313075 0.56707 0.29484499999999997 0.56707 0.29484499999999997 0.57941 0.313075 0.57941 0.313075 0.56707
10 0.55318 0.630495 0.54154 0.630495 0.54154 0.641965 0.55318 0.641965 0.55318 0.630495
10 0.9287599999999999 0.660895 0.9189 0.660895 0.9189 0.670165 0.9287599999999999 0.670165 0.9287599999999999 0.660895
10 0.36473 0.57641 0.35011000000000003 0.57641 0.35011000000000003 0.59059 0.36473 0.59059 0.36473 0.57641
10 0.655105 0.61857 0.641775 0.61857 0.641775 0.62947 0.655105 0.62947 0.655105 0.61857
10 0.30904 0.31654499999999997 0.28324 0.31654499999999997 0.28324 0.33775499999999997 0.30904 0.33775499999999997 0.30904 0.31654499999999997
10 0.450375 0.589885 0.43488499999999997 0.589885 0.43488499999999997 0.603475 0.450375 0.603475 0.450375 0.589885
10 0.27366999999999997 0.38878 0.26393 0.38878 0.26393 0.39784 0.27366999999999997 0.39784 0.27366999999999997 0.38878
10 0.15907500000000002 0.58309 0.110945 0.58309 0.110945 0.61809 0.15907500000000002 0.61809 0.15907500000000002 0.58309
10 0.24155000000000001 0.61152 0.22231 0.61152 0.22231 0.62774 0.24155000000000001 0.62774 0.24155000000000001 0.61152
10 0.35378 0.32642000000000004 0.32395999999999997 0.32642000000000004 0.32395999999999997 0.3479 0.35378 0.3479 0.35378 0.32642000000000004
10 0.992095 0.58113 0.976665 0.58113 0.976665 0.59953 0.992095 0.59953 0.992095 0.58113
10 0.101315 0.5002150000000001 0.084725 0.5002150000000001 0.084725 0.515405 0.101315 0.515405 0.101315 0.5002150000000001
10 0.695205 0.477285 0.684675 0.477285 0.684675 0.48901500000000003 0.695205 0.48901500000000003 0.695205 0.477285
10 0.36706500000000003 0.52513 0.355595 0.52513 0.355595 0.53737 0.36706500000000003 0.53737 0.36706500000000003 0.52513
10 0.62357 0.37477499999999997 0.61179 0.37477499999999997 0.61179 0.386465 0.62357 0.386465 0.62357 0.37477499999999997
10 0.40173 0.436195 0.39319000000000004 0.436195 0.39319000000000004 0.445145 0.40173 0.445145 0.40173 0.436195
10 0.38456999999999997 0.484525 0.35713 0.484525 0.35713 0.504235 0.38456999999999997 0.504235 0.38456999999999997 0.484525
10 0.31941 0.48617 0.30217 0.48617 0.30217 0.49919 0.31941 0.49919 0.31941 0.48617
10 0.9935600000000001 0.48990999999999996 0.94296 0.48990999999999996 0.94296 0.53743 0.9935600000000001 0.53743 0.9935600000000001 0.48990999999999996
10 0.016755 0.5544 0.0028049999999999998 0.5544 0.0028049999999999998 0.56768 0.016755 0.56768 0.016755 0.5544
10 0.413265 0.45644 0.394355 0.45644 0.394355 0.47568 0.413265 0.47568 0.413265 0.45644
10 0.8208249999999999 0.609665 0.812955 0.609665 0.812955 0.616895 0.8208249999999999 0.616895 0.8208249999999999 0.609665
10 0.63477 0.6483 0.62499 0.6483 0.62499 0.6573599999999999 0.63477 0.6573599999999999 0.63477 0.6483
10 0.161825 0.38915500000000003 0.155315 0.38915500000000003 0.155315 0.395025 0.161825 0.395025 0.161825 0.38915500000000003
10 0.737105 0.48024500000000003 0.716015 0.48024500000000003 0.716015 0.49925499999999995 0.737105 0.49925499999999995 0.737105 0.48024500000000003
10 0.9327949999999999 0.5418999999999999 0.903145 0.5418999999999999 0.903145 0.5586800000000001 0.9327949999999999 0.5586800000000001 0.9327949999999999 0.5418999999999999
10 0.281315 0.6279950000000001 0.258245 0.6279950000000001 0.258245 0.638605 0.281315 0.638605 0.281315 0.6279950000000001
10 0.41472499999999995 0.05473 0.399235 0.05473 0.399235 0.07063 0.41472499999999995 0.07063 0.41472499999999995 0.05473
10 0.898305 0.680225 0.878055 0.680225 0.878055 0.690875 0.898305 0.690875 0.898305 0.680225
10 0.25522999999999996 0.981535 0.24819 0.981535 0.24819 0.990145 0.25522999999999996 0.990145 0.25522999999999996 0.981535
10 0.24999500000000002 0.143395 0.243405 0.143395 0.243405 0.15446500000000002 0.24999500000000002 0.15446500000000002 0.24999500000000002 0.143395
10 0.466615 0.44481000000000004 0.42498500000000006 0.44481000000000004 0.42498500000000006 0.48049 0.466615 0.48049 0.466615 0.44481000000000004
10 0.62676 0.49385500000000004 0.5998 0.49385500000000004 0.5998 0.506145 0.62676 0.506145 0.62676 0.49385500000000004
9 0 0.589 0.008 0.593 0.068 0.601 0.13 0.619 0.177 0.628 0.23900000000000002 0.631 0.5429999999999999 0.67 0.603 0.6910000000000001 0.689 0.7030000000000001 0.749 0.697 0.8019999999999999 0.6980000000000001 0.9119999999999999 0.687 0.9650000000000001 0.6759999999999999 0.999 0.662 0.999 0.429 0.9550000000000001 0.404 0.922 0.391 0.8779999999999999 0.378 0.825 0.374 0.771 0.364 0.718 0.34199999999999997 0.6639999999999999 0.32999999999999996 0.603 0.32999999999999996 0.492 0.34199999999999997 0.40700000000000003 0.34199999999999997 0.36 0.33399999999999996 0.307 0.317 0.25 0.317 0.16899999999999998 0.333 0.153 0.333 0.046 0.312 0.004 0.31 0 0.311 0 0.589