10 0.16297 0.377135 0.10535000000000001 0.377135 0.10535000000000001 0.418365 0.16297 0.418365 0.16297 0.377135
10 0.25934 0.33091 0.23144 0.33091 0.23144 0.35789 0.25934 0.35789 0.25934 0.33091
10 0.374755 0.515825 0.329505 0.515825 0.329505 0.557255 0.374755 0.557255 0.374755 0.515825
10 0.815065 0.48074500000000003 0.783575 0.48074500000000003 0.783575 0.5060749999999999 0.815065 0.5060749999999999 0.815065 0.48074500000000003
10 0.465975 0.5247200000000001 0.39242499999999997 0.5247200000000001 0.39242499999999997 0.6002799999999999 0.465975 0.6002799999999999 0.465975 0.5247200000000001
10 0.11128 0.320245 0.0883 0.320245 0.0883 0.33941499999999997 0.11128 0.33941499999999997 0.11128 0.320245
10 0.17143 0.346525 0.15059 0.346525 0.15059 0.36929500000000004 0.17143 0.36929500000000004 0.17143 0.346525
10 0.6842699999999999 0.43431499999999995 0.6135900000000001 0.43431499999999995 0.6135900000000001 0.47584499999999996 0.6842699999999999 0.47584499999999996 0.6842699999999999 0.43431499999999995
10 0.112345 0.397225 0.100295 0.397225 0.100295 0.409895 0.112345 0.409895 0.112345 0.397225
10 0.09091 0.55491 0.07743 0.55491 0.07743 0.57107 0.09091 0.57107 0.09091 0.55491
10 0.20187499999999997 0.33475 0.091585 0.33475 0.091585 0.42893 0.20187499999999997 0.42893 0.20187499999999997 0.33475
10 1 0.54652 0.99124 0.54652 0.99124 0.57066 1 0.57066 1 0.54652
10 0.34686 0.42215499999999995 0.24542000000000003 0.42215499999999995 0.24542000000000003 0.491425 0.34686 0.491425 0.34686 0.42215499999999995
10 0.22657 0.505285 0.21825 0.505285 0.21825 0.515215 0.22657 0.515215 0.22657 0.505285
10 0.111725 0.539045 0.074675 0.539045 0.074675 0.566415 0.111725 0.566415 0.111725 0.539045
10 0.347655 0.33412000000000003 0.331065 0.33412000000000003 0.331065 0.34996 0.347655 0.34996 0.347655 0.33412000000000003
10 0.25426000000000004 0.42656 0.23232 0.42656 0.23232 0.44210000000000005 0.25426000000000004 0.44210000000000005 0.25426000000000004 0.42656
10 0.456405 0.486935 0.43519500000000005 0.486935 0.43519500000000005 0.496945 0.456405 0.496945 0.456405 0.486935
10 0.5711700000000001 0.407015 0.44739000000000007 0.407015 0.44739000000000007 0.49826499999999996 0.5711700000000001 0.49826499999999996 0.5711700000000001 0.407015
10 0.16776 0.54909 0.15938000000000002 0.54909 0.15938000000000002 0.55735 0.16776 0.55735 0.16776 0.54909
10 0.21930999999999998 0.614765 0.17839 0.614765 0.17839 0.633275 0.21930999999999998 0.633275 0.21930999999999998 0.614765
10 0.24052500000000002 0.5997899999999999 0.209675 0.5997899999999999 0.209675 0.61993 0.24052500000000002 0.61993 0.24052500000000002 0.5997899999999999
10 0.495015 0.50295 0.473245 0.50295 0.473245 0.5136499999999999 0.495015 0.5136499999999999 0.495015 0.50295
10 0.08693 0.42929500000000004 0.07115 0.42929500000000004 0.07115 0.443745 0.08693 0.443745 0.08693 0.42929500000000004
10 0.036770000000000004 0.427665 0.01675 0.427665 0.01675 0.440995 0.036770000000000004 0.440995 0.036770000000000004 0.427665
10 0.6502950000000001 0.51189 0.629005 0.51189 0.629005 0.52327 0.6502950000000001 0.52327 0.6502950000000001 0.51189
9 0 0.638 0.254 0.633 0.315 0.642 0.377 0.658 0.819 0.602 0.8640000000000001 0.606 0.9560000000000001 0.627 0.999 0.631 0.999 0.532 0.908 0.491 0.776 0.45899999999999996 0.689 0.429 0.603 0.40800000000000003 0.571 0.40499999999999997 0.568 0.41 0.562 0.40599999999999997 0.5469999999999999 0.40700000000000003 0.533 0.40199999999999997 0.517 0.388 0.511 0.388 0.492 0.376 0.413 0.343 0.319 0.313 0.294 0.309 0.22400000000000003 0.281 0.16299999999999998 0.266 0.041999999999999996 0.24900000000000003 0 0.24900000000000003 0 0.638