10 0.60338 0.3104 0.5384 0.3104 0.5384 0.35896 0.60338 0.35896 0.60338 0.3104
10 0.512315 0.150055 0.466205 0.150055 0.466205 0.184665 0.512315 0.184665 0.512315 0.150055
10 0.67752 0.17358 0.60568 0.17358 0.60568 0.21606 0.67752 0.21606 0.67752 0.17358
10 0.19128499999999998 0.327245 0.147095 0.327245 0.147095 0.36563500000000004 0.19128499999999998 0.36563500000000004 0.19128499999999998 0.327245
10 0.15681 0.289755 0.12907 0.289755 0.12907 0.314745 0.15681 0.314745 0.15681 0.289755
10 0.06587 0.248765 0.03019 0.248765 0.03019 0.279555 0.06587 0.279555 0.06587 0.248765
10 0.50076 0.649095 0.46066 0.649095 0.46066 0.691725 0.50076 0.691725 0.50076 0.649095
10 0.278665 0.36347999999999997 0.25599500000000003 0.36347999999999997 0.25599500000000003 0.38944 0.278665 0.38944 0.278665 0.36347999999999997
10 0.880895 0.36615000000000003 0.831025 0.36615000000000003 0.831025 0.40533 0.880895 0.40533 0.880895 0.36615000000000003
10 0.736245 0.298725 0.706135 0.298725 0.706135 0.325795 0.736245 0.325795 0.736245 0.298725
10 0.369035 0.36285 0.34336500000000003 0.36285 0.34336500000000003 0.39007000000000003 0.369035 0.39007000000000003 0.369035 0.36285
10 0.9972099999999999 0.32517999999999997 0.96373 0.32517999999999997 0.96373 0.36086 0.9972099999999999 0.36086 0.9972099999999999 0.32517999999999997
10 0.08671 0.20990000000000003 0.048170000000000004 0.20990000000000003 0.048170000000000004 0.242 0.08671 0.242 0.08671 0.20990000000000003
10 0.39434 0.614885 0.36396 0.614885 0.36396 0.648795 0.39434 0.648795 0.39434 0.614885
10 0.87733 0.92363 0.83165 0.92363 0.83165 0.96797 0.87733 0.96797 0.87733 0.92363
10 0.35263 0.243535 0.31827 0.243535 0.31827 0.27502499999999996 0.35263 0.27502499999999996 0.35263 0.243535
10 0.18221 0.40332 0.16129 0.40332 0.16129 0.4248 0.18221 0.4248 0.18221 0.40332
10 0.88268 0.327305 0.8604799999999999 0.327305 0.8604799999999999 0.355795 0.88268 0.355795 0.88268 0.327305
10 0.43365 0.805175 0.39935 0.805175 0.39935 0.835445 0.43365 0.835445 0.43365 0.805175
10 0.320165 0.29784 0.26675499999999996 0.29784 0.26675499999999996 0.33986 0.320165 0.33986 0.320165 0.29784
10 0.91205 0.236605 0.83795 0.236605 0.83795 0.29757500000000003 0.91205 0.29757500000000003 0.91205 0.236605
10 0.44941000000000003 0.173985 0.42461000000000004 0.173985 0.42461000000000004 0.19759500000000002 0.44941000000000003 0.19759500000000002 0.44941000000000003 0.173985
10 0.680145 0.83104 0.632355 0.83104 0.632355 0.8798999999999999 0.680145 0.8798999999999999 0.680145 0.83104
10 0.628505 0.801935 0.5804750000000001 0.801935 0.5804750000000001 0.8435650000000001 0.628505 0.8435650000000001 0.628505 0.801935
10 0.39738 0.27919499999999997 0.36238000000000004 0.27919499999999997 0.36238000000000004 0.316025 0.39738 0.316025 0.39738 0.27919499999999997
10 0.63837 0.5771 0.59699 0.5771 0.59699 0.62504 0.63837 0.62504 0.63837 0.5771
10 0.6333 0.72141 0.56982 0.72141 0.56982 0.76981 0.6333 0.76981 0.6333 0.72141
10 0.09142 0.36659 0.06727999999999999 0.36659 0.06727999999999999 0.39073 0.09142 0.39073 0.09142 0.36659
10 0.78426 0.8726499999999999 0.74016 0.8726499999999999 0.74016 0.91055 0.78426 0.91055 0.78426 0.8726499999999999
10 0.7464649999999999 0.209545 0.710575 0.209545 0.710575 0.243575 0.7464649999999999 0.243575 0.7464649999999999 0.209545
10 0.28779499999999997 0.566435 0.226365 0.566435 0.226365 0.635705 0.28779499999999997 0.635705 0.28779499999999997 0.566435
10 0.350555 0.66389 0.31838500000000003 0.66389 0.31838500000000003 0.69451 0.350555 0.69451 0.350555 0.66389
10 0.7632749999999999 0.61832 0.696685 0.61832 0.696685 0.68442 0.7632749999999999 0.68442 0.7632749999999999 0.61832
10 1 0.758195 0.960695 0.758195 0.960695 0.8043049999999999 1 0.8043049999999999 1 0.758195
10 0.04715 0.64141 0.01993 0.64141 0.01993 0.66817 0.04715 0.66817 0.04715 0.64141
10 0.35441 0.18405 0.33113000000000004 0.18405 0.33113000000000004 0.20926999999999998 0.35441 0.20926999999999998 0.35441 0.18405
10 0.14599 0.497865 0.01611 0.497865 0.01611 0.6388550000000001 0.14599 0.6388550000000001 0.14599 0.497865
10 0.08592 0.78335 0.06312 0.78335 0.06312 0.80259 0.08592 0.80259 0.08592 0.78335
10 0.755525 0.5126299999999999 0.7229949999999999 0.5126299999999999 0.7229949999999999 0.54791 0.755525 0.54791 0.755525 0.5126299999999999
10 0.891375 0.58002 0.860585 0.58002 0.860585 0.59966 0.891375 0.59966 0.891375 0.58002
10 0.93901 0.60641 0.9125500000000001 0.60641 0.9125500000000001 0.65237 0.93901 0.65237 0.93901 0.60641
10 0.9875700000000001 0.608005 0.9694699999999999 0.608005 0.9694699999999999 0.623435 0.9875700000000001 0.623435 0.9875700000000001 0.608005
10 0.5740350000000001 0.540565 0.5509649999999999 0.540565 0.5509649999999999 0.560015 0.5740350000000001 0.560015 0.5740350000000001 0.540565
10 0.8122849999999999 0.5846899999999999 0.794155 0.5846899999999999 0.794155 0.60085 0.8122849999999999 0.60085 0.8122849999999999 0.5846899999999999
10 0.20926999999999998 0.49175 0.18599000000000002 0.49175 0.18599000000000002 0.51117 0.20926999999999998 0.51117 0.20926999999999998 0.49175
10 0.59429 0.51432 0.57857 0.51432 0.57857 0.52962 0.59429 0.52962 0.59429 0.51432
10 0.45793999999999996 0.5298 0.44148 0.5298 0.44148 0.5454 0.45793999999999996 0.5454 0.45793999999999996 0.5298
10 0.299065 0.07809 0.276135 0.07809 0.276135 0.09573000000000001 0.299065 0.09573000000000001 0.299065 0.07809
10 0.52163 0.542605 0.49497 0.542605 0.49497 0.605835 0.52163 0.605835 0.52163 0.542605
10 0.092755 0.11152 0.06972500000000001 0.11152 0.06972500000000001 0.12444 0.092755 0.12444 0.092755 0.11152
10 0.048885 0.46098999999999996 0.001555 0.46098999999999996 0.001555 0.48724999999999996 0.048885 0.48724999999999996 0.048885 0.46098999999999996
10 0.744935 0.43404999999999994 0.734565 0.43404999999999994 0.734565 0.44779 0.744935 0.44779 0.744935 0.43404999999999994
10 0.364905 0.7543599999999999 0.354815 0.7543599999999999 0.354815 0.7681 0.364905 0.7681 0.364905 0.7543599999999999
9 0 0.8109999999999999 0.008 0.818 0.025 0.828 0.033 0.828 0.04 0.834 0.095 0.8539999999999999 0.147 0.8800000000000001 0.196 0.8949999999999999 0.28500000000000003 0.915 0.314 0.9259999999999999 0.39 0.9380000000000001 0.47300000000000003 0.958 0.544 0.967 0.6 0.968 0.658 0.984 0.765 0.999 0.999 0.999 0.999 0.608 0.994 0.6 0.9960000000000001 0.579 0.999 0.577 0.999 0.533 0.991 0.529 0.994 0.523 0.999 0.522 0.999 0.155 0.944 0.145 0.8460000000000001 0.118 0.756 0.10300000000000001 0.561 0.092 0.461 0.08199999999999999 0.321 0.08299999999999999 0.277 0.089 0.271 0.086 0.236 0.087 0.098 0.11699999999999999 0.08299999999999999 0.11599999999999999 0.006 0.13899999999999998 0 0.143 0 0.8109999999999999