10 0.8528600000000001 0.420005 0.82286 0.420005 0.82286 0.45071500000000003 0.8528600000000001 0.45071500000000003 0.8528600000000001 0.420005
10 0.8665649999999999 0.43239 0.8287549999999999 0.43239 0.8287549999999999 0.44701 0.8665649999999999 0.44701 0.8665649999999999 0.43239
10 0.740175 0.607055 0.710025 0.607055 0.710025 0.6204850000000001 0.740175 0.6204850000000001 0.740175 0.607055
10 0.5098 0.50427 0.49606000000000006 0.50427 0.49606000000000006 0.51917 0.5098 0.51917 0.5098 0.50427
10 0.531135 0.549235 0.506945 0.549235 0.506945 0.558185 0.531135 0.558185 0.531135 0.549235
10 0.11815 0.6416649999999999 0.08753 0.6416649999999999 0.08753 0.652275 0.11815 0.652275 0.11815 0.6416649999999999
10 0.056369999999999996 0.403305 0.03365 0.403305 0.03365 0.426775 0.056369999999999996 0.426775 0.056369999999999996 0.403305
10 0.8054600000000001 0.39697499999999997 0.7795 0.39697499999999997 0.7795 0.410145 0.8054600000000001 0.410145 0.8054600000000001 0.39697499999999997
10 0.455295 0.30305 0.443145 0.30305 0.443145 0.31168999999999997 0.455295 0.31168999999999997 0.455295 0.30305
10 0.9019600000000001 0.39422 0.8900399999999999 0.39422 0.8900399999999999 0.40656 0.9019600000000001 0.40656 0.9019600000000001 0.39422
10 0.8496900000000001 0.47056 0.82413 0.47056 0.82413 0.49722 0.8496900000000001 0.49722 0.8496900000000001 0.47056
10 0.7609 0.3907 0.72446 0.3907 0.72446 0.42132 0.7609 0.42132 0.7609 0.3907
10 0.7607649999999999 0.38114499999999996 0.734355 0.38114499999999996 0.734355 0.402555 0.7607649999999999 0.402555 0.7607649999999999 0.38114499999999996
10 0.7282 0.526045 0.69758 0.526045 0.69758 0.5393749999999999 0.7282 0.5393749999999999 0.7282 0.526045
10 0.867085 0.529 0.8389749999999999 0.529 0.8389749999999999 0.54522 0.867085 0.54522 0.867085 0.529
10 0.9956799999999999 0.50346 0.97796 0.50346 0.97796 0.5151 0.9956799999999999 0.5151 0.9956799999999999 0.50346
10 0.55766 0.49860499999999996 0.5478 0.49860499999999996 0.5478 0.509215 0.55766 0.509215 0.55766 0.49860499999999996
10 0.800715 0.57571 0.790105 0.57571 0.790105 0.5834699999999999 0.800715 0.5834699999999999 0.800715 0.57571
10 0.07342499999999999 0.63157 0.030455 0.63157 0.030455 0.66139 0.07342499999999999 0.66139 0.07342499999999999 0.63157
10 0.958155 0.40563000000000005 0.949065 0.40563000000000005 0.949065 0.41468999999999995 0.958155 0.41468999999999995 0.958155 0.40563000000000005
10 0.09154 0.63532 0.0757 0.63532 0.0757 0.65178 0.09154 0.65178 0.09154 0.63532
10 0.90175 0.39863 0.8765700000000001 0.39863 0.8765700000000001 0.42314999999999997 0.90175 0.42314999999999997 0.90175 0.39863
10 0.42522000000000004 0.55838 0.40242000000000006 0.55838 0.40242000000000006 0.5715 0.42522000000000004 0.5715 0.42522000000000004 0.55838
10 0.890325 0.56944 0.8772550000000001 0.56944 0.8772550000000001 0.579 0.890325 0.579 0.890325 0.56944
10 0.49897 0.552595 0.48199 0.552595 0.48199 0.566545 0.49897 0.566545 0.49897 0.552595
10 0.03403 0.45641999999999994 0.00717 0.45641999999999994 0.00717 0.47766000000000003 0.03403 0.47766000000000003 0.03403 0.45641999999999994
10 0.07214000000000001 0.520815 0.06128 0.520815 0.06128 0.530945 0.07214000000000001 0.530945 0.07214000000000001 0.520815
10 0.07680000000000001 0.43804 0.0615 0.43804 0.0615 0.4521 0.07680000000000001 0.4521 0.07680000000000001 0.43804
10 0.62533 0.5788 0.61685 0.5788 0.61685 0.5872200000000001 0.62533 0.5872200000000001 0.62533 0.5788
10 0.659435 0.598355 0.6315850000000001 0.598355 0.6315850000000001 0.6125849999999999 0.659435 0.6125849999999999 0.659435 0.598355
10 0.42189 0.534075 0.40379 0.534075 0.40379 0.544045 0.42189 0.544045 0.42189 0.534075
10 0.52339 0.5878599999999999 0.50883 0.5878599999999999 0.50883 0.59768 0.52339 0.59768 0.52339 0.5878599999999999
10 0.13661 0.625725 0.11291 0.625725 0.11291 0.642835 0.13661 0.642835 0.13661 0.625725
10 0.092155 0.42225 0.081665 0.42225 0.081665 0.43517 0.092155 0.43517 0.092155 0.42225
10 0.79169 0.495355 0.76007 0.495355 0.76007 0.5173449999999999 0.79169 0.5173449999999999 0.79169 0.495355
10 0.724935 0.431095 0.7154849999999999 0.431095 0.7154849999999999 0.439025 0.724935 0.439025 0.724935 0.431095
10 0.5372950000000001 0.37443499999999996 0.529105 0.37443499999999996 0.529105 0.38288500000000003 0.5372950000000001 0.38288500000000003 0.5372950000000001 0.37443499999999996
10 0.781165 0.605815 0.758875 0.605815 0.758875 0.619765 0.781165 0.619765 0.781165 0.605815
10 0.53945 0.54157 0.52989 0.54157 0.52989 0.55121 0.53945 0.55121 0.53945 0.54157
10 0.621565 0.5074449999999999 0.607935 0.5074449999999999 0.607935 0.518915 0.621565 0.518915 0.621565 0.5074449999999999
10 0.7370300000000001 0.6354650000000001 0.71219 0.6354650000000001 0.71219 0.645795 0.7370300000000001 0.645795 0.7370300000000001 0.6354650000000001
10 0.501405 0.590765 0.488835 0.590765 0.488835 0.602595 0.501405 0.602595 0.501405 0.590765
10 0.9353300000000001 0.53072 0.91917 0.53072 0.91917 0.5396 0.9353300000000001 0.5396 0.9353300000000001 0.53072
10 0.50752 0.51661 0.48710000000000003 0.51661 0.48710000000000003 0.52635 0.50752 0.52635 0.50752 0.51661
10 0.44094 0.37452 0.43406 0.37452 0.43406 0.38134 0.44094 0.38134 0.44094 0.37452
10 0.12297499999999999 0.43456 0.115425 0.43456 0.115425 0.44288 0.12297499999999999 0.44288 0.12297499999999999 0.43456
10 0.65552 0.3686 0.62866 0.3686 0.62866 0.38824000000000003 0.65552 0.38824000000000003 0.65552 0.3686
10 1 0.5052 0.992235 0.5052 0.992235 0.51336 1 0.51336 1 0.5052
10 0.060399999999999995 0.536055 0.04622 0.536055 0.04622 0.545985 0.060399999999999995 0.545985 0.060399999999999995 0.536055
10 0.9421099999999999 0.5636 0.92899 0.5636 0.92899 0.57214 0.9421099999999999 0.57214 0.9421099999999999 0.5636
10 0.239515 0.55575 0.226545 0.55575 0.226545 0.56535 0.239515 0.56535 0.239515 0.55575
10 0.962495 0.5896950000000001 0.9418049999999999 0.5896950000000001 0.9418049999999999 0.598785 0.962495 0.598785 0.962495 0.5896950000000001
10 0.049635 0.43766499999999997 0.038565 0.43766499999999997 0.038565 0.44807499999999995 0.049635 0.44807499999999995 0.049635 0.43766499999999997
10 0.3883 0.635305 0.37634 0.635305 0.37634 0.644975 0.3883 0.644975 0.3883 0.635305
10 0.26798500000000003 0.499845 0.257895 0.499845 0.257895 0.5089349999999999 0.26798500000000003 0.5089349999999999 0.26798500000000003 0.499845
10 0.42044 0.42569999999999997 0.40182 0.42569999999999997 0.40182 0.441 0.42044 0.441 0.42044 0.42569999999999997
10 0.906655 0.53893 0.8941250000000001 0.53893 0.8941250000000001 0.54799 0.906655 0.54799 0.906655 0.53893
10 0.071075 0.531545 0.061365 0.531545 0.061365 0.5397350000000001 0.071075 0.5397350000000001 0.071075 0.531545
10 0.829305 0.48806000000000005 0.820115 0.48806000000000005 0.820115 0.49632 0.829305 0.49632 0.829305 0.48806000000000005
10 0.65312 0.52284 0.59102 0.52284 0.59102 0.53576 0.65312 0.53576 0.65312 0.52284
9 0 0.632 0.019 0.661 0.034999999999999996 0.674 0.052000000000000005 0.6809999999999999 0.066 0.675 0.118 0.678 0.125 0.6639999999999999 0.136 0.662 0.134 0.65 0.155 0.638 0.174 0.639 0.181 0.626 0.188 0.626 0.189 0.631 0.196 0.625 0.211 0.624 0.22000000000000003 0.629 0.22000000000000003 0.648 0.252 0.648 0.274 0.642 0.305 0.641 0.381 0.643 0.381 0.633 0.362 0.625 0.361 0.615 0.367 0.609 0.387 0.606 0.40499999999999997 0.613 0.40800000000000003 0.623 0.42000000000000004 0.617 0.42699999999999994 0.622 0.48600000000000004 0.634 0.521 0.649 0.542 0.649 0.549 0.661 0.548 0.6719999999999999 0.568 0.67 0.567 0.666 0.5730000000000001 0.6599999999999999 0.581 0.6639999999999999 0.593 0.6599999999999999 0.599 0.662 0.617 0.651 0.6799999999999999 0.634 0.727 0.629 0.7969999999999999 0.633 0.807 0.638 0.8160000000000001 0.634 0.8220000000000001 0.638 0.874 0.64 0.914 0.633 0.983 0.632 0.999 0.628 0.999 0.404 0.958 0.384 0.892 0.361 0.836 0.357 0.818 0.376 0.806 0.379 0.7849999999999999 0.392 0.77 0.394 0.759 0.387 0.759 0.372 0.745 0.353 0.725 0.34500000000000003 0.713 0.346 0.7030000000000001 0.33599999999999997 0.665 0.323 0.62 0.319 0.613 0.329 0.604 0.323 0.603 0.316 0.595 0.312 0.483 0.29900000000000004 0.36 0.29500000000000004 0.306 0.3 0.17099999999999999 0.33399999999999996 0.098 0.34199999999999997 0.033 0.362 0.003 0.376 0 0.378 0 0.632