10 0.750005 0.5201 0.719395 0.5201 0.719395 0.55632 0.750005 0.55632 0.750005 0.5201
10 0.803815 0.558905 0.780165 0.558905 0.780165 0.5739150000000001 0.803815 0.5739150000000001 0.803815 0.558905
10 0.47907500000000003 0.57369 0.464285 0.57369 0.464285 0.5845100000000001 0.47907500000000003 0.5845100000000001 0.47907500000000003 0.57369
10 0.63307 0.62103 0.61985 0.62103 0.61985 0.6318900000000001 0.63307 0.6318900000000001 0.63307 0.62103
10 0.827275 0.45541 0.8104250000000001 0.45541 0.8104250000000001 0.47233 0.827275 0.47233 0.827275 0.45541
10 0.239165 0.53069 0.221035 0.53069 0.221035 0.54841 0.239165 0.54841 0.239165 0.53069
10 0.732785 0.62969 0.712535 0.62969 0.712535 0.64571 0.732785 0.64571 0.732785 0.62969
10 0.21107499999999998 0.47576 0.182485 0.47576 0.182485 0.5008 0.21107499999999998 0.5008 0.21107499999999998 0.47576
10 0.69528 0.55514 0.6768 0.55514 0.6768 0.56596 0.69528 0.56596 0.69528 0.55514
10 0.480395 0.55318 0.46686500000000003 0.55318 0.46686500000000003 0.56206 0.480395 0.56206 0.480395 0.55318
10 0.242285 0.635265 0.23207499999999998 0.635265 0.23207499999999998 0.645995 0.242285 0.645995 0.242285 0.635265
10 0.62031 0.55178 0.60137 0.55178 0.60137 0.56052 0.62031 0.56052 0.62031 0.55178
10 0.774775 0.558315 0.7603850000000001 0.558315 0.7603850000000001 0.5696049999999999 0.774775 0.5696049999999999 0.774775 0.558315
10 0.353915 0.56318 0.343345 0.56318 0.343345 0.57256 0.353915 0.57256 0.353915 0.56318
10 0.89724 0.536635 0.8840199999999999 0.536635 0.8840199999999999 0.549305 0.89724 0.549305 0.89724 0.536635
10 0.113725 0.5372600000000001 0.10527500000000001 0.5372600000000001 0.10527500000000001 0.54574 0.113725 0.54574 0.113725 0.5372600000000001
10 0.94565 0.571045 0.93423 0.571045 0.93423 0.5803149999999999 0.94565 0.5803149999999999 0.94565 0.571045
10 0.92074 0.62722 0.89176 0.62722 0.89176 0.64524 0.92074 0.64524 0.92074 0.62722
10 0.091935 0.542655 0.080065 0.542655 0.080065 0.555985 0.091935 0.555985 0.091935 0.542655
10 0.78688 0.64259 0.77758 0.64259 0.77758 0.65233 0.78688 0.65233 0.78688 0.64259
10 0.07846 0.48409500000000005 0.06472 0.48409500000000005 0.06472 0.496865 0.07846 0.496865 0.07846 0.48409500000000005
10 0.5342100000000001 0.569625 0.52439 0.569625 0.52439 0.5797950000000001 0.5342100000000001 0.5797950000000001 0.5342100000000001 0.569625
10 0.84885 0.622605 0.8357300000000001 0.622605 0.8357300000000001 0.633255 0.84885 0.633255 0.84885 0.622605
10 0.36134499999999997 0.5374450000000001 0.310535 0.5374450000000001 0.310535 0.552395 0.36134499999999997 0.552395 0.36134499999999997 0.5374450000000001
10 0.259905 0.639485 0.242055 0.639485 0.242055 0.649575 0.259905 0.649575 0.259905 0.639485
10 0.21955 0.451225 0.20745 0.451225 0.20745 0.464295 0.21955 0.464295 0.21955 0.451225
10 0.23563499999999998 0.47121 0.224565 0.47121 0.224565 0.48240999999999995 0.23563499999999998 0.48240999999999995 0.23563499999999998 0.47121
10 0.280715 0.51381 0.229045 0.51381 0.229045 0.54869 0.280715 0.54869 0.280715 0.51381
10 0.8523350000000001 0.59143 0.842005 0.59143 0.842005 0.59997 0.8523350000000001 0.59997 0.8523350000000001 0.59143
10 0.539585 0.54155 0.526815 0.54155 0.526815 0.54927 0.539585 0.54927 0.539585 0.54155
10 0.8281700000000001 0.5686950000000001 0.81831 0.5686950000000001 0.81831 0.577785 0.8281700000000001 0.577785 0.8281700000000001 0.5686950000000001
10 0.9171099999999999 0.47535499999999997 0.90321 0.47535499999999997 0.90321 0.487045 0.9171099999999999 0.487045 0.9171099999999999 0.47535499999999997
10 0.9313 0.56913 0.9212400000000001 0.56913 0.9212400000000001 0.57735 0.9313 0.57735 0.9313 0.56913
10 0.699245 0.628435 0.6786749999999999 0.628435 0.6786749999999999 0.642065 0.699245 0.642065 0.699245 0.628435
10 0.130105 0.567815 0.11915500000000001 0.567815 0.11915500000000001 0.579645 0.130105 0.579645 0.130105 0.567815
10 0.15354 0.46712499999999996 0.14406000000000002 0.46712499999999996 0.14406000000000002 0.47867499999999996 0.15354 0.47867499999999996 0.15354 0.46712499999999996
10 0.7906299999999999 0.48038 0.77479 0.48038 0.77479 0.49276 0.7906299999999999 0.49276 0.7906299999999999 0.48038
10 0.06588000000000001 0.48610499999999995 0.05582 0.48610499999999995 0.05582 0.495335 0.06588000000000001 0.495335 0.06588000000000001 0.48610499999999995
10 0.58865 0.55259 0.57931 0.55259 0.57931 0.55971 0.58865 0.55971 0.58865 0.55259
10 0.8151849999999999 0.607805 0.7707550000000001 0.607805 0.7707550000000001 0.644155 0.8151849999999999 0.644155 0.8151849999999999 0.607805
10 0.791665 0.61471 0.7845150000000001 0.61471 0.7845150000000001 0.62161 0.791665 0.62161 0.791665 0.61471
10 0.16447499999999998 0.5320199999999999 0.153145 0.5320199999999999 0.153145 0.54318 0.16447499999999998 0.54318 0.16447499999999998 0.5320199999999999
10 0.998305 0.5724 0.967515 0.5724 0.967515 0.5946 0.998305 0.5946 0.998305 0.5724
10 0.67382 0.616595 0.66408 0.616595 0.66408 0.625585 0.67382 0.625585 0.67382 0.616595
10 0.57702 0.5294749999999999 0.56848 0.5294749999999999 0.56848 0.538885 0.57702 0.538885 0.57702 0.5294749999999999
10 0.44532 0.613545 0.437 0.613545 0.437 0.619855 0.44532 0.619855 0.44532 0.613545
10 0.550535 0.628095 0.540285 0.628095 0.540285 0.636545 0.550535 0.636545 0.550535 0.628095
10 0.561785 0.43949 0.554435 0.43949 0.554435 0.44675000000000004 0.561785 0.44675000000000004 0.561785 0.43949
10 0.678885 0.67445 0.659015 0.67445 0.659015 0.69079 0.678885 0.69079 0.678885 0.67445
10 0.37187000000000003 0.523285 0.36299000000000003 0.523285 0.36299000000000003 0.532375 0.37187000000000003 0.532375 0.37187000000000003 0.523285
10 0.550535 0.6097400000000001 0.5422450000000001 0.6097400000000001 0.5422450000000001 0.6178 0.550535 0.6178 0.550535 0.6097400000000001
10 0.50804 0.47672499999999995 0.49684 0.47672499999999995 0.49684 0.487135 0.50804 0.487135 0.50804 0.47672499999999995
10 0.47275999999999996 0.61669 0.46083999999999997 0.61669 0.46083999999999997 0.6264700000000001 0.47275999999999996 0.6264700000000001 0.47275999999999996 0.61669
10 0.33041 0.630045 0.32193 0.630045 0.32193 0.636555 0.33041 0.636555 0.33041 0.630045
10 0.620215 0.595465 0.610245 0.595465 0.610245 0.608635 0.620215 0.608635 0.620215 0.595465
10 0.31629999999999997 0.682255 0.30674 0.682255 0.30674 0.692745 0.31629999999999997 0.692745 0.31629999999999997 0.682255
10 0.94399 0.47091000000000005 0.91733 0.47091000000000005 0.91733 0.49490999999999996 0.94399 0.49490999999999996 0.94399 0.47091000000000005
10 0.85422 0.55491 0.8362 0.55491 0.8362 0.56813 0.85422 0.56813 0.85422 0.55491
10 0.63808 0.6324099999999999 0.58556 0.6324099999999999 0.58556 0.65959 0.63808 0.65959 0.63808 0.6324099999999999
10 0.71122 0.43118 0.68722 0.43118 0.68722 0.45602 0.71122 0.45602 0.71122 0.43118
10 0.20305 0.63421 0.18658999999999998 0.63421 0.18658999999999998 0.65193 0.20305 0.65193 0.20305 0.63421
10 0.12033 0.45999999999999996 0.10367 0.45999999999999996 0.10367 0.48041999999999996 0.12033 0.48041999999999996 0.12033 0.45999999999999996
10 0.60755 0.519765 0.59265 0.519765 0.59265 0.536875 0.60755 0.536875 0.60755 0.519765
10 0.150425 0.599555 0.126915 0.599555 0.126915 0.613345 0.150425 0.613345 0.150425 0.599555
10 0.885715 0.65313 0.836945 0.65313 0.836945 0.66523 0.885715 0.66523 0.885715 0.65313
10 0.75027 0.45852000000000004 0.72923 0.45852000000000004 0.72923 0.4819 0.75027 0.4819 0.75027 0.45852000000000004
10 0 0.585885 0.015025 0.585885 0.015025 0.5625549999999999 0 0.5625549999999999 0 0.585885
10 0.41922499999999996 0.60896 0.398655 0.60896 0.398655 0.62542 0.41922499999999996 0.62542 0.41922499999999996 0.60896
10 0.8061400000000001 0.50399 0.7827200000000001 0.50399 0.7827200000000001 0.5350699999999999 0.8061400000000001 0.5350699999999999 0.8061400000000001 0.50399
10 0.6209399999999999 0.406735 0.6066 0.406735 0.6066 0.427745 0.6209399999999999 0.427745 0.6209399999999999 0.406735
10 0.72689 0.576445 0.71159 0.576445 0.71159 0.598355 0.72689 0.598355 0.72689 0.576445
9 0 0.5860000000000001 0.016 0.602 0.052000000000000005 0.613 0.066 0.612 0.10200000000000001 0.6 0.127 0.602 0.151 0.612 0.194 0.65 0.229 0.667 0.24700000000000003 0.667 0.29700000000000004 0.643 0.40199999999999997 0.634 0.457 0.641 0.5650000000000001 0.6759999999999999 0.599 0.6759999999999999 0.657 0.663 0.7969999999999999 0.671 0.8720000000000001 0.663 0.999 0.629 0.999 0.51 0.9390000000000001 0.471 0.9039999999999999 0.45499999999999996 0.8630000000000001 0.43899999999999995 0.8210000000000001 0.43099999999999994 0.769 0.43099999999999994 0.76 0.441 0.732 0.45499999999999996 0.6809999999999999 0.42400000000000004 0.623 0.41 0.618 0.41 0.614 0.41600000000000004 0.603 0.40499999999999997 0.553 0.404 0.522 0.399 0.40599999999999997 0.398 0.362 0.40800000000000003 0.312 0.425 0.173 0.426 0.152 0.43499999999999994 0.11499999999999999 0.45999999999999996 0.10700000000000001 0.46799999999999997 0.10500000000000001 0.483 0.076 0.47800000000000004 0.028999999999999998 0.493 0.013000000000000001 0.503 0 0.516 0 0.5860000000000001