10 0.26626 0.43251999999999996 0.20674 0.43251999999999996 0.20674 0.48023999999999994 0.26626 0.48023999999999994 0.26626 0.43251999999999996
10 0.5794900000000001 0.46956499999999995 0.53307 0.46956499999999995 0.53307 0.5098550000000001 0.5794900000000001 0.5098550000000001 0.5794900000000001 0.46956499999999995
10 0.47453500000000004 0.43129999999999996 0.44050500000000004 0.43129999999999996 0.44050500000000004 0.45346000000000003 0.47453500000000004 0.45346000000000003 0.47453500000000004 0.43129999999999996
10 0.24440499999999998 0.43976 0.216295 0.43976 0.216295 0.46552 0.24440499999999998 0.46552 0.24440499999999998 0.43976
10 0.72112 0.43906999999999996 0.69684 0.43906999999999996 0.69684 0.46376999999999996 0.72112 0.46376999999999996 0.72112 0.43906999999999996
10 0.22718 0.502965 0.20543999999999998 0.502965 0.20543999999999998 0.528295 0.22718 0.528295 0.22718 0.502965
10 0.04701 0.6105 0.022869999999999998 0.6105 0.022869999999999998 0.63072 0.04701 0.63072 0.04701 0.6105
10 0.155665 0.575025 0.129255 0.575025 0.129255 0.594895 0.155665 0.594895 0.155665 0.575025
10 0.341905 0.479455 0.318255 0.479455 0.318255 0.499065 0.341905 0.499065 0.341905 0.479455
10 0.06097 0.50218 0.03059 0.50218 0.03059 0.52516 0.06097 0.52516 0.06097 0.50218
10 0.22332000000000002 0.6894899999999999 0.19636 0.6894899999999999 0.19636 0.70797 0.22332000000000002 0.70797 0.22332000000000002 0.6894899999999999
10 0.71694 0.41332500000000005 0.69028 0.41332500000000005 0.69028 0.435315 0.71694 0.435315 0.71694 0.41332500000000005
10 0.491885 0.550995 0.47197500000000003 0.550995 0.47197500000000003 0.569125 0.491885 0.569125 0.491885 0.550995
10 0.6694549999999999 0.34998 0.650865 0.34998 0.650865 0.36974 0.6694549999999999 0.36974 0.6694549999999999 0.34998
10 0.3835 0.7265550000000001 0.36796 0.7265550000000001 0.36796 0.740245 0.3835 0.740245 0.3835 0.7265550000000001
10 0.36153 0.430755 0.34159 0.430755 0.34159 0.449125 0.36153 0.449125 0.36153 0.430755
10 0.326065 0.46583500000000005 0.305775 0.46583500000000005 0.305775 0.48484499999999997 0.326065 0.48484499999999997 0.326065 0.46583500000000005
10 0.25794 0.58038 0.23742000000000002 0.58038 0.23742000000000002 0.59736 0.25794 0.59736 0.25794 0.58038
10 0.37301 0.5763849999999999 0.35209 0.5763849999999999 0.35209 0.591575 0.37301 0.591575 0.37301 0.5763849999999999
10 0.586515 0.435485 0.5589850000000001 0.435485 0.5589850000000001 0.467835 0.586515 0.467835 0.586515 0.435485
10 0.16008 0.32506 0.13362000000000002 0.32506 0.13362000000000002 0.34876 0.16008 0.34876 0.16008 0.32506
10 0.503185 0.39773000000000003 0.48217499999999996 0.39773000000000003 0.48217499999999996 0.41574999999999995 0.503185 0.41574999999999995 0.503185 0.39773000000000003
10 0.11082 0.72906 0.09022 0.72906 0.09022 0.74848 0.11082 0.74848 0.11082 0.72906
10 0.10991999999999999 0.408805 0.09112 0.408805 0.09112 0.42859499999999995 0.10991999999999999 0.42859499999999995 0.10991999999999999 0.408805
10 0.27754500000000004 0.509675 0.258095 0.509675 0.258095 0.530365 0.27754500000000004 0.530365 0.27754500000000004 0.509675
10 0.4093 0.551615 0.391 0.551615 0.391 0.565565 0.4093 0.565565 0.4093 0.551615
10 0.42527499999999996 0.37707999999999997 0.41164500000000004 0.37707999999999997 0.41164500000000004 0.39 0.42527499999999996 0.39 0.42527499999999996 0.37707999999999997
10 0.09641 0.48518 0.07657 0.48518 0.07657 0.50798 0.09641 0.50798 0.09641 0.48518
10 0.196125 0.30947 0.175955 0.30947 0.175955 0.32871 0.196125 0.32871 0.196125 0.30947
10 0.22481 0.668095 0.21025 0.668095 0.21025 0.682485 0.22481 0.682485 0.22481 0.668095
10 0.080615 0.68349 0.053544999999999995 0.68349 0.053544999999999995 0.70127 0.080615 0.70127 0.080615 0.68349
10 0.06726499999999999 0.39564 0.035095 0.39564 0.035095 0.42126 0.06726499999999999 0.42126 0.06726499999999999 0.39564
10 0.777145 0.428095 0.756055 0.428095 0.756055 0.444945 0.777145 0.444945 0.777145 0.428095
10 0.189585 0.609855 0.174915 0.609855 0.174915 0.623545 0.189585 0.623545 0.189585 0.609855
10 0.38249 0.36419999999999997 0.36652999999999997 0.36419999999999997 0.36652999999999997 0.38042 0.38249 0.38042 0.38249 0.36419999999999997
10 0 0.657365 0.021085 0.657365 0.021085 0.638535 0 0.638535 0 0.657365
10 0.30940500000000004 0.57221 0.284835 0.57221 0.284835 0.59185 0.30940500000000004 0.59185 0.30940500000000004 0.57221
10 0.79028 0.5958249999999999 0.7028800000000001 0.5958249999999999 0.7028800000000001 0.6590550000000001 0.79028 0.6590550000000001 0.79028 0.5958249999999999
10 0.19476500000000002 0.41098999999999997 0.179755 0.41098999999999997 0.179755 0.42739000000000005 0.19476500000000002 0.42739000000000005 0.19476500000000002 0.41098999999999997
10 0.26216 0.7061 0.24613999999999997 0.7061 0.24613999999999997 0.7216400000000001 0.26216 0.7216400000000001 0.26216 0.7061
10 0.532 0.413535 0.51976 0.413535 0.51976 0.426305 0.532 0.426305 0.532 0.413535
10 0.49905 0.692835 0.48289 0.692835 0.48289 0.707565 0.49905 0.707565 0.49905 0.692835
10 0.491305 0.299885 0.46377499999999994 0.299885 0.46377499999999994 0.324635 0.491305 0.324635 0.491305 0.299885
10 0.8116300000000001 0.48022 0.79579 0.48022 0.79579 0.49779999999999996 0.8116300000000001 0.49779999999999996 0.8116300000000001 0.48022
10 0.341055 0.28386999999999996 0.316165 0.28386999999999996 0.316165 0.29621 0.341055 0.29621 0.341055 0.28386999999999996
10 0.87356 0.42587 0.8403 0.42587 0.8403 0.46719 0.87356 0.46719 0.87356 0.42587
9 0 0.794 0.06 0.799 0.099 0.798 0.158 0.786 0.172 0.779 0.26 0.755 0.28900000000000003 0.756 0.33199999999999996 0.77 0.358 0.773 0.41200000000000003 0.775 0.44299999999999995 0.772 0.504 0.751 0.588 0.713 0.65 0.6980000000000001 0.724 0.693 0.787 0.662 0.799 0.6519999999999999 0.817 0.646 0.845 0.627 0.8779999999999999 0.596 0.8960000000000001 0.587 0.922 0.5650000000000001 0.97 0.511 0.9650000000000001 0.49800000000000005 0.945 0.476 0.868 0.404 0.721 0.343 0.647 0.32799999999999996 0.563 0.32 0.534 0.309 0.47000000000000003 0.29700000000000004 0.333 0.286 0.254 0.274 0.126 0.274 0.003 0.28700000000000003 0 0.288 0 0.794