10 0.41657500000000003 0.27153 0.347605 0.27153 0.347605 0.31265 0.41657500000000003 0.31265 0.41657500000000003 0.27153
10 0.57265 0.45674000000000003 0.5063500000000001 0.45674000000000003 0.5063500000000001 0.49924 0.57265 0.49924 0.57265 0.45674000000000003
10 0.482295 0.42007000000000005 0.390745 0.42007000000000005 0.390745 0.48471000000000003 0.482295 0.48471000000000003 0.482295 0.42007000000000005
10 0.31177 0.32284999999999997 0.22437 0.32284999999999997 0.22437 0.39150999999999997 0.31177 0.39150999999999997 0.31177 0.32284999999999997
10 0.999995 0.33569 0.881465 0.33569 0.881465 0.46753 0.999995 0.46753 0.999995 0.33569
10 0.356295 0.40679 0.322905 0.40679 0.322905 0.43793 0.356295 0.43793 0.356295 0.40679
10 0.90338 0.33514 0.7206400000000001 0.33514 0.7206400000000001 0.48613999999999996 0.90338 0.48613999999999996 0.90338 0.33514
10 0.5751299999999999 0.32687499999999997 0.41119000000000006 0.32687499999999997 0.41119000000000006 0.42898500000000006 0.5751299999999999 0.42898500000000006 0.5751299999999999 0.32687499999999997
10 0.276725 0.45635000000000003 0.257455 0.45635000000000003 0.257455 0.47237 0.276725 0.47237 0.276725 0.45635000000000003
10 0.885815 0.37090999999999996 0.865165 0.37090999999999996 0.865165 0.39033 0.885815 0.39033 0.885815 0.37090999999999996
10 0.254415 0.427185 0.23068499999999997 0.427185 0.23068499999999997 0.445375 0.254415 0.445375 0.254415 0.427185
10 0.94488 0.5525 0.92524 0.5525 0.92524 0.5686 0.94488 0.5686 0.94488 0.5525
10 0.74017 0.34453999999999996 0.57721 0.34453999999999996 0.57721 0.47528 0.74017 0.47528 0.74017 0.34453999999999996
10 0.674315 0.357795 0.657725 0.357795 0.657725 0.372185 0.674315 0.372185 0.674315 0.357795
10 0.864905 0.301295 0.8421350000000001 0.301295 0.8421350000000001 0.326625 0.864905 0.326625 0.864905 0.301295
10 0.8293699999999999 0.57966 0.81321 0.57966 0.81321 0.59416 0.8293699999999999 0.59416 0.8293699999999999 0.57966
10 0.9998150000000001 0.560605 0.8126849999999999 0.560605 0.8126849999999999 0.7050150000000001 0.9998150000000001 0.7050150000000001 0.9998150000000001 0.560605
10 0.428095 0.419655 0.407845 0.419655 0.407845 0.434845 0.428095 0.434845 0.428095 0.419655
10 0.8466850000000001 0.625505 0.832995 0.625505 0.832995 0.639135 0.8466850000000001 0.639135 0.8466850000000001 0.625505
10 0.999995 0.523555 0.950225 0.523555 0.950225 0.587765 0.999995 0.587765 0.999995 0.523555
10 0.794435 0.332105 0.782705 0.332105 0.782705 0.344155 0.794435 0.344155 0.794435 0.332105
10 0.8813599999999999 0.52866 0.8452 0.52866 0.8452 0.56314 0.8813599999999999 0.56314 0.8813599999999999 0.52866
10 0.777765 0.56062 0.762275 0.56062 0.762275 0.57512 0.777765 0.57512 0.777765 0.56062
10 0.6805950000000001 0.555795 0.667065 0.555795 0.667065 0.568225 0.6805950000000001 0.568225 0.6805950000000001 0.555795
10 0.083835 0.34081 0.030125000000000002 0.34081 0.030125000000000002 0.37696999999999997 0.083835 0.37696999999999997 0.083835 0.34081
10 0.9887349999999999 0.5645450000000001 0.8735649999999999 0.5645450000000001 0.8735649999999999 0.600495 0.9887349999999999 0.600495 0.9887349999999999 0.5645450000000001
10 0.777045 0.6922200000000001 0.757135 0.6922200000000001 0.757135 0.70914 0.777045 0.70914 0.777045 0.6922200000000001
10 0.71319 0.619525 0.70381 0.619525 0.70381 0.6285149999999999 0.71319 0.6285149999999999 0.71319 0.619525
9 0.236 0.492 0.333 0.532 0.43099999999999994 0.553 0.48 0.5549999999999999 0.562 0.583 0.575 0.596 0.634 0.623 0.6769999999999999 0.658 0.762 0.6990000000000001 0.763 0.705 0.774 0.7030000000000001 0.806 0.71 0.999 0.718 0.999 0.251 0.908 0.269 0.8619999999999999 0.282 0.8109999999999999 0.303 0.752 0.31 0.6839999999999999 0.306 0.599 0.27999999999999997 0.521 0.272 0.47800000000000004 0.262 0.41900000000000004 0.257 0.31 0.261 0.284 0.264 0.19 0.28700000000000003 0.11399999999999999 0.29500000000000004 0.004 0.33399999999999996 0.006 0.341 0.036 0.352 0.11499999999999999 0.43099999999999994 0.236 0.492