10 0.30583499999999997 0.27040000000000003 0.274405 0.27040000000000003 0.274405 0.31094 0.30583499999999997 0.31094 0.30583499999999997 0.27040000000000003
10 0.421385 0.6104499999999999 0.396495 0.6104499999999999 0.396495 0.62783 0.421385 0.62783 0.421385 0.6104499999999999
10 0.349925 0.575405 0.329275 0.575405 0.329275 0.589635 0.349925 0.589635 0.349925 0.575405
10 0.621345 0.412605 0.604235 0.412605 0.604235 0.42773500000000003 0.621345 0.42773500000000003 0.621345 0.412605
10 0.17060999999999998 0.506695 0.15337 0.506695 0.15337 0.520645 0.17060999999999998 0.520645 0.17060999999999998 0.506695
10 0.35867499999999997 0.52138 0.340545 0.52138 0.340545 0.53722 0.35867499999999997 0.53722 0.35867499999999997 0.52138
10 0.065125 0.585145 0.036315 0.585145 0.036315 0.6082150000000001 0.065125 0.6082150000000001 0.065125 0.585145
10 0.57415 0.32708 0.55769 0.32708 0.55769 0.33942 0.57415 0.33942 0.57415 0.32708
10 0.33779 0.224445 0.31699 0.224445 0.31699 0.244315 0.33779 0.244315 0.33779 0.224445
10 0.40446 0.25336 0.38558 0.25336 0.38558 0.273 0.40446 0.273 0.40446 0.25336
10 0.71783 0.4021 0.6893900000000001 0.4021 0.6893900000000001 0.41967999999999994 0.71783 0.41967999999999994 0.71783 0.4021
10 0.49627999999999994 0.349765 0.4793 0.349765 0.4793 0.363135 0.49627999999999994 0.363135 0.49627999999999994 0.349765
10 0.393235 0.283845 0.37922500000000003 0.283845 0.37922500000000003 0.297215 0.393235 0.297215 0.393235 0.283845
10 0.12222999999999999 0.47209 0.10530999999999999 0.47209 0.10530999999999999 0.48787 0.12222999999999999 0.48787 0.12222999999999999 0.47209
10 0.51481 0.40445000000000003 0.50179 0.40445000000000003 0.50179 0.41929 0.51481 0.41929 0.51481 0.40445000000000003
10 0.25553 0.41342999999999996 0.23641 0.41342999999999996 0.23641 0.43080999999999997 0.25553 0.43080999999999997 0.25553 0.41342999999999996
10 0.27874 0.6080949999999999 0.2613 0.6080949999999999 0.2613 0.623345 0.27874 0.623345 0.27874 0.6080949999999999
10 0.141745 0.19192499999999998 0.127295 0.19192499999999998 0.127295 0.20577499999999999 0.141745 0.20577499999999999 0.141745 0.19192499999999998
10 0.610135 0.647955 0.588105 0.647955 0.588105 0.664545 0.610135 0.664545 0.610135 0.647955
10 0.593295 0.306575 0.580525 0.306575 0.580525 0.319405 0.593295 0.319405 0.593295 0.306575
10 0.237265 0.66683 0.219035 0.66683 0.219035 0.6837500000000001 0.237265 0.6837500000000001 0.237265 0.66683
10 0.72025 0.387445 0.70261 0.387445 0.70261 0.398695 0.72025 0.398695 0.72025 0.387445
10 0.15703 0.238115 0.14131 0.238115 0.14131 0.25212500000000004 0.15703 0.25212500000000004 0.15703 0.238115
10 0.40530499999999997 0.22927499999999998 0.390115 0.22927499999999998 0.390115 0.242645 0.40530499999999997 0.242645 0.40530499999999997 0.22927499999999998
10 0.3238 0.52259 0.30608 0.52259 0.30608 0.53893 0.3238 0.53893 0.3238 0.52259
10 0.07303 0.5164799999999999 0.05599 0.5164799999999999 0.05599 0.53138 0.07303 0.53138 0.07303 0.5164799999999999
10 0.53935 0.57578 0.51925 0.57578 0.51925 0.59316 0.53935 0.59316 0.53935 0.57578
10 0.38909 0.66004 0.37165 0.66004 0.37165 0.67296 0.38909 0.67296 0.38909 0.66004
10 0.16775 0.46841499999999997 0.15159 0.46841499999999997 0.15159 0.481785 0.16775 0.481785 0.16775 0.46841499999999997
10 0.672895 0.39177 0.654245 0.39177 0.654245 0.40901 0.672895 0.40901 0.672895 0.39177
10 0.01842 0.38822 0.0024000000000000002 0.38822 0.0024000000000000002 0.4072 0.01842 0.4072 0.01842 0.38822
10 0.030545 0.5137050000000001 0.013955 0.5137050000000001 0.013955 0.526335 0.030545 0.526335 0.030545 0.5137050000000001
10 0.223725 0.355695 0.203275 0.355695 0.203275 0.371365 0.223725 0.371365 0.223725 0.355695
10 0.815955 0.53902 0.801225 0.53902 0.801225 0.55474 0.815955 0.55474 0.815955 0.53902
10 0.680445 0.462045 0.6603749999999999 0.462045 0.6603749999999999 0.474475 0.680445 0.474475 0.680445 0.462045
10 0.849435 0.46389500000000006 0.8273250000000001 0.46389500000000006 0.8273250000000001 0.47604499999999994 0.849435 0.47604499999999994 0.849435 0.46389500000000006
10 0.545285 0.29398 0.5338149999999999 0.29398 0.5338149999999999 0.30562 0.545285 0.30562 0.545285 0.29398
10 0.398675 0.401335 0.387945 0.401335 0.387945 0.41262499999999996 0.398675 0.41262499999999996 0.398675 0.401335
10 0.121065 0.31949 0.106115 0.31949 0.106115 0.33626999999999996 0.121065 0.33626999999999996 0.121065 0.31949
10 0.293465 0.400365 0.278795 0.400365 0.278795 0.41603500000000004 0.293465 0.41603500000000004 0.293465 0.400365
10 0.091445 0.22581500000000002 0.078115 0.22581500000000002 0.078115 0.238545 0.091445 0.238545 0.091445 0.22581500000000002
10 0.6254850000000001 0.358425 0.608895 0.358425 0.608895 0.372535 0.6254850000000001 0.372535 0.6254850000000001 0.358425
10 0.365865 0.236725 0.351915 0.236725 0.351915 0.248875 0.365865 0.248875 0.365865 0.236725
10 0.01351 0.5937 0.000029999999999999997 0.5937 0.000029999999999999997 0.60942 0.01351 0.60942 0.01351 0.5937
10 0.67108 0.6408400000000001 0.6336 0.6408400000000001 0.6336 0.66776 0.67108 0.66776 0.67108 0.6408400000000001
10 0.30604 0.69248 0.2843 0.69248 0.2843 0.70986 0.30604 0.70986 0.30604 0.69248
10 0.40493499999999993 0.591925 0.385585 0.591925 0.385585 0.606315 0.40493499999999993 0.606315 0.40493499999999993 0.591925
10 0.62568 0.338185 0.61358 0.338185 0.61358 0.348835 0.62568 0.348835 0.62568 0.338185
10 0.040215 0.17546 0.019205 0.17546 0.019205 0.19466 0.040215 0.19466 0.040215 0.17546
10 0.226355 0.511405 0.211625 0.511405 0.211625 0.524735 0.226355 0.524735 0.226355 0.511405
10 0.273675 0.49211 0.260505 0.49211 0.260505 0.50349 0.273675 0.50349 0.273675 0.49211
10 0.52969 0.659285 0.51231 0.659285 0.51231 0.669815 0.52969 0.669815 0.52969 0.659285
10 0.43899499999999997 0.20833 0.40866499999999994 0.20833 0.40866499999999994 0.22893 0.43899499999999997 0.22893 0.43899499999999997 0.20833
10 0.494275 0.694565 0.480325 0.694565 0.480325 0.704855 0.494275 0.704855 0.494275 0.694565
10 0.9088800000000001 0.444855 0.87238 0.444855 0.87238 0.475065 0.9088800000000001 0.475065 0.9088800000000001 0.444855
10 0.739365 0.6379699999999999 0.728415 0.6379699999999999 0.728415 0.64913 0.739365 0.64913 0.739365 0.6379699999999999
9 0 0.661 0.05 0.678 0.122 0.688 0.198 0.71 0.24700000000000003 0.713 0.40499999999999997 0.7070000000000001 0.508 0.7110000000000001 0.623 0.6940000000000001 0.669 0.683 0.729 0.658 0.763 0.638 0.807 0.6 0.8710000000000001 0.532 0.9109999999999999 0.496 0.9339999999999999 0.48600000000000004 0.977 0.48200000000000004 0.999 0.475 0.999 0.466 0.9960000000000001 0.465 0.915 0.46900000000000003 0.8880000000000001 0.438 0.799 0.40199999999999997 0.717 0.343 0.67 0.314 0.5519999999999999 0.24900000000000003 0.472 0.219 0.333 0.199 0.27599999999999997 0.179 0.231 0.16999999999999998 0.1 0.16599999999999998 0.006 0.172 0 0.175 0 0.661