10 0.6365350000000001 0.43104 0.6103449999999999 0.43104 0.6103449999999999 0.47528 0.6365350000000001 0.47528 0.6365350000000001 0.43104
10 0.5671649999999999 0.41908500000000004 0.5451349999999999 0.41908500000000004 0.5451349999999999 0.441755 0.5671649999999999 0.441755 0.5671649999999999 0.41908500000000004
10 0.9255950000000001 0.433945 0.902525 0.433945 0.902525 0.454235 0.9255950000000001 0.454235 0.9255950000000001 0.433945
10 0.14192 0.523495 0.10454000000000001 0.523495 0.10454000000000001 0.551705 0.14192 0.551705 0.14192 0.523495
10 0.5415300000000001 0.370635 0.51315 0.370635 0.51315 0.393525 0.5415300000000001 0.393525 0.5415300000000001 0.370635
10 0.92149 0.45316999999999996 0.8841699999999999 0.45316999999999996 0.8841699999999999 0.48091 0.92149 0.48091 0.92149 0.45316999999999996
10 0.89436 0.486845 0.8693199999999999 0.486845 0.8693199999999999 0.5087550000000001 0.89436 0.5087550000000001 0.89436 0.486845
10 0.665785 0.56969 0.639875 0.56969 0.639875 0.58559 0.665785 0.58559 0.665785 0.56969
10 0.867055 0.397505 0.8399850000000001 0.397505 0.8399850000000001 0.41987500000000005 0.867055 0.41987500000000005 0.867055 0.397505
10 0.488875 0.5216350000000001 0.461805 0.5216350000000001 0.461805 0.546725 0.488875 0.546725 0.488875 0.5216350000000001
10 0.470455 0.33772 0.44654499999999997 0.33772 0.44654499999999997 0.36004 0.470455 0.36004 0.470455 0.33772
10 0.664825 0.450845 0.644755 0.450845 0.644755 0.474935 0.664825 0.474935 0.664825 0.450845
10 0.73053 0.452475 0.7079500000000001 0.452475 0.7079500000000001 0.470385 0.73053 0.470385 0.73053 0.452475
10 0.84888 0.36571 0.82202 0.36571 0.82202 0.38381 0.84888 0.38381 0.84888 0.36571
10 0.911515 0.62398 0.885365 0.62398 0.885365 0.6455599999999999 0.911515 0.6455599999999999 0.911515 0.62398
10 0.8336499999999999 0.47769000000000006 0.8138099999999999 0.47769000000000006 0.8138099999999999 0.49595 0.8336499999999999 0.49595 0.8336499999999999 0.47769000000000006
10 0.740615 0.5800500000000001 0.716425 0.5800500000000001 0.716425 0.5976899999999999 0.740615 0.5976899999999999 0.740615 0.5800500000000001
10 0.29372 0.57107 0.27268 0.57107 0.27268 0.58909 0.29372 0.58909 0.29372 0.57107
10 0.878385 0.6514300000000001 0.8520749999999999 0.6514300000000001 0.8520749999999999 0.67571 0.878385 0.67571 0.878385 0.6514300000000001
10 0.5611550000000001 0.5179400000000001 0.5345449999999999 0.5179400000000001 0.5345449999999999 0.5426 0.5611550000000001 0.5426 0.5611550000000001 0.5179400000000001
10 0.368135 0.50059 0.30374500000000004 0.50059 0.30374500000000004 0.54237 0.368135 0.54237 0.368135 0.50059
10 0.63106 0.51551 0.61504 0.51551 0.61504 0.52941 0.63106 0.52941 0.63106 0.51551
10 0.999995 0.42958999999999997 0.991445 0.42958999999999997 0.991445 0.44981 0.999995 0.44981 0.999995 0.42958999999999997
10 0.637455 0.6199 0.615465 0.6199 0.615465 0.63694 0.637455 0.63694 0.637455 0.6199
10 0.626265 0.37879 0.589555 0.37879 0.589555 0.40782999999999997 0.626265 0.40782999999999997 0.626265 0.37879
10 0.9129200000000001 0.589935 0.8898199999999999 0.589935 0.8898199999999999 0.608305 0.9129200000000001 0.608305 0.9129200000000001 0.589935
10 0.213395 0.51559 0.185285 0.51559 0.185285 0.5342100000000001 0.213395 0.5342100000000001 0.213395 0.51559
10 0.19886500000000001 0.556015 0.172715 0.556015 0.172715 0.574845 0.19886500000000001 0.574845 0.19886500000000001 0.556015
10 0.417215 0.534905 0.39820500000000003 0.534905 0.39820500000000003 0.546155 0.417215 0.546155 0.417215 0.534905
10 0.29367 0.43940999999999997 0.26053000000000004 0.43940999999999997 0.26053000000000004 0.46685 0.29367 0.46685 0.29367 0.43940999999999997
10 0.8519500000000001 0.55535 0.83847 0.55535 0.83847 0.56673 0.8519500000000001 0.56673 0.8519500000000001 0.55535
10 0.715475 0.63078 0.693705 0.63078 0.693705 0.64656 0.715475 0.64656 0.715475 0.63078
10 0.123115 0.51093 0.10442499999999999 0.51093 0.10442499999999999 0.52715 0.123115 0.52715 0.123115 0.51093
10 0.541655 0.59035 0.526705 0.59035 0.526705 0.6010500000000001 0.541655 0.6010500000000001 0.541655 0.59035
10 0.5747899999999999 0.57389 0.55607 0.57389 0.55607 0.5862700000000001 0.5747899999999999 0.5862700000000001 0.5747899999999999 0.57389
10 0.46545500000000006 0.37168 0.448605 0.37168 0.448605 0.38808 0.46545500000000006 0.38808 0.46545500000000006 0.37168
10 0.540635 0.46170999999999995 0.521865 0.46170999999999995 0.521865 0.47725 0.540635 0.47725 0.540635 0.46170999999999995
10 0.40744499999999995 0.32223999999999997 0.384555 0.32223999999999997 0.384555 0.3389 0.40744499999999995 0.3389 0.40744499999999995 0.32223999999999997
10 0.666085 0.5132399999999999 0.6532549999999999 0.5132399999999999 0.6532549999999999 0.52484 0.666085 0.52484 0.666085 0.5132399999999999
10 0.035995 0.418365 0.020985 0.418365 0.020985 0.43123500000000003 0.035995 0.43123500000000003 0.035995 0.418365
10 0.6852699999999999 0.633565 0.6701900000000001 0.633565 0.6701900000000001 0.643775 0.6852699999999999 0.643775 0.6852699999999999 0.633565
10 0.8016500000000001 0.55079 0.78917 0.55079 0.78917 0.55957 0.8016500000000001 0.55957 0.8016500000000001 0.55079
10 0.775745 0.469035 0.761355 0.469035 0.761355 0.479205 0.775745 0.479205 0.775745 0.469035
10 0.42478999999999995 0.5597749999999999 0.40041000000000004 0.5597749999999999 0.40041000000000004 0.574005 0.42478999999999995 0.574005 0.42478999999999995 0.5597749999999999
10 0.372205 0.29923 0.344095 0.29923 0.344095 0.32528999999999997 0.372205 0.32528999999999997 0.372205 0.29923
10 0.467345 0.44001999999999997 0.456975 0.44001999999999997 0.456975 0.44866 0.467345 0.44866 0.467345 0.44001999999999997
10 0.965145 0.57131 0.946955 0.57131 0.946955 0.5800500000000001 0.965145 0.5800500000000001 0.965145 0.57131
10 0.48735 0.60945 0.46139 0.60945 0.46139 0.65129 0.48735 0.65129 0.48735 0.60945
10 0.5176999999999999 0.33652000000000004 0.4989 0.33652000000000004 0.4989 0.34658 0.5176999999999999 0.34658 0.5176999999999999 0.33652000000000004
10 0.333175 0.36280999999999997 0.292805 0.36280999999999997 0.292805 0.38475000000000004 0.333175 0.38475000000000004 0.333175 0.36280999999999997
10 0.241605 0.48499 0.21127500000000002 0.48499 0.21127500000000002 0.49889 0.241605 0.49889 0.241605 0.48499
10 0.57077 0.6513 0.54739 0.6513 0.54739 0.6612 0.57077 0.6612 0.57077 0.6513
10 0.48682499999999995 0.56166 0.462395 0.56166 0.462395 0.57896 0.48682499999999995 0.57896 0.48682499999999995 0.56166
10 0.9788399999999999 0.430345 0.9625600000000001 0.430345 0.9625600000000001 0.442215 0.9788399999999999 0.442215 0.9788399999999999 0.430345
10 0.365445 0.387555 0.308375 0.387555 0.308375 0.41370500000000004 0.365445 0.41370500000000004 0.365445 0.387555
10 0.6597000000000001 0.39767 0.64988 0.39767 0.64988 0.40507 0.6597000000000001 0.40507 0.6597000000000001 0.39767
10 0.6543300000000001 0.30667 0.63571 0.30667 0.63571 0.32175 0.6543300000000001 0.32175 0.6543300000000001 0.30667
10 0.04331 0.362915 0.01175 0.362915 0.01175 0.394405 0.04331 0.394405 0.04331 0.362915
10 0.63314 0.6151099999999999 0.62076 0.6151099999999999 0.62076 0.62317 0.63314 0.62317 0.63314 0.6151099999999999
10 0.283075 0.30508 0.25988500000000003 0.30508 0.25988500000000003 0.317 0.283075 0.317 0.283075 0.30508
10 0.74412 0.426 0.7217 0.426 0.7217 0.44216 0.74412 0.44216 0.74412 0.426
10 0.244735 0.350365 0.19886500000000001 0.350365 0.19886500000000001 0.364475 0.244735 0.364475 0.244735 0.350365
10 0.31597 0.33091499999999996 0.27779 0.33091499999999996 0.27779 0.341945 0.31597 0.341945 0.31597 0.33091499999999996
10 0.3364 0.626815 0.32132 0.626815 0.32132 0.640765 0.3364 0.640765 0.3364 0.626815
10 0.18179 0.35624500000000003 0.13827 0.35624500000000003 0.13827 0.37861500000000003 0.18179 0.37861500000000003 0.18179 0.35624500000000003
10 0.07399 0.404305 0.06309000000000001 0.404305 0.06309000000000001 0.416975 0.07399 0.416975 0.07399 0.404305
10 0.7804800000000001 0.66723 0.76054 0.66723 0.76054 0.67653 0.7804800000000001 0.67653 0.7804800000000001 0.66723
10 0.869845 0.337365 0.812775 0.337365 0.812775 0.360875 0.869845 0.360875 0.869845 0.337365
10 0.7228049999999999 0.30146 0.693215 0.30146 0.693215 0.31768 0.7228049999999999 0.31768 0.7228049999999999 0.30146
10 0.44525 0.6462 0.40729 0.6462 0.40729 0.66338 0.44525 0.66338 0.44525 0.6462
10 0.5844050000000001 0.418935 0.576735 0.418935 0.576735 0.425785 0.5844050000000001 0.425785 0.5844050000000001 0.418935
10 0.236965 0.312575 0.157315 0.312575 0.157315 0.333905 0.236965 0.333905 0.236965 0.312575
10 1 0.662605 0.9534800000000001 0.662605 0.9534800000000001 0.679195 1 0.679195 1 0.662605
10 0.483425 0.39287 0.477515 0.39287 0.477515 0.39913 0.483425 0.39913 0.483425 0.39287
10 0.7724599999999999 0.305215 0.71094 0.305215 0.71094 0.33248500000000003 0.7724599999999999 0.33248500000000003 0.7724599999999999 0.305215
10 0.713245 0.48545999999999995 0.705695 0.48545999999999995 0.705695 0.49256 0.713245 0.49256 0.713245 0.48545999999999995
10 0.43567 0.45558 0.39685000000000004 0.45558 0.39685000000000004 0.48144 0.43567 0.48144 0.43567 0.45558
10 0.33104 0.595305 0.27149999999999996 0.595305 0.27149999999999996 0.6146550000000001 0.33104 0.6146550000000001 0.33104 0.595305
10 0.52907 0.5473950000000001 0.49339000000000005 0.5473950000000001 0.49339000000000005 0.5678449999999999 0.52907 0.5678449999999999 0.52907 0.5473950000000001
10 0 0.47580999999999996 0.04106 0.47580999999999996 0.04106 0.45877 0 0.45877 0 0.47580999999999996
10 1 0.5947899999999999 0.99286 0.5947899999999999 0.99286 0.6278699999999999 1 0.6278699999999999 1 0.5947899999999999
10 0.2424 0.306315 0.21048 0.306315 0.21048 0.315265 0.2424 0.315265 0.2424 0.306315
10 0.418645 0.6110800000000001 0.35675500000000004 0.6110800000000001 0.35675500000000004 0.6311 0.418645 0.6311 0.418645 0.6110800000000001
10 0.75337 0.48477 0.74565 0.48477 0.74565 0.49131 0.75337 0.49131 0.75337 0.48477
10 0.156065 0.45583999999999997 0.14349499999999998 0.45583999999999997 0.14349499999999998 0.46896000000000004 0.156065 0.46896000000000004 0.156065 0.45583999999999997
10 0.771845 0.53111 0.761355 0.53111 0.761355 0.53823 0.771845 0.53823 0.771845 0.53111
10 0.11871000000000001 0.4725 0.07403 0.4725 0.07403 0.48014 0.11871000000000001 0.48014 0.11871000000000001 0.4725
10 0.49984 0.28819 0.48356000000000005 0.28819 0.48356000000000005 0.29531 0.49984 0.29531 0.49984 0.28819
10 0.5907 0.28851499999999997 0.48548 0.28851499999999997 0.48548 0.303765 0.5907 0.303765 0.5907 0.28851499999999997
10 0.197535 0.5901799999999999 0.156705 0.5901799999999999 0.156705 0.60024 0.197535 0.60024 0.197535 0.5901799999999999
10 0.56616 0.48244499999999996 0.48461999999999994 0.48244499999999996 0.48461999999999994 0.496555 0.56616 0.496555 0.56616 0.48244499999999996
10 0.20834999999999998 0.473615 0.18813 0.473615 0.18813 0.47902500000000003 0.20834999999999998 0.47902500000000003 0.20834999999999998 0.473615
10 0.041485 0.47699499999999995 0.001235 0.47699499999999995 0.001235 0.500065 0.041485 0.500065 0.041485 0.47699499999999995
9 0 0.557 0.056999999999999995 0.585 0.121 0.597 0.182667 0.595 0.20800000000000002 0.5980000000000001 0.26 0.623 0.292 0.633 0.368 0.6519999999999999 0.418 0.6599999999999999 0.484 0.663 0.658 0.657 0.726 0.671 0.8640000000000001 0.6809999999999999 0.959 0.679 0.999 0.674 0.999 0.379 0.9890000000000001 0.375 0.892 0.358 0.7769999999999999 0.319 0.7070000000000001 0.304 0.591 0.292 0.511 0.28900000000000003 0.22000000000000003 0.308 0.13 0.32599999999999996 0.038 0.362 0.004 0.371 0 0.373 0 0.557