10 0.46818499999999996 0.36408999999999997 0.414435 0.36408999999999997 0.414435 0.42516999999999994 0.46818499999999996 0.42516999999999994 0.46818499999999996 0.36408999999999997
10 0.571605 0.39249999999999996 0.533855 0.39249999999999996 0.533855 0.43562 0.571605 0.43562 0.571605 0.39249999999999996
10 0.47602500000000003 0.35284499999999996 0.45365500000000003 0.35284499999999996 0.45365500000000003 0.38299500000000003 0.47602500000000003 0.38299500000000003 0.47602500000000003 0.35284499999999996
10 0.667675 0.38436499999999996 0.645805 0.38436499999999996 0.645805 0.40713499999999997 0.667675 0.40713499999999997 0.667675 0.38436499999999996
10 0.415595 0.27065 0.396905 0.27065 0.396905 0.29087 0.415595 0.29087 0.415595 0.27065
10 0.7568699999999999 0.44655500000000004 0.73239 0.44655500000000004 0.73239 0.473365 0.7568699999999999 0.473365 0.7568699999999999 0.44655500000000004
10 0.19245 0.47857500000000003 0.17351 0.47857500000000003 0.17351 0.49358500000000005 0.19245 0.49358500000000005 0.19245 0.47857500000000003
10 0.349295 0.4694 0.328925 0.4694 0.328925 0.48860000000000003 0.349295 0.48860000000000003 0.349295 0.4694
10 0.8418150000000001 0.42407000000000006 0.8202849999999999 0.42407000000000006 0.8202849999999999 0.44165 0.8418150000000001 0.44165 0.8418150000000001 0.42407000000000006
10 0.55991 0.41159 0.5377500000000001 0.41159 0.5377500000000001 0.44339000000000006 0.55991 0.44339000000000006 0.55991 0.41159
10 0.6494449999999999 0.42012 0.617155 0.42012 0.617155 0.45976 0.6494449999999999 0.45976 0.6494449999999999 0.42012
10 0.18954 0.17781 0.17642 0.17781 0.17642 0.19499 0.18954 0.19499 0.18954 0.17781
10 0.37272 0.34364 0.34944000000000003 0.34364 0.34944000000000003 0.36584 0.37272 0.36584 0.37272 0.34364
10 0.560235 0.28806 0.541325 0.28806 0.541325 0.30910000000000004 0.560235 0.30910000000000004 0.560235 0.28806
10 0.51558 0.33804 0.50004 0.33804 0.50004 0.35238 0.51558 0.35238 0.51558 0.33804
10 0.25655 0.5023299999999999 0.24053 0.5023299999999999 0.24053 0.51525 0.25655 0.51525 0.25655 0.5023299999999999
10 0.10645500000000001 0.36164 0.082265 0.36164 0.082265 0.38395999999999997 0.10645500000000001 0.38395999999999997 0.10645500000000001 0.36164
10 0.46644500000000005 0.31684 0.44859499999999997 0.31684 0.44859499999999997 0.33306 0.46644500000000005 0.33306 0.46644500000000005 0.31684
10 0.665745 0.30453 0.602815 0.30453 0.602815 0.33609 0.665745 0.33609 0.665745 0.30453
10 0.18831 0.218185 0.17277 0.218185 0.17277 0.231515 0.18831 0.231515 0.18831 0.218185
10 0.28417 0.541485 0.26807 0.541485 0.26807 0.554215 0.28417 0.554215 0.28417 0.541485
10 0.588125 0.362905 0.570075 0.362905 0.570075 0.38905500000000004 0.588125 0.38905500000000004 0.588125 0.362905
10 0.283445 0.28698 0.26831499999999997 0.28698 0.26831499999999997 0.30188000000000004 0.283445 0.30188000000000004 0.283445 0.28698
10 0.07007 0.42387499999999995 0.021670000000000002 0.42387499999999995 0.021670000000000002 0.453085 0.07007 0.453085 0.07007 0.42387499999999995
10 0.602015 0.33663 0.585485 0.33663 0.585485 0.36259 0.602015 0.36259 0.602015 0.33663
10 0.272695 0.42235500000000004 0.25172500000000003 0.42235500000000004 0.25172500000000003 0.43408499999999994 0.272695 0.43408499999999994 0.272695 0.42235500000000004
10 0.724645 0.49002 0.705035 0.49002 0.705035 0.50706 0.724645 0.50706 0.724645 0.49002
10 0.174015 0.208555 0.033145 0.208555 0.033145 0.35980500000000004 0.174015 0.35980500000000004 0.174015 0.208555
10 0.22447499999999998 0.50869 0.205205 0.50869 0.205205 0.5235299999999999 0.22447499999999998 0.5235299999999999 0.22447499999999998 0.50869
10 0.174405 0.49677 0.152995 0.49677 0.152995 0.51105 0.174405 0.51105 0.174405 0.49677
10 0.833535 0.39166500000000004 0.818805 0.39166500000000004 0.818805 0.40715500000000004 0.833535 0.40715500000000004 0.833535 0.39166500000000004
10 0.5323100000000001 0.467455 0.51359 0.467455 0.51359 0.47932499999999995 0.5323100000000001 0.47932499999999995 0.5323100000000001 0.467455
10 0.6582600000000001 0.41042500000000004 0.64154 0.41042500000000004 0.64154 0.442595 0.6582600000000001 0.442595 0.6582600000000001 0.41042500000000004
10 0.39544999999999997 0.46092500000000003 0.38334999999999997 0.46092500000000003 0.38334999999999997 0.472175 0.39544999999999997 0.472175 0.39544999999999997 0.46092500000000003
10 0.02306 0.548065 0.006840000000000001 0.548065 0.006840000000000001 0.562295 0.02306 0.562295 0.02306 0.548065
10 0.14226 0.52448 0.12043999999999999 0.52448 0.12043999999999999 0.54094 0.14226 0.54094 0.14226 0.52448
10 0.9518700000000001 0.528675 0.85867 0.528675 0.85867 0.557265 0.9518700000000001 0.557265 0.9518700000000001 0.528675
10 0.9254749999999999 0.5278400000000001 0.890925 0.5278400000000001 0.890925 0.54344 0.9254749999999999 0.54344 0.9254749999999999 0.5278400000000001
10 0.628625 0.326665 0.618455 0.326665 0.618455 0.33691499999999996 0.628625 0.33691499999999996 0.628625 0.326665
10 0.7790549999999999 0.34508 0.7268049999999999 0.34508 0.7268049999999999 0.37416 0.7790549999999999 0.37416 0.7790549999999999 0.34508
10 0.057815000000000005 0.42379 0.045085 0.42379 0.045085 0.43753000000000003 0.057815000000000005 0.43753000000000003 0.057815000000000005 0.42379
10 0.8452 0.40080499999999997 0.8257 0.40080499999999997 0.8257 0.412675 0.8452 0.412675 0.8452 0.40080499999999997
10 0.5144599999999999 0.44286000000000003 0.48016 0.44286000000000003 0.48016 0.47119999999999995 0.5144599999999999 0.47119999999999995 0.5144599999999999 0.44286000000000003
10 0.6114550000000001 0.305925 0.600465 0.305925 0.600465 0.319555 0.6114550000000001 0.319555 0.6114550000000001 0.305925
10 0.62368 0.524395 0.59702 0.524395 0.59702 0.540065 0.62368 0.540065 0.62368 0.524395
10 0.860225 0.51915 0.768675 0.51915 0.768675 0.54433 0.860225 0.54433 0.860225 0.51915
10 0.39493999999999996 0.22538 0.37214 0.22538 0.37214 0.24653999999999998 0.39493999999999996 0.24653999999999998 0.39493999999999996 0.22538
9 0 0.613 0.034 0.607 0.13999999999999999 0.576 0.16 0.577 0.181 0.585 0.20800000000000002 0.589 0.304 0.593 0.34199999999999997 0.581 0.40499999999999997 0.548 0.9400000000000001 0.549 0.97 0.5650000000000001 0.999 0.5730000000000001 0.999 0.503 0.994 0.499 0.922 0.458 0.865 0.418 0.8240000000000001 0.399 0.8019999999999999 0.383 0.752 0.366 0.7030000000000001 0.337 0.6849999999999999 0.333 0.661 0.321 0.63 0.318 0.617 0.31 0.5780000000000001 0.301 0.375 0.22000000000000003 0.302 0.196 0.23700000000000002 0.183 0.011 0.157 0 0.157 0 0.613