10 0.759225 0.6342399999999999 0.733075 0.6342399999999999 0.733075 0.66582 0.759225 0.66582 0.759225 0.6342399999999999
10 0.8229200000000001 0.655135 0.8020799999999999 0.655135 0.8020799999999999 0.6729849999999999 0.8229200000000001 0.6729849999999999 0.8229200000000001 0.655135
10 0.6521399999999999 0.6345 0.6281399999999999 0.6345 0.6281399999999999 0.6526 0.6521399999999999 0.6526 0.6521399999999999 0.6345
10 0.83369 0.54646 0.81085 0.54646 0.81085 0.5639000000000001 0.83369 0.5639000000000001 0.83369 0.54646
10 0.86324 0.42001999999999995 0.84282 0.42001999999999995 0.84282 0.44082 0.86324 0.44082 0.86324 0.42001999999999995
10 0.9774499999999999 0.62598 0.9463699999999999 0.62598 0.9463699999999999 0.6474599999999999 0.9774499999999999 0.6474599999999999 0.9774499999999999 0.62598
10 0.9678699999999999 0.441785 0.95303 0.441785 0.95303 0.45421500000000004 0.9678699999999999 0.45421500000000004 0.9678699999999999 0.441785
10 0.7008099999999999 0.66892 0.67711 0.66892 0.67711 0.6855800000000001 0.7008099999999999 0.6855800000000001 0.7008099999999999 0.66892
10 0.44606500000000004 0.5785 0.427475 0.5785 0.427475 0.5924 0.44606500000000004 0.5924 0.44606500000000004 0.5785
10 0.7684300000000001 0.51235 0.73939 0.51235 0.73939 0.53257 0.7684300000000001 0.53257 0.7684300000000001 0.51235
10 0.944115 0.51436 0.9289249999999999 0.51436 0.9289249999999999 0.52764 0.944115 0.52764 0.944115 0.51436
10 0.9301450000000001 0.42234999999999995 0.881375 0.42234999999999995 0.881375 0.45705 0.9301450000000001 0.45705 0.9301450000000001 0.42234999999999995
10 0.775535 0.465055 0.763525 0.465055 0.763525 0.477825 0.775535 0.477825 0.775535 0.465055
10 0.850165 0.667805 0.837335 0.667805 0.837335 0.679855 0.850165 0.679855 0.850165 0.667805
10 0.97463 0.530375 0.9638500000000001 0.530375 0.9638500000000001 0.540905 0.97463 0.540905 0.97463 0.530375
10 0.7074499999999999 0.54476 0.6831699999999999 0.54476 0.6831699999999999 0.5577799999999999 0.7074499999999999 0.5577799999999999 0.7074499999999999 0.54476
10 0.6619849999999999 0.66313 0.6466149999999999 0.66313 0.6466149999999999 0.67769 0.6619849999999999 0.67769 0.6619849999999999 0.66313
10 0.999995 0.556745 0.993805 0.556745 0.993805 0.567275 0.999995 0.567275 0.999995 0.556745
10 1 0.4375 0.9688399999999999 0.4375 0.9688399999999999 0.4707 1 0.4707 1 0.4375
10 0.9833550000000001 0.553755 0.972705 0.553755 0.972705 0.563425 0.9833550000000001 0.563425 0.9833550000000001 0.553755
10 0.24629500000000001 0.55592 0.232705 0.55592 0.232705 0.56712 0.24629500000000001 0.56712 0.24629500000000001 0.55592
10 0.046579999999999996 0.61456 0.03466 0.61456 0.03466 0.6237199999999999 0.046579999999999996 0.6237199999999999 0.046579999999999996 0.61456
10 0.13095 0.53493 0.11979 0.53493 0.11979 0.54613 0.13095 0.54613 0.13095 0.53493
10 0.895405 0.58495 0.8848750000000001 0.58495 0.8848750000000001 0.59473 0.895405 0.59473 0.895405 0.58495
10 0.89094 0.64776 0.87956 0.64776 0.87956 0.65888 0.89094 0.65888 0.89094 0.64776
10 0.6077250000000001 0.54369 0.5924750000000001 0.54369 0.5924750000000001 0.55299 0.6077250000000001 0.55299 0.6077250000000001 0.54369
10 0.8038449999999999 0.544295 0.7840550000000001 0.544295 0.7840550000000001 0.557265 0.8038449999999999 0.557265 0.8038449999999999 0.544295
10 0.311815 0.5436650000000001 0.293165 0.5436650000000001 0.293165 0.553995 0.311815 0.553995 0.311815 0.5436650000000001
10 0.799795 0.47869 0.788105 0.47869 0.788105 0.49103 0.799795 0.49103 0.799795 0.47869
10 0.10404500000000001 0.43919499999999995 0.089315 0.43919499999999995 0.089315 0.45386499999999996 0.10404500000000001 0.45386499999999996 0.10404500000000001 0.43919499999999995
10 0.959265 0.5321100000000001 0.9450350000000001 0.5321100000000001 0.9450350000000001 0.54113 0.959265 0.54113 0.959265 0.5321100000000001
10 0.544215 0.5610999999999999 0.535865 0.5610999999999999 0.535865 0.57074 0.544215 0.57074 0.544215 0.5610999999999999
10 0.664485 0.531425 0.648995 0.531425 0.648995 0.537915 0.664485 0.537915 0.664485 0.531425
10 0.8656349999999999 0.55698 0.8540850000000001 0.55698 0.8540850000000001 0.56704 0.8656349999999999 0.56704 0.8656349999999999 0.55698
10 0.121225 0.549055 0.10949500000000001 0.549055 0.10949500000000001 0.559345 0.121225 0.559345 0.121225 0.549055
10 0.28199 0.68933 0.27366999999999997 0.68933 0.27366999999999997 0.6973900000000001 0.28199 0.6973900000000001 0.28199 0.68933
10 0.44125 0.549705 0.42691 0.549705 0.42691 0.559675 0.44125 0.559675 0.44125 0.549705
10 0.509605 0.57044 0.500155 0.57044 0.500155 0.57996 0.509605 0.57996 0.509605 0.57044
10 0.283245 0.570395 0.270955 0.570395 0.270955 0.5819449999999999 0.283245 0.5819449999999999 0.283245 0.570395
10 0.12583 0.463635 0.11281000000000001 0.463635 0.11281000000000001 0.47532500000000005 0.12583 0.47532500000000005 0.12583 0.463635
10 0.090615 0.46982999999999997 0.060504999999999996 0.46982999999999997 0.060504999999999996 0.49307 0.090615 0.49307 0.090615 0.46982999999999997
10 0.039169999999999996 0.539675 0.02455 0.539675 0.02455 0.553105 0.039169999999999996 0.553105 0.039169999999999996 0.539675
10 0.558655 0.517335 0.550725 0.517335 0.550725 0.526605 0.558655 0.526605 0.558655 0.517335
10 0.603545 0.6526500000000001 0.5722349999999999 0.6526500000000001 0.5722349999999999 0.67841 0.603545 0.67841 0.603545 0.6526500000000001
10 0.26396000000000003 0.5439700000000001 0.24336000000000002 0.5439700000000001 0.24336000000000002 0.55467 0.26396000000000003 0.55467 0.26396000000000003 0.5439700000000001
10 0.769975 0.543315 0.759325 0.543315 0.759325 0.551405 0.769975 0.551405 0.769975 0.543315
10 0.64378 0.542025 0.58766 0.542025 0.58766 0.554655 0.64378 0.554655 0.64378 0.542025
10 0.10183 0.45965 0.09019 0.45965 0.09019 0.46955 0.10183 0.46955 0.10183 0.45965
10 0.5121100000000001 0.533455 0.49863 0.533455 0.49863 0.5417449999999999 0.5121100000000001 0.5417449999999999 0.5121100000000001 0.533455
10 0.7059650000000001 0.45244 0.6973550000000001 0.45244 0.6973550000000001 0.46016 0.7059650000000001 0.46016 0.7059650000000001 0.45244
10 0.62192 0.60812 0.61344 0.60812 0.61344 0.61746 0.62192 0.61746 0.62192 0.60812
10 0.72274 0.64576 0.69718 0.64576 0.69718 0.66186 0.72274 0.66186 0.72274 0.64576
10 0.056865 0.6610400000000001 0.014235000000000001 0.6610400000000001 0.014235000000000001 0.67782 0.056865 0.67782 0.056865 0.6610400000000001
10 0.44769 0.6499900000000001 0.43804999999999994 0.6499900000000001 0.43804999999999994 0.65959 0.44769 0.65959 0.44769 0.6499900000000001
10 0.575295 0.545055 0.565325 0.545055 0.565325 0.552605 0.575295 0.552605 0.575295 0.545055
10 0.89962 0.6177349999999999 0.8914 0.6177349999999999 0.8914 0.625425 0.89962 0.625425 0.89962 0.6177349999999999
10 0.911875 0.6192599999999999 0.9045249999999999 0.6192599999999999 0.9045249999999999 0.62684 0.911875 0.62684 0.911875 0.6192599999999999
10 0.91364 0.423435 0.90472 0.423435 0.90472 0.43252499999999994 0.91364 0.43252499999999994 0.91364 0.423435
10 0.41235 0.642795 0.40357000000000004 0.642795 0.40357000000000004 0.649205 0.41235 0.649205 0.41235 0.642795
10 0.537825 0.41302000000000005 0.530535 0.41302000000000005 0.530535 0.41997999999999996 0.537825 0.41997999999999996 0.537825 0.41302000000000005
10 0.357945 0.54128 0.343715 0.54128 0.343715 0.54954 0.357945 0.54954 0.357945 0.54128
10 0.531205 0.6174000000000001 0.520555 0.6174000000000001 0.520555 0.6267400000000001 0.531205 0.6267400000000001 0.531205 0.6174000000000001
10 0.18505 0.69289 0.16895 0.69289 0.16895 0.7035899999999999 0.18505 0.7035899999999999 0.18505 0.69289
10 0.5451050000000001 0.65462 0.534975 0.65462 0.534975 0.66374 0.5451050000000001 0.66374 0.5451050000000001 0.65462
10 0.6169100000000001 0.527875 0.6037899999999999 0.527875 0.6037899999999999 0.536585 0.6169100000000001 0.536585 0.6169100000000001 0.527875
10 0.476295 0.5334800000000001 0.46658499999999997 0.5334800000000001 0.46658499999999997 0.54074 0.476295 0.54074 0.476295 0.5334800000000001
10 0.68916 0.628625 0.67706 0.628625 0.67706 0.640915 0.68916 0.640915 0.68916 0.628625
10 0.32604500000000003 0.401175 0.310675 0.401175 0.310675 0.41424500000000003 0.32604500000000003 0.41424500000000003 0.32604500000000003 0.401175
10 0.8169850000000001 0.48732499999999995 0.790435 0.48732499999999995 0.790435 0.516575 0.8169850000000001 0.516575 0.8169850000000001 0.48732499999999995
10 0.61305 0.70222 0.60473 0.70222 0.60473 0.71086 0.61305 0.71086 0.61305 0.70222
10 0.43635 0.63629 0.42937000000000003 0.63629 0.42937000000000003 0.6430100000000001 0.43635 0.6430100000000001 0.43635 0.63629
10 0.302345 0.51858 0.292375 0.51858 0.292375 0.52732 0.302345 0.52732 0.302345 0.51858
10 0.707765 0.528885 0.692635 0.528885 0.692635 0.5355749999999999 0.707765 0.5355749999999999 0.707765 0.528885
10 0.124735 0.6944 0.101585 0.6944 0.101585 0.7157600000000001 0.124735 0.7157600000000001 0.124735 0.6944
9 0 0.658 0.048 0.67 0.101 0.708 0.146 0.727 0.178 0.732 0.20600000000000002 0.724 0.40499999999999997 0.692 0.546 0.7230000000000001 0.6 0.727 0.6980000000000001 0.7030000000000001 0.8039999999999999 0.6950000000000001 0.845 0.688 0.943 0.6639999999999999 0.999 0.646 0.999 0.441 0.944 0.41500000000000004 0.898 0.4 0.849 0.396 0.8089999999999999 0.40099999999999997 0.787 0.418 0.755 0.433 0.738 0.418 0.736 0.41 0.717 0.4 0.7030000000000001 0.40199999999999997 0.658 0.387 0.607 0.379 0.592 0.372 0.532 0.374 0.491 0.368 0.45099999999999996 0.374 0.384 0.371 0.343 0.374 0.21600000000000003 0.41900000000000004 0.16499999999999998 0.41900000000000004 0.146 0.41500000000000004 0.098 0.41900000000000004 0.05600000000000001 0.40700000000000003 0.028000000000000004 0.40800000000000003 0.003 0.418 0 0.42000000000000004 0 0.658