10 0.263435 0.375815 0.214505 0.375815 0.214505 0.422645 0.263435 0.422645 0.263435 0.375815
10 0.6062000000000001 0.43122999999999995 0.5777599999999999 0.43122999999999995 0.5777599999999999 0.44135 0.6062000000000001 0.44135 0.6062000000000001 0.43122999999999995
10 0.59846 0.428155 0.57536 0.428155 0.57536 0.44098499999999996 0.59846 0.44098499999999996 0.59846 0.428155
10 0.23929 0.48163 0.20749 0.48163 0.20749 0.50275 0.23929 0.50275 0.23929 0.48163
10 0.242815 0.379735 0.21666500000000002 0.379735 0.21666500000000002 0.394685 0.242815 0.394685 0.242815 0.379735
10 0.15836 0.45549999999999996 0.13216 0.45549999999999996 0.13216 0.47322 0.15836 0.47322 0.15836 0.45549999999999996
10 0.12498499999999998 0.57492 0.097915 0.57492 0.097915 0.6018399999999999 0.12498499999999998 0.6018399999999999 0.12498499999999998 0.57492
10 0.370695 0.38688 0.35684499999999997 0.38688 0.35684499999999997 0.39777999999999997 0.370695 0.39777999999999997 0.370695 0.38688
10 0.59622 0.455615 0.57858 0.455615 0.57858 0.465285 0.59622 0.465285 0.59622 0.455615
10 0.509 0.47417999999999993 0.49391999999999997 0.47417999999999993 0.49391999999999997 0.48334 0.509 0.48334 0.509 0.47417999999999993
10 0.95563 0.45533999999999997 0.9281499999999999 0.45533999999999997 0.9281499999999999 0.47728000000000004 0.95563 0.47728000000000004 0.95563 0.45533999999999997
10 0.96233 0.569635 0.94489 0.569635 0.94489 0.590525 0.96233 0.590525 0.96233 0.569635
10 0.51738 0.43312 0.5041 0.43312 0.5041 0.44432 0.51738 0.44432 0.51738 0.43312
10 0.30454 0.462835 0.29262 0.462835 0.29262 0.473205 0.30454 0.473205 0.30454 0.462835
10 0.8175250000000001 0.44657 0.798695 0.44657 0.798695 0.45820999999999995 0.8175250000000001 0.45820999999999995 0.8175250000000001 0.44657
10 0.7733749999999999 0.434665 0.7608050000000001 0.434665 0.7608050000000001 0.443755 0.7733749999999999 0.443755 0.7733749999999999 0.434665
10 0.18529 0.460605 0.16799 0.460605 0.16799 0.473475 0.18529 0.473475 0.18529 0.460605
10 0.6255200000000001 0.35484499999999997 0.61178 0.35484499999999997 0.61178 0.365375 0.6255200000000001 0.365375 0.6255200000000001 0.35484499999999997
10 0.063905 0.40035499999999996 0.038635 0.40035499999999996 0.038635 0.41068499999999997 0.063905 0.41068499999999997 0.063905 0.40035499999999996
10 0.95586 0.45402 0.93964 0.45402 0.93964 0.4664 0.95586 0.4664 0.95586 0.45402
10 0.40578000000000003 0.46521 0.39354 0.46521 0.39354 0.47375 0.40578000000000003 0.47375 0.40578000000000003 0.46521
10 0.020075000000000003 0.486005 0.006485 0.486005 0.006485 0.494455 0.020075000000000003 0.494455 0.020075000000000003 0.486005
10 0.373155 0.467175 0.360725 0.467175 0.360725 0.475205 0.373155 0.475205 0.373155 0.467175
10 0.93861 0.54711 0.92271 0.54711 0.92271 0.56129 0.93861 0.56129 0.93861 0.54711
10 0.962655 0.551885 0.951405 0.551885 0.951405 0.5623750000000001 0.962655 0.5623750000000001 0.962655 0.551885
10 0.17015 0.55203 0.15065 0.55203 0.15065 0.56711 0.17015 0.56711 0.17015 0.55203
10 0.12448999999999999 0.421 0.11147 0.421 0.11147 0.43106 0.12448999999999999 0.43106 0.12448999999999999 0.421
10 0.07138 0.42796500000000004 0.0596 0.42796500000000004 0.0596 0.436775 0.07138 0.436775 0.07138 0.42796500000000004
10 0.43733500000000003 0.46498 0.42692500000000005 0.46498 0.42692500000000005 0.47203999999999996 0.43733500000000003 0.47203999999999996 0.43733500000000003 0.46498
10 0.99545 0.5222450000000001 0.9664699999999999 0.5222450000000001 0.9664699999999999 0.544155 0.99545 0.544155 0.99545 0.5222450000000001
10 0.21622499999999997 0.46614000000000005 0.20369500000000001 0.46614000000000005 0.20369500000000001 0.47526 0.21622499999999997 0.47526 0.21622499999999997 0.46614000000000005
10 0.92641 0.347755 0.91051 0.347755 0.91051 0.363185 0.92641 0.363185 0.92641 0.347755
10 0.28986 0.353605 0.26386 0.353605 0.26386 0.364175 0.28986 0.364175 0.28986 0.353605
10 0.9413349999999999 0.466 0.927805 0.466 0.927805 0.47834000000000004 0.9413349999999999 0.47834000000000004 0.9413349999999999 0.466
10 0.10627500000000001 0.45242000000000004 0.09440499999999999 0.45242000000000004 0.09440499999999999 0.46116 0.10627500000000001 0.46116 0.10627500000000001 0.45242000000000004
10 0.1463 0.40509000000000006 0.13788 0.40509000000000006 0.13788 0.41181 0.1463 0.41181 0.1463 0.40509000000000006
10 0.47099 0.449 0.46261 0.449 0.46261 0.45774 0.47099 0.45774 0.47099 0.449
10 0.08149999999999999 0.45889499999999994 0.0656 0.45889499999999994 0.0656 0.46834499999999996 0.08149999999999999 0.46834499999999996 0.08149999999999999 0.45889499999999994
10 0.45313 0.49028499999999997 0.44335 0.49028499999999997 0.44335 0.500935 0.45313 0.500935 0.45313 0.49028499999999997
10 0.17657 0.523925 0.16841 0.523925 0.16841 0.5317350000000001 0.17657 0.5317350000000001 0.17657 0.523925
10 0.471515 0.6171949999999999 0.463545 0.6171949999999999 0.463545 0.624985 0.471515 0.624985 0.471515 0.6171949999999999
10 0.28939499999999996 0.379065 0.262845 0.379065 0.262845 0.39193500000000003 0.28939499999999996 0.39193500000000003 0.28939499999999996 0.379065
10 0.919535 0.564805 0.9085850000000001 0.564805 0.9085850000000001 0.577775 0.919535 0.577775 0.919535 0.564805
10 0.912125 0.348475 0.888655 0.348475 0.888655 0.357085 0.912125 0.357085 0.912125 0.348475
10 0.5137349999999999 0.635475 0.505805 0.635475 0.505805 0.642845 0.5137349999999999 0.642845 0.5137349999999999 0.635475
10 0.8851950000000001 0.55672 0.877505 0.55672 0.877505 0.56536 0.8851950000000001 0.56536 0.8851950000000001 0.55672
10 0.56723 0.61902 0.56069 0.61902 0.56069 0.62512 0.56723 0.62512 0.56723 0.61902
10 0.667705 0.44973 0.657495 0.44973 0.657495 0.45847 0.667705 0.45847 0.667705 0.44973
10 0.284755 0.616865 0.239165 0.616865 0.239165 0.653635 0.284755 0.653635 0.284755 0.616865
10 0.25805500000000003 0.598565 0.24120499999999997 0.598565 0.24120499999999997 0.613355 0.25805500000000003 0.613355 0.25805500000000003 0.598565
10 0.6123350000000001 0.45742000000000005 0.604465 0.45742000000000005 0.604465 0.46396 0.6123350000000001 0.46396 0.6123350000000001 0.45742000000000005
10 0.38392 0.41305 0.37634 0.41305 0.37634 0.42045000000000005 0.38392 0.42045000000000005 0.38392 0.41305
10 0.56101 0.46084500000000006 0.55227 0.46084500000000006 0.55227 0.46689499999999995 0.56101 0.46689499999999995 0.56101 0.46084500000000006
10 0.9624599999999999 0.340885 0.8822599999999999 0.340885 0.8822599999999999 0.373475 0.9624599999999999 0.373475 0.9624599999999999 0.340885
10 0.18067 0.5046649999999999 0.17357 0.5046649999999999 0.17357 0.5109549999999999 0.18067 0.5109549999999999 0.18067 0.5046649999999999
10 0.7345200000000001 0.44671000000000005 0.72446 0.44671000000000005 0.72446 0.45563000000000003 0.7345200000000001 0.45563000000000003 0.7345200000000001 0.44671000000000005
9 0 0.591 0.009 0.599 0.044 0.615 0.098 0.635 0.16 0.643 0.16899999999999998 0.639 0.181 0.623 0.207 0.613 0.217 0.602 0.22999999999999998 0.604 0.24100000000000002 0.611 0.242 0.627 0.261 0.65 0.286 0.654 0.301 0.6639999999999999 0.331 0.675 0.38 0.6809999999999999 0.389 0.6679999999999999 0.395 0.6719999999999999 0.397 0.6839999999999999 0.40800000000000003 0.688 0.508 0.7 0.627 0.705 0.678 0.702 0.82 0.667 0.909 0.6559999999999999 0.9720000000000001 0.636 0.999 0.623 0.999 0.366 0.977 0.337 0.9720000000000001 0.33399999999999996 0.961 0.337 0.9390000000000001 0.324 0.901 0.324 0.883 0.317 0.8800000000000001 0.321 0.882 0.33399999999999996 0.877 0.335 0.858 0.356 0.834 0.369 0.7969999999999999 0.377 0.763 0.378 0.661 0.403 0.637 0.40199999999999997 0.631 0.397 0.621 0.397 0.5 0.358 0.481 0.356 0.426 0.339 0.392 0.343 0.36 0.355 0.317 0.365 0.31 0.363 0.27799999999999997 0.37 0.256 0.36 0.231 0.359 0.207 0.366 0.13 0.359 0.067 0.361 0.062 0.365 0.003 0.371 0 0.372 0 0.591