10 0.60714 0.48999499999999996 0.57428 0.48999499999999996 0.57428 0.509285 0.60714 0.509285 0.60714 0.48999499999999996
10 0.39041000000000003 0.44945 0.37277 0.44945 0.37277 0.46169000000000004 0.39041000000000003 0.46169000000000004 0.39041000000000003 0.44945
10 0.668815 0.58515 0.6534449999999999 0.58515 0.6534449999999999 0.60137 0.668815 0.60137 0.668815 0.58515
10 0.76314 0.541725 0.74858 0.541725 0.74858 0.550075 0.76314 0.550075 0.76314 0.541725
10 0.8513249999999999 0.606085 0.834215 0.606085 0.834215 0.618515 0.8513249999999999 0.618515 0.8513249999999999 0.606085
10 0.761285 0.552785 0.747495 0.552785 0.747495 0.562455 0.761285 0.562455 0.761285 0.552785
10 0.714715 0.52668 0.703245 0.52668 0.703245 0.53484 0.714715 0.53484 0.714715 0.52668
10 0.52453 0.47756 0.51551 0.47756 0.51551 0.48630000000000007 0.52453 0.48630000000000007 0.52453 0.47756
10 0.681785 0.49471999999999994 0.669775 0.49471999999999994 0.669775 0.50236 0.681785 0.50236 0.681785 0.49471999999999994
10 0.68069 0.49463999999999997 0.64059 0.49463999999999997 0.64059 0.50926 0.68069 0.50926 0.68069 0.49463999999999997
10 0.608275 0.6342399999999999 0.5948450000000001 0.6342399999999999 0.5948450000000001 0.64798 0.608275 0.64798 0.608275 0.6342399999999999
10 0.795425 0.62137 0.780755 0.62137 0.780755 0.63449 0.795425 0.63449 0.795425 0.62137
10 0.72792 0.6221300000000001 0.71544 0.6221300000000001 0.71544 0.63177 0.72792 0.63177 0.72792 0.6221300000000001
10 0.5449900000000001 0.6386350000000001 0.52727 0.6386350000000001 0.52727 0.651405 0.5449900000000001 0.651405 0.5449900000000001 0.6386350000000001
10 0.11217999999999999 0.40202499999999997 0.09608 0.40202499999999997 0.09608 0.41535500000000003 0.11217999999999999 0.41535500000000003 0.11217999999999999 0.40202499999999997
10 0.542235 0.48534 0.532965 0.48534 0.532965 0.49318 0.542235 0.49318 0.542235 0.48534
10 0.27005 0.595075 0.25631 0.595075 0.25631 0.608045 0.27005 0.608045 0.27005 0.595075
10 0.63658 0.541685 0.6271 0.541685 0.6271 0.551095 0.63658 0.551095 0.63658 0.541685
10 0.21260500000000002 0.37483 0.20195500000000002 0.37483 0.20195500000000002 0.38933 0.21260500000000002 0.38933 0.21260500000000002 0.37483
10 0.377965 0.5895050000000001 0.365195 0.5895050000000001 0.365195 0.599955 0.377965 0.599955 0.377965 0.5895050000000001
10 0.720665 0.61137 0.707075 0.61137 0.707075 0.6230100000000001 0.720665 0.6230100000000001 0.720665 0.61137
10 0.31312 0.610805 0.2904 0.610805 0.2904 0.630415 0.31312 0.630415 0.31312 0.610805
10 0.47118000000000004 0.57141 0.46143999999999996 0.57141 0.46143999999999996 0.5809300000000001 0.47118000000000004 0.5809300000000001 0.47118000000000004 0.57141
10 0.5543199999999999 0.5132399999999999 0.5423600000000001 0.5132399999999999 0.5423600000000001 0.52484 0.5543199999999999 0.52484 0.5543199999999999 0.5132399999999999
10 0.5304949999999999 0.488565 0.503685 0.488565 0.503685 0.506555 0.5304949999999999 0.506555 0.5304949999999999 0.488565
10 0.59417 0.59388 0.57673 0.59388 0.57673 0.6121800000000001 0.59417 0.6121800000000001 0.59417 0.59388
10 0.449125 0.42958999999999997 0.433695 0.42958999999999997 0.433695 0.44150999999999996 0.449125 0.44150999999999996 0.449125 0.42958999999999997
10 0.506155 0.61856 0.48750499999999997 0.61856 0.48750499999999997 0.63534 0.506155 0.63534 0.506155 0.61856
10 0.6508849999999999 0.68245 0.6391549999999999 0.68245 0.6391549999999999 0.69157 0.6508849999999999 0.69157 0.6508849999999999 0.68245
10 0.269915 0.6119049999999999 0.255965 0.6119049999999999 0.255965 0.623455 0.269915 0.623455 0.269915 0.6119049999999999
10 0.5103 0.653795 0.49458 0.653795 0.49458 0.6684650000000001 0.5103 0.6684650000000001 0.5103 0.653795
10 0.54101 0.6539699999999999 0.52247 0.6539699999999999 0.52247 0.67025 0.54101 0.67025 0.54101 0.6539699999999999
10 0.31806 0.501195 0.29522 0.501195 0.29522 0.5232249999999999 0.31806 0.5232249999999999 0.31806 0.501195
10 0.60844 0.68062 0.60054 0.68062 0.60054 0.6895 0.60844 0.6895 0.60844 0.68062
10 0.23878499999999997 0.49844499999999997 0.22093500000000002 0.49844499999999997 0.22093500000000002 0.5181549999999999 0.23878499999999997 0.5181549999999999 0.23878499999999997 0.49844499999999997
10 0.571035 0.628815 0.522725 0.628815 0.522725 0.6622049999999999 0.571035 0.6622049999999999 0.571035 0.628815
10 0.067815 0.43867 0.012085 0.43867 0.012085 0.48514999999999997 0.067815 0.48514999999999997 0.067815 0.43867
10 0.66137 0.69307 0.65503 0.69307 0.65503 0.69951 0.66137 0.69951 0.66137 0.69307
10 0.63887 0.696915 0.63261 0.696915 0.63261 0.7034849999999999 0.63887 0.7034849999999999 0.63887 0.696915
10 0.978875 0.56965 0.967405 0.56965 0.967405 0.57781 0.978875 0.57781 0.978875 0.56965
10 0.79779 0.67535 0.78815 0.67535 0.78815 0.6820700000000001 0.79779 0.6820700000000001 0.79779 0.67535
10 0.20315500000000003 0.46698000000000006 0.188925 0.46698000000000006 0.188925 0.47784000000000004 0.20315500000000003 0.47784000000000004 0.20315500000000003 0.46698000000000006
10 0.1948 0.5737650000000001 0.17776 0.5737650000000001 0.17776 0.586395 0.1948 0.586395 0.1948 0.5737650000000001
10 0.07533 0.464335 0.01689 0.464335 0.01689 0.511245 0.07533 0.511245 0.07533 0.464335
10 0.09557 0.42878499999999997 0.07215 0.42878499999999997 0.07215 0.450115 0.09557 0.450115 0.09557 0.42878499999999997
10 0.40404 0.51386 0.3655 0.51386 0.3655 0.534 0.40404 0.534 0.40404 0.51386
10 0.23626999999999998 0.609385 0.22637000000000002 0.609385 0.22637000000000002 0.620115 0.23626999999999998 0.620115 0.23626999999999998 0.609385
10 0.16647499999999998 0.458315 0.061065 0.458315 0.061065 0.530945 0.16647499999999998 0.530945 0.16647499999999998 0.458315
10 0.226385 0.597235 0.213315 0.597235 0.213315 0.6098049999999999 0.226385 0.6098049999999999 0.226385 0.597235
10 0.16534 0.572675 0.15106 0.572675 0.15106 0.580645 0.16534 0.580645 0.16534 0.572675
9 0 0.48 0.020999999999999998 0.5 0.068 0.524 0.133 0.568 0.193 0.589 0.26 0.634 0.351 0.6719999999999999 0.47000000000000003 0.705 0.5309999999999999 0.713 0.635 0.712 0.663 0.71 0.768 0.689 0.818 0.6759999999999999 0.849 0.663 0.877 0.647 0.9480000000000001 0.584 0.993 0.575 0.991 0.568 0.96 0.561 0.9179999999999999 0.534 0.47000000000000003 0.396 0.426 0.396 0.34700000000000003 0.41200000000000003 0.298 0.409 0.273 0.398 0.263 0.387 0.24700000000000003 0.351 0.23199999999999998 0.341 0.187 0.33799999999999997 0.10500000000000001 0.346 0.081 0.33799999999999997 0.061 0.33799999999999997 0.003 0.352 0 0.354 0 0.48