10 0.6159250000000001 0.387095 0.5576749999999999 0.387095 0.5576749999999999 0.438145 0.6159250000000001 0.438145 0.6159250000000001 0.387095
10 0.6520349999999999 0.36438000000000004 0.5501050000000001 0.36438000000000004 0.5501050000000001 0.43494 0.6520349999999999 0.43494 0.6520349999999999 0.36438000000000004
10 0.7589699999999999 0.39344999999999997 0.71075 0.39344999999999997 0.71075 0.43273 0.7589699999999999 0.43273 0.7589699999999999 0.39344999999999997
10 0.78336 0.362525 0.76352 0.362525 0.76352 0.384555 0.78336 0.384555 0.78336 0.362525
10 0.534575 0.47128 0.469325 0.47128 0.469325 0.5384800000000001 0.534575 0.5384800000000001 0.534575 0.47128
10 0.685235 0.53843 0.6555850000000001 0.53843 0.6555850000000001 0.56313 0.685235 0.56313 0.685235 0.53843
10 0.38158 0.313395 0.36208 0.313395 0.36208 0.331625 0.38158 0.331625 0.38158 0.313395
10 0.40540000000000004 0.354435 0.38073999999999997 0.354435 0.38073999999999997 0.369685 0.40540000000000004 0.369685 0.40540000000000004 0.354435
10 0.7157199999999999 0.28525 0.69834 0.28525 0.69834 0.30509 0.7157199999999999 0.30509 0.7157199999999999 0.28525
10 0.8368249999999999 0.395175 0.8184549999999999 0.395175 0.8184549999999999 0.415865 0.8368249999999999 0.415865 0.8368249999999999 0.395175
10 0.896345 0.37517999999999996 0.8731949999999999 0.37517999999999996 0.8731949999999999 0.3968 0.896345 0.3968 0.896345 0.37517999999999996
10 0.339975 0.26778 0.315785 0.26778 0.315785 0.28788 0.339975 0.28788 0.339975 0.26778
10 0.6116900000000001 0.24941 0.59535 0.24941 0.59535 0.26766999999999996 0.6116900000000001 0.26766999999999996 0.6116900000000001 0.24941
10 0.9038349999999999 0.27688999999999997 0.882305 0.27688999999999997 0.882305 0.29586999999999997 0.9038349999999999 0.29586999999999997 0.9038349999999999 0.27688999999999997
10 0.30792 0.27891499999999997 0.28828 0.27891499999999997 0.28828 0.296765 0.30792 0.296765 0.30792 0.27891499999999997
10 0.559315 0.25556 0.541265 0.25556 0.541265 0.27227999999999997 0.559315 0.27227999999999997 0.559315 0.25556
10 0.81601 0.43659499999999996 0.8011699999999999 0.43659499999999996 0.8011699999999999 0.452085 0.81601 0.452085 0.81601 0.43659499999999996
10 0.81777 0.310565 0.80137 0.310565 0.80137 0.329075 0.81777 0.329075 0.81777 0.310565
10 0.684895 0.6386350000000001 0.657885 0.6386350000000001 0.657885 0.662145 0.684895 0.662145 0.684895 0.6386350000000001
10 0.34550000000000003 0.40758 0.30341999999999997 0.40758 0.30341999999999997 0.44252 0.34550000000000003 0.44252 0.34550000000000003 0.40758
10 0.338715 0.397435 0.30288499999999996 0.397435 0.30288499999999996 0.41946500000000003 0.338715 0.41946500000000003 0.338715 0.397435
10 0.459415 0.41959 0.362365 0.41959 0.362365 0.50229 0.459415 0.50229 0.459415 0.41959
10 0.99899 0.393375 0.9092100000000001 0.393375 0.9092100000000001 0.496765 0.99899 0.496765 0.99899 0.393375
10 0.9947950000000001 0.31287 0.980785 0.31287 0.980785 0.32921 0.9947950000000001 0.32921 0.9947950000000001 0.31287
10 0.896575 0.577215 0.875885 0.577215 0.875885 0.590745 0.896575 0.590745 0.896575 0.577215
10 0.57328 0.54552 0.5595399999999999 0.54552 0.5595399999999999 0.558 0.57328 0.558 0.57328 0.54552
10 0.47129000000000004 0.44207 0.45106999999999997 0.44207 0.45106999999999997 0.46711 0.47129000000000004 0.46711 0.47129000000000004 0.44207
10 0.8085100000000001 0.51639 0.78817 0.51639 0.78817 0.53147 0.8085100000000001 0.53147 0.8085100000000001 0.51639
10 0.59258 0.355505 0.55684 0.355505 0.55684 0.391575 0.59258 0.391575 0.59258 0.355505
10 0.40659999999999996 0.27235 0.3893 0.27235 0.3893 0.28869 0.40659999999999996 0.28869 0.40659999999999996 0.27235
10 0.36849 0.43655499999999997 0.35319 0.43655499999999997 0.35319 0.44918500000000006 0.36849 0.44918500000000006 0.36849 0.43655499999999997
10 0.23490000000000003 0.414945 0.22115999999999997 0.414945 0.22115999999999997 0.428315 0.23490000000000003 0.428315 0.23490000000000003 0.414945
10 0.6101650000000001 0.273995 0.5949150000000001 0.273995 0.5949150000000001 0.289485 0.6101650000000001 0.289485 0.6101650000000001 0.273995
10 0.770875 0.532755 0.7574449999999999 0.532755 0.7574449999999999 0.546345 0.770875 0.546345 0.770875 0.532755
10 0.65168 0.26622 0.63934 0.26622 0.63934 0.2787 0.65168 0.2787 0.65168 0.26622
10 0.672485 0.47247000000000006 0.661495 0.47247000000000006 0.661495 0.48358999999999996 0.672485 0.48358999999999996 0.672485 0.47247000000000006
10 0.667395 0.5717 0.656825 0.5717 0.656825 0.5826 0.667395 0.5826 0.667395 0.5717
10 0.7864150000000001 0.5511250000000001 0.7760849999999999 0.5511250000000001 0.7760849999999999 0.563135 0.7864150000000001 0.563135 0.7864150000000001 0.5511250000000001
10 0.606015 0.620835 0.5072650000000001 0.620835 0.5072650000000001 0.662365 0.606015 0.662365 0.606015 0.620835
10 0.5649949999999999 0.6073500000000001 0.553165 0.6073500000000001 0.553165 0.6172500000000001 0.5649949999999999 0.6172500000000001 0.5649949999999999 0.6073500000000001
10 0.464255 0.559075 0.45322500000000004 0.559075 0.45322500000000004 0.570805 0.464255 0.570805 0.464255 0.559075
10 0.20130499999999998 0.347765 0.175155 0.347765 0.175155 0.368055 0.20130499999999998 0.368055 0.20130499999999998 0.347765
10 0.7707550000000001 0.371435 0.760505 0.371435 0.760505 0.383445 0.7707550000000001 0.383445 0.7707550000000001 0.371435
10 1 0.32471 0.9446749999999999 0.32471 0.9446749999999999 0.42041000000000006 1 0.42041000000000006 1 0.32471
10 0.513795 0.246465 0.5028050000000001 0.246465 0.5028050000000001 0.261835 0.513795 0.261835 0.513795 0.246465
10 0.26524000000000003 0.27449 0.25332 0.27449 0.25332 0.28361000000000003 0.26524000000000003 0.28361000000000003 0.26524000000000003 0.27449
10 0.5635950000000001 0.60762 0.5321049999999999 0.60762 0.5321049999999999 0.6248 0.5635950000000001 0.6248 0.5635950000000001 0.60762
10 0.7663800000000001 0.47729999999999995 0.75316 0.47729999999999995 0.75316 0.4934 0.7663800000000001 0.4934 0.7663800000000001 0.47729999999999995
10 0.763175 0.50103 0.752445 0.50103 0.752445 0.5204500000000001 0.763175 0.5204500000000001 0.763175 0.50103
9 0 0.31 0.013000000000000001 0.321 0.040999999999999995 0.323 0.091 0.33999999999999997 0.095 0.33799999999999997 0.124 0.365 0.156 0.379 0.28300000000000003 0.49000000000000005 0.319 0.529 0.322 0.537 0.374 0.572 0.404 0.61 0.426 0.626 0.446 0.629 0.45 0.635 0.45599999999999996 0.635 0.465 0.642 0.529 0.657 0.58 0.661 0.606 0.667 0.67 0.671 0.745 0.665 0.7929999999999999 0.67 0.8560000000000001 0.692 0.882 0.708 0.9029999999999999 0.7150000000000001 0.9109999999999999 0.7230000000000001 0.9570000000000001 0.737 0.999 0.74 0.999 0.286 0.9720000000000001 0.27799999999999997 0.917 0.271 0.783 0.271 0.665 0.23900000000000002 0.649 0.23900000000000002 0.646 0.23500000000000001 0.5980000000000001 0.22999999999999998 0.567 0.231 0.51 0.246 0.43600000000000005 0.258 0.275 0.272 0.24300000000000002 0.279 0.189 0.306 0.136 0.321 0.047 0.313 0.006 0.301 0 0.301 0 0.31