10 0.7015399999999999 0.31682 0.6437999999999999 0.31682 0.6437999999999999 0.34406 0.7015399999999999 0.34406 0.7015399999999999 0.31682
10 0.31222 0.382515 0.23172 0.382515 0.23172 0.43716499999999997 0.31222 0.43716499999999997 0.31222 0.382515
10 0.45792 0.6214000000000001 0.42582000000000003 0.6214000000000001 0.42582000000000003 0.65084 0.45792 0.65084 0.45792 0.6214000000000001
10 0.34803 0.5595399999999999 0.32629 0.5595399999999999 0.32629 0.57718 0.34803 0.57718 0.34803 0.5595399999999999
10 0.192735 0.46773 0.17396499999999998 0.46773 0.17396499999999998 0.48491 0.192735 0.48491 0.192735 0.46773
10 0.45393999999999995 0.438845 0.43522 0.438845 0.43522 0.453235 0.45393999999999995 0.453235 0.45393999999999995 0.438845
10 0.26449500000000004 0.57328 0.239405 0.57328 0.239405 0.5917600000000001 0.26449500000000004 0.5917600000000001 0.26449500000000004 0.57328
10 0.55548 0.42851 0.52264 0.42851 0.52264 0.44893 0.55548 0.44893 0.55548 0.42851
10 0.523605 0.418405 0.505695 0.418405 0.505695 0.433655 0.523605 0.433655 0.523605 0.418405
10 0.22954 0.5362250000000001 0.2021 0.5362250000000001 0.2021 0.5555749999999999 0.22954 0.5555749999999999 0.22954 0.5362250000000001
10 0.40053 0.556705 0.38412999999999997 0.556705 0.38412999999999997 0.572195 0.40053 0.572195 0.40053 0.556705
10 0.245255 0.44037 0.22032500000000002 0.44037 0.22032500000000002 0.46637000000000006 0.245255 0.46637000000000006 0.245255 0.44037
10 0.13901 0.562225 0.12393000000000001 0.562225 0.12393000000000001 0.577415 0.13901 0.577415 0.13901 0.562225
10 0.66716 0.43610499999999996 0.64046 0.43610499999999996 0.64046 0.455975 0.66716 0.455975 0.66716 0.43610499999999996
10 0.9828699999999999 0.494665 0.9643900000000001 0.494665 0.9643900000000001 0.508255 0.9828699999999999 0.508255 0.9828699999999999 0.494665
10 0.374195 0.559215 0.36018500000000003 0.559215 0.36018500000000003 0.571645 0.374195 0.571645 0.374195 0.559215
10 0.6463949999999999 0.359445 0.610445 0.359445 0.610445 0.389095 0.6463949999999999 0.389095 0.6463949999999999 0.359445
10 0.9230449999999999 0.46012000000000003 0.903135 0.46012000000000003 0.903135 0.47542 0.9230449999999999 0.47542 0.9230449999999999 0.46012000000000003
10 0.712695 0.6601600000000001 0.691605 0.6601600000000001 0.691605 0.6787 0.712695 0.6787 0.712695 0.6601600000000001
10 0.62681 0.640935 0.60951 0.640935 0.60951 0.655945 0.62681 0.655945 0.62681 0.640935
10 0.640755 0.582545 0.619985 0.582545 0.619985 0.601055 0.640755 0.601055 0.640755 0.582545
10 0.24630999999999997 0.32559 0.22805 0.32559 0.22805 0.33993 0.24630999999999997 0.33993 0.24630999999999997 0.32559
10 0.74028 0.639125 0.71968 0.639125 0.71968 0.658735 0.74028 0.658735 0.74028 0.639125
10 0.08337 0.588225 0.06483 0.588225 0.06483 0.603175 0.08337 0.603175 0.08337 0.588225
10 0.36676000000000003 0.31364000000000003 0.33832 0.31364000000000003 0.33832 0.33236 0.36676000000000003 0.33236 0.36676000000000003 0.31364000000000003
10 0.026740000000000003 0.640405 0.0037600000000000003 0.640405 0.0037600000000000003 0.654515 0.026740000000000003 0.654515 0.026740000000000003 0.640405
10 0.80407 0.6177699999999999 0.7857700000000001 0.6177699999999999 0.7857700000000001 0.63515 0.80407 0.63515 0.80407 0.6177699999999999
10 0.8824949999999999 0.41692999999999997 0.8684850000000001 0.41692999999999997 0.8684850000000001 0.43121 0.8824949999999999 0.43121 0.8824949999999999 0.41692999999999997
10 0.600445 0.43884999999999996 0.562635 0.43884999999999996 0.562635 0.46789 0.600445 0.46789 0.600445 0.43884999999999996
10 0.9065799999999999 0.477175 0.8922399999999999 0.477175 0.8922399999999999 0.488645 0.9065799999999999 0.488645 0.9065799999999999 0.477175
10 0.9706149999999999 0.431245 0.946385 0.431245 0.946385 0.44667500000000004 0.9706149999999999 0.44667500000000004 0.9706149999999999 0.431245
10 0.9361750000000001 0.6396 0.9075850000000001 0.6396 0.9075850000000001 0.66118 0.9361750000000001 0.66118 0.9361750000000001 0.6396
10 0.43309499999999995 0.322395 0.409185 0.322395 0.409185 0.347525 0.43309499999999995 0.347525 0.43309499999999995 0.322395
10 0.7657149999999999 0.46832 0.751865 0.46832 0.751865 0.47992 0.7657149999999999 0.47992 0.7657149999999999 0.46832
10 0.75361 0.56814 0.7307699999999999 0.56814 0.7307699999999999 0.58616 0.75361 0.58616 0.75361 0.56814
10 0.031740000000000004 0.540515 0.01712 0.540515 0.01712 0.554205 0.031740000000000004 0.554205 0.031740000000000004 0.540515
10 0.9317500000000001 0.45712 0.88271 0.45712 0.88271 0.49356 0.9317500000000001 0.49356 0.9317500000000001 0.45712
10 0.318095 0.665085 0.303985 0.665085 0.303985 0.675735 0.318095 0.675735 0.318095 0.665085
10 0.92097 0.58337 0.8993499999999999 0.58337 0.8993499999999999 0.5982700000000001 0.92097 0.5982700000000001 0.92097 0.58337
10 0.13761 0.42541 0.11361000000000002 0.42541 0.11361000000000002 0.45007 0.13761 0.45007 0.13761 0.42541
10 0.35224 0.668095 0.34014 0.668095 0.34014 0.682485 0.35224 0.682485 0.35224 0.668095
10 0.10481 0.2992 0.09343 0.2992 0.09343 0.30872 0.10481 0.30872 0.10481 0.2992
10 0.09306 0.657405 0.05488 0.657405 0.05488 0.6814549999999999 0.09306 0.6814549999999999 0.09306 0.657405
10 0.8598699999999999 0.56136 0.8315300000000001 0.56136 0.8315300000000001 0.58318 0.8598699999999999 0.58318 0.8598699999999999 0.56136
10 0.57511 0.540785 0.55477 0.540785 0.55477 0.559795 0.57511 0.559795 0.57511 0.540785
10 0.23328500000000002 0.66884 0.221555 0.66884 0.221555 0.68076 0.23328500000000002 0.68076 0.23328500000000002 0.66884
10 0.9240449999999999 0.64738 0.9099349999999999 0.64738 0.9099349999999999 0.65828 0.9240449999999999 0.65828 0.9240449999999999 0.64738
10 0.40069499999999997 0.443955 0.388865 0.443955 0.388865 0.45448500000000003 0.40069499999999997 0.45448500000000003 0.40069499999999997 0.443955
10 0.07594 0.337765 0.060160000000000005 0.337765 0.060160000000000005 0.35119500000000003 0.07594 0.35119500000000003 0.07594 0.337765
10 0.43200500000000003 0.39008 0.42151500000000003 0.39008 0.42151500000000003 0.39849999999999997 0.43200500000000003 0.39849999999999997 0.43200500000000003 0.39008
10 0.359395 0.38552 0.346665 0.38552 0.346665 0.39622 0.359395 0.39622 0.359395 0.38552
10 0.440655 0.6049249999999999 0.427025 0.6049249999999999 0.427025 0.618715 0.440655 0.618715 0.440655 0.6049249999999999
10 0.77574 0.455615 0.7516 0.455615 0.7516 0.47650499999999996 0.77574 0.47650499999999996 0.77574 0.455615
10 0.176145 0.6287200000000001 0.165415 0.6287200000000001 0.165415 0.63984 0.176145 0.63984 0.176145 0.6287200000000001
10 0.33778 0.377975 0.32188 0.377975 0.32188 0.388145 0.33778 0.388145 0.33778 0.377975
10 0.126055 0.69218 0.11418500000000001 0.69218 0.11418500000000001 0.7003999999999999 0.126055 0.7003999999999999 0.126055 0.69218
10 0.131495 0.28542999999999996 0.11204499999999999 0.28542999999999996 0.11204499999999999 0.30247 0.131495 0.30247 0.131495 0.28542999999999996
9 0 0.6719999999999999 0.004 0.674 0.064 0.6809999999999999 0.136 0.702 0.207 0.714 0.268 0.713 0.296 0.7190000000000001 0.341 0.721 0.385 0.706 0.418 0.705 0.492 0.726 0.5559999999999999 0.735 0.624 0.736 0.764 0.72 0.999 0.648 0.999 0.433 0.914 0.372 0.8480000000000001 0.34199999999999997 0.751 0.311 0.611 0.29100000000000004 0.36 0.302 0.34199999999999997 0.3 0.28700000000000003 0.27999999999999997 0.269 0.27799999999999997 0.146 0.27799999999999997 0.015 0.314 0 0.322 0 0.6719999999999999