10 0.40839499999999995 0.5571550000000001 0.369205 0.5571550000000001 0.369205 0.602745 0.40839499999999995 0.602745 0.40839499999999995 0.5571550000000001
10 0.10407 0.337995 0.08135 0.337995 0.08135 0.359765 0.10407 0.359765 0.10407 0.337995
10 0.202285 0.35153500000000004 0.184435 0.35153500000000004 0.184435 0.366725 0.202285 0.366725 0.202285 0.35153500000000004
10 0.052995 0.509285 0.031665 0.509285 0.031665 0.529775 0.052995 0.529775 0.052995 0.509285
10 0.250965 0.36184 0.23047499999999999 0.36184 0.23047499999999999 0.37692000000000003 0.250965 0.37692000000000003 0.250965 0.36184
10 0.37146 0.6489550000000001 0.3468 0.6489550000000001 0.3468 0.669405 0.37146 0.669405 0.37146 0.6489550000000001
10 0.18902000000000002 0.25325000000000003 0.16694 0.25325000000000003 0.16694 0.27409 0.18902000000000002 0.27409 0.18902000000000002 0.25325000000000003
10 0.23737 0.324565 0.22039 0.324565 0.22039 0.339995 0.23737 0.339995 0.23737 0.324565
10 0.24980000000000002 0.5158050000000001 0.2314 0.5158050000000001 0.2314 0.533995 0.24980000000000002 0.533995 0.24980000000000002 0.5158050000000001
10 0.097525 0.39676 0.077655 0.39676 0.077655 0.41184000000000004 0.097525 0.41184000000000004 0.097525 0.39676
10 0.021740000000000002 0.22402000000000002 0.00058 0.22402000000000002 0.00058 0.24596 0.021740000000000002 0.24596 0.021740000000000002 0.22402000000000002
10 0.03329 0.633625 0.016309999999999998 0.633625 0.016309999999999998 0.647635 0.03329 0.647635 0.03329 0.633625
10 0.21169500000000002 0.281015 0.191625 0.281015 0.191625 0.297605 0.21169500000000002 0.297605 0.21169500000000002 0.281015
10 0.40743 0.44265999999999994 0.38163 0.44265999999999994 0.38163 0.46163999999999994 0.40743 0.46163999999999994 0.40743 0.44265999999999994
10 0.464675 0.35927 0.44450500000000004 0.35927 0.44450500000000004 0.37656999999999996 0.464675 0.37656999999999996 0.464675 0.35927
10 0.044115 0.41454500000000005 0.023825 0.41454500000000005 0.023825 0.431655 0.044115 0.431655 0.044115 0.41454500000000005
10 0.5705 0.509295 0.55352 0.509295 0.55352 0.5229250000000001 0.5705 0.5229250000000001 0.5705 0.509295
10 0.724565 0.37584 0.695355 0.37584 0.695355 0.41078000000000003 0.724565 0.41078000000000003 0.724565 0.37584
10 0.440925 0.52069 0.423815 0.52069 0.423815 0.5349700000000001 0.440925 0.5349700000000001 0.440925 0.52069
10 0.404745 0.5041800000000001 0.38821500000000003 0.5041800000000001 0.38821500000000003 0.52122 0.404745 0.52122 0.404745 0.5041800000000001
10 0.231665 0.62785 0.207055 0.62785 0.207055 0.65829 0.231665 0.65829 0.231665 0.62785
10 0.6967 0.418055 0.63826 0.418055 0.63826 0.469145 0.6967 0.469145 0.6967 0.418055
10 0.12488999999999999 0.41567999999999994 0.09715 0.41567999999999994 0.09715 0.44858000000000003 0.12488999999999999 0.44858000000000003 0.12488999999999999 0.41567999999999994
10 0.29699 0.5486449999999999 0.26795 0.5486449999999999 0.26795 0.583195 0.29699 0.583195 0.29699 0.5486449999999999
10 0.25773999999999997 0.40231000000000006 0.24152 0.40231000000000006 0.24152 0.41897 0.25773999999999997 0.41897 0.25773999999999997 0.40231000000000006
10 0.230395 0.43641500000000005 0.185385 0.43641500000000005 0.185385 0.470325 0.230395 0.470325 0.230395 0.43641500000000005
10 0.3795 0.48597 0.35536 0.48597 0.35536 0.50231 0.3795 0.50231 0.3795 0.48597
10 0.887475 0.5307649999999999 0.872285 0.5307649999999999 0.872285 0.547355 0.887475 0.547355 0.887475 0.5307649999999999
9 0 0.741 0.05600000000000001 0.74 0.10500000000000001 0.733 0.141 0.733 0.209 0.746 0.271 0.741 0.333 0.724 0.34500000000000003 0.7150000000000001 0.379 0.704 0.41200000000000003 0.683 0.458 0.671 0.472 0.661 0.483 0.661 0.493 0.666 0.518 0.665 0.5469999999999999 0.651 0.564 0.6519999999999999 0.5820000000000001 0.659 0.648 0.659 0.6519999999999999 0.6559999999999999 0.653 0.644 0.645 0.603 0.667 0.5650000000000001 0.6769999999999999 0.5559999999999999 0.693 0.5559999999999999 0.724 0.5780000000000001 0.729 0.584 0.726 0.615 0.736 0.626 0.743 0.619 0.755 0.615 0.758 0.606 0.771 0.599 0.771 0.588 0.783 0.571 0.79 0.572 0.798 0.58 0.85 0.577 0.861 0.5740000000000001 0.869 0.564 0.897 0.568 0.9400000000000001 0.549 0.999 0.537 0.999 0.45999999999999996 0.933 0.46799999999999997 0.921 0.46299999999999997 0.898 0.46399999999999997 0.8800000000000001 0.45899999999999996 0.8480000000000001 0.458 0.8300000000000001 0.445 0.818 0.44299999999999995 0.805 0.425 0.805 0.396 0.8089999999999999 0.385 0.792 0.34199999999999997 0.788 0.337 0.77 0.333 0.765 0.323 0.753 0.314 0.636 0.282 0.5650000000000001 0.255 0.45899999999999996 0.23199999999999998 0.433 0.23199999999999998 0.425 0.23700000000000002 0.43 0.24700000000000003 0.413 0.258 0.372 0.253 0.32599999999999996 0.23900000000000002 0.266 0.213 0.189 0.194 0.12 0.16999999999999998 0.075 0.157 0.012 0.147 0 0.147 0 0.741