10 0.74676 0.59155 0.7199 0.59155 0.7199 0.62241 0.74676 0.62241 0.74676 0.59155
10 0.66331 0.641085 0.64627 0.641085 0.64627 0.661655 0.66331 0.661655 0.66331 0.641085
10 0.6369849999999999 0.3558 0.616915 0.3558 0.616915 0.37564000000000003 0.6369849999999999 0.37564000000000003 0.6369849999999999 0.3558
10 0.77189 0.45215500000000003 0.75155 0.45215500000000003 0.75155 0.46728500000000006 0.77189 0.46728500000000006 0.77189 0.45215500000000003
10 0.79121 0.630535 0.77911 0.630535 0.77911 0.640945 0.79121 0.640945 0.79121 0.630535
10 0.48789 0.58165 0.46864999999999996 0.58165 0.46864999999999996 0.59999 0.48789 0.59999 0.48789 0.58165
10 0.59734 0.436385 0.58138 0.436385 0.58138 0.44789500000000004 0.59734 0.44789500000000004 0.59734 0.436385
10 0.630195 0.5844400000000001 0.608085 0.5844400000000001 0.608085 0.6020800000000001 0.630195 0.6020800000000001 0.630195 0.5844400000000001
10 0.9539500000000001 0.39481 0.9356899999999999 0.39481 0.9356899999999999 0.40793 0.9539500000000001 0.40793 0.9539500000000001 0.39481
10 0.19113 0.414735 0.17435 0.414735 0.17435 0.42852499999999993 0.19113 0.42852499999999993 0.19113 0.414735
10 0.91984 0.43201999999999996 0.8995 0.43201999999999996 0.8995 0.44836 0.91984 0.44836 0.91984 0.43201999999999996
10 0.692835 0.56296 0.679245 0.56296 0.679245 0.57474 0.692835 0.57474 0.692835 0.56296
10 0.6752900000000001 0.55541 0.65771 0.55541 0.65771 0.56959 0.6752900000000001 0.56959 0.6752900000000001 0.55541
10 0.8709899999999999 0.443325 0.85361 0.443325 0.85361 0.457555 0.8709899999999999 0.457555 0.8709899999999999 0.443325
10 0.40776 0.41152 0.38618 0.41152 0.38618 0.4293 0.40776 0.4293 0.40776 0.41152
10 0.770925 0.35771000000000003 0.7554350000000001 0.35771000000000003 0.7554350000000001 0.36934999999999996 0.770925 0.36934999999999996 0.770925 0.35771000000000003
10 0.57374 0.5954349999999999 0.55418 0.5954349999999999 0.55418 0.610625 0.57374 0.610625 0.57374 0.5954349999999999
10 0.43002 0.5783750000000001 0.40446 0.5783750000000001 0.40446 0.591545 0.43002 0.591545 0.43002 0.5783750000000001
10 0.72393 0.566125 0.70771 0.566125 0.70771 0.578415 0.72393 0.578415 0.72393 0.566125
10 0.894275 0.41902999999999996 0.873305 0.41902999999999996 0.873305 0.43594999999999995 0.894275 0.43594999999999995 0.894275 0.41902999999999996
10 0.912425 0.581975 0.899095 0.581975 0.899095 0.595765 0.912425 0.595765 0.912425 0.581975
10 0.816645 0.54994 0.801515 0.54994 0.801515 0.56628 0.816645 0.56628 0.816645 0.54994
10 0.8383100000000001 0.4191 0.8218500000000001 0.4191 0.8218500000000001 0.43343999999999994 0.8383100000000001 0.43343999999999994 0.8383100000000001 0.4191
10 0.458005 0.44546 0.43847500000000006 0.44546 0.43847500000000006 0.46372 0.458005 0.46372 0.458005 0.44546
10 0.13022 0.40801 0.11648 0.40801 0.11648 0.42207 0.13022 0.42207 0.13022 0.40801
10 0.63994 0.657015 0.62666 0.657015 0.62666 0.669165 0.63994 0.669165 0.63994 0.657015
10 0.80841 0.625575 0.79413 0.625575 0.79413 0.6371249999999999 0.80841 0.6371249999999999 0.80841 0.625575
10 0.364535 0.389745 0.351765 0.389745 0.351765 0.400775 0.364535 0.400775 0.364535 0.389745
10 0.1719 0.394115 0.1555 0.394115 0.1555 0.40812499999999996 0.1719 0.40812499999999996 0.1719 0.394115
10 0.776875 0.5780350000000001 0.761205 0.5780350000000001 0.761205 0.590905 0.776875 0.590905 0.776875 0.5780350000000001
10 0.21265 0.44291 0.19263 0.44291 0.19263 0.45845 0.21265 0.45845 0.21265 0.44291
10 0.642355 0.366705 0.622285 0.366705 0.622285 0.383295 0.642355 0.383295 0.642355 0.366705
10 0.558335 0.360085 0.538345 0.360085 0.538345 0.37527499999999997 0.558335 0.37527499999999997 0.558335 0.360085
10 0.893825 0.37605 0.874735 0.37605 0.874735 0.39251 0.893825 0.39251 0.893825 0.37605
10 0.8471650000000001 0.678925 0.830575 0.678925 0.830575 0.693155 0.8471650000000001 0.693155 0.8471650000000001 0.678925
10 0.983845 0.6304350000000001 0.9702550000000001 0.6304350000000001 0.9702550000000001 0.6430049999999999 0.983845 0.6430049999999999 0.983845 0.6304350000000001
10 0.34087999999999996 0.604665 0.31488 0.604665 0.31488 0.6267750000000001 0.34087999999999996 0.6267750000000001 0.34087999999999996 0.604665
10 0.09815 0.43483 0.08397 0.43483 0.08397 0.45433 0.09815 0.45433 0.09815 0.43483
10 0.51762 0.44672999999999996 0.49702 0.44672999999999996 0.49702 0.46245 0.51762 0.46245 0.51762 0.44672999999999996
10 0.9377549999999999 0.47112999999999994 0.920645 0.47112999999999994 0.920645 0.48785 0.9377549999999999 0.48785 0.9377549999999999 0.47112999999999994
10 1 0.49945500000000004 0.992775 0.49945500000000004 0.992775 0.511285 1 0.511285 1 0.49945500000000004
10 0.97305 0.46773499999999996 0.95957 0.46773499999999996 0.95957 0.48050499999999996 0.97305 0.48050499999999996 0.97305 0.46773499999999996
10 0.389795 0.30772499999999997 0.366065 0.30772499999999997 0.366065 0.328015 0.389795 0.328015 0.389795 0.30772499999999997
10 0.60173 0.35738 0.57991 0.35738 0.57991 0.3765 0.60173 0.3765 0.60173 0.35738
10 0.42942 0.419115 0.40700000000000003 0.419115 0.40700000000000003 0.43976499999999996 0.42942 0.43976499999999996 0.42942 0.419115
10 0.710655 0.42019 0.6926650000000001 0.42019 0.6926650000000001 0.43821000000000004 0.710655 0.43821000000000004 0.710655 0.42019
10 0.27036 0.60022 0.22818 0.60022 0.22818 0.6331800000000001 0.27036 0.6331800000000001 0.27036 0.60022
10 0.46406000000000003 0.414335 0.43292 0.414335 0.43292 0.446985 0.46406000000000003 0.446985 0.46406000000000003 0.414335
10 0.47955500000000006 0.532475 0.46918499999999996 0.532475 0.46918499999999996 0.545645 0.47955500000000006 0.545645 0.47955500000000006 0.532475
10 0.31499 0.40708 0.28461 0.40708 0.28461 0.43764000000000003 0.31499 0.43764000000000003 0.31499 0.40708
10 1 0.39931 0.996215 0.39931 0.996215 0.41123000000000004 1 0.41123000000000004 1 0.39931
10 0.6321749999999999 0.41464 0.5563049999999999 0.41464 0.5563049999999999 0.46914 0.6321749999999999 0.46914 0.6321749999999999 0.41464
10 0.497165 0.48965500000000006 0.465735 0.48965500000000006 0.465735 0.5103449999999999 0.497165 0.5103449999999999 0.497165 0.48965500000000006
10 0.50846 0.433075 0.49544 0.433075 0.49544 0.44730499999999995 0.50846 0.44730499999999995 0.50846 0.433075
10 0.51998 0.468175 0.50542 0.468175 0.50542 0.482025 0.51998 0.482025 0.51998 0.468175
10 0.772605 0.66306 0.760595 0.66306 0.760595 0.6728799999999999 0.772605 0.6728799999999999 0.772605 0.66306
10 0.35505 0.62452 0.33001 0.62452 0.33001 0.64306 0.35505 0.64306 0.35505 0.62452
10 0.49139999999999995 0.474205 0.48028000000000004 0.474205 0.48028000000000004 0.48233499999999996 0.49139999999999995 0.48233499999999996 0.49139999999999995 0.474205
10 0.974535 0.61138 0.966865 0.61138 0.966865 0.61812 0.974535 0.61812 0.974535 0.61138
10 0.870955 0.47553 0.8497450000000001 0.47553 0.8497450000000001 0.49761 0.870955 0.49761 0.870955 0.47553
10 0.03687 0.44955999999999996 0.01407 0.44955999999999996 0.01407 0.47036 0.03687 0.47036 0.03687 0.44955999999999996
10 0.24989499999999998 0.4039 0.24400499999999997 0.4039 0.24400499999999997 0.40908 0.24989499999999998 0.40908 0.24989499999999998 0.4039
10 0.9872949999999999 0.56154 0.9765650000000001 0.56154 0.9765650000000001 0.57128 0.9872949999999999 0.57128 0.9872949999999999 0.56154
10 0.7499100000000001 0.49632 0.7246900000000001 0.49632 0.7246900000000001 0.50856 0.7499100000000001 0.50856 0.7499100000000001 0.49632
10 0.420025 0.493865 0.40907499999999997 0.493865 0.40907499999999997 0.502715 0.420025 0.502715 0.420025 0.493865
10 0.6742950000000001 0.48554 0.6606650000000001 0.48554 0.6606650000000001 0.49640000000000006 0.6742950000000001 0.49640000000000006 0.6742950000000001 0.48554
10 0.43519500000000005 0.49224500000000004 0.409045 0.49224500000000004 0.409045 0.505315 0.43519500000000005 0.505315 0.43519500000000005 0.49224500000000004
10 0.37878500000000004 0.322315 0.365355 0.322315 0.365355 0.33198500000000003 0.37878500000000004 0.33198500000000003 0.37878500000000004 0.322315
10 0.124085 0.583725 0.111015 0.583725 0.111015 0.594015 0.124085 0.594015 0.124085 0.583725
10 0.40953999999999996 0.410875 0.40248 0.410875 0.40248 0.41968500000000003 0.40953999999999996 0.41968500000000003 0.40953999999999996 0.410875
10 0.028775000000000002 0.5044850000000001 0.011665 0.5044850000000001 0.011665 0.515055 0.028775000000000002 0.515055 0.028775000000000002 0.5044850000000001
10 0.9241199999999999 0.543335 0.9147399999999999 0.543335 0.9147399999999999 0.554325 0.9241199999999999 0.554325 0.9241199999999999 0.543335
10 0.96967 0.49629 0.95807 0.49629 0.95807 0.50273 0.96967 0.50273 0.96967 0.49629
10 0.038279999999999995 0.427395 0.024 0.427395 0.024 0.437845 0.038279999999999995 0.437845 0.038279999999999995 0.427395
10 0.398275 0.64295 0.375645 0.64295 0.375645 0.65197 0.398275 0.65197 0.398275 0.64295
10 0.13467 0.61019 0.08627 0.61019 0.08627 0.62321 0.13467 0.62321 0.13467 0.61019
10 0.10521 0.61339 0.09229000000000001 0.61339 0.09229000000000001 0.6219699999999999 0.10521 0.6219699999999999 0.10521 0.61339
10 0.41755000000000003 0.383075 0.41154999999999997 0.383075 0.41154999999999997 0.39036499999999996 0.41755000000000003 0.39036499999999996 0.41755000000000003 0.383075
10 0.7158450000000001 0.696555 0.693335 0.696555 0.693335 0.705785 0.7158450000000001 0.705785 0.7158450000000001 0.696555
10 0.915635 0.6212500000000001 0.8587849999999999 0.6212500000000001 0.8587849999999999 0.65317 0.915635 0.65317 0.915635 0.6212500000000001
9 0 0.595 0.005 0.597 0.087 0.616 0.20099999999999998 0.62 0.28300000000000003 0.642 0.381 0.648 0.43 0.638 0.46900000000000003 0.64 0.585 0.673 0.6900000000000001 0.6950000000000001 0.745 0.7110000000000001 0.834 0.717 0.844 0.713 0.999 0.6950000000000001 0.999 0.357 0.969 0.358 0.909 0.352 0.835 0.329 0.776 0.319 0.718 0.322 0.599 0.33599999999999997 0.496 0.337 0.44299999999999995 0.325 0.403 0.309 0.373 0.307 0.314 0.314 0.23399999999999999 0.343 0.173 0.346 0.11599999999999999 0.33599999999999997 0.079 0.33599999999999997 0.038 0.34500000000000003 0.006 0.358 0 0.363 0 0.595