10 0.16032 0.728345 0.07970000000000001 0.728345 0.07970000000000001 0.776815 0.16032 0.776815 0.16032 0.728345
10 0.8266600000000001 0.721155 0.7915 0.721155 0.7915 0.750525 0.8266600000000001 0.750525 0.8266600000000001 0.721155
10 0.20562999999999998 0.667735 0.17035 0.667735 0.17035 0.687725 0.20562999999999998 0.687725 0.20562999999999998 0.667735
10 0.687225 0.46109 0.632115 0.46109 0.632115 0.5061899999999999 0.687225 0.5061899999999999 0.687225 0.46109
10 0.53574 0.632825 0.5004 0.632825 0.5004 0.6591750000000001 0.53574 0.6591750000000001 0.53574 0.632825
10 0.30051 0.65807 0.27175 0.65807 0.27175 0.68177 0.30051 0.68177 0.30051 0.65807
10 0.43677 0.62398 0.39771 0.62398 0.39771 0.64652 0.43677 0.64652 0.43677 0.62398
10 0.01994 0.742925 0.00056 0.742925 0.00056 0.7580549999999999 0.01994 0.7580549999999999 0.01994 0.742925
10 0.34954999999999997 0.609325 0.26227 0.609325 0.26227 0.667035 0.34954999999999997 0.667035 0.34954999999999997 0.609325
10 0.22037 0.32821 0.20345 0.32821 0.20345 0.34855 0.22037 0.34855 0.22037 0.32821
10 0.11101000000000001 0.69894 0.08038999999999999 0.69894 0.08038999999999999 0.7258600000000001 0.11101000000000001 0.7258600000000001 0.11101000000000001 0.69894
10 0.719555 0.60607 0.675945 0.60607 0.675945 0.6370899999999999 0.719555 0.6370899999999999 0.719555 0.60607
10 0.822175 0.680645 0.797945 0.680645 0.797945 0.702175 0.822175 0.702175 0.822175 0.680645
10 0.074795 0.292505 0.056425 0.292505 0.056425 0.30661499999999997 0.074795 0.30661499999999997 0.074795 0.292505
10 0.086575 0.34536500000000003 0.072725 0.34536500000000003 0.072725 0.359215 0.086575 0.359215 0.086575 0.34536500000000003
10 0.744815 0.630255 0.682925 0.630255 0.682925 0.661745 0.744815 0.661745 0.744815 0.630255
10 0.040725 0.43564499999999995 0.027755000000000002 0.43564499999999995 0.027755000000000002 0.45009499999999997 0.040725 0.45009499999999997 0.040725 0.43564499999999995
10 0.05913 0.692115 0.029249999999999998 0.692115 0.029249999999999998 0.714145 0.05913 0.714145 0.05913 0.692115
10 0.6310450000000001 0.609585 0.5691550000000001 0.609585 0.5691550000000001 0.638455 0.6310450000000001 0.638455 0.6310450000000001 0.609585
10 0.39235000000000003 0.58826 0.36253 0.58826 0.36253 0.6070599999999999 0.39235000000000003 0.6070599999999999 0.39235000000000003 0.58826
10 0.21295000000000003 0.5684199999999999 0.12786999999999998 0.5684199999999999 0.12786999999999998 0.58784 0.21295000000000003 0.58784 0.21295000000000003 0.5684199999999999
10 0.11456 0.78301 0.04046 0.78301 0.04046 0.80683 0.11456 0.80683 0.11456 0.78301
10 0.5075000000000001 0.631505 0.38458000000000003 0.631505 0.38458000000000003 0.711275 0.5075000000000001 0.711275 0.5075000000000001 0.631505
10 0.540585 0.538925 0.526795 0.538925 0.526795 0.551895 0.540585 0.551895 0.540585 0.538925
10 0.111405 0.449375 0.09281500000000001 0.449375 0.09281500000000001 0.463225 0.111405 0.463225 0.111405 0.449375
10 0.97535 0.728155 0.93675 0.728155 0.93675 0.742545 0.97535 0.742545 0.97535 0.728155
10 0.99574 0.69881 0.96226 0.69881 0.96226 0.73381 0.99574 0.73381 0.99574 0.69881
10 0.68902 0.45269000000000004 0.6605800000000001 0.45269000000000004 0.6605800000000001 0.46479 0.68902 0.46479 0.68902 0.45269000000000004
10 0.671735 0.519945 0.650525 0.519945 0.650525 0.534735 0.671735 0.534735 0.671735 0.519945
10 0.26543 0.57848 0.24727000000000002 0.57848 0.24727000000000002 0.59438 0.26543 0.59438 0.26543 0.57848
10 0.900855 0.600835 0.8872249999999999 0.600835 0.8872249999999999 0.6140049999999999 0.900855 0.6140049999999999 0.900855 0.600835
10 0.25471499999999997 0.562395 0.246265 0.562395 0.246265 0.572365 0.25471499999999997 0.572365 0.25471499999999997 0.562395
10 0.52635 0.5114449999999999 0.51565 0.5114449999999999 0.51565 0.5227350000000001 0.52635 0.5227350000000001 0.52635 0.5114449999999999
10 0.11056999999999999 0.6248750000000001 0.09987 0.6248750000000001 0.09987 0.6348849999999999 0.11056999999999999 0.6348849999999999 0.11056999999999999 0.6248750000000001
10 0.999995 0.58635 0.990705 0.58635 0.990705 0.60603 0.999995 0.60603 0.999995 0.58635
10 0.524365 0.43499999999999994 0.485395 0.43499999999999994 0.485395 0.46685999999999994 0.524365 0.46685999999999994 0.524365 0.43499999999999994
9 0 0.8130000000000001 0.039 0.8109999999999999 0.099 0.7929999999999999 0.213 0.769 0.266 0.77 0.274 0.761 0.31 0.755 0.322 0.747 0.351 0.744 0.364 0.734 0.387 0.727 0.42000000000000004 0.727 0.44000000000000006 0.736 0.466 0.74 0.524 0.733 0.549 0.734 0.5700000000000001 0.74 0.696 0.8039999999999999 0.722 0.8119999999999999 0.752 0.8150000000000001 0.794 0.8130000000000001 0.826 0.8029999999999999 0.891 0.766 0.9369999999999999 0.748 0.9789999999999999 0.747 0.999 0.752 0.999 0.6 0.905 0.563 0.873 0.546 0.8109999999999999 0.503 0.783 0.489 0.709 0.465 0.643 0.45199999999999996 0.517 0.44699999999999995 0.492 0.437 0.45899999999999996 0.413 0.41 0.388 0.311 0.35 0.213 0.325 0.007000000000000001 0.282 0 0.282 0 0.8130000000000001