10 0.447335 0.33246000000000003 0.393825 0.33246000000000003 0.393825 0.37707999999999997 0.447335 0.37707999999999997 0.447335 0.33246000000000003
10 0.76533 0.19504 0.7313500000000001 0.19504 0.7313500000000001 0.23628 0.76533 0.23628 0.76533 0.19504
10 0.697035 0.28576 0.645965 0.28576 0.645965 0.31628 0.697035 0.31628 0.697035 0.28576
10 0.917935 0.5806 0.868765 0.5806 0.868765 0.61706 0.917935 0.61706 0.917935 0.5806
10 0.75758 0.20315500000000003 0.72288 0.20315500000000003 0.72288 0.22824499999999998 0.75758 0.22824499999999998 0.75758 0.20315500000000003
10 0.663755 0.24506999999999998 0.631165 0.24506999999999998 0.631165 0.27251 0.663755 0.27251 0.663755 0.24506999999999998
10 0.7495149999999999 0.23225500000000002 0.7182649999999999 0.23225500000000002 0.7182649999999999 0.257245 0.7495149999999999 0.257245 0.7495149999999999 0.23225500000000002
10 0.987215 0.28938 0.967865 0.28938 0.967865 0.30534 0.987215 0.30534 0.987215 0.28938
10 0.753885 0.50381 0.7246349999999999 0.50381 0.7246349999999999 0.53329 0.753885 0.53329 0.753885 0.50381
10 0.43809 0.64718 0.40811000000000003 0.64718 0.40811000000000003 0.66728 0.43809 0.66728 0.43809 0.64718
10 0.17183500000000002 0.54521 0.149205 0.54521 0.149205 0.56123 0.17183500000000002 0.56123 0.17183500000000002 0.54521
10 0.10381 0.5519499999999999 0.07637000000000001 0.5519499999999999 0.07637000000000001 0.5681700000000001 0.10381 0.5681700000000001 0.10381 0.5519499999999999
10 0.70446 0.718665 0.6764 0.718665 0.6764 0.738375 0.70446 0.738375 0.70446 0.718665
10 0.946645 0.210155 0.927375 0.210155 0.927375 0.225645 0.946645 0.225645 0.946645 0.210155
10 0.73835 0.561725 0.71185 0.561725 0.71185 0.584755 0.73835 0.584755 0.73835 0.561725
10 0.81335 0.51894 0.79211 0.51894 0.79211 0.53478 0.81335 0.53478 0.81335 0.51894
10 0.378975 0.48236999999999997 0.358325 0.48236999999999997 0.358325 0.49809000000000003 0.378975 0.49809000000000003 0.378975 0.48236999999999997
10 0.9116199999999999 0.5356449999999999 0.87744 0.5356449999999999 0.87744 0.5668949999999999 0.9116199999999999 0.5668949999999999 0.9116199999999999 0.5356449999999999
10 0.38131499999999996 0.60808 0.355005 0.60808 0.355005 0.62532 0.38131499999999996 0.62532 0.38131499999999996 0.60808
10 0.8630699999999999 0.61833 0.83615 0.61833 0.83615 0.63753 0.8630699999999999 0.63753 0.8630699999999999 0.61833
10 0.885985 0.38329 0.8337350000000001 0.38329 0.8337350000000001 0.43361 0.885985 0.43361 0.885985 0.38329
10 0.909565 0.44160000000000005 0.8873150000000001 0.44160000000000005 0.8873150000000001 0.46904 0.909565 0.46904 0.909565 0.44160000000000005
10 0.44705000000000006 0.550145 0.42257 0.550145 0.42257 0.565095 0.44705000000000006 0.565095 0.44705000000000006 0.550145
10 0.30876000000000003 0.568715 0.28694000000000003 0.568715 0.28694000000000003 0.581685 0.30876000000000003 0.581685 0.30876000000000003 0.568715
10 0.9939899999999999 0.361835 0.95523 0.361835 0.95523 0.392565 0.9939899999999999 0.392565 0.9939899999999999 0.361835
10 0.26003 0.45548 0.24386999999999998 0.45548 0.24386999999999998 0.47176 0.26003 0.47176 0.26003 0.45548
10 0.865755 0.38653 0.834445 0.38653 0.834445 0.40937 0.865755 0.40937 0.865755 0.38653
10 0.73848 0.4162 0.71074 0.4162 0.71074 0.4505 0.73848 0.4505 0.73848 0.4162
10 0.89557 0.490095 0.8788500000000001 0.490095 0.8788500000000001 0.501125 0.89557 0.501125 0.89557 0.490095
10 0.656245 0.52238 0.635755 0.52238 0.635755 0.5410999999999999 0.656245 0.5410999999999999 0.656245 0.52238
10 0.5308849999999999 0.50678 0.514035 0.50678 0.514035 0.51764 0.5308849999999999 0.51764 0.5308849999999999 0.50678
10 0.980925 0.60975 0.955595 0.60975 0.955595 0.62365 0.980925 0.62365 0.980925 0.60975
10 0.92968 0.754875 0.9042999999999999 0.754875 0.9042999999999999 0.769545 0.92968 0.769545 0.92968 0.754875
10 0.39263 0.46576000000000006 0.37055 0.46576000000000006 0.37055 0.48688000000000003 0.39263 0.48688000000000003 0.39263 0.46576000000000006
10 1 0.342105 0.9915800000000001 0.342105 0.9915800000000001 0.35711499999999996 1 0.35711499999999996 1 0.342105
10 0.43256500000000003 0.44945500000000005 0.41949500000000006 0.44945500000000005 0.41949500000000006 0.464125 0.43256500000000003 0.464125 0.43256500000000003 0.44945500000000005
10 0.658355 0.55791 0.6258250000000001 0.55791 0.6258250000000001 0.58271 0.658355 0.58271 0.658355 0.55791
10 0.8712949999999999 0.62234 0.8279249999999999 0.62234 0.8279249999999999 0.6540199999999999 0.8712949999999999 0.6540199999999999 0.8712949999999999 0.62234
10 0.9985950000000001 0.538035 0.920345 0.538035 0.920345 0.589885 0.9985950000000001 0.589885 0.9985950000000001 0.538035
10 0.538815 0.49695999999999996 0.506105 0.49695999999999996 0.506105 0.50988 0.538815 0.50988 0.538815 0.49695999999999996
10 0.634515 0.558925 0.5334450000000001 0.558925 0.5334450000000001 0.6217349999999999 0.634515 0.6217349999999999 0.634515 0.558925
10 0.76546 0.743865 0.7501599999999999 0.743865 0.7501599999999999 0.758095 0.76546 0.758095 0.76546 0.743865
10 0.8448499999999999 0.15753 0.7742899999999999 0.15753 0.7742899999999999 0.18353 0.8448499999999999 0.18353 0.8448499999999999 0.15753
10 0.6904250000000001 0.18591 0.6367149999999999 0.18591 0.6367149999999999 0.20593 0.6904250000000001 0.20593 0.6904250000000001 0.18591
10 0.5112 0.244145 0.42532 0.244145 0.42532 0.28857499999999997 0.5112 0.28857499999999997 0.5112 0.244145
10 0.779865 0.404535 0.767995 0.404535 0.767995 0.416265 0.779865 0.416265 0.779865 0.404535
10 0.56809 0.600505 0.5305500000000001 0.600505 0.5305500000000001 0.622155 0.56809 0.622155 0.56809 0.600505
10 0.5847 0.70131 0.55104 0.70131 0.55104 0.71861 0.5847 0.71861 0.5847 0.70131
10 0.15184999999999998 0.605385 0.13989000000000001 0.605385 0.13989000000000001 0.614335 0.15184999999999998 0.614335 0.15184999999999998 0.605385
10 0.29384 0.32969499999999996 0.2589 0.32969499999999996 0.2589 0.358285 0.29384 0.358285 0.29384 0.32969499999999996
10 0.15639 0.391105 0.13169 0.391105 0.13169 0.404795 0.15639 0.404795 0.15639 0.391105
10 0.46987500000000004 0.675165 0.440285 0.675165 0.440285 0.6861550000000001 0.46987500000000004 0.6861550000000001 0.46987500000000004 0.675165
10 0.51288 0.311855 0.35626 0.311855 0.35626 0.425445 0.51288 0.425445 0.51288 0.311855
10 0.6224000000000001 0.5682 0.60124 0.5682 0.60124 0.58708 0.6224000000000001 0.58708 0.6224000000000001 0.5682
10 0.9864050000000001 0.467295 0.950115 0.467295 0.950115 0.478025 0.9864050000000001 0.478025 0.9864050000000001 0.467295
10 0.157745 0.901165 0.10861499999999999 0.901165 0.10861499999999999 0.961135 0.157745 0.961135 0.157745 0.901165
10 0.9441649999999999 0.5104599999999999 0.9376749999999999 0.5104599999999999 0.9376749999999999 0.51786 0.9441649999999999 0.51786 0.9441649999999999 0.5104599999999999
10 0.584895 0.59721 0.572325 0.59721 0.572325 0.61177 0.584895 0.61177 0.584895 0.59721
10 0.08963499999999999 0.424225 0.004365 0.424225 0.004365 0.5083949999999999 0.08963499999999999 0.5083949999999999 0.08963499999999999 0.424225
10 0.18615500000000001 0.415005 0.053225 0.415005 0.053225 0.512235 0.18615500000000001 0.512235 0.18615500000000001 0.415005
10 0.60443 0.55836 0.57721 0.55836 0.57721 0.58422 0.60443 0.58422 0.60443 0.55836
10 0.59787 0.392185 0.5056499999999999 0.392185 0.5056499999999999 0.433015 0.59787 0.433015 0.59787 0.392185
10 0.22308 0.382495 0.10406 0.382495 0.10406 0.41926500000000005 0.22308 0.41926500000000005 0.22308 0.382495
10 0.747525 0.4737 0.7173149999999999 0.4737 0.7173149999999999 0.48186 0.747525 0.48186 0.747525 0.4737
9 0 0.5309999999999999 0.023 0.5519999999999999 0.036 0.558 0.074 0.595 0.10500000000000001 0.611 0.127 0.615 0.152 0.61 0.16599999999999998 0.603 0.186 0.601 0.236 0.604 0.29900000000000004 0.633 0.32 0.648 0.32999999999999996 0.649 0.341 0.6599999999999999 0.385 0.678 0.43099999999999994 0.686 0.462 0.6839999999999999 0.48600000000000004 0.687 0.534 0.7 0.548 0.708 0.572 0.709 0.609 0.725 0.6719999999999999 0.74 0.705 0.742 0.733 0.754 0.826 0.766 0.905 0.769 0.9460000000000001 0.775 0.9720000000000001 0.783 0.999 0.779 0.999 0.149 0.9550000000000001 0.148 0.86 0.154 0.613 0.20099999999999998 0.525 0.231 0.518 0.238 0.454 0.269 0.365 0.29300000000000004 0.32599999999999996 0.31 0.254 0.357 0.054000000000000006 0.42400000000000004 0.004 0.42000000000000004 0 0.422 0 0.5309999999999999