10 0.790065 0.41624 0.737115 0.41624 0.737115 0.46299999999999997 0.790065 0.46299999999999997 0.790065 0.41624
10 0.7113 0.477175 0.66272 0.477175 0.66272 0.513065 0.7113 0.513065 0.7113 0.477175
10 0.24887 0.41478000000000004 0.23453 0.41478000000000004 0.23453 0.42702 0.24887 0.42702 0.24887 0.41478000000000004
10 0.871715 0.422785 0.8538650000000001 0.422785 0.8538650000000001 0.437575 0.871715 0.437575 0.871715 0.422785
10 0.32437499999999997 0.5504749999999999 0.298665 0.5504749999999999 0.298665 0.573545 0.32437499999999997 0.573545 0.32437499999999997 0.5504749999999999
10 0.5862 0.45719000000000004 0.5681 0.45719000000000004 0.5681 0.47153 0.5862 0.47153 0.5862 0.45719000000000004
10 0.30495 0.596865 0.28098999999999996 0.596865 0.28098999999999996 0.616035 0.30495 0.616035 0.30495 0.596865
10 0.9165850000000001 0.563735 0.892015 0.563735 0.892015 0.584705 0.9165850000000001 0.584705 0.9165850000000001 0.563735
10 0.817375 0.381905 0.800785 0.381905 0.800785 0.395435 0.817375 0.395435 0.817375 0.381905
10 0.37711 0.441685 0.35189 0.441685 0.35189 0.46457499999999996 0.37711 0.46457499999999996 0.37711 0.441685
10 0.32995 0.446495 0.31361 0.446495 0.31361 0.46122500000000005 0.32995 0.46122500000000005 0.32995 0.446495
10 0.63171 0.37584 0.61537 0.37584 0.61537 0.39174000000000003 0.63171 0.39174000000000003 0.63171 0.37584
10 0.60352 0.637675 0.58594 0.637675 0.58594 0.661145 0.60352 0.661145 0.60352 0.637675
10 0.64116 0.5820350000000001 0.61958 0.5820350000000001 0.61958 0.598625 0.64116 0.598625 0.64116 0.5820350000000001
10 0.67537 0.67872 0.65959 0.67872 0.65959 0.69432 0.67537 0.69432 0.67537 0.67872
10 0.973795 0.43838499999999997 0.955885 0.43838499999999997 0.955885 0.451755 0.973795 0.451755 0.973795 0.43838499999999997
10 0.639965 0.62639 0.619795 0.62639 0.619795 0.64217 0.639965 0.64217 0.639965 0.62639
10 0.996115 0.554605 0.973605 0.554605 0.973605 0.577235 0.996115 0.577235 0.996115 0.554605
10 0.5497150000000001 0.61331 0.527425 0.61331 0.527425 0.63083 0.5497150000000001 0.63083 0.5497150000000001 0.61331
10 0.9071 0.608005 0.8849 0.608005 0.8849 0.627355 0.9071 0.627355 0.9071 0.608005
10 0.75188 0.39027 0.73444 0.39027 0.73444 0.40417 0.75188 0.40417 0.75188 0.39027
10 0.40591999999999995 0.61973 0.38608 0.61973 0.38608 0.6371100000000001 0.40591999999999995 0.6371100000000001 0.40591999999999995 0.61973
10 0.8852 0.474885 0.86578 0.474885 0.86578 0.496795 0.8852 0.496795 0.8852 0.474885
10 0.5302 0.6975 0.51276 0.6975 0.51276 0.71168 0.5302 0.71168 0.5302 0.6975
10 0.16757 0.392615 0.15079 0.392615 0.15079 0.40620500000000004 0.16757 0.40620500000000004 0.16757 0.392615
10 0.649805 0.385075 0.635355 0.385075 0.635355 0.40008499999999997 0.649805 0.40008499999999997 0.649805 0.385075
10 0.21693500000000002 0.38431000000000004 0.20420500000000003 0.38431000000000004 0.20420500000000003 0.39743 0.21693500000000002 0.39743 0.21693500000000002 0.38431000000000004
10 0.33488 0.35964 0.3116 0.35964 0.3116 0.38206 0.33488 0.38206 0.33488 0.35964
10 0.83947 0.681645 0.81971 0.681645 0.81971 0.698235 0.83947 0.698235 0.83947 0.681645
10 0.695465 0.37267 0.680515 0.37267 0.680515 0.38856999999999997 0.695465 0.38856999999999997 0.695465 0.37267
10 0.8022349999999999 0.368415 0.789565 0.368415 0.789565 0.378665 0.8022349999999999 0.378665 0.8022349999999999 0.368415
10 0.9859199999999999 0.464735 0.97014 0.464735 0.97014 0.477165 0.9859199999999999 0.477165 0.9859199999999999 0.464735
10 0.29812500000000003 0.353105 0.282935 0.353105 0.282935 0.36711499999999997 0.29812500000000003 0.36711499999999997 0.29812500000000003 0.353105
10 0.27451 0.528235 0.24503 0.528235 0.24503 0.550865 0.27451 0.550865 0.27451 0.528235
10 0.9588050000000001 0.594855 0.939635 0.594855 0.939635 0.614125 0.9588050000000001 0.614125 0.9588050000000001 0.594855
10 0.816545 0.610625 0.802595 0.610625 0.802595 0.6227750000000001 0.816545 0.6227750000000001 0.816545 0.610625
10 0.350265 0.5291750000000001 0.330395 0.5291750000000001 0.330395 0.546025 0.350265 0.546025 0.350265 0.5291750000000001
10 0.030285 0.388255 0.012375 0.388255 0.012375 0.401785 0.030285 0.401785 0.030285 0.388255
10 0.989405 0.40191 0.9773949999999999 0.40191 0.9773949999999999 0.41106999999999994 0.989405 0.41106999999999994 0.989405 0.40191
10 0.48887 0.623745 0.47403000000000006 0.623745 0.47403000000000006 0.635035 0.48887 0.635035 0.48887 0.623745
10 0.618715 0.606625 0.605885 0.606625 0.605885 0.616035 0.618715 0.616035 0.618715 0.606625
10 0.365855 0.62587 0.348005 0.62587 0.348005 0.64171 0.365855 0.64171 0.365855 0.62587
10 0.7571399999999999 0.690855 0.7428600000000001 0.690855 0.7428600000000001 0.703685 0.7571399999999999 0.703685 0.7571399999999999 0.690855
10 0.352365 0.39849 0.337575 0.39849 0.337575 0.41255 0.352365 0.41255 0.352365 0.39849
10 0.5869449999999999 0.38571 0.578095 0.38571 0.578095 0.39749 0.5869449999999999 0.39749 0.5869449999999999 0.38571
10 0.68658 0.330415 0.6298199999999999 0.330415 0.6298199999999999 0.354645 0.68658 0.354645 0.68658 0.330415
10 0.74384 0.531345 0.7268600000000001 0.531345 0.7268600000000001 0.546775 0.74384 0.546775 0.74384 0.531345
10 0.19811499999999999 0.376035 0.190565 0.376035 0.190565 0.384225 0.19811499999999999 0.384225 0.19811499999999999 0.376035
10 0.932995 0.41132 0.9224650000000001 0.41132 0.9224650000000001 0.41974 0.932995 0.41974 0.932995 0.41132
10 0.346445 0.608955 0.335195 0.608955 0.335195 0.6195649999999999 0.346445 0.6195649999999999 0.346445 0.608955
10 0.446685 0.596525 0.438075 0.596525 0.438075 0.603675 0.446685 0.603675 0.446685 0.596525
10 0.598045 0.43464 0.590435 0.43464 0.590435 0.44328 0.598045 0.44328 0.598045 0.43464
10 0.326975 0.54989 0.314145 0.54989 0.314145 0.5575300000000001 0.326975 0.5575300000000001 0.326975 0.54989
10 0.27371500000000004 0.66395 0.260945 0.66395 0.260945 0.6778500000000001 0.27371500000000004 0.6778500000000001 0.27371500000000004 0.66395
10 0.794625 0.65746 0.787415 0.65746 0.787415 0.6638200000000001 0.794625 0.6638200000000001 0.794625 0.65746
10 0.954845 0.459365 0.949455 0.459365 0.949455 0.465935 0.954845 0.465935 0.954845 0.459365
10 0.10808 0.363 0.10018 0.363 0.10018 0.3704 0.10808 0.3704 0.10808 0.363
10 0.786945 0.6934199999999999 0.780435 0.6934199999999999 0.780435 0.70014 0.786945 0.70014 0.786945 0.6934199999999999
10 0.67018 0.46085000000000004 0.66186 0.46085000000000004 0.66186 0.46932999999999997 0.67018 0.46932999999999997 0.67018 0.46085000000000004
10 0.102715 0.41639499999999996 0.093445 0.41639499999999996 0.093445 0.42490500000000003 0.102715 0.42490500000000003 0.102715 0.41639499999999996
10 0.8348599999999999 0.54716 0.83018 0.54716 0.83018 0.55244 0.8348599999999999 0.55244 0.8348599999999999 0.54716
10 0.08562499999999999 0.34857499999999997 0.077955 0.34857499999999997 0.077955 0.356005 0.08562499999999999 0.356005 0.08562499999999999 0.34857499999999997
10 0.683115 0.633475 0.676265 0.633475 0.676265 0.639965 0.683115 0.639965 0.683115 0.633475
10 0.8637050000000001 0.497955 0.857975 0.497955 0.857975 0.504005 0.8637050000000001 0.504005 0.8637050000000001 0.497955
10 0.757725 0.62129 0.751055 0.62129 0.751055 0.62773 0.757725 0.62773 0.757725 0.62129
10 0.08610999999999999 0.49058 0.07149 0.49058 0.07149 0.49722 0.08610999999999999 0.49722 0.08610999999999999 0.49058
10 0.9167400000000001 0.401605 0.9006399999999999 0.401605 0.9006399999999999 0.408455 0.9167400000000001 0.408455 0.9167400000000001 0.401605
10 0.8638600000000001 0.50527 0.8558600000000001 0.50527 0.8558600000000001 0.5103500000000001 0.8638600000000001 0.5103500000000001 0.8638600000000001 0.50527
10 0.34373 0.48857999999999996 0.33791000000000004 0.48857999999999996 0.33791000000000004 0.4953 0.34373 0.4953 0.34373 0.48857999999999996
10 0.49290500000000004 0.40655 0.48511499999999996 0.40655 0.48511499999999996 0.41767000000000004 0.49290500000000004 0.41767000000000004 0.49290500000000004 0.40655
10 0.945115 0.353675 0.933785 0.353675 0.933785 0.367525 0.945115 0.367525 0.945115 0.353675
10 0.8882 0.69627 0.8803599999999999 0.69627 0.8803599999999999 0.70315 0.8882 0.70315 0.8882 0.69627
10 0.7394499999999999 0.7253149999999999 0.7224700000000001 0.7253149999999999 0.7224700000000001 0.730745 0.7394499999999999 0.730745 0.7394499999999999 0.7253149999999999
10 0.100745 0.391695 0.091035 0.391695 0.091035 0.400305 0.100745 0.400305 0.100745 0.391695
10 0.2802 0.49367 0.27204 0.49367 0.27204 0.49901 0.2802 0.49901 0.2802 0.49367
10 0.151285 0.588355 0.140955 0.588355 0.140955 0.596225 0.151285 0.596225 0.151285 0.588355
10 0.405115 0.50335 0.399085 0.50335 0.399085 0.51033 0.405115 0.51033 0.405115 0.50335
10 0.340435 0.34979 0.32998500000000003 0.34979 0.32998500000000003 0.35871 0.340435 0.35871 0.340435 0.34979
10 0.81985 0.7156100000000001 0.81003 0.7156100000000001 0.81003 0.72091 0.81985 0.72091 0.81985 0.7156100000000001
10 0.62508 0.507635 0.61418 0.507635 0.61418 0.522645 0.62508 0.522645 0.62508 0.507635
10 0.07302499999999999 0.54642 0.016995 0.54642 0.016995 0.57076 0.07302499999999999 0.57076 0.07302499999999999 0.54642
10 0.781085 0.52584 0.770675 0.52584 0.770675 0.53374 0.781085 0.53374 0.781085 0.52584
10 0.998625 0.35296500000000003 0.9652350000000001 0.35296500000000003 0.9652350000000001 0.38531499999999996 0.998625 0.38531499999999996 0.998625 0.35296500000000003
10 0.21037 0.615745 0.18783 0.615745 0.18783 0.634255 0.21037 0.634255 0.21037 0.615745
10 0.90245 0.41524 0.8807499999999999 0.41524 0.8807499999999999 0.43436 0.90245 0.43436 0.90245 0.41524
10 0.143765 0.369265 0.121855 0.369265 0.121855 0.382695 0.143765 0.382695 0.143765 0.369265
10 0.6893900000000001 0.329325 0.67779 0.329325 0.67779 0.335715 0.6893900000000001 0.335715 0.6893900000000001 0.329325
10 0.006565 0.5292250000000001 0.000155 0.5292250000000001 0.000155 0.5420550000000001 0.006565 0.5420550000000001 0.006565 0.5292250000000001
10 0.127795 0.31889 0.10730500000000001 0.31889 0.10730500000000001 0.32515 0.127795 0.32515 0.127795 0.31889
10 0.22468499999999997 0.311545 0.20403500000000002 0.311545 0.20403500000000002 0.317855 0.22468499999999997 0.317855 0.22468499999999997 0.311545
10 0.73438 0.633965 0.7246 0.633965 0.7246 0.640455 0.73438 0.640455 0.73438 0.633965
10 0.661435 0.71765 0.5631649999999999 0.71765 0.5631649999999999 0.73255 0.661435 0.73255 0.661435 0.71765
10 0.44771 0.36297 0.43217 0.36297 0.43217 0.37043 0.44771 0.37043 0.44771 0.36297
10 0.9984400000000001 0.50512 0.96542 0.50512 0.96542 0.5193 0.9984400000000001 0.5193 0.9984400000000001 0.50512
10 0.11338 0.567445 0.09559999999999999 0.567445 0.09559999999999999 0.578055 0.11338 0.578055 0.11338 0.567445
10 0.48640999999999995 0.53124 0.44231 0.53124 0.44231 0.57326 0.48640999999999995 0.57326 0.48640999999999995 0.53124
10 0.529005 0.50365 0.47489499999999996 0.50365 0.47489499999999996 0.52663 0.529005 0.52663 0.529005 0.50365
10 0.489525 0.50774 0.467995 0.50774 0.467995 0.52352 0.489525 0.52352 0.489525 0.50774
10 0.49471499999999996 0.46701 0.476485 0.46701 0.476485 0.48367000000000004 0.49471499999999996 0.48367000000000004 0.49471499999999996 0.46701
9 0 0.537 0.052000000000000005 0.5660000000000001 0.073 0.571 0.10400000000000001 0.5700000000000001 0.11499999999999999 0.575 0.193 0.618 0.282 0.687 0.322 0.704 0.364 0.714 0.484 0.713 0.52 0.721 0.627 0.729 0.759 0.727 0.8099999999999999 0.72 0.8210000000000001 0.714 0.9289999999999999 0.6900000000000001 0.999 0.665 0.999 0.37 0.933 0.34900000000000003 0.89 0.341 0.609 0.32999999999999996 0.508 0.348 0.44299999999999995 0.371 0.41200000000000003 0.371 0.36 0.356 0.311 0.321 0.28700000000000003 0.312 0.179 0.314 0.11100000000000002 0.322 0.05600000000000001 0.33799999999999997 0 0.346 0 0.537