10 0.206525 0.41747500000000004 0.12887500000000002 0.41747500000000004 0.12887500000000002 0.464645 0.206525 0.464645 0.206525 0.41747500000000004
10 0.406675 0.42712000000000006 0.29888499999999996 0.42712000000000006 0.29888499999999996 0.48254 0.406675 0.48254 0.406675 0.42712000000000006
10 0.26650999999999997 0.43150000000000005 0.23203000000000001 0.43150000000000005 0.23203000000000001 0.46498 0.26650999999999997 0.46498 0.26650999999999997 0.43150000000000005
10 0.12902 0.36829 0.10206 0.36829 0.10206 0.40027 0.12902 0.40027 0.12902 0.36829
10 0.34392999999999996 0.43436 0.31183 0.43436 0.31183 0.46749999999999997 0.34392999999999996 0.46749999999999997 0.34392999999999996 0.43436
10 0.52756 0.44867 0.4368 0.44867 0.4368 0.52789 0.52756 0.52789 0.52756 0.44867
10 0.6669400000000001 0.47033500000000006 0.62602 0.47033500000000006 0.62602 0.5062249999999999 0.6669400000000001 0.5062249999999999 0.6669400000000001 0.47033500000000006
10 0.49196 0.438595 0.45384 0.438595 0.45384 0.465205 0.49196 0.465205 0.49196 0.438595
10 0.20178 0.37305 0.17274 0.37305 0.17274 0.39453 0.20178 0.39453 0.20178 0.37305
10 0.17287 0.43369 0.14989 0.43369 0.14989 0.45838999999999996 0.17287 0.45838999999999996 0.17287 0.43369
10 0.5022300000000001 0.364545 0.43624999999999997 0.364545 0.43624999999999997 0.40839499999999995 0.5022300000000001 0.40839499999999995 0.5022300000000001 0.364545
10 0.36734 0.34387500000000004 0.28256000000000003 0.34387500000000004 0.28256000000000003 0.40222499999999994 0.36734 0.40222499999999994 0.36734 0.34387500000000004
10 0.111975 0.43667 0.091525 0.43667 0.091525 0.45445 0.111975 0.45445 0.111975 0.43667
10 0.18375 0.282925 0.15975 0.282925 0.15975 0.311795 0.18375 0.311795 0.18375 0.282925
10 0.21369500000000002 0.28729 0.190365 0.28729 0.190365 0.30840999999999996 0.21369500000000002 0.30840999999999996 0.21369500000000002 0.28729
10 0.265005 0.37897 0.21449500000000002 0.37897 0.21449500000000002 0.40618999999999994 0.265005 0.40618999999999994 0.265005 0.37897
10 0.6997099999999999 0.353315 0.6040099999999999 0.353315 0.6040099999999999 0.413285 0.6997099999999999 0.413285 0.6997099999999999 0.353315
10 0.78266 0.46041 0.7632399999999999 0.46041 0.7632399999999999 0.48441 0.78266 0.48441 0.78266 0.46041
10 0.21465 0.61235 0.16451 0.61235 0.16451 0.65523 0.21465 0.65523 0.21465 0.61235
10 0.28081999999999996 0.346165 0.2646 0.346165 0.2646 0.361355 0.28081999999999996 0.361355 0.28081999999999996 0.346165
10 0.05406 0.49149000000000004 0.03634 0.49149000000000004 0.03634 0.51047 0.05406 0.51047 0.05406 0.49149000000000004
10 0.045485 0.3892 0.027635 0.3892 0.027635 0.40474 0.045485 0.40474 0.045485 0.3892
10 0.474455 0.36919 0.443025 0.36919 0.443025 0.39594999999999997 0.474455 0.39594999999999997 0.474455 0.36919
10 0.038785 0.6140450000000001 0.017255 0.6140450000000001 0.017255 0.636935 0.038785 0.636935 0.038785 0.6140450000000001
10 0.55056 0.562675 0.5344 0.562675 0.5344 0.576005 0.55056 0.576005 0.55056 0.562675
10 0.11195999999999999 0.328225 0.09556 0.328225 0.09556 0.349995 0.11195999999999999 0.349995 0.11195999999999999 0.328225
10 0.541255 0.30230999999999997 0.5173449999999999 0.30230999999999997 0.5173449999999999 0.32659 0.541255 0.32659 0.541255 0.30230999999999997
10 0.74 0.51539 0.72582 0.51539 0.72582 0.53149 0.74 0.53149 0.74 0.51539
10 0.342555 0.294135 0.327365 0.294135 0.327365 0.309385 0.342555 0.309385 0.342555 0.294135
10 0.60192 0.444355 0.58558 0.444355 0.58558 0.45798500000000003 0.60192 0.45798500000000003 0.60192 0.444355
10 0.48628 0.49904000000000004 0.47222 0.49904000000000004 0.47222 0.51464 0.48628 0.51464 0.48628 0.49904000000000004
10 0.18716 0.184865 0.15267999999999998 0.184865 0.15267999999999998 0.213075 0.18716 0.213075 0.18716 0.184865
10 0.30423 0.329585 0.29245 0.329585 0.29245 0.340835 0.30423 0.340835 0.30423 0.329585
10 0.22042 0.21371500000000002 0.20512000000000002 0.21371500000000002 0.20512000000000002 0.227945 0.22042 0.227945 0.22042 0.21371500000000002
10 0.13611 0.372815 0.00867 0.372815 0.00867 0.414285 0.13611 0.414285 0.13611 0.372815
10 0.572425 0.46791499999999997 0.561355 0.46791499999999997 0.561355 0.478865 0.572425 0.478865 0.572425 0.46791499999999997
10 0.388555 0.27451 0.296025 0.27451 0.296025 0.38906999999999997 0.388555 0.38906999999999997 0.388555 0.27451
10 0.44718 0.52397 0.43026 0.52397 0.43026 0.53853 0.44718 0.53853 0.44718 0.52397
10 0.56714 0.312525 0.5471199999999999 0.312525 0.5471199999999999 0.335415 0.56714 0.335415 0.56714 0.312525
10 0.45384 0.5815 0.43823999999999996 0.5815 0.43823999999999996 0.59722 0.45384 0.59722 0.45384 0.5815
10 0.221875 0.650075 0.160685 0.650075 0.160685 0.698565 0.221875 0.698565 0.221875 0.650075
10 0.34196499999999996 0.67251 0.329915 0.67251 0.329915 0.6839299999999999 0.34196499999999996 0.6839299999999999 0.34196499999999996 0.67251
10 0.25976499999999997 0.42272999999999994 0.140135 0.42272999999999994 0.140135 0.5157499999999999 0.25976499999999997 0.5157499999999999 0.25976499999999997 0.42272999999999994
10 0.019225 0.42742500000000005 0.0006349999999999999 0.42742500000000005 0.0006349999999999999 0.446115 0.019225 0.446115 0.019225 0.42742500000000005
9 0 0.6950000000000001 0.006 0.697 0.049 0.705 0.10300000000000001 0.708 0.183 0.6980000000000001 0.28900000000000003 0.7 0.40800000000000003 0.6950000000000001 0.5660000000000001 0.674 0.659 0.647 0.772 0.601 0.8630000000000001 0.545 0.8939999999999999 0.514 0.924 0.501 0.9480000000000001 0.47400000000000003 0.999 0.458 0.999 0.42300000000000004 0.9470000000000001 0.41900000000000004 0.93 0.41100000000000003 0.906 0.386 0.882 0.369 0.757 0.296 0.729 0.282 0.64 0.24900000000000003 0.5389999999999999 0.21800000000000003 0.48 0.20600000000000002 0.40800000000000003 0.197 0.322 0.17099999999999999 0.257 0.156 0.217 0.151 0.11699999999999999 0.156 0.043 0.17099999999999999 0.004 0.173 0 0.174 0 0.6950000000000001