10 0.853495 0.595995 0.8051450000000001 0.595995 0.8051450000000001 0.638725 0.853495 0.638725 0.853495 0.595995
10 0.35076 0.502215 0.32648 0.502215 0.32648 0.522205 0.35076 0.522205 0.35076 0.502215
10 0.47010500000000005 0.3371 0.45225499999999996 0.3371 0.45225499999999996 0.35674 0.47010500000000005 0.35674 0.47010500000000005 0.3371
10 0.4405 0.599585 0.41888 0.599585 0.41888 0.615255 0.4405 0.615255 0.4405 0.599585
10 0.95891 0.63958 0.93659 0.63958 0.93659 0.6612 0.95891 0.6612 0.95891 0.63958
10 0.60576 0.657545 0.58858 0.657545 0.58858 0.671555 0.60576 0.671555 0.60576 0.657545
10 0.27013 0.468055 0.24792999999999998 0.468055 0.24792999999999998 0.486045 0.27013 0.486045 0.27013 0.468055
10 0.35259999999999997 0.62395 0.31976 0.62395 0.31976 0.63973 0.35259999999999997 0.63973 0.35259999999999997 0.62395
10 0.657 0.411115 0.6389 0.411115 0.6389 0.426785 0.657 0.426785 0.657 0.411115
10 0.63728 0.614785 0.61956 0.614785 0.61956 0.628375 0.63728 0.628375 0.63728 0.614785
10 0.78964 0.5683 0.76408 0.5683 0.76408 0.5908800000000001 0.78964 0.5908800000000001 0.78964 0.5683
10 0.35087999999999997 0.595615 0.3288 0.595615 0.3288 0.615325 0.35087999999999997 0.615325 0.35087999999999997 0.595615
10 0.57329 0.481295 0.55269 0.481295 0.55269 0.49966499999999997 0.57329 0.49966499999999997 0.57329 0.481295
10 0.811125 0.45298499999999997 0.783595 0.45298499999999997 0.783595 0.473275 0.811125 0.473275 0.811125 0.45298499999999997
10 0.564965 0.6564949999999999 0.542455 0.6564949999999999 0.542455 0.6716249999999999 0.564965 0.6716249999999999 0.564965 0.6564949999999999
10 0.9294800000000001 0.579655 0.90352 0.579655 0.90352 0.598085 0.9294800000000001 0.598085 0.9294800000000001 0.579655
10 0.972545 0.70195 0.9522550000000001 0.70195 0.9522550000000001 0.71797 0.972545 0.71797 0.972545 0.70195
10 0.5993850000000001 0.6763950000000001 0.580295 0.6763950000000001 0.580295 0.689825 0.5993850000000001 0.689825 0.5993850000000001 0.6763950000000001
10 0.531215 0.630855 0.5058849999999999 0.630855 0.5058849999999999 0.644545 0.531215 0.644545 0.531215 0.630855
10 0.43567 0.638525 0.41443 0.638525 0.41443 0.653475 0.43567 0.653475 0.43567 0.638525
10 0.35615 0.42674 0.32501 0.42674 0.32501 0.45216 0.35615 0.45216 0.35615 0.42674
10 0.63377 0.585025 0.6113500000000001 0.585025 0.6113500000000001 0.597595 0.63377 0.597595 0.63377 0.585025
10 0.61775 0.635505 0.60197 0.635505 0.60197 0.647695 0.61775 0.647695 0.61775 0.635505
10 0.6471250000000001 0.6732199999999999 0.6321749999999999 0.6732199999999999 0.6321749999999999 0.68518 0.6471250000000001 0.68518 0.6471250000000001 0.6732199999999999
10 0.628085 0.469005 0.6053149999999999 0.469005 0.6053149999999999 0.48705499999999996 0.628085 0.48705499999999996 0.628085 0.469005
10 0.518695 0.33787 0.505725 0.33787 0.505725 0.35011000000000003 0.518695 0.35011000000000003 0.518695 0.33787
10 0.7929299999999999 0.692085 0.77739 0.692085 0.77739 0.703415 0.7929299999999999 0.703415 0.7929299999999999 0.692085
10 0.90973 0.46236499999999997 0.89301 0.46236499999999997 0.89301 0.474655 0.90973 0.474655 0.90973 0.46236499999999997
10 0.388625 0.666275 0.332075 0.666275 0.332075 0.686265 0.388625 0.686265 0.388625 0.666275
10 0.09986 0.5737 0.06470000000000001 0.5737 0.06470000000000001 0.6128199999999999 0.09986 0.6128199999999999 0.09986 0.5737
10 0.77251 0.6364 0.75093 0.6364 0.75093 0.6556 0.77251 0.6556 0.77251 0.6364
10 0.17194 0.5066849999999999 0.13056 0.5066849999999999 0.13056 0.539215 0.17194 0.539215 0.17194 0.5066849999999999
10 0.31925 0.591175 0.30233 0.591175 0.30233 0.604145 0.31925 0.604145 0.31925 0.591175
10 0.26359 0.65425 0.23251 0.65425 0.23251 0.66997 0.26359 0.66997 0.26359 0.65425
10 0.96641 0.7226600000000001 0.91151 0.7226600000000001 0.91151 0.75586 0.96641 0.75586 0.96641 0.7226600000000001
10 0.35425 0.66696 0.33372999999999997 0.66696 0.33372999999999997 0.67874 0.35425 0.67874 0.35425 0.66696
10 0.517325 0.511755 0.499275 0.511755 0.499275 0.524385 0.517325 0.524385 0.517325 0.511755
10 0.162455 0.602475 0.13930499999999998 0.602475 0.13930499999999998 0.615305 0.162455 0.615305 0.162455 0.602475
10 0.042875 0.596705 0.012725 0.596705 0.012725 0.624975 0.042875 0.624975 0.042875 0.596705
10 0.5135 0.59285 0.47282 0.59285 0.47282 0.61613 0.5135 0.61613 0.5135 0.59285
10 0.9401400000000001 0.46222 0.9133800000000001 0.46222 0.9133800000000001 0.49432 0.9401400000000001 0.49432 0.9401400000000001 0.46222
10 0.240385 0.41475999999999996 0.164395 0.41475999999999996 0.164395 0.46315999999999996 0.240385 0.46315999999999996 0.240385 0.41475999999999996
10 0.9986599999999999 0.730375 0.96326 0.730375 0.96326 0.7569250000000001 0.9986599999999999 0.7569250000000001 0.9986599999999999 0.730375
10 0.047665 0.630645 0.010615 0.630645 0.010615 0.675995 0.047665 0.675995 0.047665 0.630645
10 0.31551 0.361655 0.27141000000000004 0.361655 0.27141000000000004 0.385425 0.31551 0.385425 0.31551 0.361655
10 0.851215 0.751525 0.829445 0.751525 0.829445 0.7699550000000001 0.851215 0.7699550000000001 0.851215 0.751525
10 0.923845 0.71011 0.896475 0.71011 0.896475 0.7430100000000001 0.923845 0.7430100000000001 0.923845 0.71011
9 0.061 0.6940000000000001 0.067 0.705 0.152 0.73 0.193 0.727 0.213 0.7190000000000001 0.642 0.73 0.716 0.754 0.858 0.771 0.8869999999999999 0.767 0.908 0.751 0.9099999999999999 0.743 0.9199999999999999 0.742 0.9349999999999999 0.753 0.952 0.751 0.961 0.745 0.978 0.755 0.999 0.754 0.999 0.23500000000000001 0.914 0.23199999999999998 0.837 0.23900000000000002 0.808 0.24500000000000002 0.706 0.27799999999999997 0.588 0.28700000000000003 0.45199999999999996 0.31 0.33999999999999997 0.351 0.286 0.374 0.22799999999999998 0.40599999999999997 0.119 0.477 0.076 0.511 0.034999999999999996 0.549 0.04 0.568 0.016 0.606 0.01 0.629 0.01 0.644 0.019 0.653 0.023 0.6639999999999999 0.061 0.6940000000000001