10 0.47214 0.70528 0.41918 0.70528 0.41918 0.75324 0.47214 0.75324 0.47214 0.70528
10 0.585475 0.756215 0.559065 0.756215 0.559065 0.776005 0.585475 0.776005 0.585475 0.756215
10 0.380635 0.68772 0.357165 0.68772 0.357165 0.7038800000000001 0.380635 0.7038800000000001 0.380635 0.68772
10 0.809525 0.47948 0.780315 0.47948 0.780315 0.49757999999999997 0.809525 0.49757999999999997 0.809525 0.47948
10 0.199795 0.41963999999999996 0.177165 0.41963999999999996 0.177165 0.44364 0.199795 0.44364 0.199795 0.41963999999999996
10 0.319315 0.66485 0.266125 0.66485 0.266125 0.6964699999999999 0.319315 0.6964699999999999 0.319315 0.66485
10 0.84543 0.557635 0.82157 0.557635 0.82157 0.576145 0.84543 0.576145 0.84543 0.557635
10 0.87492 0.369895 0.8487199999999999 0.369895 0.8487199999999999 0.396705 0.87492 0.396705 0.87492 0.369895
10 0.969985 0.352435 0.939195 0.352435 0.939195 0.373645 0.969985 0.373645 0.969985 0.352435
10 0.832615 0.704425 0.800205 0.704425 0.800205 0.729175 0.832615 0.729175 0.832615 0.704425
10 0.635575 0.47606000000000004 0.598805 0.47606000000000004 0.598805 0.50002 0.635575 0.50002 0.635575 0.47606000000000004
10 0.5938 0.72393 0.5732 0.72393 0.5732 0.74091 0.5938 0.74091 0.5938 0.72393
10 0.8016349999999999 0.777115 0.7784449999999999 0.777115 0.7784449999999999 0.796125 0.8016349999999999 0.796125 0.8016349999999999 0.777115
10 0.05136500000000001 0.6912200000000001 0.015295 0.6912200000000001 0.015295 0.7169800000000001 0.05136500000000001 0.7169800000000001 0.05136500000000001 0.6912200000000001
10 0.6145349999999999 0.748085 0.592505 0.748085 0.592505 0.761675 0.6145349999999999 0.761675 0.6145349999999999 0.748085
10 0.8932100000000001 0.804795 0.8665499999999999 0.804795 0.8665499999999999 0.825085 0.8932100000000001 0.825085 0.8932100000000001 0.804795
10 0.035105 0.64275 0.013655 0.64275 0.013655 0.65999 0.035105 0.65999 0.035105 0.64275
10 0.98733 0.7307699999999999 0.95895 0.7307699999999999 0.95895 0.75361 0.98733 0.75361 0.98733 0.7307699999999999
10 0.91446 0.78138 0.88242 0.78138 0.88242 0.80358 0.91446 0.80358 0.91446 0.78138
10 0.887275 0.56306 0.866625 0.56306 0.866625 0.5805 0.887275 0.5805 0.887275 0.56306
10 0.2889 0.5046 0.27018 0.5046 0.27018 0.52372 0.2889 0.52372 0.2889 0.5046
10 0.09245 0.38821 0.07527 0.38821 0.07527 0.40329 0.09245 0.40329 0.09245 0.38821
10 0.11459 0.63325 0.09073 0.63325 0.09073 0.65483 0.11459 0.65483 0.11459 0.63325
10 0.899305 0.677935 0.8751150000000001 0.677935 0.8751150000000001 0.699025 0.899305 0.699025 0.899305 0.677935
10 0.22215500000000002 0.5621050000000001 0.191425 0.5621050000000001 0.191425 0.583395 0.22215500000000002 0.583395 0.22215500000000002 0.5621050000000001
10 0.550385 0.66764 0.5228550000000001 0.66764 0.5228550000000001 0.6888 0.550385 0.6888 0.550385 0.66764
10 0.64749 0.45308000000000004 0.62985 0.45308000000000004 0.62985 0.4688 0.64749 0.4688 0.64749 0.45308000000000004
10 0.27856000000000003 0.612725 0.25708000000000003 0.612725 0.25708000000000003 0.631415 0.27856000000000003 0.631415 0.27856000000000003 0.612725
10 0.11532500000000001 0.50021 0.089995 0.50021 0.089995 0.5329900000000001 0.11532500000000001 0.5329900000000001 0.11532500000000001 0.50021
10 0.17729 0.34748999999999997 0.14862999999999998 0.34748999999999997 0.14862999999999998 0.36637 0.17729 0.36637 0.17729 0.34748999999999997
10 0.85207 0.5849599999999999 0.8325100000000001 0.5849599999999999 0.8325100000000001 0.6025400000000001 0.85207 0.6025400000000001 0.85207 0.5849599999999999
10 0.6232300000000001 0.43122999999999995 0.5974700000000001 0.43122999999999995 0.5974700000000001 0.45061 0.6232300000000001 0.45061 0.6232300000000001 0.43122999999999995
10 0.09207 0.34589 0.06723 0.34589 0.06723 0.36701 0.09207 0.36701 0.09207 0.34589
10 0.97231 0.6917449999999999 0.9388299999999999 0.6917449999999999 0.9388299999999999 0.714515 0.97231 0.714515 0.97231 0.6917449999999999
10 0.7275 0.74739 0.70708 0.74739 0.70708 0.76335 0.7275 0.76335 0.7275 0.74739
10 0.60337 0.632 0.5831500000000001 0.632 0.5831500000000001 0.64828 0.60337 0.64828 0.60337 0.632
10 0.682015 0.5246000000000001 0.6549050000000001 0.5246000000000001 0.6549050000000001 0.54572 0.682015 0.54572 0.682015 0.5246000000000001
10 0.89971 0.64552 0.8776300000000001 0.64552 0.8776300000000001 0.6698999999999999 0.89971 0.6698999999999999 0.89971 0.64552
10 0.22942 0.47439 0.21126 0.47439 0.21126 0.49191 0.22942 0.49191 0.22942 0.47439
10 0.71807 0.5560050000000001 0.68819 0.5560050000000001 0.68819 0.585595 0.71807 0.585595 0.71807 0.5560050000000001
10 0.23234 0.711115 0.20905999999999997 0.711115 0.20905999999999997 0.729305 0.23234 0.729305 0.23234 0.711115
10 0.764915 0.71967 0.745825 0.71967 0.745825 0.73639 0.764915 0.73639 0.764915 0.71967
10 0.995425 0.49240500000000004 0.909855 0.49240500000000004 0.909855 0.589635 0.995425 0.589635 0.995425 0.49240500000000004
10 0.534375 0.38886 0.503705 0.38886 0.503705 0.41093999999999997 0.534375 0.41093999999999997 0.534375 0.38886
10 0.59579 0.56277 0.56631 0.56277 0.56631 0.59153 0.59579 0.59153 0.59579 0.56277
10 0.04115 0.564905 0.02043 0.564905 0.02043 0.584515 0.04115 0.584515 0.04115 0.564905
10 0.76533 0.758955 0.74151 0.758955 0.74151 0.785965 0.76533 0.785965 0.76533 0.758955
10 0.9475250000000001 0.31467 0.9216150000000001 0.31467 0.9216150000000001 0.33231 0.9475250000000001 0.33231 0.9475250000000001 0.31467
10 0.27201 0.710475 0.25289 0.710475 0.25289 0.724105 0.27201 0.724105 0.27201 0.710475
10 0.46426999999999996 0.522645 0.43807 0.522645 0.43807 0.5466949999999999 0.46426999999999996 0.5466949999999999 0.46426999999999996 0.522645
10 0.339945 0.58418 0.316795 0.58418 0.316795 0.60234 0.339945 0.60234 0.339945 0.58418
10 0.94085 0.49961 0.9165699999999999 0.49961 0.9165699999999999 0.52285 0.94085 0.52285 0.94085 0.49961
10 0.7329399999999999 0.39249 0.7143200000000001 0.39249 0.7143200000000001 0.40876999999999997 0.7329399999999999 0.40876999999999997 0.7329399999999999 0.39249
10 0.7599199999999999 0.4728 0.7400800000000001 0.4728 0.7400800000000001 0.4901 0.7599199999999999 0.4901 0.7599199999999999 0.4728
10 0.7919050000000001 0.56719 0.772555 0.56719 0.772555 0.58613 0.7919050000000001 0.58613 0.7919050000000001 0.56719
9 0 0.696 0.014000000000000002 0.709 0.099 0.75 0.144 0.76 0.20800000000000002 0.755 0.22799999999999998 0.747 0.256 0.748 0.256 0.745 0.274 0.74 0.34199999999999997 0.743 0.37 0.751 0.395 0.764 0.42800000000000005 0.772 0.501 0.776 0.579 0.8119999999999999 0.673 0.844 0.773 0.85 0.844 0.8380000000000001 0.8787140000000001 0.837 0.999 0.849 0.999 0.45999999999999996 0.9960000000000001 0.458 0.999 0.449 0.999 0.313 0.806 0.318 0.745 0.333 0.706 0.351 0.687 0.354 0.651 0.352 0.5690000000000001 0.32599999999999996 0.492 0.317 0.441 0.317 0.371 0.32599999999999996 0.34500000000000003 0.333 0.33599999999999997 0.341 0.33599999999999997 0.367 0.312 0.367 0.311 0.356 0.227 0.327 0.129 0.32599999999999996 0.10700000000000001 0.333 0.08499999999999999 0.32599999999999996 0.004 0.329 0 0.32999999999999996 0 0.696