10 0.314 0.62 0.255 0.62 0.255 0.678 0.314 0.678 0.314 0.62
10 0.42041000000000006 0.439455 0.37359 0.439455 0.37359 0.482705 0.42041000000000006 0.482705 0.42041000000000006 0.439455
10 0.088475 0.531975 0.060565 0.531975 0.060565 0.559825 0.088475 0.559825 0.088475 0.531975
10 0.59803 0.471105 0.57873 0.471105 0.57873 0.49373500000000003 0.59803 0.49373500000000003 0.59803 0.471105
10 0.22203 0.38333 0.19961 0.38333 0.19961 0.40085 0.22203 0.40085 0.22203 0.38333
10 0.091655 0.5914900000000001 0.062285 0.5914900000000001 0.062285 0.62141 0.091655 0.62141 0.091655 0.5914900000000001
10 0.061704999999999996 0.569095 0.032775 0.569095 0.032775 0.593985 0.061704999999999996 0.593985 0.061704999999999996 0.569095
10 0.36660499999999996 0.39568 0.347255 0.39568 0.347255 0.41340000000000005 0.36660499999999996 0.41340000000000005 0.36660499999999996 0.39568
10 0.61851 0.295975 0.60121 0.295975 0.60121 0.313885 0.61851 0.313885 0.61851 0.295975
10 0.267015 0.29251 0.247145 0.29251 0.247145 0.30955 0.267015 0.30955 0.267015 0.29251
10 0.09854500000000001 0.155585 0.06393499999999999 0.155585 0.06393499999999999 0.18523499999999998 0.09854500000000001 0.18523499999999998 0.09854500000000001 0.155585
10 0.13528 0.1984 0.11204 0.1984 0.11204 0.21956000000000003 0.13528 0.21956000000000003 0.13528 0.1984
10 0.750095 0.42062 0.7294050000000001 0.42062 0.7294050000000001 0.43826 0.750095 0.43826 0.750095 0.42062
10 0.09151000000000001 0.3012 0.07511 0.3012 0.07511 0.31892 0.09151000000000001 0.31892 0.09151000000000001 0.3012
10 0.19785999999999998 0.173935 0.16297999999999999 0.173935 0.16297999999999999 0.20204499999999997 0.19785999999999998 0.20204499999999997 0.19785999999999998 0.173935
10 0.42091 0.53815 0.38621 0.53815 0.38621 0.56243 0.42091 0.56243 0.42091 0.53815
10 0.552355 0.48345000000000005 0.533585 0.48345000000000005 0.533585 0.50239 0.552355 0.50239 0.552355 0.48345000000000005
10 0.061829999999999996 0.45308000000000004 0.030209999999999997 0.45308000000000004 0.030209999999999997 0.47368 0.061829999999999996 0.47368 0.061829999999999996 0.45308000000000004
10 0.40363499999999997 0.274015 0.382985 0.274015 0.382985 0.293365 0.40363499999999997 0.293365 0.40363499999999997 0.274015
10 0.451415 0.4856 0.436285 0.4856 0.436285 0.50414 0.451415 0.50414 0.451415 0.4856
10 0.27232 0.20124 0.25501999999999997 0.20124 0.25501999999999997 0.21867999999999999 0.27232 0.21867999999999999 0.27232 0.20124
10 0.026005 0.257835 0.001255 0.257835 0.001255 0.287585 0.026005 0.287585 0.026005 0.257835
10 0.24285 0.34138 0.22835 0.34138 0.22835 0.35784 0.24285 0.35784 0.24285 0.34138
10 0.163575 0.426465 0.144045 0.426465 0.144045 0.44511500000000004 0.163575 0.44511500000000004 0.163575 0.426465
10 0.49182 0.597855 0.46715999999999996 0.597855 0.46715999999999996 0.618945 0.49182 0.618945 0.49182 0.597855
10 0.25849500000000003 0.26203 0.237605 0.26203 0.237605 0.28339 0.25849500000000003 0.28339 0.25849500000000003 0.26203
10 0.480145 0.45614 0.458815 0.45614 0.458815 0.48136 0.480145 0.48136 0.480145 0.45614
10 0.408905 0.63179 0.376735 0.63179 0.376735 0.65923 0.408905 0.65923 0.408905 0.63179
10 0.83877 0.66238 0.8213900000000001 0.66238 0.8213900000000001 0.68722 0.83877 0.68722 0.83877 0.66238
10 0.044115 0.683335 0.007005 0.683335 0.007005 0.724865 0.044115 0.724865 0.044115 0.683335
10 0.137095 0.458835 0.12340500000000001 0.458835 0.12340500000000001 0.473785 0.137095 0.473785 0.137095 0.458835
10 0.30398000000000003 0.724255 0.28294 0.724255 0.28294 0.743525 0.30398000000000003 0.743525 0.30398000000000003 0.724255
10 0.31496 0.57831 0.28514 0.57831 0.28514 0.60431 0.31496 0.60431 0.31496 0.57831
10 0.349695 0.759935 0.32804500000000003 0.759935 0.32804500000000003 0.780105 0.349695 0.780105 0.349695 0.759935
10 0.6543 0.59327 0.63378 0.59327 0.63378 0.60887 0.6543 0.60887 0.6543 0.59327
10 0.51998 0.664565 0.50834 0.664565 0.50834 0.676255 0.51998 0.676255 0.51998 0.664565
10 0.37201 0.34948999999999997 0.31989 0.34948999999999997 0.31989 0.39417 0.37201 0.39417 0.37201 0.34948999999999997
10 0.63445 0.6754249999999999 0.61263 0.6754249999999999 0.61263 0.702495 0.63445 0.702495 0.63445 0.6754249999999999
10 0.9707950000000001 0.41822499999999996 0.938385 0.41822499999999996 0.938385 0.44457500000000005 0.9707950000000001 0.44457500000000005 0.9707950000000001 0.41822499999999996
10 0.239635 0.46745000000000003 0.21934499999999998 0.46745000000000003 0.21934499999999998 0.48468999999999995 0.239635 0.48468999999999995 0.239635 0.46745000000000003
10 0.74175 0.31149499999999997 0.70357 0.31149499999999997 0.70357 0.376985 0.74175 0.376985 0.74175 0.31149499999999997
10 0.607085 0.50695 0.577495 0.50695 0.577495 0.52625 0.607085 0.52625 0.607085 0.50695
10 0.55762 0.427815 0.5400400000000001 0.427815 0.5400400000000001 0.44572500000000004 0.55762 0.44572500000000004 0.55762 0.427815
10 0.81197 0.464835 0.80033 0.464835 0.80033 0.478525 0.81197 0.478525 0.81197 0.464835
10 0.37904 0.31792 0.36314 0.31792 0.36314 0.33248 0.37904 0.33248 0.37904 0.31792
10 0.51972 0.46873 0.50762 0.46873 0.50762 0.48489000000000004 0.51972 0.48489000000000004 0.51972 0.46873
9 0 0.8300000000000001 0.154 0.845 0.32 0.844 0.396 0.8400000000000001 0.42800000000000005 0.836 0.43499999999999994 0.8320000000000001 0.604 0.8150000000000001 0.738 0.792 0.861 0.757 0.925 0.726 0.968 0.693 0.9800000000000001 0.663 0.9789999999999999 0.49800000000000005 0.985 0.46799999999999997 0.984 0.45 0.945 0.40499999999999997 0.851 0.339 0.755 0.307 0.654 0.263 0.509 0.22400000000000003 0.43600000000000005 0.22200000000000003 0.385 0.21600000000000003 0.307 0.189 0.211 0.16699999999999998 0.076 0.153 0.005 0.151 0 0.152 0 0.8300000000000001