10 0.302635 0.6404 0.22040500000000002 0.6404 0.22040500000000002 0.69826 0.302635 0.69826 0.302635 0.6404
10 0.6049800000000001 0.6763950000000001 0.5564 0.6763950000000001 0.5564 0.728665 0.6049800000000001 0.728665 0.6049800000000001 0.6763950000000001
10 0.74736 0.6843950000000001 0.6724 0.6843950000000001 0.6724 0.733465 0.74736 0.733465 0.74736 0.6843950000000001
10 0.8903449999999999 0.60915 0.860635 0.60915 0.860635 0.63109 0.8903449999999999 0.63109 0.8903449999999999 0.60915
10 0.16887000000000002 0.394185 0.12117 0.394185 0.12117 0.440295 0.16887000000000002 0.440295 0.16887000000000002 0.394185
10 0.7876000000000001 0.61977 0.75244 0.61977 0.75244 0.63999 0.7876000000000001 0.63999 0.7876000000000001 0.61977
10 0.2045 0.55193 0.17148000000000002 0.55193 0.17148000000000002 0.57503 0.2045 0.57503 0.2045 0.55193
10 0.5175 0.589 0.48836 0.589 0.48836 0.6112 0.5175 0.6112 0.5175 0.589
10 0.49078 0.20421 0.43987999999999994 0.20421 0.43987999999999994 0.22791 0.49078 0.22791 0.49078 0.20421
10 0.03696 0.6654950000000001 0.00318 0.6654950000000001 0.00318 0.6958249999999999 0.03696 0.6958249999999999 0.03696 0.6654950000000001
10 0.46539 0.41523000000000004 0.44087 0.41523000000000004 0.44087 0.43145 0.46539 0.43145 0.46539 0.41523000000000004
10 0.6941849999999999 0.65208 0.658355 0.65208 0.658355 0.6819 0.6941849999999999 0.6819 0.6941849999999999 0.65208
10 0.06454 0.540425 0.03134 0.540425 0.03134 0.563095 0.06454 0.563095 0.06454 0.540425
10 0.47311 0.34514 0.42824999999999996 0.34514 0.42824999999999996 0.38239999999999996 0.47311 0.38239999999999996 0.47311 0.34514
10 0.20112999999999998 0.63129 0.17557 0.63129 0.17557 0.6548499999999999 0.20112999999999998 0.6548499999999999 0.20112999999999998 0.63129
10 0.5399149999999999 0.46921 0.526485 0.46921 0.526485 0.48536999999999997 0.5399149999999999 0.48536999999999997 0.5399149999999999 0.46921
10 0.24952000000000002 0.552695 0.2185 0.552695 0.2185 0.578165 0.24952000000000002 0.578165 0.24952000000000002 0.552695
10 0.571415 0.613915 0.544805 0.613915 0.544805 0.637065 0.571415 0.637065 0.571415 0.613915
10 0.57265 0.3987 0.55625 0.3987 0.55625 0.41332 0.57265 0.41332 0.57265 0.3987
10 0.38783500000000004 0.606305 0.353865 0.606305 0.353865 0.6339349999999999 0.38783500000000004 0.6339349999999999 0.38783500000000004 0.606305
10 0.35284 0.745105 0.32832 0.745105 0.32832 0.759775 0.35284 0.759775 0.35284 0.745105
10 0.057845 0.288845 0.005015 0.288845 0.005015 0.334195 0.057845 0.334195 0.057845 0.288845
10 0.679325 0.564875 0.646855 0.564875 0.646855 0.585525 0.679325 0.585525 0.679325 0.564875
10 0.995135 0.385965 0.979465 0.385965 0.979465 0.401635 0.995135 0.401635 0.995135 0.385965
10 0.806065 0.26748500000000003 0.787695 0.26748500000000003 0.787695 0.292575 0.806065 0.292575 0.806065 0.26748500000000003
10 0.395345 0.30744 0.334155 0.30744 0.334155 0.35956 0.395345 0.35956 0.395345 0.30744
10 0.634485 0.6463949999999999 0.604775 0.6463949999999999 0.604775 0.6661050000000001 0.634485 0.6661050000000001 0.634485 0.6463949999999999
10 0.442645 0.746815 0.41185499999999997 0.746815 0.41185499999999997 0.767825 0.442645 0.767825 0.442645 0.746815
10 0.10522000000000001 0.615775 0.07214000000000001 0.615775 0.07214000000000001 0.639105 0.10522000000000001 0.639105 0.10522000000000001 0.615775
10 0.15735 0.66243 0.12415000000000001 0.66243 0.12415000000000001 0.68913 0.15735 0.68913 0.15735 0.66243
10 0.9862949999999999 0.542335 0.9609650000000001 0.542335 0.9609650000000001 0.554345 0.9862949999999999 0.554345 0.9862949999999999 0.542335
10 0.690955 0.38876499999999997 0.671345 0.38876499999999997 0.671345 0.40371499999999994 0.690955 0.40371499999999994 0.690955 0.38876499999999997
10 0.21612499999999998 0.33457 0.205755 0.33457 0.205755 0.34463 0.21612499999999998 0.34463 0.21612499999999998 0.33457
10 0.617665 0.37461500000000003 0.604995 0.37461500000000003 0.604995 0.38758499999999996 0.617665 0.38758499999999996 0.617665 0.37461500000000003
10 0.171865 0.45640000000000003 0.157475 0.45640000000000003 0.157475 0.46646 0.171865 0.46646 0.171865 0.45640000000000003
10 0.5118199999999999 0.44393000000000005 0.49989999999999996 0.44393000000000005 0.49989999999999996 0.45694999999999997 0.5118199999999999 0.45694999999999997 0.5118199999999999 0.44393000000000005
10 0.25273500000000004 0.34298 0.23236500000000002 0.34298 0.23236500000000002 0.3621 0.25273500000000004 0.3621 0.25273500000000004 0.34298
10 0.192135 0.263635 0.177745 0.263635 0.177745 0.276405 0.192135 0.276405 0.192135 0.263635
10 0.36426 0.209555 0.32178 0.209555 0.32178 0.231845 0.36426 0.231845 0.36426 0.209555
10 0.352315 0.33259 0.33958499999999997 0.33259 0.33958499999999997 0.34709 0.352315 0.34709 0.352315 0.33259
10 0.843545 0.50534 0.833215 0.50534 0.833215 0.51712 0.843545 0.51712 0.843545 0.50534
10 0.31645 0.42794499999999996 0.28657 0.42794499999999996 0.28657 0.451455 0.31645 0.451455 0.31645 0.42794499999999996
10 0.5246850000000001 0.265085 0.5133949999999999 0.265085 0.5133949999999999 0.27641499999999997 0.5246850000000001 0.27641499999999997 0.5246850000000001 0.265085
10 0.064095 0.712035 0.036185 0.712035 0.036185 0.725465 0.064095 0.725465 0.064095 0.712035
10 0.276285 0.541575 0.263755 0.541575 0.263755 0.555105 0.276285 0.555105 0.276285 0.541575
10 0.682 0.61397 0.66566 0.61397 0.66566 0.62725 0.682 0.62725 0.682 0.61397
10 0.035199999999999995 0.291285 0.02342 0.291285 0.02342 0.300995 0.035199999999999995 0.300995 0.035199999999999995 0.291285
10 0.666825 0.27974 0.653495 0.27974 0.653495 0.29302 0.666825 0.29302 0.666825 0.27974
10 0.12866 0.37863 0.11706000000000001 0.37863 0.11706000000000001 0.39237 0.12866 0.39237 0.12866 0.37863
10 0.20595 0.24688500000000002 0.19517 0.24688500000000002 0.19517 0.259955 0.20595 0.259955 0.20595 0.24688500000000002
10 0.37792 0.454435 0.36818 0.454435 0.36818 0.465005 0.37792 0.465005 0.37792 0.454435
10 0.543115 0.37639999999999996 0.5311049999999999 0.37639999999999996 0.5311049999999999 0.38874 0.543115 0.38874 0.543115 0.37639999999999996
10 0.275265 0.29500000000000004 0.264775 0.29500000000000004 0.264775 0.30802 0.275265 0.30802 0.275265 0.29500000000000004
10 0.056479999999999995 0.35015999999999997 0.04642 0.35015999999999997 0.04642 0.35932 0.056479999999999995 0.35932 0.056479999999999995 0.35015999999999997
10 0.352085 0.34112 0.340795 0.34112 0.340795 0.35322 0.352085 0.35322 0.352085 0.34112
10 0.25516 0.710805 0.13962000000000002 0.710805 0.13962000000000002 0.728655 0.25516 0.728655 0.25516 0.710805
10 0.027965 0.48394000000000004 0.004235 0.48394000000000004 0.004235 0.50678 0.027965 0.50678 0.027965 0.48394000000000004
10 0.6716949999999999 0.744055 0.597845 0.744055 0.597845 0.765705 0.6716949999999999 0.765705 0.6716949999999999 0.744055
10 0.46308499999999997 0.6757850000000001 0.443175 0.6757850000000001 0.443175 0.692375 0.46308499999999997 0.692375 0.46308499999999997 0.6757850000000001
10 0.653 0.45789 0.64388 0.45789 0.64388 0.46691000000000005 0.653 0.46691000000000005 0.653 0.45789
10 0.318615 0.35118 0.307365 0.35118 0.307365 0.36074 0.318615 0.36074 0.318615 0.35118
10 0.513625 0.76329 0.502975 0.76329 0.502975 0.77577 0.513625 0.77577 0.513625 0.76329
10 0.5675250000000001 0.6353150000000001 0.556495 0.6353150000000001 0.556495 0.647885 0.5675250000000001 0.647885 0.5675250000000001 0.6353150000000001
10 0.291455 0.47185 0.23344499999999999 0.47185 0.23344499999999999 0.48956999999999995 0.291455 0.48956999999999995 0.291455 0.47185
10 0.5034150000000001 0.478925 0.420405 0.478925 0.420405 0.503015 0.5034150000000001 0.503015 0.5034150000000001 0.478925
10 0.606665 0.77112 0.596455 0.77112 0.596455 0.77966 0.606665 0.77966 0.606665 0.77112
10 0.616665 0.23868999999999999 0.5346949999999999 0.23868999999999999 0.5346949999999999 0.29597 0.616665 0.29597 0.616665 0.23868999999999999
10 0.3077 0.20573999999999998 0.28654 0.20573999999999998 0.28654 0.21783999999999998 0.3077 0.21783999999999998 0.3077 0.20573999999999998
10 0.208895 0.38717999999999997 0.199805 0.38717999999999997 0.199805 0.397 0.208895 0.397 0.208895 0.38717999999999997
10 0.89765 0.708755 0.86603 0.708755 0.86603 0.738505 0.89765 0.738505 0.89765 0.708755
10 0.373255 0.19534 0.356725 0.19534 0.356725 0.20381999999999997 0.373255 0.20381999999999997 0.373255 0.19534
10 0.81362 0.24825 0.7801400000000001 0.24825 0.7801400000000001 0.26543 0.81362 0.26543 0.81362 0.24825
9 0.27799999999999997 0.732 0.337 0.756 0.39 0.767 0.509 0.776 0.587 0.77 0.659 0.749 0.9470000000000001 0.6900000000000001 0.953 0.682 0.969 0.6759999999999999 0.999 0.6719999999999999 0.999 0.322 0.9259999999999999 0.29300000000000004 0.7969999999999999 0.258 0.614 0.21800000000000003 0.505 0.205 0.42000000000000004 0.2 0.361 0.20099999999999998 0.31 0.20800000000000002 0.24900000000000003 0.22400000000000003 0.1815 0.23199999999999998 0.133 0.231 0.039 0.217 0.002 0.217 0 0.709 0.007000000000000001 0.713 0.23199999999999998 0.72 0.27799999999999997 0.732