10 0.15706 0.3604 0.11240000000000001 0.3604 0.11240000000000001 0.41978 0.15706 0.41978 0.15706 0.3604
10 0.28615 0.235515 0.25047 0.235515 0.25047 0.27180499999999996 0.28615 0.27180499999999996 0.28615 0.235515
10 0.54962 0.44741 0.51776 0.44741 0.51776 0.47739000000000004 0.54962 0.47739000000000004 0.54962 0.44741
10 0.45574000000000003 0.263515 0.43294 0.263515 0.43294 0.28286500000000003 0.45574000000000003 0.28286500000000003 0.45574000000000003 0.263515
10 0.38539 0.430605 0.34019 0.430605 0.34019 0.47955500000000006 0.38539 0.47955500000000006 0.38539 0.430605
10 0.6634249999999999 0.378305 0.638335 0.378305 0.638335 0.403435 0.6634249999999999 0.403435 0.6634249999999999 0.378305
10 0.61697 0.57561 0.54123 0.57561 0.54123 0.63143 0.61697 0.63143 0.61697 0.57561
10 0.083535 0.38571 0.058065 0.38571 0.058065 0.41750999999999994 0.083535 0.41750999999999994 0.083535 0.38571
10 0.204705 0.38386 0.188115 0.38386 0.188115 0.40031999999999995 0.204705 0.40031999999999995 0.204705 0.38386
10 0.097345 0.316935 0.07685499999999999 0.316935 0.07685499999999999 0.338345 0.097345 0.338345 0.097345 0.316935
10 0 0.446365 0.019 0.446365 0.019 0.41007499999999997 0 0.41007499999999997 0 0.446365
10 0.24900000000000003 0.418325 0.22684 0.418325 0.22684 0.44251500000000005 0.24900000000000003 0.44251500000000005 0.24900000000000003 0.418325
10 0.229315 0.33231 0.209405 0.33231 0.209405 0.35079 0.229315 0.35079 0.229315 0.33231
10 0.21181999999999998 0.3094 0.19516 0.3094 0.19516 0.32684 0.21181999999999998 0.32684 0.21181999999999998 0.3094
10 0.094455 0.70284 0.06314499999999999 0.70284 0.06314499999999999 0.73662 0.094455 0.73662 0.094455 0.70284
10 0.50288 0.38131499999999996 0.47808 0.38131499999999996 0.47808 0.41164500000000004 0.50288 0.41164500000000004 0.50288 0.38131499999999996
10 0.356195 0.410735 0.33570500000000003 0.410735 0.33570500000000003 0.43302500000000005 0.356195 0.43302500000000005 0.356195 0.410735
10 0.197125 0.27303 0.178115 0.27303 0.178115 0.29337 0.197125 0.29337 0.197125 0.27303
10 0.6658299999999999 0.456475 0.64375 0.456475 0.64375 0.477125 0.6658299999999999 0.477125 0.6658299999999999 0.456475
10 0.480595 0.74483 0.439825 0.74483 0.439825 0.77861 0.480595 0.77861 0.480595 0.74483
10 0.5635100000000001 0.357935 0.53903 0.357935 0.53903 0.378385 0.5635100000000001 0.378385 0.5635100000000001 0.357935
10 0.623195 0.296605 0.5936049999999999 0.296605 0.5936049999999999 0.32693500000000003 0.623195 0.32693500000000003 0.623195 0.296605
10 0.06900500000000001 0.314195 0.042455 0.314195 0.042455 0.344985 0.06900500000000001 0.344985 0.06900500000000001 0.314195
10 0.39383 0.65079 0.36545 0.65079 0.36545 0.67635 0.39383 0.67635 0.39383 0.65079
10 0.125065 0.257135 0.090515 0.257135 0.090515 0.291685 0.125065 0.291685 0.125065 0.257135
10 0.774405 0.47388 0.757815 0.47388 0.757815 0.49241999999999997 0.774405 0.49241999999999997 0.774405 0.47388
10 0.53223 0.32121 0.5146499999999999 0.32121 0.5146499999999999 0.33699 0.53223 0.33699 0.53223 0.32121
10 0.205355 0.1683 0.186985 0.1683 0.186985 0.18594 0.205355 0.18594 0.205355 0.1683
10 0.901005 0.492085 0.828495 0.492085 0.828495 0.543075 0.901005 0.543075 0.901005 0.492085
10 0.5612250000000001 0.32433 0.5481550000000001 0.32433 0.5481550000000001 0.33681 0.5612250000000001 0.33681 0.5612250000000001 0.32433
10 0.093545 0.361105 0.079435 0.361105 0.079435 0.37521499999999997 0.093545 0.37521499999999997 0.093545 0.361105
10 0.8065149999999999 0.49632 0.765745 0.49632 0.765745 0.53004 0.8065149999999999 0.53004 0.8065149999999999 0.49632
10 0.155775 0.427435 0.115465 0.427435 0.115465 0.472965 0.155775 0.472965 0.155775 0.427435
10 0.41985 0.32416 0.40388999999999997 0.32416 0.40388999999999997 0.33843999999999996 0.41985 0.33843999999999996 0.41985 0.32416
10 0.44451 0.35652 0.42805 0.35652 0.42805 0.37298 0.44451 0.37298 0.44451 0.35652
9 0.288 0.818 0.38 0.8009999999999999 0.4 0.79 0.43200000000000005 0.787 0.45199999999999996 0.778 0.505 0.767 0.514 0.759 0.518 0.763 0.525 0.757 0.536 0.756 0.568 0.741 0.585 0.727 0.67 0.687 0.674 0.682 0.6910000000000001 0.679 0.724 0.662 0.786 0.609 0.8 0.588 0.8470000000000001 0.538 0.876 0.522 0.8949999999999999 0.514 0.994 0.513 0.999 0.507 0.994 0.49400000000000005 0.97 0.493 0.966 0.497 0.962 0.49400000000000005 0.905 0.493 0.8960000000000001 0.49000000000000005 0.8960000000000001 0.48600000000000004 0.8630000000000001 0.475 0.77 0.384 0.673 0.324 0.546 0.259 0.462 0.227 0.377 0.20400000000000001 0.337 0.187 0.195 0.148 0.019 0.124 0 0.124 0.002 0.8210000000000001 0.08499999999999999 0.8240000000000001 0.288 0.818