10 0.381425 0.347145 0.349995 0.347145 0.349995 0.380715 0.381425 0.380715 0.381425 0.347145
10 0.44994500000000004 0.5815 0.433355 0.5815 0.433355 0.59722 0.44994500000000004 0.59722 0.44994500000000004 0.5815
10 0.715345 0.48389 0.696755 0.48389 0.696755 0.49999000000000005 0.715345 0.49999000000000005 0.715345 0.48389
10 0.774705 0.53659 0.749715 0.53659 0.749715 0.54837 0.774705 0.54837 0.774705 0.53659
10 0.572195 0.36252 0.556705 0.36252 0.556705 0.37429999999999997 0.572195 0.37429999999999997 0.572195 0.36252
10 0.19467 0.296075 0.18325 0.296075 0.18325 0.305485 0.19467 0.305485 0.19467 0.296075
10 0.370195 0.48716499999999996 0.34318499999999996 0.48716499999999996 0.34318499999999996 0.498675 0.370195 0.498675 0.370195 0.48716499999999996
10 0.62812 0.39154 0.61406 0.39154 0.61406 0.40388 0.62812 0.40388 0.62812 0.39154
10 0.50686 0.494865 0.49704 0.494865 0.49704 0.501715 0.50686 0.501715 0.50686 0.494865
10 0.553935 0.41257 0.534925 0.41257 0.534925 0.42923 0.553935 0.42923 0.553935 0.41257
10 0.30366499999999996 0.42813 0.268115 0.42813 0.268115 0.45419 0.30366499999999996 0.45419 0.30366499999999996 0.42813
10 0.034695 0.30826 0.007885 0.30826 0.007885 0.33432 0.034695 0.33432 0.034695 0.30826
10 0.296915 0.386085 0.284145 0.386085 0.284145 0.397115 0.296915 0.397115 0.296915 0.386085
10 0.6334 0.466425 0.61856 0.466425 0.61856 0.477415 0.6334 0.477415 0.6334 0.466425
10 0.810805 0.5132399999999999 0.769275 0.5132399999999999 0.769275 0.5443800000000001 0.810805 0.5443800000000001 0.810805 0.5132399999999999
10 0.851145 0.45704500000000003 0.8324550000000001 0.45704500000000003 0.8324550000000001 0.477035 0.851145 0.477035 0.851145 0.45704500000000003
10 0.39269 0.478565 0.37879 0.478565 0.37879 0.488235 0.39269 0.488235 0.39269 0.478565
10 0.257035 0.6346849999999999 0.24686499999999997 0.6346849999999999 0.24686499999999997 0.643635 0.257035 0.643635 0.257035 0.6346849999999999
10 0.48996000000000006 0.60661 0.47244 0.60661 0.47244 0.62191 0.48996000000000006 0.62191 0.48996000000000006 0.60661
10 0.08510999999999999 0.56343 0.07504999999999999 0.56343 0.07504999999999999 0.57329 0.08510999999999999 0.57329 0.08510999999999999 0.56343
10 0.246205 0.574745 0.23817499999999997 0.574745 0.23817499999999997 0.5834550000000001 0.246205 0.5834550000000001 0.246205 0.574745
10 0.05223 0.49983500000000003 0.03041 0.49983500000000003 0.03041 0.519705 0.05223 0.519705 0.05223 0.49983500000000003
10 0.8037599999999999 0.43360000000000004 0.78316 0.43360000000000004 0.78316 0.4497 0.8037599999999999 0.4497 0.8037599999999999 0.43360000000000004
10 0.64076 0.366575 0.61706 0.366575 0.61706 0.393185 0.64076 0.393185 0.64076 0.366575
10 0.48615 0.6210549999999999 0.46502999999999994 0.6210549999999999 0.46502999999999994 0.640665 0.48615 0.640665 0.48615 0.6210549999999999
10 0.96837 0.49141 0.9310499999999999 0.49141 0.9310499999999999 0.52519 0.96837 0.52519 0.96837 0.49141
10 0.93247 0.42156000000000005 0.90151 0.42156000000000005 0.90151 0.44123999999999997 0.93247 0.44123999999999997 0.93247 0.42156000000000005
10 0.47589 0.465575 0.42987000000000003 0.465575 0.42987000000000003 0.49780499999999994 0.47589 0.49780499999999994 0.47589 0.465575
10 0.155545 0.512775 0.14719500000000002 0.512775 0.14719500000000002 0.5194449999999999 0.155545 0.5194449999999999 0.155545 0.512775
10 0.62547 0.58913 0.61085 0.58913 0.61085 0.5973900000000001 0.62547 0.5973900000000001 0.62547 0.58913
10 0.37688 0.5991850000000001 0.36824 0.5991850000000001 0.36824 0.609795 0.37688 0.609795 0.37688 0.5991850000000001
10 0.20434999999999998 0.492535 0.19677 0.492535 0.19677 0.500625 0.20434999999999998 0.500625 0.20434999999999998 0.492535
10 0.72871 0.381955 0.70001 0.381955 0.70001 0.391965 0.72871 0.391965 0.72871 0.381955
10 0.930805 0.625475 0.911975 0.625475 0.911975 0.639165 0.930805 0.639165 0.930805 0.625475
10 0.3296 0.532295 0.32128 0.532295 0.32128 0.539965 0.3296 0.539965 0.3296 0.532295
10 0.9095700000000001 0.53438 0.8863300000000001 0.53438 0.8863300000000001 0.55254 0.9095700000000001 0.55254 0.9095700000000001 0.53438
10 0.11204 0.42991999999999997 0.1044 0.42991999999999997 0.1044 0.43922 0.11204 0.43922 0.11204 0.42991999999999997
10 0.19739 0.37263999999999997 0.18761 0.37263999999999997 0.18761 0.38176 0.19739 0.38176 0.19739 0.37263999999999997
10 0.22891499999999998 0.29095 0.219825 0.29095 0.219825 0.29841 0.22891499999999998 0.29841 0.22891499999999998 0.29095
10 0.07433 0.560955 0.058609999999999995 0.560955 0.058609999999999995 0.570885 0.07433 0.570885 0.07433 0.560955
10 0.52265 0.426825 0.49688999999999994 0.426825 0.49688999999999994 0.445735 0.52265 0.445735 0.52265 0.426825
10 0.935685 0.46228499999999995 0.922715 0.46228499999999995 0.922715 0.473755 0.935685 0.473755 0.935685 0.46228499999999995
10 0.244795 0.40713 0.213945 0.40713 0.213945 0.43515 0.244795 0.43515 0.244795 0.40713
10 0.938625 0.544755 0.926615 0.544755 0.926615 0.555825 0.938625 0.555825 0.938625 0.544755
10 0.524035 0.34968499999999997 0.516005 0.34968499999999997 0.516005 0.355875 0.524035 0.355875 0.524035 0.34968499999999997
10 0.778555 0.604015 0.755625 0.604015 0.755625 0.624505 0.778555 0.624505 0.778555 0.604015
10 0.16911 0.40093500000000004 0.16023 0.40093500000000004 0.16023 0.409605 0.16911 0.409605 0.16911 0.40093500000000004
10 0.10632 0.34203 0.09546 0.34203 0.09546 0.35133000000000003 0.10632 0.35133000000000003 0.10632 0.34203
10 0.490545 0.651815 0.458195 0.651815 0.458195 0.664585 0.490545 0.664585 0.490545 0.651815
10 0.7252799999999999 0.48099 0.67706 0.48099 0.67706 0.5175500000000001 0.7252799999999999 0.5175500000000001 0.7252799999999999 0.48099
10 0.39181 0.30541 0.37089 0.30541 0.37089 0.31471 0.39181 0.31471 0.39181 0.30541
10 0.9199400000000001 0.51195 0.90916 0.51195 0.90916 0.52419 0.9199400000000001 0.52419 0.9199400000000001 0.51195
10 0.135735 0.43991499999999994 0.122565 0.43991499999999994 0.122565 0.451205 0.135735 0.451205 0.135735 0.43991499999999994
10 0.894655 0.51336 0.883665 0.51336 0.883665 0.5257 0.894655 0.5257 0.894655 0.51336
10 0.127945 0.635475 0.11875500000000001 0.635475 0.11875500000000001 0.642845 0.127945 0.642845 0.127945 0.635475
10 0.69576 0.55912 0.67142 0.55912 0.67142 0.57466 0.69576 0.57466 0.69576 0.55912
10 0.66022 0.46979499999999996 0.63274 0.46979499999999996 0.63274 0.499445 0.66022 0.499445 0.66022 0.46979499999999996
10 0.6983550000000001 0.661805 0.690325 0.661805 0.690325 0.667295 0.6983550000000001 0.667295 0.6983550000000001 0.661805
10 0.730385 0.40702 0.718835 0.40702 0.718835 0.42256 0.730385 0.42256 0.730385 0.40702
10 1 0.53842 0.9921150000000001 0.53842 0.9921150000000001 0.55534 1 0.55534 1 0.53842
10 0.7045 0.51102 0.6538999999999999 0.51102 0.6538999999999999 0.53194 0.7045 0.53194 0.7045 0.51102
10 0.99433 0.437535 0.97051 0.437535 0.97051 0.455525 0.99433 0.455525 0.99433 0.437535
10 0.548245 0.496155 0.44979500000000006 0.496155 0.44979500000000006 0.521425 0.548245 0.521425 0.548245 0.496155
10 0.5539850000000001 0.594135 0.5426949999999999 0.594135 0.5426949999999999 0.605085 0.5539850000000001 0.605085 0.5539850000000001 0.594135
10 0.89931 0.480575 0.88683 0.480575 0.88683 0.492085 0.89931 0.492085 0.89931 0.480575
10 0.864855 0.51572 0.8539049999999999 0.51572 0.8539049999999999 0.5292 0.864855 0.5292 0.864855 0.51572
10 0.59882 0.489825 0.52326 0.489825 0.52326 0.519935 0.59882 0.519935 0.59882 0.489825
10 0.878425 0.41302000000000005 0.8637549999999999 0.41302000000000005 0.8637549999999999 0.43414 0.878425 0.43414 0.878425 0.41302000000000005
9 0 0.602 0.051000000000000004 0.622 0.11100000000000002 0.639 0.20800000000000002 0.658 0.33199999999999996 0.67 0.466 0.665 0.5690000000000001 0.654 0.625 0.654 0.835 0.67 0.999 0.651 0.999 0.45199999999999996 0.978 0.442 0.97 0.44299999999999995 0.962 0.437 0.897 0.42300000000000004 0.8869999999999999 0.42400000000000004 0.866 0.413 0.8089999999999999 0.41 0.763 0.40199999999999997 0.613 0.358 0.516 0.351 0.363 0.305 0.286 0.28900000000000003 0.22799999999999998 0.281 0.10900000000000001 0.27799999999999997 0.004 0.288 0 0.28900000000000003 0 0.602