10 0.165295 0.602435 0.13622499999999998 0.602435 0.13622499999999998 0.630325 0.165295 0.630325 0.165295 0.602435
10 0.09516 0.563885 0.08026 0.563885 0.08026 0.575755 0.09516 0.575755 0.09516 0.563885
10 0.443445 0.643905 0.41495499999999996 0.643905 0.41495499999999996 0.661755 0.443445 0.661755 0.443445 0.643905
10 0.63087 0.658115 0.6103500000000001 0.658115 0.6103500000000001 0.6719649999999999 0.63087 0.6719649999999999 0.63087 0.658115
10 0.13954 0.51493 0.10338 0.51493 0.10338 0.53879 0.13954 0.53879 0.13954 0.51493
10 0.61529 0.60905 0.59565 0.60905 0.59565 0.62533 0.61529 0.62533 0.61529 0.60905
10 0.191275 0.44788500000000003 0.17200500000000002 0.44788500000000003 0.17200500000000002 0.46325500000000003 0.191275 0.46325500000000003 0.191275 0.44788500000000003
10 0.38727999999999996 0.56804 0.36418 0.56804 0.36418 0.58528 0.38727999999999996 0.58528 0.38727999999999996 0.56804
10 0.75239 0.61209 0.72613 0.61209 0.72613 0.62717 0.75239 0.62717 0.75239 0.61209
10 0.048695 0.501105 0.028825 0.501105 0.028825 0.516475 0.048695 0.516475 0.048695 0.501105
10 0.16486499999999998 0.56131 0.144955 0.56131 0.144955 0.57639 0.16486499999999998 0.57639 0.16486499999999998 0.56131
10 0.5555450000000001 0.43431 0.519655 0.43431 0.519655 0.46413000000000004 0.5555450000000001 0.46413000000000004 0.5555450000000001 0.43431
10 0.2641 0.641205 0.23468 0.641205 0.23468 0.660555 0.2641 0.660555 0.2641 0.641205
10 0.71238 0.6609200000000001 0.68118 0.6609200000000001 0.68118 0.6799000000000001 0.71238 0.6799000000000001 0.71238 0.6609200000000001
10 0.07445 0.434905 0.04073 0.434905 0.04073 0.47085499999999997 0.07445 0.47085499999999997 0.07445 0.434905
10 0.027970000000000002 0.553655 0.008409999999999999 0.553655 0.008409999999999999 0.567445 0.027970000000000002 0.567445 0.027970000000000002 0.553655
10 0.5007699999999999 0.603815 0.47676999999999997 0.603815 0.47676999999999997 0.625685 0.5007699999999999 0.625685 0.5007699999999999 0.603815
10 0.297635 0.564945 0.279505 0.564945 0.279505 0.5815349999999999 0.297635 0.5815349999999999 0.297635 0.564945
10 0.22269 0.5556300000000001 0.18991 0.5556300000000001 0.18991 0.5840099999999999 0.22269 0.5840099999999999 0.22269 0.5556300000000001
10 0.18471500000000002 0.51038 0.163425 0.51038 0.163425 0.52672 0.18471500000000002 0.52672 0.18471500000000002 0.51038
10 0.8343450000000001 0.570995 0.819955 0.570995 0.819955 0.582325 0.8343450000000001 0.582325 0.8343450000000001 0.570995
10 0.36166 0.472155 0.32974000000000003 0.472155 0.32974000000000003 0.49708500000000005 0.36166 0.49708500000000005 0.36166 0.472155
10 0.58178 0.59342 0.56568 0.59342 0.56568 0.6077600000000001 0.58178 0.6077600000000001 0.58178 0.59342
10 0.27503 0.42005 0.26013000000000003 0.42005 0.26013000000000003 0.43296999999999997 0.27503 0.43296999999999997 0.27503 0.42005
10 0.548825 0.48409 0.532235 0.48409 0.532235 0.49490999999999996 0.548825 0.49490999999999996 0.548825 0.48409
10 0.76112 0.38704 0.74864 0.38704 0.74864 0.40153999999999995 0.76112 0.40153999999999995 0.76112 0.38704
10 0.684625 0.608275 0.672795 0.608275 0.672795 0.618285 0.684625 0.618285 0.684625 0.608275
10 0.690105 0.46821999999999997 0.678055 0.46821999999999997 0.678055 0.47612 0.690105 0.47612 0.690105 0.46821999999999997
10 0.393115 0.43373 0.385685 0.43373 0.385685 0.44078999999999996 0.393115 0.44078999999999996 0.393115 0.43373
10 0.3659 0.5111100000000001 0.35626 0.5111100000000001 0.35626 0.5172100000000001 0.3659 0.5172100000000001 0.3659 0.5111100000000001
10 0.6207849999999999 0.47279 0.6018749999999999 0.47279 0.6018749999999999 0.48669 0.6207849999999999 0.48669 0.6207849999999999 0.47279
10 0.5539 0.35402 0.53106 0.35402 0.53106 0.36863999999999997 0.5539 0.36863999999999997 0.5539 0.35402
10 0.5945050000000001 0.515605 0.586155 0.515605 0.586155 0.528335 0.5945050000000001 0.528335 0.5945050000000001 0.515605
10 0.29296 0.443635 0.28614 0.443635 0.28614 0.449925 0.29296 0.449925 0.29296 0.443635
10 0.04124 0.385085 0.025280000000000004 0.385085 0.025280000000000004 0.397135 0.04124 0.397135 0.04124 0.385085
10 0.45189500000000005 0.49566999999999994 0.441165 0.49566999999999994 0.441165 0.5053099999999999 0.45189500000000005 0.5053099999999999 0.45189500000000005 0.49566999999999994
10 0.965575 0.508955 0.955325 0.508955 0.955325 0.517405 0.965575 0.517405 0.965575 0.508955
10 0.478385 0.43560499999999996 0.47035499999999997 0.43560499999999996 0.47035499999999997 0.44427500000000003 0.478385 0.44427500000000003 0.478385 0.43560499999999996
10 0.337725 0.462225 0.330235 0.462225 0.330235 0.469895 0.337725 0.469895 0.337725 0.462225
10 0.674 0.40146499999999996 0.66584 0.40146499999999996 0.66584 0.410555 0.674 0.410555 0.674 0.40146499999999996
10 0.49413 0.5078050000000001 0.48829 0.5078050000000001 0.48829 0.5146550000000001 0.49413 0.5146550000000001 0.49413 0.5078050000000001
10 0.38439 0.621 0.36608999999999997 0.621 0.36608999999999997 0.63584 0.38439 0.63584 0.38439 0.621
10 0.666955 0.364405 0.653365 0.364405 0.653365 0.37339500000000003 0.666955 0.37339500000000003 0.666955 0.364405
10 0.43173000000000006 0.564375 0.42325 0.564375 0.42325 0.572345 0.43173000000000006 0.572345 0.43173000000000006 0.564375
10 0.194265 0.428135 0.187575 0.428135 0.187575 0.43416499999999997 0.194265 0.43416499999999997 0.194265 0.428135
10 0.642195 0.45915999999999996 0.634165 0.45915999999999996 0.634165 0.46807999999999994 0.642195 0.46807999999999994 0.642195 0.45915999999999996
10 0.430075 0.40878500000000006 0.422465 0.40878500000000006 0.422465 0.417875 0.430075 0.417875 0.430075 0.40878500000000006
9 0 0.5660000000000001 0.118 0.625 0.15 0.636 0.192 0.658 0.23399999999999999 0.671 0.386 0.675 0.42400000000000004 0.6809999999999999 0.45599999999999996 0.6950000000000001 0.49800000000000005 0.705 0.599 0.71 0.631 0.7070000000000001 0.657 0.696 0.775 0.671 0.779 0.674 0.788 0.671 0.8 0.6799999999999999 0.8029999999999999 0.689 0.818 0.6980000000000001 0.825 0.6980000000000001 0.8310000000000001 0.689 0.829 0.682 0.834 0.679 0.8480000000000001 0.653 0.868 0.645 0.8880000000000001 0.644 0.924 0.653 0.966 0.649 0.999 0.657 0.999 0.46900000000000003 0.9470000000000001 0.465 0.9380000000000001 0.47000000000000003 0.9279999999999999 0.45099999999999996 0.915 0.442 0.8210000000000001 0.403 0.662 0.366 0.609 0.357 0.5389999999999999 0.351 0.46900000000000003 0.352 0.43499999999999994 0.362 0.373 0.371 0.27599999999999997 0.361 0.212667 0.363 0.129 0.355 0.079 0.355 0.005 0.366 0 0.368 0 0.5660000000000001