10 0.35885500000000004 0.36624500000000004 0.32542499999999996 0.36624500000000004 0.32542499999999996 0.417995 0.35885500000000004 0.417995 0.35885500000000004 0.36624500000000004
10 0.398895 0.36506 0.316925 0.36506 0.316925 0.40788 0.398895 0.40788 0.398895 0.36506
10 0.44343000000000005 0.364045 0.42033 0.364045 0.42033 0.380575 0.44343000000000005 0.380575 0.44343000000000005 0.364045
10 0.842455 0.380115 0.8225849999999999 0.380115 0.8225849999999999 0.397225 0.842455 0.397225 0.842455 0.380115
10 0.27541000000000004 0.5441499999999999 0.25437 0.5441499999999999 0.25437 0.56425 0.27541000000000004 0.56425 0.27541000000000004 0.5441499999999999
10 0.48194 0.39209499999999997 0.46142000000000005 0.39209499999999997 0.46142000000000005 0.408685 0.48194 0.408685 0.48194 0.39209499999999997
10 0.34904999999999997 0.37098 0.33455 0.37098 0.33455 0.3839 0.34904999999999997 0.3839 0.34904999999999997 0.37098
10 0.29542999999999997 0.53121 0.24657 0.53121 0.24657 0.56743 0.29542999999999997 0.56743 0.29542999999999997 0.53121
10 0.268345 0.4749 0.254115 0.4749 0.254115 0.48945999999999995 0.268345 0.48945999999999995 0.268345 0.4749
10 0.55348 0.386685 0.5393 0.386685 0.5393 0.397975 0.55348 0.397975 0.55348 0.386685
10 0.629895 0.398905 0.615225 0.398905 0.615225 0.411635 0.629895 0.411635 0.629895 0.398905
10 0.8874650000000001 0.512115 0.827375 0.512115 0.827375 0.566005 0.8874650000000001 0.566005 0.8874650000000001 0.512115
10 0.900415 0.5709850000000001 0.8779049999999999 0.5709850000000001 0.8779049999999999 0.589175 0.900415 0.589175 0.900415 0.5709850000000001
10 0.39481 0.455615 0.32297 0.455615 0.32297 0.49116499999999996 0.39481 0.49116499999999996 0.39481 0.455615
10 0.178975 0.40315 0.16330499999999998 0.40315 0.16330499999999998 0.41764999999999997 0.178975 0.41764999999999997 0.178975 0.40315
10 0.8612500000000001 0.36589 0.83407 0.36589 0.83407 0.38509000000000004 0.8612500000000001 0.38509000000000004 0.8612500000000001 0.36589
10 0.9784200000000001 0.55406 0.9063399999999999 0.55406 0.9063399999999999 0.59926 0.9784200000000001 0.59926 0.9784200000000001 0.55406
10 0.44945 0.465805 0.42507 0.465805 0.42507 0.48047500000000004 0.44945 0.48047500000000004 0.44945 0.465805
10 0.764395 0.50107 0.751225 0.50107 0.751225 0.5145500000000001 0.764395 0.5145500000000001 0.764395 0.50107
10 0.34963 0.45511999999999997 0.33347000000000004 0.45511999999999997 0.33347000000000004 0.47114 0.34963 0.47114 0.34963 0.45511999999999997
10 0.9980399999999999 0.48384 0.9765599999999999 0.48384 0.9765599999999999 0.49711999999999995 0.9980399999999999 0.49711999999999995 0.9980399999999999 0.48384
10 0.5192 0.37931 0.5022800000000001 0.37931 0.5022800000000001 0.39559 0.5192 0.39559 0.5192 0.37931
10 0.896575 0.48904500000000006 0.870025 0.48904500000000006 0.870025 0.501195 0.896575 0.501195 0.896575 0.48904500000000006
10 0.66161 0.454915 0.60109 0.454915 0.60109 0.495285 0.66161 0.495285 0.66161 0.454915
10 0.9442600000000001 0.56242 0.9258599999999999 0.56242 0.9258599999999999 0.5782 0.9442600000000001 0.5782 0.9442600000000001 0.56242
10 0.8626849999999999 0.52798 0.8511749999999999 0.52798 0.8511749999999999 0.5394 0.8626849999999999 0.5394 0.8626849999999999 0.52798
10 0.78743 0.48525 0.75261 0.48525 0.75261 0.5030300000000001 0.78743 0.5030300000000001 0.78743 0.48525
10 0.251425 0.38370000000000004 0.231975 0.38370000000000004 0.231975 0.40048000000000006 0.251425 0.40048000000000006 0.251425 0.38370000000000004
10 0.339575 0.46124 0.32986499999999996 0.46124 0.32986499999999996 0.4704 0.339575 0.4704 0.339575 0.46124
10 0.57013 0.42333499999999996 0.54999 0.42333499999999996 0.54999 0.44532499999999997 0.57013 0.44532499999999997 0.57013 0.42333499999999996
10 0.8090949999999999 0.487735 0.796365 0.487735 0.796365 0.49810499999999996 0.8090949999999999 0.49810499999999996 0.8090949999999999 0.487735
10 0.5101600000000001 0.47556000000000004 0.48936 0.47556000000000004 0.48936 0.48538 0.5101600000000001 0.48538 0.5101600000000001 0.47556000000000004
10 0.579305 0.491605 0.569135 0.491605 0.569135 0.502055 0.579305 0.502055 0.579305 0.491605
10 0.25968 0.47989499999999996 0.25007999999999997 0.47989499999999996 0.25007999999999997 0.489825 0.25968 0.489825 0.25968 0.47989499999999996
10 0.328955 0.423855 0.31898499999999996 0.423855 0.31898499999999996 0.43356500000000003 0.328955 0.43356500000000003 0.328955 0.423855
10 0.58649 0.45838999999999996 0.5775699999999999 0.45838999999999996 0.5775699999999999 0.46787 0.58649 0.46787 0.58649 0.45838999999999996
10 0.22586499999999998 0.447935 0.21553499999999998 0.447935 0.21553499999999998 0.457345 0.22586499999999998 0.457345 0.22586499999999998 0.447935
10 0.339225 0.37282000000000004 0.331195 0.37282000000000004 0.331195 0.38108 0.339225 0.38108 0.339225 0.37282000000000004
10 0.36627 0.46346499999999996 0.35541 0.46346499999999996 0.35541 0.473555 0.36627 0.473555 0.36627 0.46346499999999996
10 0.8634299999999999 0.488605 0.7537499999999999 0.488605 0.7537499999999999 0.512375 0.8634299999999999 0.512375 0.8634299999999999 0.488605
10 0.90528 0.511315 0.8955 0.511315 0.8955 0.5218849999999999 0.90528 0.5218849999999999 0.90528 0.511315
10 0.916845 0.500895 0.9063950000000001 0.500895 0.9063950000000001 0.510825 0.916845 0.510825 0.916845 0.500895
10 0.9175150000000001 0.5225850000000001 0.9086650000000001 0.5225850000000001 0.9086650000000001 0.5340550000000001 0.9175150000000001 0.5340550000000001 0.9175150000000001 0.5225850000000001
10 0.657185 0.40622499999999995 0.648475 0.40622499999999995 0.648475 0.41359500000000005 0.657185 0.41359500000000005 0.657185 0.40622499999999995
10 0.77538 0.47167000000000003 0.76564 0.47167000000000003 0.76564 0.48145 0.77538 0.48145 0.77538 0.47167000000000003
10 0.33457 0.441395 0.31972999999999996 0.441395 0.31972999999999996 0.456065 0.33457 0.456065 0.33457 0.441395
10 0.224385 0.5343549999999999 0.21237499999999998 0.5343549999999999 0.21237499999999998 0.547685 0.224385 0.547685 0.224385 0.5343549999999999
10 0.284 0.402605 0.27654 0.402605 0.27654 0.409895 0.284 0.409895 0.284 0.402605
10 0.290475 0.40347 0.280805 0.40347 0.280805 0.41195000000000004 0.290475 0.41195000000000004 0.290475 0.40347
10 0.97613 0.44733999999999996 0.96527 0.44733999999999996 0.96527 0.45598 0.97613 0.45598 0.97613 0.44733999999999996
10 0.29497 0.42787499999999995 0.28707 0.42787499999999995 0.28707 0.436385 0.29497 0.436385 0.29497 0.42787499999999995
10 0.60507 0.45485499999999995 0.54043 0.45485499999999995 0.54043 0.48312499999999997 0.60507 0.48312499999999997 0.60507 0.45485499999999995
10 0.999995 0.48550000000000004 0.989185 0.48550000000000004 0.989185 0.49692 0.999995 0.49692 0.999995 0.48550000000000004
10 0.238435 0.53465 0.22786499999999998 0.53465 0.22786499999999998 0.54543 0.238435 0.54543 0.238435 0.53465
10 0.50774 0.42461000000000004 0.48494000000000004 0.42461000000000004 0.48494000000000004 0.44941000000000003 0.50774 0.44941000000000003 0.50774 0.42461000000000004
10 0.6431600000000001 0.454565 0.62832 0.454565 0.62832 0.465855 0.6431600000000001 0.465855 0.6431600000000001 0.454565
10 0.19237500000000002 0.44085 0.181645 0.44085 0.181645 0.45075000000000004 0.19237500000000002 0.45075000000000004 0.19237500000000002 0.44085
10 0.9187099999999999 0.5791299999999999 0.9094099999999999 0.5791299999999999 0.9094099999999999 0.58787 0.9187099999999999 0.58787 0.9187099999999999 0.5791299999999999
10 0.49507500000000004 0.42252999999999996 0.486365 0.42252999999999996 0.486365 0.43391 0.49507500000000004 0.43391 0.49507500000000004 0.42252999999999996
10 0.9912750000000001 0.511365 0.978445 0.511365 0.978445 0.523795 0.9912750000000001 0.523795 0.9912750000000001 0.511365
10 0.99179 0.48727 0.92325 0.48727 0.92325 0.50491 0.99179 0.50491 0.99179 0.48727
10 0.9144249999999999 0.5899650000000001 0.900995 0.5899650000000001 0.900995 0.603395 0.9144249999999999 0.603395 0.9144249999999999 0.5899650000000001
10 0.58858 0.45297 0.58036 0.45297 0.58036 0.46060999999999996 0.58858 0.46060999999999996 0.58858 0.45297
10 0.750625 0.51574 0.742535 0.51574 0.742535 0.52332 0.750625 0.52332 0.750625 0.51574
10 0.23530500000000001 0.451065 0.22685499999999997 0.451065 0.22685499999999997 0.45957499999999996 0.23530500000000001 0.45957499999999996 0.23530500000000001 0.451065
10 0.168925 0.49637000000000003 0.158475 0.49637000000000003 0.158475 0.50753 0.168925 0.50753 0.168925 0.49637000000000003
10 0.40679499999999996 0.43606 0.391545 0.43606 0.391545 0.45848000000000005 0.40679499999999996 0.45848000000000005 0.40679499999999996 0.43606
10 0.850805 0.56441 0.8386549999999999 0.56441 0.8386549999999999 0.5742700000000001 0.850805 0.5742700000000001 0.850805 0.56441
10 0.55613 0.46548 0.54933 0.46548 0.54933 0.47348 0.55613 0.47348 0.55613 0.46548
10 0.34753500000000004 0.53571 0.336545 0.53571 0.336545 0.54535 0.34753500000000004 0.54535 0.34753500000000004 0.53571
10 0.43918999999999997 0.530475 0.42799 0.530475 0.42799 0.5427649999999999 0.43918999999999997 0.5427649999999999 0.43918999999999997 0.530475
10 0.84257 0.35753 0.8341900000000001 0.35753 0.8341900000000001 0.36463 0.84257 0.36463 0.84257 0.35753
10 0.707175 0.46403999999999995 0.695165 0.46403999999999995 0.695165 0.47542 0.707175 0.47542 0.707175 0.46403999999999995
10 0.69318 0.47421499999999994 0.5246000000000001 0.47421499999999994 0.5246000000000001 0.496985 0.69318 0.496985 0.69318 0.47421499999999994
10 0.53432 0.479565 0.5252600000000001 0.479565 0.5252600000000001 0.486255 0.53432 0.486255 0.53432 0.479565
10 0.46993999999999997 0.566615 0.45682 0.566615 0.45682 0.580845 0.46993999999999997 0.580845 0.46993999999999997 0.566615
10 0.5420200000000001 0.500015 0.53512 0.500015 0.53512 0.5078050000000001 0.5420200000000001 0.5078050000000001 0.5420200000000001 0.500015
10 0.6307349999999999 0.55157 0.6192650000000001 0.55157 0.6192650000000001 0.56269 0.6307349999999999 0.56269 0.6307349999999999 0.55157
10 0.31720000000000004 0.45318500000000006 0.30878 0.45318500000000006 0.30878 0.461375 0.31720000000000004 0.461375 0.31720000000000004 0.45318500000000006
10 0.53637 0.58368 0.53003 0.58368 0.53003 0.59014 0.53637 0.59014 0.53637 0.58368
10 0.906165 0.47036 0.8994949999999999 0.47036 0.8994949999999999 0.47788 0.906165 0.47788 0.906165 0.47036
10 0.63166 0.609135 0.61932 0.609135 0.61932 0.6193850000000001 0.63166 0.6193850000000001 0.63166 0.609135
10 0.6986950000000001 0.39871 0.662625 0.39871 0.662625 0.42209 0.6986950000000001 0.42209 0.6986950000000001 0.39871
10 0.750715 0.371775 0.743425 0.371775 0.743425 0.379205 0.750715 0.379205 0.750715 0.371775
10 0.560775 0.590985 0.553485 0.590985 0.553485 0.598475 0.560775 0.598475 0.560775 0.590985
10 0.96198 0.39271 0.9354799999999999 0.39271 0.9354799999999999 0.40660999999999997 0.96198 0.40660999999999997 0.96198 0.39271
9 0.05500000000000001 0.43200000000000005 0.002 0.409 0 0.433 0.020999999999999998 0.441 0.081 0.44800000000000006 0.121 0.45899999999999996 0.148 0.492 0.205 0.544 0.248 0.5700000000000001 0.284 0.583 0.32599999999999996 0.581 0.368 0.5599999999999999 0.377 0.5700000000000001 0.376 0.5780000000000001 0.381 0.587 0.397 0.587 0.42300000000000004 0.6 0.47000000000000003 0.612 0.508 0.613 0.537 0.62 0.591 0.617 0.621 0.623 0.6519999999999999 0.624 0.744 0.596 0.783 0.595 0.8470000000000001 0.608 0.8859999999999999 0.61 0.9189999999999999 0.626 0.9630000000000001 0.639 0.999 0.637 0.999 0.417 0.9650000000000001 0.409 0.962 0.403 0.9390000000000001 0.386 0.933 0.39 0.916 0.373 0.873 0.351 0.8310000000000001 0.346 0.782 0.363 0.712 0.365 0.642667 0.375 0.621 0.372 0.518 0.339 0.492 0.33599999999999997 0.421 0.35 0.322 0.353 0.223 0.381 0.185 0.396 0.1 0.43899999999999995 0.05500000000000001 0.43200000000000005