10 0.328855 0.42126 0.28280500000000003 0.42126 0.28280500000000003 0.47078 0.328855 0.47078 0.328855 0.42126
10 0.281665 0.60541 0.260335 0.60541 0.260335 0.6221300000000001 0.281665 0.6221300000000001 0.281665 0.60541
10 0.18243499999999999 0.327175 0.104185 0.327175 0.104185 0.395965 0.18243499999999999 0.395965 0.18243499999999999 0.327175
10 0.228285 0.52555 0.20969500000000002 0.52555 0.20969500000000002 0.54671 0.228285 0.54671 0.228285 0.52555
10 0.10991999999999999 0.375715 0.0755 0.375715 0.0755 0.399185 0.10991999999999999 0.399185 0.10991999999999999 0.375715
10 0.11563000000000001 0.438615 0.03659 0.438615 0.03659 0.476425 0.11563000000000001 0.476425 0.11563000000000001 0.438615
10 0.460695 0.361205 0.382085 0.361205 0.382085 0.431275 0.460695 0.431275 0.460695 0.361205
10 0.483965 0.542485 0.465735 0.542485 0.465735 0.559075 0.483965 0.559075 0.483965 0.542485
10 0.28132999999999997 0.33608 0.26603 0.33608 0.26603 0.35337999999999997 0.28132999999999997 0.35337999999999997 0.28132999999999997 0.33608
10 0.12512 0.34701 0.10682 0.34701 0.10682 0.36393 0.12512 0.36393 0.12512 0.34701
10 0.154895 0.320175 0.135625 0.320175 0.135625 0.342425 0.154895 0.342425 0.154895 0.320175
10 0.263245 0.44589 0.24799500000000002 0.44589 0.24799500000000002 0.46281 0.263245 0.46281 0.263245 0.44589
10 0.392065 0.45697 0.382835 0.45697 0.382835 0.46783 0.392065 0.46783 0.392065 0.45697
10 0.259355 0.37473999999999996 0.247485 0.37473999999999996 0.247485 0.38698 0.259355 0.38698 0.259355 0.37473999999999996
10 0.322015 0.360125 0.308845 0.360125 0.308845 0.37033499999999997 0.322015 0.37033499999999997 0.322015 0.360125
10 0.054135 0.56441 0.023985 0.56441 0.023985 0.5869500000000001 0.054135 0.5869500000000001 0.054135 0.56441
10 0.408795 0.442 0.398825 0.442 0.398825 0.45106 0.408795 0.45106 0.408795 0.442
10 0.501945 0.46133499999999994 0.48877499999999996 0.46133499999999994 0.48877499999999996 0.475185 0.501945 0.475185 0.501945 0.46133499999999994
10 0.16428 0.66993 0.13308 0.66993 0.13308 0.6884699999999999 0.16428 0.6884699999999999 0.16428 0.66993
10 0.39063 0.380545 0.38085 0.380545 0.38085 0.389955 0.39063 0.389955 0.39063 0.380545
10 0.034495 0.34033 0.006005 0.34033 0.006005 0.36719 0.034495 0.36719 0.034495 0.34033
10 0.602705 0.45959500000000003 0.590655 0.45959500000000003 0.590655 0.471065 0.602705 0.471065 0.602705 0.45959500000000003
10 0.287165 0.46585 0.276795 0.46585 0.276795 0.47897 0.287165 0.47897 0.287165 0.46585
10 0.515285 0.433195 0.504255 0.433195 0.504255 0.44376499999999997 0.515285 0.44376499999999997 0.515285 0.433195
10 0.340855 0.43468 0.312945 0.43468 0.312945 0.48818 0.340855 0.48818 0.340855 0.43468
10 0.392925 0.439595 0.382955 0.439595 0.382955 0.450045 0.392925 0.450045 0.392925 0.439595
10 0.30184500000000003 0.31611500000000003 0.287995 0.31611500000000003 0.287995 0.327445 0.30184500000000003 0.327445 0.30184500000000003 0.31611500000000003
10 0.5608 0.43077 0.5515 0.43077 0.5515 0.43983 0.5608 0.43983 0.5608 0.43077
10 0.514 0.45174000000000003 0.5016200000000001 0.45174000000000003 0.5016200000000001 0.47013999999999995 0.514 0.47013999999999995 0.514 0.45174000000000003
10 0.3631 0.385865 0.35076 0.385865 0.35076 0.399295 0.3631 0.399295 0.3631 0.385865
10 0.130765 0.41007499999999997 0.121675 0.41007499999999997 0.121675 0.420005 0.130765 0.420005 0.130765 0.41007499999999997
10 0.6728850000000001 0.575985 0.660115 0.575985 0.660115 0.589055 0.6728850000000001 0.589055 0.6728850000000001 0.575985
10 0.34567000000000003 0.637875 0.32083 0.637875 0.32083 0.657045 0.34567000000000003 0.657045 0.34567000000000003 0.637875
10 0.194745 0.50099 0.184415 0.50099 0.184415 0.51073 0.194745 0.51073 0.194745 0.50099
10 0.113565 0.53993 0.086755 0.53993 0.086755 0.5538299999999999 0.113565 0.5538299999999999 0.113565 0.53993
10 0.47173999999999994 0.485375 0.45746000000000003 0.485375 0.45746000000000003 0.495085 0.47173999999999994 0.495085 0.47173999999999994 0.485375
10 0.34948999999999997 0.52767 0.34143 0.52767 0.34143 0.53679 0.34948999999999997 0.53679 0.34948999999999997 0.52767
10 0.552325 0.45060500000000003 0.544355 0.45060500000000003 0.544355 0.458575 0.552325 0.458575 0.552325 0.45060500000000003
10 0.05820499999999999 0.45496 0.046655 0.45496 0.046655 0.46692 0.05820499999999999 0.46692 0.05820499999999999 0.45496
10 0.9050499999999999 0.41711 0.88889 0.41711 0.88889 0.43201 0.9050499999999999 0.43201 0.9050499999999999 0.41711
10 0.24766 0.530805 0.23574 0.530805 0.23574 0.541455 0.24766 0.541455 0.24766 0.530805
10 0.020300000000000002 0.43727499999999997 0.00708 0.43727499999999997 0.00708 0.448965 0.020300000000000002 0.448965 0.020300000000000002 0.43727499999999997
10 0.15609 0.63695 0.13615 0.63695 0.13615 0.65601 0.15609 0.65601 0.15609 0.63695
10 0.268115 0.494975 0.256785 0.494975 0.256785 0.508925 0.268115 0.508925 0.268115 0.494975
10 0.571125 0.47180999999999995 0.560715 0.47180999999999995 0.560715 0.48083 0.571125 0.48083 0.571125 0.47180999999999995
10 0.16662 0.42041500000000004 0.15272 0.42041500000000004 0.15272 0.433585 0.16662 0.433585 0.16662 0.42041500000000004
9 0.1305 0.688 0.211 0.696 0.275 0.696 0.34700000000000003 0.6769999999999999 0.375 0.6639999999999999 0.62 0.605 0.671 0.613 0.709 0.611 0.775 0.585 0.8320000000000001 0.553 0.9410000000000001 0.48600000000000004 0.9460000000000001 0.472 0.953 0.47000000000000003 0.952 0.45499999999999996 0.945 0.45099999999999996 0.944 0.437 0.9189999999999999 0.422 0.8779999999999999 0.40800000000000003 0.853 0.404 0.7809999999999999 0.373 0.6639999999999999 0.33399999999999996 0.599 0.319 0.505 0.311 0.425 0.28500000000000003 0.394 0.27999999999999997 0.365 0.277 0.29900000000000004 0.27999999999999997 0.259 0.27599999999999997 0.18 0.251 0.002 0.219 0 0.706 0.003 0.7070000000000001 0.040999999999999995 0.697 0.1305 0.688