10 0.207 0.603 0.161 0.603 0.161 0.642 0.207 0.642 0.207 0.603
10 0.522295 0.392385 0.495285 0.392385 0.495285 0.42059499999999994 0.522295 0.42059499999999994 0.522295 0.392385
10 0.977965 0.6655300000000001 0.9419549999999999 0.6655300000000001 0.9419549999999999 0.6987300000000001 0.977965 0.6987300000000001 0.977965 0.6655300000000001
10 1 0.52698 0.96494 0.52698 0.96494 0.55896 1 0.55896 1 0.52698
10 0.24516 0.646805 0.1938 0.646805 0.1938 0.689135 0.24516 0.689135 0.24516 0.646805
10 0.6729149999999999 0.708755 0.641545 0.708755 0.641545 0.7443649999999999 0.6729149999999999 0.7443649999999999 0.6729149999999999 0.708755
10 0.50068 0.528125 0.45976 0.528125 0.45976 0.558795 0.50068 0.558795 0.50068 0.528125
10 0.433335 0.73053 0.387465 0.73053 0.387465 0.77631 0.433335 0.77631 0.433335 0.73053
10 0.37453 0.68933 0.34470999999999996 0.68933 0.34470999999999996 0.71399 0.37453 0.71399 0.37453 0.68933
10 0.84806 0.616555 0.82088 0.616555 0.82088 0.640285 0.84806 0.640285 0.84806 0.616555
10 0.70833 0.7523 0.66179 0.7523 0.66179 0.79164 0.70833 0.79164 0.70833 0.7523
10 0.302905 0.645545 0.274735 0.645545 0.274735 0.672815 0.302905 0.672815 0.302905 0.645545
10 0.9713050000000001 0.3326 0.942755 0.3326 0.942755 0.36760000000000004 0.9713050000000001 0.36760000000000004 0.9713050000000001 0.3326
10 0.37533 0.33360500000000004 0.34977 0.33360500000000004 0.34977 0.362195 0.37533 0.362195 0.37533 0.33360500000000004
10 0.6619349999999999 0.181225 0.625165 0.181225 0.625165 0.216715 0.6619349999999999 0.216715 0.6619349999999999 0.181225
10 0.669785 0.282495 0.642715 0.282495 0.642715 0.317105 0.669785 0.317105 0.669785 0.282495
10 0.15308 0.26868 0.11646000000000001 0.26868 0.11646000000000001 0.31238 0.15308 0.31238 0.15308 0.26868
10 0.043070000000000004 0.581305 0.00865 0.581305 0.00865 0.614015 0.043070000000000004 0.614015 0.043070000000000004 0.581305
10 0.29425500000000004 0.170475 0.27214499999999997 0.170475 0.27214499999999997 0.195745 0.29425500000000004 0.195745 0.29425500000000004 0.170475
10 0.23006500000000002 0.31749 0.200355 0.31749 0.200355 0.35439 0.23006500000000002 0.35439 0.23006500000000002 0.31749
10 0.332495 0.701985 0.303245 0.701985 0.303245 0.742355 0.332495 0.742355 0.332495 0.701985
10 0.5956699999999999 0.31384500000000004 0.55765 0.31384500000000004 0.55765 0.345335 0.5956699999999999 0.345335 0.5956699999999999 0.31384500000000004
10 0.09736500000000001 0.7736799999999999 0.066575 0.7736799999999999 0.066575 0.80542 0.09736500000000001 0.80542 0.09736500000000001 0.7736799999999999
10 0.5095 0.4883 0.48512000000000005 0.4883 0.48512000000000005 0.51268 0.5095 0.51268 0.5095 0.4883
10 0.8193300000000001 0.133455 0.8007899999999999 0.133455 0.8007899999999999 0.15390500000000001 0.8193300000000001 0.15390500000000001 0.8193300000000001 0.133455
10 0.768825 0.769255 0.7399549999999999 0.769255 0.7399549999999999 0.798125 0.768825 0.798125 0.768825 0.769255
10 0.18118 0.7119150000000001 0.16038 0.7119150000000001 0.16038 0.728505 0.18118 0.728505 0.18118 0.7119150000000001
10 0.6201450000000001 0.511935 0.520475 0.511935 0.520475 0.580845 0.6201450000000001 0.580845 0.6201450000000001 0.511935
10 0.99581 0.713955 0.9758699999999999 0.713955 0.9758699999999999 0.733305 0.99581 0.733305 0.99581 0.713955
10 0.75514 0.30371000000000004 0.72532 0.30371000000000004 0.72532 0.33788999999999997 0.75514 0.33788999999999997 0.75514 0.30371000000000004
10 0.9452299999999999 0.392055 0.91415 0.392055 0.91415 0.43508500000000006 0.9452299999999999 0.43508500000000006 0.9452299999999999 0.392055
10 0.335215 0.097395 0.276105 0.097395 0.276105 0.149065 0.335215 0.149065 0.335215 0.097395
10 0.464645 0.6035999999999999 0.419635 0.6035999999999999 0.419635 0.63468 0.464645 0.63468 0.464645 0.6035999999999999
10 0.195135 0.337765 0.08734499999999999 0.337765 0.08734499999999999 0.44689500000000004 0.195135 0.44689500000000004 0.195135 0.337765
10 0.14147 0.350275 0.12293000000000001 0.350275 0.12293000000000001 0.370925 0.14147 0.370925 0.14147 0.350275
10 0.61818 0.6723950000000001 0.58006 0.6723950000000001 0.58006 0.708465 0.61818 0.708465 0.61818 0.6723950000000001
10 0.026934999999999997 0.72214 0.000325 0.72214 0.000325 0.74662 0.026934999999999997 0.74662 0.026934999999999997 0.72214
10 0.5356 0.08705 0.49467999999999995 0.08705 0.49467999999999995 0.12523 0.5356 0.12523 0.5356 0.08705
10 0.18434 0.832155 0.15086 0.832155 0.15086 0.855345 0.18434 0.855345 0.18434 0.832155
10 0.8603400000000001 0.483655 0.8369199999999999 0.483655 0.8369199999999999 0.5065850000000001 0.8603400000000001 0.5065850000000001 0.8603400000000001 0.483655
10 0.2598 0.14731 0.2358 0.14731 0.2358 0.17568999999999999 0.2598 0.17568999999999999 0.2598 0.14731
10 0.300135 0.8126099999999999 0.248685 0.8126099999999999 0.248685 0.8641500000000001 0.300135 0.8641500000000001 0.300135 0.8126099999999999
10 0.73297 0.50069 0.7162499999999999 0.50069 0.7162499999999999 0.51981 0.73297 0.51981 0.73297 0.50069
10 0.3957 0.44813000000000003 0.37286 0.44813000000000003 0.37286 0.46203000000000005 0.3957 0.46203000000000005 0.3957 0.44813000000000003
10 0.57145 0.448565 0.55257 0.448565 0.55257 0.461095 0.57145 0.461095 0.57145 0.448565
10 0.046395 0.446495 0.026484999999999998 0.446495 0.026484999999999998 0.46072499999999994 0.046395 0.46072499999999994 0.046395 0.446495
10 0.49196999999999996 0.86119 0.46017 0.86119 0.46017 0.8770899999999999 0.49196999999999996 0.8770899999999999 0.49196999999999996 0.86119
10 0.070055 0.286105 0.057865 0.286105 0.057865 0.29739499999999996 0.070055 0.29739499999999996 0.070055 0.286105
10 0.681015 0.488535 0.668585 0.488535 0.668585 0.501205 0.681015 0.501205 0.681015 0.488535
10 0.55338 0.15365 0.47202 0.15365 0.47202 0.23355 0.55338 0.23355 0.55338 0.15365
10 0.126765 0.45212 0.11127499999999999 0.45212 0.11127499999999999 0.46390000000000003 0.126765 0.46390000000000003 0.126765 0.45212
10 0.8167899999999999 0.84375 0.78771 0.84375 0.78771 0.86133 0.8167899999999999 0.86133 0.8167899999999999 0.84375
10 0.84666 0.258305 0.83596 0.258305 0.83596 0.269035 0.84666 0.269035 0.84666 0.258305
9 0 0.8300000000000001 0.019 0.8400000000000001 0.135 0.865 0.229 0.8710000000000001 0.255 0.8789999999999999 0.28900000000000003 0.8789999999999999 0.389 0.869 0.442 0.869 0.499 0.873 0.5780000000000001 0.8859999999999999 0.641 0.889 0.709 0.881 0.779 0.865 0.8089999999999999 0.852 0.8460000000000001 0.8480000000000001 0.999 0.775 0.999 0.475 0.314 0.48 0.21800000000000003 0.476 0.20099999999999998 0.472 0.15 0.47300000000000003 0.146 0.46799999999999997 0.062 0.45999999999999996 0.04 0.46299999999999997 0.005 0.45099999999999996 0 0.45599999999999996 0 0.8300000000000001
9 0 0.429 0.006 0.42699999999999994 0.032 0.43600000000000005 0.095 0.437 0.10300000000000001 0.441 0.16 0.446 0.16899999999999998 0.45099999999999996 0.24 0.453 0.246 0.446 0.256 0.446 0.267 0.453 0.374 0.453 0.383 0.458 0.8220000000000001 0.453 0.835 0.45099999999999996 0.8400000000000001 0.441 0.849 0.44400000000000006 0.852 0.45099999999999996 0.885 0.45099999999999996 0.897 0.44299999999999995 0.966 0.44299999999999995 0.97 0.45 0.9789999999999999 0.45099999999999996 0.9880000000000001 0.42400000000000004 0.993 0.41500000000000004 0.999 0.413 0.999 0.181 0.9949999999999999 0.18 0.9949999999999999 0.16899999999999998 0.991 0.16399999999999998 0.992 0.148 0.999 0.149 0.999 0.11699999999999999 0.994 0.11299999999999999 0.8300000000000001 0.071 0.767 0.061 0.529 0.047 0.461 0.053000000000000005 0.40700000000000003 0.063 0.351 0.063 0.312 0.076 0.294 0.074 0.27999999999999997 0.059 0.267 0.057999999999999996 0.248 0.06 0.162 0.087 0.003 0.10200000000000001 0 0.10300000000000001 0 0.429
10 0.0436 0.8540050000000001 0.02268 0.8540050000000001 0.02268 0.870595 0.0436 0.870595 0.0436 0.8540050000000001