10 0.216885 0.374845 0.175735 0.374845 0.175735 0.41727499999999995 0.216885 0.41727499999999995 0.216885 0.374845
10 0.19983 0.375975 0.15125 0.375975 0.15125 0.408205 0.19983 0.408205 0.19983 0.375975
10 0.124525 0.34757 0.087755 0.34757 0.087755 0.38193 0.124525 0.38193 0.124525 0.34757
10 0.53252 0.353385 0.50264 0.353385 0.50264 0.377575 0.53252 0.377575 0.53252 0.353385
10 0.7565299999999999 0.442535 0.6858500000000001 0.442535 0.6858500000000001 0.495945 0.7565299999999999 0.495945 0.7565299999999999 0.442535
10 0.8585499999999999 0.48405 0.81235 0.48405 0.81235 0.52473 0.8585499999999999 0.52473 0.8585499999999999 0.48405
10 0.8510350000000001 0.38238 0.8237650000000001 0.38238 0.8237650000000001 0.40132 0.8510350000000001 0.40132 0.8510350000000001 0.38238
10 0.715835 0.53311 0.665025 0.53311 0.665025 0.5674699999999999 0.715835 0.5674699999999999 0.715835 0.53311
10 0.9911350000000001 0.511355 0.952225 0.511355 0.952225 0.537465 0.9911350000000001 0.537465 0.9911350000000001 0.511355
10 0.8200100000000001 0.602655 0.79131 0.602655 0.79131 0.626845 0.8200100000000001 0.626845 0.8200100000000001 0.602655
10 0.40521 0.5832900000000001 0.37945 0.5832900000000001 0.37945 0.60323 0.40521 0.60323 0.40521 0.5832900000000001
10 0.1928 0.319355 0.17708 0.319355 0.17708 0.332985 0.1928 0.332985 0.1928 0.319355
10 0.18131 0.25099499999999997 0.14023000000000002 0.25099499999999997 0.14023000000000002 0.286605 0.18131 0.286605 0.18131 0.25099499999999997
10 0.44543999999999995 0.60493 0.42173999999999995 0.60493 0.42173999999999995 0.6245700000000001 0.44543999999999995 0.6245700000000001 0.44543999999999995 0.60493
10 0.72587 0.48708999999999997 0.70187 0.48708999999999997 0.70187 0.50461 0.72587 0.50461 0.72587 0.48708999999999997
10 0.840255 0.50176 0.8189249999999999 0.50176 0.8189249999999999 0.5246000000000001 0.840255 0.5246000000000001 0.840255 0.50176
10 0.49252 0.35102 0.47573999999999994 0.35102 0.47573999999999994 0.36724 0.49252 0.36724 0.49252 0.35102
10 0.917205 0.40996 0.884555 0.40996 0.884555 0.45088 0.917205 0.45088 0.917205 0.40996
10 0.7561899999999999 0.34331999999999996 0.74089 0.34331999999999996 0.74089 0.36616 0.7561899999999999 0.36616 0.7561899999999999 0.34331999999999996
10 0.738765 0.446265 0.708495 0.446265 0.708495 0.46877500000000005 0.738765 0.46877500000000005 0.738765 0.446265
10 0.43749000000000005 0.6308900000000001 0.41895 0.6308900000000001 0.41895 0.6484099999999999 0.43749000000000005 0.6484099999999999 0.43749000000000005 0.6308900000000001
10 0.551255 0.28828 0.529805 0.28828 0.529805 0.304 0.551255 0.304 0.551255 0.28828
10 0.457775 0.295535 0.436765 0.295535 0.436765 0.310905 0.457775 0.310905 0.457775 0.295535
10 0.14227499999999998 0.638765 0.12384500000000001 0.638765 0.12384500000000001 0.657135 0.14227499999999998 0.657135 0.14227499999999998 0.638765
10 0.62102 0.58299 0.60358 0.58299 0.60358 0.59377 0.62102 0.59377 0.62102 0.58299
10 0.29801500000000003 0.595425 0.28596499999999997 0.595425 0.28596499999999997 0.609655 0.29801500000000003 0.609655 0.29801500000000003 0.595425
10 0.07699 0.28978000000000004 0.05229 0.28978000000000004 0.05229 0.31276000000000004 0.07699 0.31276000000000004 0.07699 0.28978000000000004
10 0.99142 0.6196699999999999 0.97148 0.6196699999999999 0.97148 0.63815 0.99142 0.63815 0.99142 0.6196699999999999
10 0.97446 0.44231999999999994 0.9601200000000001 0.44231999999999994 0.9601200000000001 0.4566 0.97446 0.4566 0.97446 0.44231999999999994
10 0.060645000000000004 0.203225 0.046535 0.203225 0.046535 0.21473499999999998 0.060645000000000004 0.21473499999999998 0.060645000000000004 0.203225
10 0.969195 0.48511499999999996 0.955605 0.48511499999999996 0.955605 0.5002449999999999 0.969195 0.5002449999999999 0.969195 0.48511499999999996
10 0.42065 0.42544000000000004 0.37817 0.42544000000000004 0.37817 0.45834 0.42065 0.45834 0.42065 0.42544000000000004
10 0.07361 0.45819 0.06275 0.45819 0.06275 0.46905 0.07361 0.46905 0.07361 0.45819
10 0.66328 0.42794999999999994 0.62968 0.42794999999999994 0.62968 0.46219 0.66328 0.46219 0.66328 0.42794999999999994
10 0.29801500000000003 0.27764 0.267905 0.27764 0.267905 0.3039 0.29801500000000003 0.3039 0.29801500000000003 0.27764
10 0.38910999999999996 0.573825 0.37017 0.573825 0.37017 0.592195 0.38910999999999996 0.592195 0.38910999999999996 0.573825
10 0.06597499999999999 0.302065 0.053105 0.302065 0.053105 0.314635 0.06597499999999999 0.314635 0.06597499999999999 0.302065
10 0.29131999999999997 0.254145 0.14764 0.254145 0.14764 0.38305500000000003 0.29131999999999997 0.38305500000000003 0.29131999999999997 0.254145
10 0.89871 0.426605 0.79855 0.426605 0.79855 0.5143150000000001 0.89871 0.5143150000000001 0.89871 0.426605
10 0.565975 0.32178 0.38958499999999996 0.32178 0.38958499999999996 0.46094 0.565975 0.46094 0.565975 0.32178
10 0.10430999999999999 0.19559500000000002 0.09319 0.19559500000000002 0.09319 0.20430500000000001 0.10430999999999999 0.20430500000000001 0.10430999999999999 0.19559500000000002
10 0.9063700000000001 0.5291699999999999 0.74695 0.5291699999999999 0.74695 0.6680900000000001 0.9063700000000001 0.6680900000000001 0.9063700000000001 0.5291699999999999
10 0.46678499999999995 0.45923499999999995 0.454595 0.45923499999999995 0.454595 0.469965 0.46678499999999995 0.469965 0.46678499999999995 0.45923499999999995
10 0.28363 0.450665 0.25640999999999997 0.450665 0.25640999999999997 0.46633500000000006 0.28363 0.46633500000000006 0.28363 0.450665
10 0.010095 0.48352000000000006 0.001145 0.48352000000000006 0.001145 0.49206000000000005 0.010095 0.49206000000000005 0.010095 0.48352000000000006
10 0.446195 0.47191 0.426845 0.47191 0.426845 0.48513 0.446195 0.48513 0.446195 0.47191
10 0.12638 0.565175 0.11568 0.565175 0.11568 0.576425 0.12638 0.576425 0.12638 0.565175
10 0.309815 0.60572 0.188965 0.60572 0.188965 0.67554 0.309815 0.67554 0.309815 0.60572
10 0.442935 0.66295 0.409605 0.66295 0.409605 0.67885 0.442935 0.67885 0.442935 0.66295
10 1 0.483765 0.9935600000000001 0.483765 0.9935600000000001 0.500615 1 0.500615 1 0.483765
10 0.32913000000000003 0.385955 0.23727 0.385955 0.23727 0.453885 0.32913000000000003 0.453885 0.32913000000000003 0.385955
10 0.437485 0.6705599999999999 0.389175 0.6705599999999999 0.389175 0.6849000000000001 0.437485 0.6849000000000001 0.437485 0.6705599999999999
10 0.813115 0.515065 0.785525 0.515065 0.785525 0.529855 0.813115 0.529855 0.813115 0.515065
10 0.813115 0.363315 0.694705 0.363315 0.694705 0.456025 0.813115 0.456025 0.813115 0.363315
10 0.714555 0.6771 0.704385 0.6771 0.704385 0.68422 0.714555 0.68422 0.714555 0.6771
10 0.77808 0.66749 0.74146 0.66749 0.74146 0.68211 0.77808 0.68211 0.77808 0.66749
10 0.85013 0.5059899999999999 0.76023 0.5059899999999999 0.76023 0.5340499999999999 0.85013 0.5340499999999999 0.85013 0.5059899999999999
10 0.73871 0.69085 0.72907 0.69085 0.72907 0.69783 0.73871 0.69783 0.73871 0.69085
10 0.29817 0.214885 0.28727 0.214885 0.28727 0.22407499999999997 0.29817 0.22407499999999997 0.29817 0.214885
10 0.7526849999999999 0.65197 0.7434149999999999 0.65197 0.7434149999999999 0.6595500000000001 0.7526849999999999 0.6595500000000001 0.7526849999999999 0.65197
10 0.31711 0.21647 0.29813 0.21647 0.29813 0.22763 0.31711 0.22763 0.31711 0.21647
10 0.490325 0.27161 0.47745499999999996 0.27161 0.47745499999999996 0.28063 0.490325 0.28063 0.490325 0.27161
10 0.7527 0.314175 0.71702 0.314175 0.71702 0.326945 0.7527 0.326945 0.7527 0.314175
10 0.993425 0.35458 0.934315 0.35458 0.934315 0.39590000000000003 0.993425 0.39590000000000003 0.993425 0.35458
10 0.498405 0.95917 0.487915 0.95917 0.487915 0.97345 0.498405 0.97345 0.498405 0.95917
10 0.9649599999999999 0.355965 0.93934 0.355965 0.93934 0.374015 0.9649599999999999 0.374015 0.9649599999999999 0.355965
10 0.9839399999999999 0.35856 0.9643 0.35856 0.9643 0.37484 0.9839399999999999 0.37484 0.9839399999999999 0.35856
10 0.6729149999999999 0.262095 0.45892499999999997 0.262095 0.45892499999999997 0.29844499999999996 0.6729149999999999 0.29844499999999996 0.6729149999999999 0.262095
10 0.972715 0.63625 0.787045 0.63625 0.787045 0.68895 0.972715 0.68895 0.972715 0.63625
10 0.94662 0.354815 0.93034 0.354815 0.93034 0.37956500000000004 0.94662 0.37956500000000004 0.94662 0.354815
10 0.8987299999999999 0.535345 0.8522500000000001 0.535345 0.8522500000000001 0.620915 0.8987299999999999 0.620915 0.8987299999999999 0.535345
9 0 0.657 0.11599999999999999 0.678 0.181 0.6799999999999999 0.27 0.689 0.41200000000000003 0.6809999999999999 0.5756669999999999 0.6639999999999999 0.8720000000000001 0.688 0.999 0.6769999999999999 0.999 0.387 0.974 0.368 0.942 0.364 0.9269999999999999 0.355 0.8039999999999999 0.34199999999999997 0.762 0.327 0.727 0.323 0.663 0.307 0.626 0.29 0.593 0.282 0.46399999999999997 0.272 0.361 0.24100000000000002 0.34900000000000003 0.23399999999999999 0.177 0.194 0.081 0.183 0.003 0.18 0 0.181 0 0.657