10 0.41024000000000005 0.38222999999999996 0.31094 0.38222999999999996 0.31094 0.44099000000000005 0.41024000000000005 0.44099000000000005 0.41024000000000005 0.38222999999999996
10 0.645385 0.40944 0.581175 0.40944 0.581175 0.46556 0.645385 0.46556 0.645385 0.40944
10 0.892065 0.608045 0.862815 0.608045 0.862815 0.635115 0.892065 0.635115 0.892065 0.608045
10 0.44916 0.40632999999999997 0.41265999999999997 0.40632999999999997 0.41265999999999997 0.43253 0.44916 0.43253 0.44916 0.40632999999999997
10 0.583345 0.406535 0.5299349999999999 0.406535 0.5299349999999999 0.44990500000000005 0.583345 0.44990500000000005 0.583345 0.406535
10 0.69238 0.5282600000000001 0.6699200000000001 0.5282600000000001 0.6699200000000001 0.54498 0.69238 0.54498 0.69238 0.5282600000000001
10 0.939625 0.393045 0.911935 0.393045 0.911935 0.40871500000000005 0.939625 0.40871500000000005 0.939625 0.393045
10 0.5707150000000001 0.40427 0.540605 0.40427 0.540605 0.42191 0.5707150000000001 0.42191 0.5707150000000001 0.40427
10 0.9437599999999999 0.677425 0.9175599999999999 0.677425 0.9175599999999999 0.695615 0.9437599999999999 0.695615 0.9437599999999999 0.677425
10 0.894785 0.28626999999999997 0.8532550000000001 0.28626999999999997 0.8532550000000001 0.30699 0.894785 0.30699 0.894785 0.28626999999999997
10 0.35363 0.486475 0.32557 0.486475 0.32557 0.509625 0.35363 0.509625 0.35363 0.486475
10 0.99502 0.650625 0.9776400000000001 0.650625 0.9776400000000001 0.672615 0.99502 0.672615 0.99502 0.650625
10 0.8178449999999999 0.43548 0.741735 0.43548 0.741735 0.4859 0.8178449999999999 0.4859 0.8178449999999999 0.43548
10 0.48922 0.36746500000000004 0.45119999999999993 0.36746500000000004 0.45119999999999993 0.379615 0.48922 0.379615 0.48922 0.36746500000000004
10 0.659895 0.409535 0.640885 0.409535 0.640885 0.427385 0.659895 0.427385 0.659895 0.409535
10 0.610865 0.53099 0.580535 0.53099 0.580535 0.54909 0.610865 0.54909 0.610865 0.53099
10 0.67923 0.45820999999999995 0.6508499999999999 0.45820999999999995 0.6508499999999999 0.48220999999999997 0.67923 0.48220999999999997 0.67923 0.45820999999999995
10 0.09838 0.39185 0.06788 0.39185 0.06788 0.42847 0.09838 0.42847 0.09838 0.39185
10 0.829655 0.38061500000000004 0.7963250000000001 0.38061500000000004 0.7963250000000001 0.411865 0.829655 0.411865 0.829655 0.38061500000000004
10 0.7621 0.44566999999999996 0.72716 0.44566999999999996 0.72716 0.47668999999999995 0.7621 0.47668999999999995 0.7621 0.44566999999999996
10 0.8039249999999999 0.48375 0.742955 0.48375 0.742955 0.51283 0.8039249999999999 0.51283 0.8039249999999999 0.48375
10 0.831605 0.30985 0.737735 0.30985 0.737735 0.38303 0.831605 0.38303 0.831605 0.30985
10 0.968435 0.45762 0.954425 0.45762 0.954425 0.475 0.968435 0.475 0.968435 0.45762
10 0.67177 0.62556 0.64659 0.62556 0.64659 0.64202 0.67177 0.64202 0.67177 0.62556
10 0.5550849999999999 0.32667 0.5357350000000001 0.32667 0.5357350000000001 0.34521 0.5550849999999999 0.34521 0.5550849999999999 0.32667
10 0.399845 0.354795 0.386775 0.354795 0.386775 0.367865 0.399845 0.367865 0.399845 0.354795
10 0.48994499999999996 0.48693 0.44755500000000004 0.48693 0.44755500000000004 0.51795 0.48994499999999996 0.51795 0.48994499999999996 0.48693
10 0.83191 0.32019000000000003 0.78723 0.32019000000000003 0.78723 0.35558999999999996 0.83191 0.35558999999999996 0.83191 0.32019000000000003
10 0.13096000000000002 0.37417 0.10378000000000001 0.37417 0.10378000000000001 0.39341 0.13096000000000002 0.39341 0.13096000000000002 0.37417
10 0.76251 0.31257999999999997 0.74139 0.31257999999999997 0.74139 0.33146 0.76251 0.33146 0.76251 0.31257999999999997
10 0.786555 0.39102000000000003 0.756405 0.39102000000000003 0.756405 0.42392 0.786555 0.42392 0.786555 0.39102000000000003
10 0.655595 0.581545 0.637365 0.581545 0.637365 0.598135 0.655595 0.598135 0.655595 0.581545
10 0.44725000000000004 0.30691 0.41945 0.30691 0.41945 0.32395 0.44725000000000004 0.32395 0.44725000000000004 0.30691
10 0.7405700000000001 0.6239950000000001 0.72915 0.6239950000000001 0.72915 0.632845 0.7405700000000001 0.632845 0.7405700000000001 0.6239950000000001
10 0.56434 0.510775 0.54504 0.510775 0.54504 0.523405 0.56434 0.523405 0.56434 0.510775
10 0.87942 0.347945 0.8695999999999999 0.347945 0.8695999999999999 0.357135 0.87942 0.357135 0.87942 0.347945
10 0.768795 0.27839 0.756605 0.27839 0.756605 0.29289 0.768795 0.29289 0.768795 0.27839
10 0.5277350000000001 0.558235 0.506445 0.558235 0.506445 0.5736049999999999 0.5277350000000001 0.5736049999999999 0.5277350000000001 0.558235
10 0.76289 0.435045 0.72929 0.435045 0.72929 0.457035 0.76289 0.457035 0.76289 0.435045
10 0.80518 0.43438 0.7827200000000001 0.43438 0.7827200000000001 0.44648000000000004 0.80518 0.44648000000000004 0.80518 0.43438
10 0.10751 0.43964499999999995 0.07559 0.43964499999999995 0.07559 0.451475 0.10751 0.451475 0.10751 0.43964499999999995
10 0.269685 0.336095 0.189055 0.336095 0.189055 0.384125 0.269685 0.384125 0.269685 0.336095
10 0.656675 0.518545 0.631405 0.518545 0.631405 0.533215 0.656675 0.533215 0.656675 0.518545
10 0.7381949999999999 0.32959499999999997 0.725665 0.32959499999999997 0.725665 0.341785 0.7381949999999999 0.341785 0.7381949999999999 0.32959499999999997
10 0.786565 0.595 0.763235 0.595 0.763235 0.61008 0.786565 0.61008 0.786565 0.595
10 0.874985 0.40601000000000004 0.862315 0.40601000000000004 0.862315 0.42749 0.874985 0.42749 0.874985 0.40601000000000004
10 0.777815 0.325315 0.720225 0.325315 0.720225 0.36950500000000003 0.777815 0.36950500000000003 0.777815 0.325315
10 0.8789049999999999 0.259675 0.841795 0.259675 0.841795 0.272545 0.8789049999999999 0.272545 0.8789049999999999 0.259675
10 0.18697999999999998 0.477815 0.0972 0.477815 0.0972 0.5041249999999999 0.18697999999999998 0.5041249999999999 0.18697999999999998 0.477815
10 0.8088 0.57377 0.78886 0.57377 0.78886 0.58833 0.8088 0.58833 0.8088 0.57377
9 0 0.44800000000000006 0.031 0.48600000000000004 0.061 0.505 0.075 0.509 0.13899999999999998 0.505 0.2 0.554 0.258 0.5860000000000001 0.301 0.593 0.329 0.5860000000000001 0.9400000000000001 0.702 0.999 0.716 0.999 0.253 0.93 0.254 0.869667 0.261 0.772 0.262 0.6759999999999999 0.271 0.603 0.282 0.534 0.302 0.47400000000000003 0.309 0.418 0.309 0.34500000000000003 0.319 0.308 0.319 0.264 0.327 0.231 0.344 0.186 0.356 0.097 0.358 0.028000000000000004 0.373 0.005 0.382 0 0.385 0 0.44800000000000006