10 0.42549000000000003 0.6439 0.40589000000000003 0.6439 0.40589000000000003 0.67298 0.42549000000000003 0.67298 0.42549000000000003 0.6439
10 0.42621000000000003 0.626085 0.41509 0.626085 0.41509 0.6375949999999999 0.42621000000000003 0.6375949999999999 0.42621000000000003 0.626085
10 0.24826 0.6376000000000001 0.23148 0.6376000000000001 0.23148 0.65244 0.24826 0.65244 0.24826 0.6376000000000001
10 0.363695 0.66634 0.345785 0.66634 0.345785 0.6823 0.363695 0.6823 0.363695 0.66634
10 0.34911 0.635605 0.33057 0.635605 0.33057 0.653455 0.34911 0.653455 0.34911 0.635605
10 0.600055 0.66745 0.580605 0.66745 0.580605 0.68509 0.600055 0.68509 0.600055 0.66745
10 0.294305 0.6554 0.271115 0.6554 0.271115 0.67174 0.294305 0.67174 0.294305 0.6554
10 0.75995 0.51316 0.74883 0.51316 0.74883 0.52298 0.75995 0.52298 0.75995 0.51316
10 0.22685499999999997 0.619055 0.212845 0.619055 0.212845 0.6319250000000001 0.22685499999999997 0.6319250000000001 0.22685499999999997 0.619055
10 0.7123649999999999 0.60521 0.692915 0.60521 0.692915 0.61939 0.7123649999999999 0.61939 0.7123649999999999 0.60521
10 0.27643 0.61758 0.26409 0.61758 0.26409 0.6295 0.27643 0.6295 0.27643 0.61758
10 0.055325 0.5991299999999999 0.039895 0.5991299999999999 0.039895 0.61473 0.055325 0.61473 0.055325 0.5991299999999999
10 0.9413 0.5800449999999999 0.92882 0.5800449999999999 0.92882 0.592815 0.9413 0.592815 0.9413 0.5800449999999999
10 0.10364 0.47435499999999997 0.08874 0.47435499999999997 0.08874 0.489025 0.10364 0.489025 0.10364 0.47435499999999997
10 0.16109 0.42586 0.14579 0.42586 0.14579 0.44182 0.16109 0.44182 0.16109 0.42586
10 0.29647999999999997 0.600465 0.27822 0.600465 0.27822 0.617315 0.29647999999999997 0.617315 0.29647999999999997 0.600465
10 0.578165 0.490245 0.563435 0.490245 0.563435 0.501935 0.578165 0.501935 0.578165 0.490245
10 0.426825 0.545685 0.413995 0.545685 0.413995 0.5578350000000001 0.426825 0.5578350000000001 0.426825 0.545685
10 0.30244499999999996 0.6228049999999999 0.292275 0.6228049999999999 0.292275 0.6330549999999999 0.30244499999999996 0.6330549999999999 0.30244499999999996 0.6228049999999999
10 0.24129 0.5819099999999999 0.22257 0.5819099999999999 0.22257 0.59681 0.24129 0.59681 0.24129 0.5819099999999999
10 0.722795 0.63473 0.695165 0.63473 0.695165 0.65237 0.722795 0.65237 0.722795 0.63473
10 0.544445 0.635845 0.530755 0.635845 0.530755 0.647355 0.544445 0.647355 0.544445 0.635845
10 0.657135 0.614295 0.638765 0.614295 0.638765 0.627885 0.657135 0.627885 0.657135 0.614295
10 0.77705 0.63542 0.7629900000000001 0.63542 0.7629900000000001 0.6468 0.77705 0.6468 0.77705 0.63542
10 0.9174749999999999 0.51597 0.897945 0.51597 0.897945 0.52603 0.9174749999999999 0.52603 0.9174749999999999 0.51597
10 0.562335 0.58874 0.544105 0.58874 0.544105 0.6036400000000001 0.562335 0.6036400000000001 0.562335 0.58874
10 0.64479 0.472175 0.63157 0.472175 0.63157 0.482905 0.64479 0.482905 0.64479 0.472175
10 0.033755 0.586695 0.019645000000000003 0.586695 0.019645000000000003 0.600805 0.033755 0.600805 0.033755 0.586695
10 0.83288 0.6303650000000001 0.81654 0.6303650000000001 0.81654 0.644055 0.83288 0.644055 0.83288 0.6303650000000001
10 0.156975 0.53689 0.13306500000000002 0.53689 0.13306500000000002 0.55491 0.156975 0.55491 0.156975 0.53689
10 0.253525 0.610915 0.241095 0.610915 0.241095 0.6244449999999999 0.253525 0.6244449999999999 0.253525 0.610915
10 0.837045 0.597825 0.8162750000000001 0.597825 0.8162750000000001 0.611155 0.837045 0.611155 0.837045 0.597825
10 0.7094400000000001 0.42590500000000003 0.69096 0.42590500000000003 0.69096 0.43591499999999994 0.7094400000000001 0.43591499999999994 0.7094400000000001 0.42590500000000003
10 0.68755 0.41426999999999997 0.66597 0.41426999999999997 0.66597 0.42508999999999997 0.68755 0.42508999999999997 0.68755 0.41426999999999997
10 0.199695 0.619205 0.187265 0.619205 0.187265 0.631775 0.199695 0.631775 0.199695 0.619205
10 0.44425499999999996 0.431825 0.426345 0.431825 0.426345 0.445615 0.44425499999999996 0.445615 0.44425499999999996 0.431825
10 0.064265 0.545885 0.049875 0.545885 0.049875 0.560555 0.064265 0.560555 0.064265 0.545885
10 0.53442 0.47601000000000004 0.51832 0.47601000000000004 0.51832 0.49713 0.53442 0.49713 0.53442 0.47601000000000004
10 0.32474 0.584545 0.311 0.584545 0.311 0.5980749999999999 0.32474 0.5980749999999999 0.32474 0.584545
10 0.06811500000000001 0.580415 0.052925 0.580415 0.052925 0.5953649999999999 0.06811500000000001 0.5953649999999999 0.06811500000000001 0.580415
10 0.8890499999999999 0.5847249999999999 0.8765700000000001 0.5847249999999999 0.8765700000000001 0.596915 0.8890499999999999 0.596915 0.8890499999999999 0.5847249999999999
10 0.22164 0.463945 0.2061 0.463945 0.2061 0.475995 0.22164 0.475995 0.22164 0.463945
10 0.645385 0.6770050000000001 0.633915 0.6770050000000001 0.633915 0.690175 0.645385 0.690175 0.645385 0.6770050000000001
10 0.025495 0.49509 0.005585 0.49509 0.005585 0.5117499999999999 0.025495 0.5117499999999999 0.025495 0.49509
10 0.57978 0.508075 0.56866 0.508075 0.56866 0.518285 0.57978 0.518285 0.57978 0.508075
10 0.17861 0.506475 0.16050999999999999 0.506475 0.16050999999999999 0.5208649999999999 0.17861 0.5208649999999999 0.17861 0.506475
10 0.5605800000000001 0.44133500000000003 0.54196 0.44133500000000003 0.54196 0.45320499999999997 0.5605800000000001 0.45320499999999997 0.5605800000000001 0.44133500000000003
10 0.40602 0.571945 0.3928 0.571945 0.3928 0.585275 0.40602 0.585275 0.40602 0.571945
10 0.6478550000000001 0.5845049999999999 0.628505 0.5845049999999999 0.628505 0.604955 0.6478550000000001 0.604955 0.6478550000000001 0.5845049999999999
10 0.057675 0.51627 0.045665 0.51627 0.045665 0.5286500000000001 0.057675 0.5286500000000001 0.057675 0.51627
10 0.48884999999999995 0.45661500000000005 0.45403000000000004 0.45661500000000005 0.45403000000000004 0.484785 0.48884999999999995 0.484785 0.48884999999999995 0.45661500000000005
10 0.354105 0.49819 0.345595 0.49819 0.345595 0.50571 0.354105 0.50571 0.354105 0.49819
10 0.44306 0.610945 0.43095999999999995 0.610945 0.43095999999999995 0.621475 0.44306 0.621475 0.44306 0.610945
10 0.06303 0.42674 0.02583 0.42674 0.02583 0.46046 0.06303 0.46046 0.06303 0.42674
10 0.28964 0.508815 0.225 0.508815 0.225 0.538065 0.28964 0.538065 0.28964 0.508815
10 0.9700599999999999 0.508815 0.95572 0.508815 0.95572 0.518525 0.9700599999999999 0.518525 0.9700599999999999 0.508815
10 0.325935 0.40119999999999995 0.28198500000000004 0.40119999999999995 0.28198500000000004 0.43474 0.325935 0.43474 0.325935 0.40119999999999995
10 0.659905 0.47936500000000004 0.647715 0.47936500000000004 0.647715 0.490355 0.659905 0.490355 0.659905 0.47936500000000004
10 0.720575 0.532455 0.708145 0.532455 0.708145 0.539805 0.720575 0.539805 0.720575 0.532455
10 0.194495 0.367695 0.182945 0.367695 0.182945 0.37400500000000003 0.194495 0.37400500000000003 0.194495 0.367695
10 0.525575 0.5120549999999999 0.517385 0.5120549999999999 0.517385 0.519205 0.525575 0.519205 0.525575 0.5120549999999999
10 0.43386500000000006 0.07383999999999999 0.418195 0.07383999999999999 0.418195 0.08974 0.43386500000000006 0.08974 0.43386500000000006 0.07383999999999999
10 0.278315 0.43885500000000005 0.21508500000000003 0.43885500000000005 0.21508500000000003 0.48594499999999996 0.278315 0.48594499999999996 0.278315 0.43885500000000005
10 0.14601999999999998 0.497415 0.12278 0.497415 0.12278 0.509425 0.14601999999999998 0.509425 0.14601999999999998 0.497415
10 0.501195 0.51287 0.49148500000000006 0.51287 0.49148500000000006 0.52033 0.501195 0.52033 0.501195 0.51287
10 0.032805 0.399485 0.007535 0.399485 0.007535 0.413495 0.032805 0.413495 0.032805 0.399485
10 0.09939 0.37079 0.08310999999999999 0.37079 0.08310999999999999 0.38165 0.09939 0.38165 0.09939 0.37079
10 0.8350949999999999 0.44319499999999995 0.794785 0.44319499999999995 0.794785 0.468905 0.8350949999999999 0.468905 0.8350949999999999 0.44319499999999995
9 0 0.604 0.036 0.621 0.06899999999999999 0.631 0.195 0.663 0.271 0.674 0.329 0.689 0.41200000000000003 0.6940000000000001 0.485 0.6809999999999999 0.514 0.6839999999999999 0.572 0.6990000000000001 0.599 0.701 0.637 0.701 0.772 0.689 0.9269999999999999 0.642 0.9570000000000001 0.626 0.999 0.593 0.999 0.5349999999999999 0.9730000000000001 0.512 0.943 0.495 0.8939999999999999 0.47800000000000004 0.8560000000000001 0.47800000000000004 0.827 0.472 0.717 0.404 0.6849999999999999 0.395 0.655 0.398 0.621 0.395 0.581 0.379 0.521 0.34700000000000003 0.49000000000000005 0.337 0.45499999999999996 0.33799999999999997 0.331 0.366 0.261 0.373 0.24900000000000003 0.392 0.23399999999999999 0.383 0.231 0.373 0.21200000000000002 0.373 0.21000000000000002 0.369 0.08199999999999999 0.373 0.040999999999999995 0.384 0.004 0.40800000000000003 0 0.41100000000000003 0 0.604