10 0.18714 0.402855 0.15428 0.402855 0.15428 0.443565 0.18714 0.443565 0.18714 0.402855
10 0.176805 0.40088 0.158895 0.40088 0.158895 0.42774 0.176805 0.42774 0.176805 0.40088
10 0.070855 0.32019000000000003 0.055365 0.32019000000000003 0.055365 0.34143 0.070855 0.34143 0.070855 0.32019000000000003
10 0.20457999999999998 0.37022 0.18874 0.37022 0.18874 0.3876 0.20457999999999998 0.3876 0.20457999999999998 0.37022
10 0.052324999999999997 0.49661999999999995 0.028415000000000003 0.49661999999999995 0.028415000000000003 0.5151 0.052324999999999997 0.5151 0.052324999999999997 0.49661999999999995
10 0.269605 0.33022 0.254815 0.33022 0.254815 0.34946 0.269605 0.34946 0.269605 0.33022
10 0.335945 0.28883000000000003 0.318835 0.28883000000000003 0.318835 0.30493000000000003 0.335945 0.30493000000000003 0.335945 0.28883000000000003
10 0.54924 0.45032500000000003 0.5201 0.45032500000000003 0.5201 0.47887500000000005 0.54924 0.47887500000000005 0.54924 0.45032500000000003
10 0.35779 0.40588499999999994 0.34289000000000003 0.40588499999999994 0.34289000000000003 0.422735 0.35779 0.422735 0.35779 0.40588499999999994
10 0.14523 0.5697650000000001 0.12845 0.5697650000000001 0.12845 0.5835549999999999 0.14523 0.5835549999999999 0.14523 0.5697650000000001
10 0.35466000000000003 0.428605 0.34554 0.428605 0.34554 0.43955500000000003 0.35466000000000003 0.43955500000000003 0.35466000000000003 0.428605
10 0.5234 0.345045 0.51176 0.345045 0.51176 0.358575 0.5234 0.358575 0.5234 0.345045
10 0.108455 0.29795 0.08526500000000001 0.29795 0.08526500000000001 0.31533 0.108455 0.31533 0.108455 0.29795
10 0.5342100000000001 0.327415 0.50973 0.327415 0.50973 0.345925 0.5342100000000001 0.345925 0.5342100000000001 0.327415
10 0.42193500000000006 0.54091 0.40276500000000004 0.54091 0.40276500000000004 0.55869 0.42193500000000006 0.55869 0.42193500000000006 0.54091
10 0.224655 0.58233 0.206005 0.58233 0.206005 0.59639 0.224655 0.59639 0.224655 0.58233
10 0.18138 0.36178499999999997 0.16676 0.36178499999999997 0.16676 0.373075 0.18138 0.373075 0.18138 0.36178499999999997
10 0.243925 0.464735 0.21969500000000003 0.464735 0.21969500000000003 0.48350499999999996 0.243925 0.48350499999999996 0.243925 0.464735
10 0.523305 0.37523 0.508915 0.37523 0.508915 0.38845 0.523305 0.38845 0.523305 0.37523
10 0.443955 0.43631000000000003 0.39686499999999997 0.43631000000000003 0.39686499999999997 0.46945 0.443955 0.46945 0.443955 0.43631000000000003
10 0.19596 0.553615 0.16877999999999999 0.553615 0.16877999999999999 0.5743050000000001 0.19596 0.5743050000000001 0.19596 0.553615
10 0.416185 0.371755 0.402175 0.371755 0.402175 0.385085 0.416185 0.385085 0.416185 0.371755
10 0.64946 0.354305 0.62886 0.354305 0.62886 0.374215 0.64946 0.374215 0.64946 0.354305
10 0.02201 0.46740000000000004 0.007670000000000001 0.46740000000000004 0.007670000000000001 0.48230000000000006 0.02201 0.48230000000000006 0.02201 0.46740000000000004
10 0.3751 0.6098950000000001 0.36318 0.6098950000000001 0.36318 0.622525 0.3751 0.622525 0.3751 0.6098950000000001
10 0.759605 0.38683 0.741375 0.38683 0.741375 0.40273000000000003 0.759605 0.40273000000000003 0.759605 0.38683
10 0.571455 0.43765 0.553545 0.43765 0.553545 0.45689 0.571455 0.45689 0.571455 0.43765
10 0.37345 0.270715 0.35361 0.270715 0.35361 0.285445 0.37345 0.285445 0.37345 0.270715
10 0.2373 0.281825 0.22534 0.281825 0.22534 0.29191500000000004 0.2373 0.29191500000000004 0.2373 0.281825
10 0.04603 0.36114 0.036430000000000004 0.36114 0.036430000000000004 0.37273999999999996 0.04603 0.37273999999999996 0.04603 0.36114
10 0.155055 0.33140000000000003 0.139625 0.33140000000000003 0.139625 0.3478 0.155055 0.3478 0.155055 0.33140000000000003
10 0.630995 0.328885 0.613145 0.328885 0.613145 0.34103500000000003 0.630995 0.34103500000000003 0.630995 0.328885
10 0.44152500000000006 0.289705 0.42615499999999995 0.289705 0.42615499999999995 0.303075 0.44152500000000006 0.303075 0.44152500000000006 0.289705
10 0.993765 0.48646 0.9749950000000001 0.48646 0.9749950000000001 0.5003599999999999 0.993765 0.5003599999999999 0.993765 0.48646
10 0.29056000000000004 0.602435 0.27878 0.602435 0.27878 0.613385 0.29056000000000004 0.613385 0.29056000000000004 0.602435
10 0.45316999999999996 0.38980000000000004 0.43599 0.38980000000000004 0.43599 0.40414000000000005 0.45316999999999996 0.40414000000000005 0.45316999999999996 0.38980000000000004
10 0.43564499999999995 0.26881 0.408115 0.26881 0.408115 0.28441 0.43564499999999995 0.28441 0.43564499999999995 0.26881
10 0.53678 0.561 0.50522 0.561 0.50522 0.57864 0.53678 0.57864 0.53678 0.561
10 0.8358549999999999 0.48014999999999997 0.8057449999999999 0.48014999999999997 0.8057449999999999 0.49739000000000005 0.8358549999999999 0.49739000000000005 0.8358549999999999 0.48014999999999997
10 0.34248500000000004 0.58818 0.323035 0.58818 0.323035 0.60224 0.34248500000000004 0.60224 0.34248500000000004 0.58818
10 0.97184 0.43842 0.9549200000000001 0.43842 0.9549200000000001 0.45514 0.97184 0.45514 0.97184 0.43842
10 0.255085 0.504895 0.24149500000000002 0.504895 0.24149500000000002 0.516585 0.255085 0.516585 0.255085 0.504895
10 0.41411499999999996 0.506185 0.39886499999999997 0.506185 0.39886499999999997 0.518235 0.41411499999999996 0.518235 0.41411499999999996 0.506185
10 0.661495 0.46777499999999994 0.641245 0.46777499999999994 0.641245 0.487305 0.661495 0.487305 0.661495 0.46777499999999994
10 0.39463 0.493235 0.37978999999999996 0.493235 0.37978999999999996 0.506765 0.39463 0.506765 0.39463 0.493235
10 0.32101 0.26193 0.30107 0.26193 0.30107 0.28054999999999997 0.32101 0.28054999999999997 0.32101 0.26193
10 0.44240500000000005 0.331365 0.42967500000000003 0.331365 0.42967500000000003 0.34197500000000003 0.44240500000000005 0.34197500000000003 0.44240500000000005 0.331365
10 0.63198 0.5828450000000001 0.60728 0.5828450000000001 0.60728 0.600755 0.63198 0.600755 0.63198 0.5828450000000001
10 0.257825 0.53163 0.244135 0.53163 0.244135 0.54455 0.257825 0.54455 0.257825 0.53163
10 0.34413499999999997 0.49821499999999996 0.332625 0.49821499999999996 0.332625 0.508625 0.34413499999999997 0.508625 0.34413499999999997 0.49821499999999996
10 0.68016 0.45907 0.66456 0.45907 0.66456 0.47209 0.68016 0.47209 0.68016 0.45907
10 0.974185 0.4224 0.961355 0.4224 0.961355 0.43356000000000006 0.974185 0.43356000000000006 0.974185 0.4224
10 0.09142 0.442375 0.07692 0.442375 0.07692 0.464365 0.09142 0.464365 0.09142 0.442375
10 0.9324 0.544095 0.9162399999999999 0.544095 0.9162399999999999 0.557465 0.9324 0.557465 0.9324 0.544095
10 0.6055900000000001 0.36234 0.59363 0.36234 0.59363 0.3735 0.6055900000000001 0.3735 0.6055900000000001 0.36234
10 0.045965 0.48529 0.034975 0.48529 0.034975 0.49371 0.045965 0.49371 0.045965 0.48529
10 0.760675 0.48103999999999997 0.740305 0.48103999999999997 0.740305 0.49795999999999996 0.760675 0.49795999999999996 0.760675 0.48103999999999997
10 0.48352000000000006 0.514505 0.46227999999999997 0.514505 0.46227999999999997 0.528455 0.48352000000000006 0.528455 0.48352000000000006 0.514505
10 0.89137 0.484805 0.87913 0.484805 0.87913 0.5078750000000001 0.89137 0.5078750000000001 0.89137 0.484805
10 0.840495 0.373285 0.814785 0.373285 0.814785 0.395275 0.840495 0.395275 0.840495 0.373285
10 0.7519899999999999 0.39727 0.7382500000000001 0.39727 0.7382500000000001 0.40937 0.7519899999999999 0.40937 0.7519899999999999 0.39727
10 0.920955 0.39421 0.907165 0.39421 0.907165 0.40510999999999997 0.920955 0.40510999999999997 0.920955 0.39421
10 0.78279 0.34526 0.76701 0.34526 0.76701 0.35982 0.78279 0.35982 0.78279 0.34526
10 0.6254649999999999 0.5299750000000001 0.611835 0.5299750000000001 0.611835 0.5403450000000001 0.6254649999999999 0.5403450000000001 0.6254649999999999 0.5299750000000001
10 0.132585 0.44901 0.12497499999999999 0.44901 0.12497499999999999 0.46017 0.132585 0.46017 0.132585 0.44901
10 0.022109999999999998 0.44125500000000006 0.01133 0.44125500000000006 0.01133 0.450345 0.022109999999999998 0.450345 0.022109999999999998 0.44125500000000006
10 0.27192 0.55514 0.25982 0.55514 0.25982 0.56596 0.27192 0.56596 0.27192 0.55514
10 0.6644 0.44486499999999995 0.65298 0.44486499999999995 0.65298 0.45503499999999997 0.6644 0.45503499999999997 0.6644 0.44486499999999995
10 0.54024 0.50027 0.52422 0.50027 0.52422 0.51535 0.54024 0.51535 0.54024 0.50027
10 0.9839499999999999 0.37751999999999997 0.97309 0.37751999999999997 0.97309 0.38616 0.9839499999999999 0.38616 0.9839499999999999 0.37751999999999997
10 0.435555 0.41144499999999995 0.42186500000000005 0.41144499999999995 0.42186500000000005 0.426935 0.435555 0.426935 0.435555 0.41144499999999995
10 0.52 0.5457099999999999 0.5093 0.5457099999999999 0.5093 0.5568299999999999 0.52 0.5568299999999999 0.52 0.5457099999999999
10 0.373925 0.33185 0.359475 0.33185 0.359475 0.34345 0.373925 0.34345 0.373925 0.33185
10 0.34917 0.523785 0.33344999999999997 0.523785 0.33344999999999997 0.535795 0.34917 0.535795 0.34917 0.523785
10 0.57038 0.32737 0.55266 0.32737 0.55266 0.34353 0.57038 0.34353 0.57038 0.32737
10 0.919815 0.442025 0.909285 0.442025 0.909285 0.47593500000000005 0.919815 0.47593500000000005 0.919815 0.442025
10 0.099165 0.292455 0.092235 0.292455 0.092235 0.301305 0.099165 0.301305 0.099165 0.292455
10 0.6785599999999999 0.561445 0.6671400000000001 0.561445 0.6671400000000001 0.569415 0.6785599999999999 0.569415 0.6785599999999999 0.561445
10 0.8295299999999999 0.532315 0.81989 0.532315 0.81989 0.540925 0.8295299999999999 0.540925 0.8295299999999999 0.532315
10 0.643405 0.5001 0.632955 0.5001 0.632955 0.50868 0.643405 0.50868 0.643405 0.5001
10 0.8665900000000001 0.49993999999999994 0.83751 0.49993999999999994 0.83751 0.5107999999999999 0.8665900000000001 0.5107999999999999 0.8665900000000001 0.49993999999999994
10 0.28794 0.46183500000000005 0.27016 0.46183500000000005 0.27016 0.46980500000000003 0.28794 0.46980500000000003 0.28794 0.46183500000000005
10 0.239995 0.35816499999999996 0.22020499999999998 0.35816499999999996 0.22020499999999998 0.382075 0.239995 0.382075 0.239995 0.35816499999999996
10 0.300545 0.3486 0.293695 0.3486 0.293695 0.35550000000000004 0.300545 0.35550000000000004 0.300545 0.3486
10 0.8259000000000001 0.50342 0.7034 0.50342 0.7034 0.6049800000000001 0.8259000000000001 0.6049800000000001 0.8259000000000001 0.50342
10 0.045024999999999996 0.46830499999999997 0.034695 0.46830499999999997 0.034695 0.478475 0.045024999999999996 0.478475 0.045024999999999996 0.46830499999999997
10 0.75595 0.50679 0.74795 0.50679 0.74795 0.51469 0.75595 0.51469 0.75595 0.50679
10 0.112645 0.44726999999999995 0.102935 0.44726999999999995 0.102935 0.45605 0.112645 0.45605 0.112645 0.44726999999999995
10 0.68274 0.38729 0.64734 0.38729 0.64734 0.41057 0.68274 0.41057 0.68274 0.38729
10 0.027239999999999997 0.45155500000000004 0.01334 0.45155500000000004 0.01334 0.46152499999999996 0.027239999999999997 0.46152499999999996 0.027239999999999997 0.45155500000000004
10 0.262595 0.34979 0.254985 0.34979 0.254985 0.35675 0.262595 0.35675 0.262595 0.34979
10 0.10790999999999999 0.34594 0.08655 0.34594 0.08655 0.36012 0.10790999999999999 0.36012 0.10790999999999999 0.34594
10 0.007535 0.42780500000000005 0.000245 0.42780500000000005 0.000245 0.435475 0.007535 0.435475 0.007535 0.42780500000000005
10 0.283095 0.601205 0.265245 0.601205 0.265245 0.611695 0.283095 0.611695 0.283095 0.601205
10 0.58613 0.39399 0.57207 0.39399 0.57207 0.41021 0.58613 0.41021 0.58613 0.39399
10 0.170935 0.360835 0.165245 0.360835 0.165245 0.366705 0.170935 0.366705 0.170935 0.360835
10 0.359515 0.446415 0.32554500000000003 0.446415 0.32554500000000003 0.456905 0.359515 0.456905 0.359515 0.446415
10 0.301605 0.457535 0.292155 0.457535 0.292155 0.46384499999999995 0.301605 0.46384499999999995 0.301605 0.457535
10 0.7637349999999999 0.5025000000000001 0.619085 0.5025000000000001 0.619085 0.61468 0.7637349999999999 0.61468 0.7637349999999999 0.5025000000000001
10 0.63472 0.278085 0.59184 0.278085 0.59184 0.291255 0.63472 0.291255 0.63472 0.278085
10 0.266185 0.5118699999999999 0.244075 0.5118699999999999 0.244075 0.5262100000000001 0.266185 0.5262100000000001 0.266185 0.5118699999999999
10 0.363965 0.474185 0.35429499999999997 0.474185 0.35429499999999997 0.49945500000000004 0.363965 0.49945500000000004 0.363965 0.474185
10 0.8660450000000001 0.50426 0.828295 0.50426 0.828295 0.5494600000000001 0.8660450000000001 0.5494600000000001 0.8660450000000001 0.50426
10 0.1292 0.43449 0.118 0.43449 0.118 0.48201 0.1292 0.48201 0.1292 0.43449
10 1 0.5089750000000001 0.88358 0.5089750000000001 0.88358 0.627745 1 0.627745 1 0.5089750000000001
9 0 0.5650000000000001 0.020999999999999998 0.58 0.127 0.624 0.193 0.644 0.22799999999999998 0.649 0.246 0.657 0.29 0.6599999999999999 0.346 0.673 0.378 0.6759999999999999 0.45 0.6719999999999999 0.519 0.662 0.627 0.663 0.655 0.657 0.7150000000000001 0.628 0.783 0.602 0.826 0.607 0.868 0.625 0.923 0.641 0.9630000000000001 0.64 0.999 0.63 0.999 0.368 0.969 0.355 0.8859999999999999 0.335 0.819 0.32799999999999996 0.798 0.32799999999999996 0.78 0.333 0.747 0.331 0.666 0.3 0.502 0.262 0.321 0.246 0.236 0.244 0.15 0.24900000000000003 0.003 0.282 0 0.28300000000000003 0 0.5650000000000001