10 0.41835000000000006 0.61086 0.39225 0.61086 0.39225 0.6432599999999999 0.41835000000000006 0.6432599999999999 0.41835000000000006 0.61086
10 0.84337 0.733005 0.8060499999999999 0.733005 0.8060499999999999 0.7689549999999999 0.84337 0.7689549999999999 0.84337 0.733005
10 0.613685 0.481235 0.583575 0.481235 0.583575 0.510945 0.613685 0.510945 0.613685 0.481235
10 0.37331 0.635015 0.33959 0.635015 0.33959 0.667725 0.37331 0.667725 0.37331 0.635015
10 0.52837 0.621135 0.50873 0.621135 0.50873 0.6425449999999999 0.52837 0.6425449999999999 0.52837 0.621135
10 0.73176 0.6517350000000001 0.70184 0.6517350000000001 0.70184 0.6842050000000001 0.73176 0.6842050000000001 0.73176 0.6517350000000001
10 0.42703499999999994 0.290035 0.40352499999999997 0.290035 0.40352499999999997 0.312025 0.42703499999999994 0.312025 0.42703499999999994 0.290035
10 0.53112 0.276005 0.50892 0.276005 0.50892 0.304555 0.53112 0.304555 0.53112 0.276005
10 0.7971199999999999 0.677805 0.75952 0.677805 0.75952 0.711835 0.7971199999999999 0.711835 0.7971199999999999 0.677805
10 0.49839 0.538285 0.46742999999999996 0.538285 0.46742999999999996 0.574995 0.49839 0.574995 0.49839 0.538285
10 0.5000600000000001 0.730365 0.46087999999999996 0.730365 0.46087999999999996 0.781355 0.5000600000000001 0.781355 0.5000600000000001 0.730365
10 0.77363 0.2529 0.74493 0.2529 0.74493 0.27738 0.77363 0.27738 0.77363 0.2529
10 0.82965 0.23868999999999999 0.8070700000000001 0.23868999999999999 0.8070700000000001 0.25471 0.82965 0.25471 0.82965 0.23868999999999999
10 0.72603 0.5967100000000001 0.69097 0.5967100000000001 0.69097 0.63473 0.72603 0.63473 0.72603 0.5967100000000001
10 0.6555500000000001 0.353395 0.62863 0.353395 0.62863 0.38000500000000004 0.6555500000000001 0.38000500000000004 0.6555500000000001 0.353395
10 0.965535 0.72243 0.922165 0.72243 0.922165 0.76097 0.965535 0.76097 0.965535 0.72243
10 0.811755 0.42708 0.790785 0.42708 0.790785 0.44596 0.811755 0.44596 0.811755 0.42708
10 0.9960150000000001 0.42422000000000004 0.961985 0.42422000000000004 0.961985 0.45224000000000003 0.9960150000000001 0.45224000000000003 0.9960150000000001 0.42422000000000004
10 0.793725 0.288545 0.771695 0.288545 0.771695 0.31105499999999997 0.793725 0.31105499999999997 0.793725 0.288545
10 0.57001 0.291635 0.55303 0.291635 0.55303 0.306025 0.57001 0.306025 0.57001 0.291635
10 0.101545 0.545325 0.08021500000000001 0.545325 0.08021500000000001 0.568935 0.101545 0.568935 0.101545 0.545325
10 0.23618 0.66207 0.2045 0.66207 0.2045 0.70415 0.23618 0.70415 0.23618 0.66207
10 0.9989649999999999 0.83102 0.961975 0.83102 0.961975 0.87112 0.9989649999999999 0.87112 0.9989649999999999 0.83102
10 0.397525 0.70887 0.372015 0.70887 0.372015 0.73449 0.397525 0.73449 0.397525 0.70887
10 0.39344 0.28417 0.37072 0.28417 0.37072 0.30373 0.39344 0.30373 0.39344 0.28417
10 0.76811 0.78243 0.7406699999999999 0.78243 0.7406699999999999 0.8162100000000001 0.76811 0.8162100000000001 0.76811 0.78243
10 0.614515 0.75176 0.597405 0.75176 0.597405 0.76874 0.614515 0.76874 0.614515 0.75176
10 0.9406399999999999 0.39861 0.9197200000000001 0.39861 0.9197200000000001 0.42171000000000003 0.9406399999999999 0.42171000000000003 0.9406399999999999 0.39861
10 0.28713500000000003 0.6413 0.271945 0.6413 0.271945 0.65752 0.28713500000000003 0.65752 0.28713500000000003 0.6413
10 0.8488200000000001 0.84091 0.8006 0.84091 0.8006 0.88077 0.8488200000000001 0.88077 0.8488200000000001 0.84091
10 0.9111800000000001 0.31244 0.8896000000000001 0.31244 0.8896000000000001 0.33355999999999997 0.9111800000000001 0.33355999999999997 0.9111800000000001 0.31244
10 0.461165 0.4136 0.441175 0.4136 0.441175 0.43698 0.461165 0.43698 0.461165 0.4136
10 0.23449 0.62527 0.21229 0.62527 0.21229 0.65403 0.23449 0.65403 0.23449 0.62527
10 0.70696 0.42046 0.6905 0.42046 0.6905 0.43452 0.70696 0.43452 0.70696 0.42046
10 0.362095 0.424975 0.330785 0.424975 0.330785 0.45198499999999997 0.362095 0.45198499999999997 0.362095 0.424975
10 0.349445 0.75566 0.32243499999999997 0.75566 0.32243499999999997 0.78926 0.349445 0.78926 0.349445 0.75566
10 0.67232 0.63158 0.6519 0.63158 0.6519 0.65064 0.67232 0.65064 0.67232 0.63158
10 0.686615 0.47674500000000003 0.6590849999999999 0.47674500000000003 0.6590849999999999 0.500795 0.686615 0.500795 0.686615 0.47674500000000003
10 0.9088100000000001 0.46588 0.8831899999999999 0.46588 0.8831899999999999 0.49164 0.9088100000000001 0.49164 0.9088100000000001 0.46588
10 0.600785 0.42061000000000004 0.541795 0.42061000000000004 0.541795 0.48271 0.600785 0.48271 0.600785 0.42061000000000004
10 0.48207500000000003 0.539795 0.428085 0.539795 0.428085 0.572505 0.48207500000000003 0.572505 0.48207500000000003 0.539795
10 0.423075 0.43828500000000004 0.404065 0.43828500000000004 0.404065 0.461615 0.423075 0.461615 0.423075 0.43828500000000004
10 0.23601999999999998 0.30799 0.2193 0.30799 0.2193 0.32189 0.23601999999999998 0.32189 0.23601999999999998 0.30799
10 0.13077 0.45205 0.11385 0.45205 0.11385 0.47031 0.13077 0.47031 0.13077 0.45205
10 0.7211700000000001 0.42306499999999997 0.66847 0.42306499999999997 0.66847 0.48953499999999994 0.7211700000000001 0.48953499999999994 0.7211700000000001 0.42306499999999997
10 0.74651 0.41498999999999997 0.7300500000000001 0.41498999999999997 0.7300500000000001 0.43071000000000004 0.74651 0.43071000000000004 0.74651 0.41498999999999997
10 0.82402 0.59261 0.80586 0.59261 0.80586 0.60857 0.82402 0.60857 0.82402 0.59261
10 0.209895 0.488645 0.184385 0.488645 0.184385 0.508435 0.209895 0.508435 0.209895 0.488645
10 0.123055 0.5484899999999999 0.11132500000000001 0.5484899999999999 0.11132500000000001 0.56283 0.123055 0.56283 0.123055 0.5484899999999999
10 0.440395 0.43836 0.390165 0.43836 0.390165 0.52454 0.440395 0.52454 0.440395 0.43836
10 0.74954 0.77422 0.70358 0.77422 0.70358 0.80098 0.74954 0.80098 0.74954 0.77422
10 0.16723 0.47104 0.15113000000000001 0.47104 0.15113000000000001 0.48452 0.16723 0.48452 0.16723 0.47104
10 0.43759 0.32577 0.42521000000000003 0.32577 0.42521000000000003 0.33537 0.43759 0.33537 0.43759 0.32577
10 0.11088499999999998 0.36256 0.092235 0.36256 0.092235 0.37816 0.11088499999999998 0.37816 0.11088499999999998 0.36256
10 0.881295 0.446685 0.8579650000000001 0.446685 0.8579650000000001 0.46053499999999997 0.881295 0.46053499999999997 0.881295 0.446685
10 0.6557850000000001 0.77854 0.640115 0.77854 0.640115 0.7947 0.6557850000000001 0.7947 0.6557850000000001 0.77854
9 0 0.508 0.006 0.513 0.043 0.58 0.073 0.615 0.162 0.693 0.207 0.724 0.282 0.766 0.36 0.8029999999999999 0.42400000000000004 0.827 0.492 0.845 0.571 0.86 0.662 0.868 0.6839999999999999 0.876 0.782 0.891 0.999 0.893 0.999 0.16999999999999998 0.8390000000000001 0.20299999999999999 0.735 0.21400000000000002 0.697 0.215 0.593 0.20099999999999998 0.533 0.20400000000000001 0.503 0.21000000000000002 0.34900000000000003 0.258 0.189 0.29700000000000004 0.008 0.372 0 0.394 0 0.508