10 0.89763 0.630825 0.85875 0.630825 0.85875 0.662895 0.89763 0.662895 0.89763 0.630825
10 0.903185 0.608845 0.883915 0.608845 0.883915 0.628455 0.903185 0.628455 0.903185 0.608845
10 0.44358000000000003 0.65516 0.4285 0.65516 0.4285 0.66808 0.44358000000000003 0.66808 0.44358000000000003 0.65516
10 0.78563 0.5895349999999999 0.77003 0.5895349999999999 0.77003 0.6077250000000001 0.78563 0.6077250000000001 0.78563 0.5895349999999999
10 0.688765 0.60456 0.667675 0.60456 0.667675 0.62688 0.688765 0.62688 0.688765 0.60456
10 0.180115 0.6061 0.16486499999999998 0.6061 0.16486499999999998 0.6234 0.180115 0.6234 0.180115 0.6061
10 0.6173 0.650605 0.6033999999999999 0.650605 0.6033999999999999 0.6657949999999999 0.6173 0.6657949999999999 0.6173 0.650605
10 0.0309 0.53991 0.01656 0.53991 0.01656 0.55481 0.0309 0.55481 0.0309 0.53991
10 0.37451500000000004 0.47773000000000004 0.354985 0.47773000000000004 0.354985 0.49395 0.37451500000000004 0.49395 0.37451500000000004 0.47773000000000004
10 0.674095 0.58113 0.655005 0.58113 0.655005 0.5975900000000001 0.674095 0.5975900000000001 0.674095 0.58113
10 0.257135 0.5791350000000001 0.242125 0.5791350000000001 0.242125 0.591765 0.257135 0.591765 0.257135 0.5791350000000001
10 0.710635 0.44494999999999996 0.6956249999999999 0.44494999999999996 0.6956249999999999 0.45885 0.710635 0.45885 0.710635 0.44494999999999996
10 0.579225 0.459605 0.5526150000000001 0.459605 0.5526150000000001 0.47399500000000006 0.579225 0.47399500000000006 0.579225 0.459605
10 0.90992 0.5007699999999999 0.89574 0.5007699999999999 0.89574 0.51193 0.90992 0.51193 0.90992 0.5007699999999999
10 0.65047 0.45627500000000004 0.63469 0.45627500000000004 0.63469 0.471945 0.65047 0.471945 0.65047 0.45627500000000004
10 0.77161 0.6220100000000001 0.75671 0.6220100000000001 0.75671 0.63873 0.77161 0.63873 0.77161 0.6220100000000001
10 0.492305 0.526985 0.477915 0.526985 0.477915 0.5423549999999999 0.492305 0.5423549999999999 0.492305 0.526985
10 0.902495 0.468905 0.887545 0.468905 0.887545 0.482275 0.902495 0.482275 0.902495 0.468905
10 0.691595 0.5725399999999999 0.6785249999999999 0.5725399999999999 0.6785249999999999 0.5856600000000001 0.691595 0.5856600000000001 0.691595 0.5725399999999999
10 0.544465 0.602035 0.514135 0.602035 0.514135 0.614765 0.544465 0.614765 0.544465 0.602035
10 0.48061499999999996 0.42771499999999996 0.46518499999999996 0.42771499999999996 0.46518499999999996 0.443385 0.48061499999999996 0.443385 0.48061499999999996 0.42771499999999996
10 0.61136 0.406335 0.59372 0.406335 0.59372 0.418865 0.61136 0.418865 0.61136 0.406335
10 0.15708 0.64198 0.14638 0.64198 0.14638 0.65588 0.15708 0.65588 0.15708 0.64198
10 0.42081999999999997 0.39732500000000004 0.39998 0.39732500000000004 0.39998 0.411275 0.42081999999999997 0.411275 0.42081999999999997 0.39732500000000004
10 0.15848500000000001 0.61839 0.14741500000000002 0.61839 0.14741500000000002 0.63063 0.15848500000000001 0.63063 0.15848500000000001 0.61839
10 0.233665 0.427595 0.215075 0.427595 0.215075 0.440565 0.233665 0.440565 0.233665 0.427595
10 0.42274500000000004 0.44532 0.40489499999999995 0.44532 0.40489499999999995 0.46386000000000005 0.42274500000000004 0.46386000000000005 0.42274500000000004 0.44532
10 0.96456 0.52984 0.9534 0.52984 0.9534 0.5414399999999999 0.96456 0.5414399999999999 0.96456 0.52984
10 0.78474 0.39037 0.76702 0.39037 0.76702 0.40454999999999997 0.78474 0.40454999999999997 0.78474 0.39037
10 0.06978 0.63243 0.060219999999999996 0.63243 0.060219999999999996 0.6419900000000001 0.06978 0.6419900000000001 0.06978 0.63243
10 0.94237 0.6439250000000001 0.93263 0.6439250000000001 0.93263 0.6539349999999999 0.94237 0.6539349999999999 0.94237 0.6439250000000001
10 0.8654999999999999 0.447855 0.85228 0.447855 0.85228 0.459865 0.8654999999999999 0.459865 0.8654999999999999 0.447855
10 0.31532 0.46370500000000003 0.29942 0.46370500000000003 0.29942 0.47379499999999997 0.31532 0.47379499999999997 0.31532 0.46370500000000003
10 0.07214000000000001 0.464035 0.04956 0.464035 0.04956 0.47444499999999995 0.07214000000000001 0.47444499999999995 0.07214000000000001 0.464035
10 0.23704999999999998 0.5615 0.22730999999999998 0.5615 0.22730999999999998 0.5713199999999999 0.23704999999999998 0.5713199999999999 0.23704999999999998 0.5615
10 0.972065 0.63816 0.9615349999999999 0.63816 0.9615349999999999 0.64798 0.972065 0.64798 0.972065 0.63816
10 0.677125 0.465255 0.6636949999999999 0.465255 0.6636949999999999 0.47566499999999995 0.677125 0.47566499999999995 0.677125 0.465255
10 0.8318899999999999 0.68141 0.82241 0.68141 0.82241 0.69261 0.8318899999999999 0.69261 0.8318899999999999 0.68141
10 0.36469 0.6364650000000001 0.34087 0.6364650000000001 0.34087 0.661395 0.36469 0.661395 0.36469 0.6364650000000001
10 0.89742 0.595765 0.88188 0.595765 0.88188 0.606375 0.89742 0.606375 0.89742 0.595765
10 0.5537 0.486855 0.54396 0.486855 0.54396 0.497025 0.5537 0.497025 0.5537 0.486855
10 0.986915 0.581895 0.962305 0.581895 0.962305 0.594865 0.986915 0.594865 0.986915 0.581895
10 0.63203 0.49783 0.6033299999999999 0.49783 0.6033299999999999 0.51681 0.63203 0.51681 0.63203 0.49783
10 0.46982 0.10576 0.45498000000000005 0.10576 0.45498000000000005 0.11982 0.46982 0.11982 0.46982 0.10576
10 0.216095 0.51124 0.204805 0.51124 0.204805 0.5200199999999999 0.216095 0.5200199999999999 0.216095 0.51124
10 0.564005 0.6362599999999999 0.5512349999999999 0.6362599999999999 0.5512349999999999 0.645 0.564005 0.645 0.564005 0.6362599999999999
10 0.685415 0.51041 0.665165 0.51041 0.665165 0.52279 0.685415 0.52279 0.685415 0.51041
10 0.49760499999999996 0.68394 0.445755 0.68394 0.445755 0.69984 0.49760499999999996 0.69984 0.49760499999999996 0.68394
10 0.30698 0.440925 0.29556 0.440925 0.29556 0.450195 0.30698 0.450195 0.30698 0.440925
10 0.465825 0.624555 0.45409499999999997 0.624555 0.45409499999999997 0.633265 0.465825 0.633265 0.465825 0.624555
10 0.21806 0.368575 0.19796 0.368575 0.19796 0.381905 0.21806 0.381905 0.21806 0.368575
10 0.6610050000000001 0.6761199999999999 0.6466149999999999 0.6761199999999999 0.6466149999999999 0.68618 0.6610050000000001 0.68618 0.6610050000000001 0.6761199999999999
10 0.55955 0.50279 0.5488500000000001 0.50279 0.5488500000000001 0.50991 0.55955 0.50991 0.55955 0.50279
10 0.29074 0.59336 0.27762 0.59336 0.27762 0.60292 0.29074 0.60292 0.29074 0.59336
10 0.018545 0.25100500000000003 0.007295 0.25100500000000003 0.007295 0.260235 0.018545 0.260235 0.018545 0.25100500000000003
10 0.8472250000000001 0.57089 0.792415 0.57089 0.792415 0.6273500000000001 0.8472250000000001 0.6273500000000001 0.8472250000000001 0.57089
10 0.349735 0.373935 0.332885 0.373935 0.332885 0.387305 0.349735 0.387305 0.349735 0.373935
10 0.07838 0.41596 0.05334 0.41596 0.05334 0.43268000000000006 0.07838 0.43268000000000006 0.07838 0.41596
9 0 0.637 0.013000000000000001 0.643 0.131 0.6639999999999999 0.219 0.665 0.275 0.679 0.376 0.6950000000000001 0.45899999999999996 0.6990000000000001 0.475 0.6990000000000001 0.52 0.687 0.5349999999999999 0.692 0.5589999999999999 0.692 0.583 0.6849999999999999 0.591 0.6900000000000001 0.618 0.6900000000000001 0.682 0.7030000000000001 0.755 0.705 0.885 0.6950000000000001 0.999 0.6719999999999999 0.999 0.44400000000000006 0.974 0.429 0.9380000000000001 0.41500000000000004 0.86 0.40499999999999997 0.759 0.374 0.713 0.366 0.666 0.364 0.581 0.368 0.48200000000000004 0.351 0.445 0.34900000000000003 0.418 0.351 0.384 0.36 0.32799999999999996 0.362 0.29900000000000004 0.355 0.244 0.358 0.177 0.379 0.154 0.391 0.10600000000000001 0.399 0.056999999999999995 0.41900000000000004 0.004 0.418 0 0.42000000000000004 0 0.637