10 0.293035 0.4524 0.23640500000000003 0.4524 0.23640500000000003 0.4838 0.293035 0.4838 0.293035 0.4524
10 0.836135 0.47555500000000006 0.8054650000000001 0.47555500000000006 0.8054650000000001 0.504425 0.836135 0.504425 0.836135 0.47555500000000006
10 0.149825 0.60563 0.114335 0.60563 0.114335 0.63461 0.149825 0.63461 0.149825 0.60563
10 0.88468 0.390465 0.85946 0.390465 0.85946 0.41275500000000004 0.88468 0.41275500000000004 0.88468 0.390465
10 0.3865 0.353985 0.35324 0.353985 0.35324 0.379895 0.3865 0.379895 0.3865 0.353985
10 0.45532500000000004 0.62483 0.415775 0.62483 0.415775 0.6515299999999999 0.45532500000000004 0.6515299999999999 0.45532500000000004 0.62483
10 0 0.61993 0.02964 0.61993 0.02964 0.5939300000000001 0 0.5939300000000001 0 0.61993
10 0.51524 0.667395 0.47792 0.667395 0.47792 0.691005 0.51524 0.691005 0.51524 0.667395
10 0.39142 0.682935 0.35614 0.682935 0.35614 0.706705 0.39142 0.706705 0.39142 0.682935
10 0.479035 0.572425 0.447725 0.572425 0.447725 0.596515 0.479035 0.596515 0.479035 0.572425
10 0.689515 0.21162 0.658145 0.21162 0.658145 0.23807999999999999 0.689515 0.23807999999999999 0.689515 0.21162
10 0.5356150000000001 0.37627 0.499545 0.37627 0.499545 0.40303000000000005 0.5356150000000001 0.40303000000000005 0.5356150000000001 0.37627
10 0.345225 0.28178000000000003 0.314435 0.28178000000000003 0.314435 0.30758 0.345225 0.30758 0.345225 0.28178000000000003
10 0.058230000000000004 0.30900500000000003 0.01099 0.30900500000000003 0.01099 0.345295 0.058230000000000004 0.345295 0.058230000000000004 0.30900500000000003
10 0.067275 0.459675 0.028305000000000004 0.459675 0.028305000000000004 0.502245 0.067275 0.502245 0.067275 0.459675
10 0.31732499999999997 0.645275 0.289115 0.645275 0.289115 0.6691849999999999 0.31732499999999997 0.6691849999999999 0.31732499999999997 0.645275
10 0.135905 0.38871 0.106155 0.38871 0.106155 0.40719000000000005 0.135905 0.40719000000000005 0.135905 0.38871
10 0.53877 0.71024 0.50517 0.71024 0.50517 0.73116 0.53877 0.73116 0.53877 0.71024
10 0.40403500000000003 0.42874 0.363045 0.42874 0.363045 0.46041999999999994 0.40403500000000003 0.46041999999999994 0.40403500000000003 0.42874
10 0.51208 0.593295 0.48646 0.593295 0.48646 0.613745 0.51208 0.613745 0.51208 0.593295
10 0.25553499999999996 0.708735 0.220045 0.708735 0.220045 0.730725 0.25553499999999996 0.730725 0.25553499999999996 0.708735
10 0.7986449999999999 0.410825 0.770695 0.410825 0.770695 0.436335 0.7986449999999999 0.436335 0.7986449999999999 0.410825
10 0.5527 0.58819 0.53422 0.58819 0.53422 0.60517 0.5527 0.60517 0.5527 0.58819
10 0.18079 0.754305 0.14539 0.754305 0.14539 0.782795 0.18079 0.782795 0.18079 0.754305
10 0.13486 0.695675 0.10196000000000001 0.695675 0.10196000000000001 0.7222850000000001 0.13486 0.7222850000000001 0.13486 0.695675
10 0.5961350000000001 0.23965 0.570865 0.23965 0.570865 0.25743 0.5961350000000001 0.25743 0.5961350000000001 0.23965
10 0.429145 0.205065 0.40093500000000004 0.205065 0.40093500000000004 0.233175 0.429145 0.233175 0.429145 0.205065
10 0.83551 0.673695 0.79535 0.673695 0.79535 0.693485 0.83551 0.693485 0.83551 0.673695
10 0.5452549999999999 0.45657500000000006 0.492825 0.45657500000000006 0.492825 0.5019250000000001 0.5452549999999999 0.5019250000000001 0.5452549999999999 0.45657500000000006
10 0.12542 0.563085 0.10334000000000002 0.563085 0.10334000000000002 0.578515 0.12542 0.578515 0.12542 0.563085
10 0.658415 0.41445999999999994 0.6189250000000001 0.41445999999999994 0.6189250000000001 0.44248000000000004 0.658415 0.44248000000000004 0.658415 0.41445999999999994
10 0.46990499999999996 0.74542 0.439755 0.74542 0.439755 0.7682599999999999 0.46990499999999996 0.7682599999999999 0.46990499999999996 0.74542
10 0.164145 0.316075 0.127855 0.316075 0.127855 0.344565 0.164145 0.344565 0.164145 0.316075
10 0.397065 0.569575 0.369535 0.569575 0.369535 0.590585 0.397065 0.590585 0.397065 0.569575
10 0.7872600000000001 0.331855 0.75278 0.331855 0.75278 0.359545 0.7872600000000001 0.359545 0.7872600000000001 0.331855
10 0.768475 0.57362 0.747145 0.57362 0.747145 0.59338 0.768475 0.59338 0.768475 0.57362
10 0.5892299999999999 0.49336 0.55725 0.49336 0.55725 0.5291 0.5892299999999999 0.5291 0.5892299999999999 0.49336
10 0.538595 0.226715 0.512185 0.226715 0.512185 0.253025 0.538595 0.253025 0.538595 0.226715
10 0.20833 0.43305999999999994 0.17351 0.43305999999999994 0.17351 0.481 0.20833 0.481 0.20833 0.43305999999999994
10 0.580685 0.268515 0.554075 0.268515 0.554075 0.292025 0.580685 0.292025 0.580685 0.268515
10 0.84414 0.25654499999999997 0.8209 0.25654499999999997 0.8209 0.27763499999999997 0.84414 0.27763499999999997 0.84414 0.25654499999999997
10 0.157475 0.50503 0.129625 0.50503 0.129625 0.5271899999999999 0.157475 0.5271899999999999 0.157475 0.50503
10 0.9938800000000001 0.39282 0.97194 0.39282 0.97194 0.41334 0.9938800000000001 0.41334 0.9938800000000001 0.39282
10 0.032740000000000005 0.74371 0.0027 0.74371 0.0027 0.7650699999999999 0.032740000000000005 0.7650699999999999 0.032740000000000005 0.74371
10 0.51362 0.54265 0.48735999999999996 0.54265 0.48735999999999996 0.55989 0.51362 0.55989 0.51362 0.54265
10 0 0.509865 0.019065 0.509865 0.019065 0.48671499999999995 0 0.48671499999999995 0 0.509865
10 0.745235 0.4525 0.672725 0.4525 0.672725 0.50844 0.745235 0.50844 0.745235 0.4525
9 0 0.756 0.096 0.779 0.131 0.778 0.16299999999999998 0.786 0.315 0.8039999999999999 0.476 0.8039999999999999 0.533 0.796 0.592 0.7929999999999999 0.771 0.805 0.791 0.8099999999999999 0.8720000000000001 0.817 0.999 0.8039999999999999 0.999 0.279 0.8460000000000001 0.23399999999999999 0.6940000000000001 0.21000000000000002 0.521 0.198 0.40199999999999997 0.194 0.22400000000000003 0.20099999999999998 0.11699999999999999 0.209 0.071 0.23399999999999999 0.05600000000000001 0.231 0.052000000000000005 0.22200000000000003 0.044 0.227 0.032 0.225 0.014000000000000002 0.229 0 0.23399999999999999 0 0.756