10 0.5102599999999999 0.5803849999999999 0.46534000000000003 0.5803849999999999 0.46534000000000003 0.624395 0.5102599999999999 0.624395 0.5102599999999999 0.5803849999999999
10 0.36555 0.477915 0.34831 0.477915 0.34831 0.496685 0.36555 0.496685 0.36555 0.477915
10 0.42787 0.398515 0.39439 0.398515 0.39439 0.428625 0.42787 0.428625 0.42787 0.398515
10 0.40724 0.43550500000000003 0.38914 0.43550500000000003 0.38914 0.458535 0.40724 0.458535 0.40724 0.43550500000000003
10 0.37705 0.645045 0.35781 0.645045 0.35781 0.658675 0.37705 0.658675 0.37705 0.645045
10 0.48287500000000005 0.48280500000000004 0.46488500000000005 0.48280500000000004 0.46488500000000005 0.501575 0.48287500000000005 0.501575 0.48287500000000005 0.48280500000000004
10 0.530685 0.56152 0.509355 0.56152 0.509355 0.58204 0.530685 0.58204 0.530685 0.56152
10 0.17507 0.53715 0.15769 0.53715 0.15769 0.55269 0.17507 0.55269 0.17507 0.53715
10 0.31377 0.619055 0.28633000000000003 0.619055 0.28633000000000003 0.640705 0.31377 0.640705 0.31377 0.619055
10 0.20249 0.6129249999999999 0.18470999999999999 0.6129249999999999 0.18470999999999999 0.6282949999999999 0.20249 0.6282949999999999 0.20249 0.6129249999999999
10 0.730525 0.590435 0.716735 0.590435 0.716735 0.601945 0.730525 0.601945 0.730525 0.590435
10 0.43346 0.56966 0.41762 0.56966 0.41762 0.58562 0.43346 0.58562 0.43346 0.56966
10 0.7874 0.6410750000000001 0.76924 0.6410750000000001 0.76924 0.655805 0.7874 0.655805 0.7874 0.6410750000000001
10 0.321285 0.5234099999999999 0.306155 0.5234099999999999 0.306155 0.5400699999999999 0.321285 0.5400699999999999 0.321285 0.5234099999999999
10 0.288605 0.5227 0.273415 0.5227 0.273415 0.53688 0.288605 0.53688 0.288605 0.5227
10 0.66328 0.675565 0.64726 0.675565 0.64726 0.689675 0.66328 0.689675 0.66328 0.675565
10 0.336055 0.44041499999999995 0.32604500000000003 0.44041499999999995 0.32604500000000003 0.453145 0.336055 0.453145 0.336055 0.44041499999999995
10 0.955785 0.562425 0.910435 0.562425 0.910435 0.574295 0.955785 0.574295 0.955785 0.562425
10 0.43048000000000003 0.62208 0.4079 0.62208 0.4079 0.63768 0.43048000000000003 0.63768 0.43048000000000003 0.62208
10 0.72653 0.441155 0.7090099999999999 0.441155 0.7090099999999999 0.45582500000000004 0.72653 0.45582500000000004 0.72653 0.441155
10 0.174555 0.6179 0.160165 0.6179 0.160165 0.63014 0.174555 0.63014 0.174555 0.6179
10 0.42299 0.5436799999999999 0.40659 0.5436799999999999 0.40659 0.55984 0.42299 0.55984 0.42299 0.5436799999999999
10 0.41905000000000003 0.49654999999999994 0.40126999999999996 0.49654999999999994 0.40126999999999996 0.51517 0.41905000000000003 0.51517 0.41905000000000003 0.49654999999999994
10 0.30349499999999996 0.45027 0.288305 0.45027 0.288305 0.46477 0.30349499999999996 0.46477 0.30349499999999996 0.45027
10 0.70941 0.714905 0.6597299999999999 0.714905 0.6597299999999999 0.740175 0.70941 0.740175 0.70941 0.714905
10 0.5464 0.54535 0.52098 0.54535 0.52098 0.5620700000000001 0.5464 0.5620700000000001 0.5464 0.54535
10 0.8719300000000001 0.539745 0.85463 0.539745 0.85463 0.551075 0.8719300000000001 0.551075 0.8719300000000001 0.539745
10 0.665125 0.467205 0.636635 0.467205 0.636635 0.487375 0.665125 0.487375 0.665125 0.467205
10 0.8471249999999999 0.558845 0.808155 0.558845 0.808155 0.573975 0.8471249999999999 0.573975 0.8471249999999999 0.558845
10 0.23876 0.468035 0.22583999999999999 0.468035 0.22583999999999999 0.479725 0.23876 0.479725 0.23876 0.468035
10 0.873625 0.63098 0.842195 0.63098 0.842195 0.65028 0.873625 0.65028 0.873625 0.63098
10 0.5614899999999999 0.387855 0.5439700000000001 0.387855 0.5439700000000001 0.40170500000000003 0.5614899999999999 0.40170500000000003 0.5614899999999999 0.387855
10 0.278985 0.45315500000000003 0.263495 0.45315500000000003 0.263495 0.462865 0.278985 0.462865 0.278985 0.45315500000000003
10 0.809215 0.6655949999999999 0.796245 0.6655949999999999 0.796245 0.678165 0.809215 0.678165 0.809215 0.6655949999999999
10 0.20932499999999998 0.382675 0.195955 0.382675 0.195955 0.39320499999999997 0.20932499999999998 0.39320499999999997 0.20932499999999998 0.382675
10 0.456395 0.95523 0.443025 0.95523 0.443025 0.9666499999999999 0.456395 0.9666499999999999 0.456395 0.95523
10 0.19129000000000002 0.5032449999999999 0.17711 0.5032449999999999 0.17711 0.517255 0.19129000000000002 0.517255 0.19129000000000002 0.5032449999999999
10 0.34196499999999996 0.389895 0.330895 0.389895 0.330895 0.40014500000000003 0.34196499999999996 0.40014500000000003 0.34196499999999996 0.389895
10 0.44773500000000005 0.38515 0.436045 0.38515 0.436045 0.39463 0.44773500000000005 0.39463 0.44773500000000005 0.38515
10 0.7556149999999999 0.62684 0.740485 0.62684 0.740485 0.64074 0.7556149999999999 0.64074 0.7556149999999999 0.62684
10 0.7609250000000001 0.648475 0.747855 0.648475 0.747855 0.6611049999999999 0.7609250000000001 0.6611049999999999 0.7609250000000001 0.648475
10 0.5242950000000001 0.47586500000000004 0.510865 0.47586500000000004 0.510865 0.488495 0.5242950000000001 0.488495 0.5242950000000001 0.47586500000000004
10 0.7088300000000001 0.64237 0.6944899999999999 0.64237 0.6944899999999999 0.65549 0.7088300000000001 0.65549 0.7088300000000001 0.64237
10 0.45538 0.6849149999999999 0.44109999999999994 0.6849149999999999 0.44109999999999994 0.695945 0.45538 0.695945 0.45538 0.6849149999999999
10 0.36765 0.44362500000000005 0.35695 0.44362500000000005 0.35695 0.452855 0.36765 0.452855 0.36765 0.44362500000000005
10 0.7110000000000001 0.675745 0.69428 0.675745 0.69428 0.690475 0.7110000000000001 0.690475 0.7110000000000001 0.675745
10 0.05247500000000001 0.454295 0.039745 0.454295 0.039745 0.466125 0.05247500000000001 0.466125 0.05247500000000001 0.454295
10 0.050434999999999994 0.524355 0.032205 0.524355 0.032205 0.5361849999999999 0.050434999999999994 0.5361849999999999 0.050434999999999994 0.524355
10 0.6852199999999999 0.65621 0.6761 0.65621 0.6761 0.66411 0.6852199999999999 0.66411 0.6852199999999999 0.65621
10 0.12279999999999999 0.354955 0.11402000000000001 0.354955 0.11402000000000001 0.363805 0.12279999999999999 0.363805 0.12279999999999999 0.354955
10 0.589165 0.703815 0.5739150000000001 0.703815 0.5739150000000001 0.716105 0.589165 0.716105 0.589165 0.703815
10 0.11918999999999999 0.451955 0.10799 0.451955 0.10799 0.461625 0.11918999999999999 0.461625 0.11918999999999999 0.451955
10 0.49247500000000005 0.40462499999999996 0.473825 0.40462499999999996 0.473825 0.41617499999999996 0.49247500000000005 0.41617499999999996 0.49247500000000005 0.40462499999999996
10 0.8222849999999999 0.50698 0.8095549999999999 0.50698 0.8095549999999999 0.51646 0.8222849999999999 0.51646 0.8222849999999999 0.50698
10 0.181135 0.458435 0.169445 0.458435 0.169445 0.46880499999999997 0.181135 0.46880499999999997 0.181135 0.458435
10 0.218295 0.44516999999999995 0.209205 0.44516999999999995 0.209205 0.45375 0.218295 0.45375 0.218295 0.44516999999999995
10 0.62721 0.50976 0.61303 0.50976 0.61303 0.51954 0.62721 0.51954 0.62721 0.50976
10 0.5242899999999999 0.37071 0.5059899999999999 0.37071 0.5059899999999999 0.38661 0.5242899999999999 0.38661 0.5242899999999999 0.37071
10 0.15406999999999998 0.457695 0.14159 0.457695 0.14159 0.467105 0.15406999999999998 0.467105 0.15406999999999998 0.457695
10 0.203065 0.40031999999999995 0.193655 0.40031999999999995 0.193655 0.4117 0.203065 0.4117 0.203065 0.40031999999999995
10 0.732205 0.6582600000000001 0.720915 0.6582600000000001 0.720915 0.66986 0.732205 0.66986 0.732205 0.6582600000000001
10 0.7806 0.48667999999999995 0.76822 0.48667999999999995 0.76822 0.49623999999999996 0.7806 0.49623999999999996 0.7806 0.48667999999999995
10 0.9099 0.58294 0.88796 0.58294 0.88796 0.59284 0.9099 0.59284 0.9099 0.58294
10 0.515205 0.393235 0.500415 0.393235 0.500415 0.40656499999999995 0.515205 0.40656499999999995 0.515205 0.393235
10 0.09629 0.46403999999999995 0.08547 0.46403999999999995 0.08547 0.47394 0.09629 0.47394 0.09629 0.46403999999999995
10 0.331235 0.48735 0.323545 0.48735 0.323545 0.49507 0.331235 0.49507 0.331235 0.48735
10 0.47586500000000004 0.415615 0.46309500000000003 0.415615 0.46309500000000003 0.427165 0.47586500000000004 0.427165 0.47586500000000004 0.415615
10 0.240875 0.572835 0.22664499999999999 0.572835 0.22664499999999999 0.585365 0.240875 0.585365 0.240875 0.572835
10 0.010385 0.5878599999999999 0.000255 0.5878599999999999 0.000255 0.6016 0.010385 0.6016 0.010385 0.5878599999999999
10 0.542645 0.43018999999999996 0.528635 0.43018999999999996 0.528635 0.44579 0.542645 0.44579 0.542645 0.43018999999999996
10 0.81035 0.57508 0.74825 0.57508 0.74825 0.59484 0.81035 0.59484 0.81035 0.57508
10 0.532965 0.680675 0.521715 0.680675 0.521715 0.6914049999999999 0.532965 0.6914049999999999 0.532965 0.680675
10 0.608075 0.499035 0.597985 0.499035 0.597985 0.506825 0.608075 0.506825 0.608075 0.499035
10 0.64081 0.41409 0.6316499999999999 0.41409 0.6316499999999999 0.42283 0.64081 0.42283 0.64081 0.41409
10 0 0.5016149999999999 0.00854 0.5016149999999999 0.00854 0.486665 0 0.486665 0 0.5016149999999999
10 0.28625500000000004 0.401385 0.274785 0.401385 0.274785 0.411595 0.28625500000000004 0.411595 0.28625500000000004 0.401385
10 0.602805 0.41042500000000004 0.592515 0.41042500000000004 0.592515 0.419655 0.602805 0.419655 0.602805 0.41042500000000004
10 0.287015 0.667685 0.275005 0.667685 0.275005 0.678015 0.287015 0.678015 0.287015 0.667685
10 0.199915 0.34046 0.171425 0.34046 0.171425 0.35242 0.199915 0.35242 0.199915 0.34046
10 0.245765 0.427475 0.23763499999999999 0.427475 0.23763499999999999 0.434825 0.245765 0.434825 0.245765 0.427475
10 0.70462 0.39192499999999997 0.6869799999999999 0.39192499999999997 0.6869799999999999 0.404455 0.70462 0.404455 0.70462 0.39192499999999997
10 0.668745 0.5253599999999999 0.656455 0.5253599999999999 0.656455 0.53518 0.668745 0.53518 0.668745 0.5253599999999999
10 0.48514999999999997 0.693835 0.47529000000000005 0.693835 0.47529000000000005 0.702645 0.48514999999999997 0.702645 0.48514999999999997 0.693835
10 0.43764000000000003 0.501265 0.42858 0.501265 0.42858 0.510455 0.43764000000000003 0.510455 0.43764000000000003 0.501265
10 0.345005 0.41485000000000005 0.332235 0.41485000000000005 0.332235 0.42596999999999996 0.345005 0.42596999999999996 0.345005 0.41485000000000005
9 0.16 0.654 0.223 0.675 0.355 0.696 0.44299999999999995 0.722 0.5509999999999999 0.734 0.6849999999999999 0.736 0.826 0.71 0.999 0.623 0.999 0.545 0.9730000000000001 0.5349999999999999 0.9019999999999999 0.48200000000000004 0.85 0.45199999999999996 0.8140000000000001 0.44000000000000006 0.764 0.433 0.6719999999999999 0.389 0.575 0.364 0.449 0.343 0.399 0.343 0.327 0.352 0.27 0.337 0.16599999999999998 0.343 0.146 0.335 0.098 0.33199999999999996 0.047 0.33999999999999997 0.002 0.353 0 0.599 0.032 0.61 0.068 0.614 0.16 0.654