10 0.71197 0.552845 0.69727 0.552845 0.69727 0.566275 0.71197 0.566275 0.71197 0.552845
10 0.715005 0.601665 0.702955 0.601665 0.702955 0.612195 0.715005 0.612195 0.715005 0.601665
10 0.46486 0.56947 0.44530000000000003 0.56947 0.44530000000000003 0.58581 0.46486 0.58581 0.46486 0.56947
10 0.11216999999999999 0.44821 0.09133 0.44821 0.09133 0.46585 0.11216999999999999 0.46585 0.11216999999999999 0.44821
10 0.218825 0.5491550000000001 0.196455 0.5491550000000001 0.196455 0.567065 0.218825 0.567065 0.218825 0.5491550000000001
10 0.55803 0.39411999999999997 0.53963 0.39411999999999997 0.53963 0.41007999999999994 0.55803 0.41007999999999994 0.55803 0.39411999999999997
10 0.3897 0.4018 0.37398 0.4018 0.37398 0.41022 0.3897 0.41022 0.3897 0.4018
10 0.5339 0.35745 0.51492 0.35745 0.51492 0.37496999999999997 0.5339 0.37496999999999997 0.5339 0.35745
10 0.281495 0.575665 0.269765 0.575665 0.269765 0.591335 0.281495 0.591335 0.281495 0.575665
10 0.23329 0.456175 0.19469 0.456175 0.19469 0.48766499999999996 0.23329 0.48766499999999996 0.23329 0.456175
10 0.10634999999999999 0.365795 0.08871 0.365795 0.08871 0.379805 0.10634999999999999 0.379805 0.10634999999999999 0.365795
10 0.5394300000000001 0.37144499999999997 0.50745 0.37144499999999997 0.50745 0.39759500000000003 0.5394300000000001 0.39759500000000003 0.5394300000000001 0.37144499999999997
10 0.114825 0.502745 0.10037499999999999 0.502745 0.10037499999999999 0.517755 0.114825 0.517755 0.114825 0.502745
10 0.6328400000000001 0.38871 0.62302 0.38871 0.62302 0.40035 0.6328400000000001 0.40035 0.6328400000000001 0.38871
10 0.38551 0.595305 0.37327 0.595305 0.37327 0.6058749999999999 0.38551 0.6058749999999999 0.38551 0.595305
10 0.09265999999999999 0.357215 0.07092000000000001 0.357215 0.07092000000000001 0.373745 0.09265999999999999 0.373745 0.09265999999999999 0.357215
10 0.48786500000000005 0.576445 0.47307499999999997 0.576445 0.47307499999999997 0.588595 0.48786500000000005 0.588595 0.48786500000000005 0.576445
10 0.22083499999999998 0.45155 0.20616500000000001 0.45155 0.20616500000000001 0.46789 0.22083499999999998 0.46789 0.22083499999999998 0.45155
10 0.116685 0.468565 0.10463499999999999 0.468565 0.10463499999999999 0.483575 0.116685 0.483575 0.116685 0.468565
10 0.333585 0.423485 0.301175 0.423485 0.301175 0.446635 0.333585 0.446635 0.333585 0.423485
10 0.247235 0.37463 0.22224499999999997 0.37463 0.22224499999999997 0.39735 0.247235 0.39735 0.247235 0.37463
10 0.16817 0.5196799999999999 0.14897 0.5196799999999999 0.14897 0.54184 0.16817 0.54184 0.16817 0.5196799999999999
10 0.9708349999999999 0.478595 0.950065 0.478595 0.950065 0.496505 0.9708349999999999 0.496505 0.9708349999999999 0.478595
10 0.55235 0.52657 0.53457 0.52657 0.53457 0.54375 0.55235 0.54375 0.55235 0.52657
10 0.817255 0.693325 0.8067650000000001 0.693325 0.8067650000000001 0.702175 0.817255 0.702175 0.817255 0.693325
10 0.7460899999999999 0.638255 0.71191 0.638255 0.71191 0.666425 0.7460899999999999 0.666425 0.7460899999999999 0.638255
10 0.304145 0.49776 0.284235 0.49776 0.284235 0.51494 0.304145 0.51494 0.304145 0.49776
10 0.906185 0.645815 0.895575 0.645815 0.895575 0.655945 0.906185 0.655945 0.906185 0.645815
10 0.925025 0.42431 0.9157949999999999 0.42431 0.9157949999999999 0.43409000000000003 0.925025 0.43409000000000003 0.925025 0.42431
10 0.11936500000000001 0.366185 0.081675 0.366185 0.081675 0.395055 0.11936500000000001 0.395055 0.11936500000000001 0.366185
10 0.14589000000000002 0.467605 0.13267 0.467605 0.13267 0.481615 0.14589000000000002 0.481615 0.14589000000000002 0.467605
10 0.853355 0.47942 0.843905 0.47942 0.843905 0.48688000000000003 0.853355 0.48688000000000003 0.853355 0.47942
10 0.9940599999999999 0.66388 0.96688 0.66388 0.96688 0.6955 0.9940599999999999 0.6955 0.9940599999999999 0.66388
10 0.45576 0.566005 0.43974 0.566005 0.43974 0.578535 0.45576 0.578535 0.45576 0.566005
10 0.49960000000000004 0.55126 0.47354 0.55126 0.47354 0.57082 0.49960000000000004 0.57082 0.49960000000000004 0.55126
10 0.67994 0.45836 0.67064 0.45836 0.67064 0.46694 0.67994 0.46694 0.67994 0.45836
10 0.803765 0.497415 0.7958350000000001 0.497415 0.7958350000000001 0.505505 0.803765 0.505505 0.803765 0.497415
10 0.9093899999999999 0.48770499999999994 0.90213 0.48770499999999994 0.90213 0.49471499999999996 0.9093899999999999 0.49471499999999996 0.9093899999999999 0.48770499999999994
10 0.38566 0.51921 0.36873999999999996 0.51921 0.36873999999999996 0.53451 0.38566 0.53451 0.38566 0.51921
10 0.75827 0.351495 0.74075 0.351495 0.74075 0.366285 0.75827 0.366285 0.75827 0.351495
10 0.56653 0.403045 0.5516300000000001 0.403045 0.5516300000000001 0.41727499999999995 0.56653 0.41727499999999995 0.56653 0.403045
10 0.6466999999999999 0.6238349999999999 0.62284 0.6238349999999999 0.62284 0.643745 0.6466999999999999 0.643745 0.6466999999999999 0.6238349999999999
10 0.76283 0.41468 0.75377 0.41468 0.75377 0.4237 0.76283 0.4237 0.76283 0.41468
10 0.51741 0.619645 0.50017 0.619645 0.50017 0.631335 0.51741 0.631335 0.51741 0.619645
10 0.941645 0.42912999999999996 0.926515 0.42912999999999996 0.926515 0.43804999999999994 0.941645 0.43804999999999994 0.941645 0.42912999999999996
10 0.51335 0.49928999999999996 0.49447 0.49928999999999996 0.49447 0.5173099999999999 0.51335 0.5173099999999999 0.51335 0.49928999999999996
10 0.504545 0.495695 0.492535 0.495695 0.492535 0.504305 0.504545 0.504305 0.504545 0.495695
10 0.780335 0.7011499999999999 0.772405 0.7011499999999999 0.772405 0.70803 0.780335 0.70803 0.780335 0.7011499999999999
10 0.023445 0.388465 0.005455 0.388465 0.005455 0.402055 0.023445 0.402055 0.023445 0.388465
10 0.38157 0.609415 0.36453 0.609415 0.36453 0.628865 0.38157 0.628865 0.38157 0.609415
10 0.44369 0.624735 0.42935 0.624735 0.42935 0.635025 0.44369 0.635025 0.44369 0.624735
10 0.078245 0.5258499999999999 0.064455 0.5258499999999999 0.064455 0.5376299999999999 0.078245 0.5376299999999999 0.078245 0.5258499999999999
10 0.8804550000000001 0.35623 0.870525 0.35623 0.870525 0.36349 0.8804550000000001 0.36349 0.8804550000000001 0.35623
10 0.5229199999999999 0.49997499999999995 0.4849 0.49997499999999995 0.4849 0.531285 0.5229199999999999 0.531285 0.5229199999999999 0.49997499999999995
10 0.07705999999999999 0.46516 0.03214 0.46516 0.03214 0.507 0.07705999999999999 0.507 0.07705999999999999 0.46516
10 0.53736 0.43919499999999995 0.52806 0.43919499999999995 0.52806 0.44800500000000004 0.53736 0.44800500000000004 0.53736 0.43919499999999995
10 0.866725 0.701645 0.8578749999999999 0.701645 0.8578749999999999 0.710455 0.866725 0.710455 0.866725 0.701645
10 0.65815 0.499745 0.6318900000000001 0.499745 0.6318900000000001 0.5109950000000001 0.65815 0.5109950000000001 0.65815 0.499745
10 0.706165 0.65299 0.698135 0.65299 0.698135 0.66147 0.706165 0.66147 0.706165 0.65299
10 0.550885 0.33199999999999996 0.514535 0.33199999999999996 0.514535 0.34378000000000003 0.550885 0.34378000000000003 0.550885 0.33199999999999996
10 0.25078 0.45137499999999997 0.22749999999999998 0.45137499999999997 0.22749999999999998 0.461705 0.25078 0.461705 0.25078 0.45137499999999997
10 0.280805 0.352615 0.273875 0.352615 0.273875 0.358325 0.280805 0.358325 0.280805 0.352615
10 0.989075 0.65107 0.978705 0.65107 0.978705 0.66435 0.989075 0.66435 0.989075 0.65107
10 0.523935 0.48579 0.509265 0.48579 0.509265 0.49517 0.523935 0.49517 0.523935 0.48579
10 0.6284500000000001 0.68458 0.60983 0.68458 0.60983 0.69432 0.6284500000000001 0.69432 0.6284500000000001 0.68458
10 1 0.41058000000000006 0.98126 0.41058000000000006 0.98126 0.5132399999999999 1 0.5132399999999999 1 0.41058000000000006
10 0.66008 0.334175 0.64558 0.334175 0.64558 0.344545 0.66008 0.344545 0.66008 0.334175
10 0.042585 0.432785 0.022715 0.432785 0.022715 0.44319499999999995 0.042585 0.44319499999999995 0.042585 0.432785
10 0.59311 0.500815 0.52603 0.500815 0.52603 0.541185 0.59311 0.541185 0.59311 0.500815
10 0.48409500000000005 0.643055 0.475385 0.643055 0.475385 0.6499050000000001 0.48409500000000005 0.6499050000000001 0.48409500000000005 0.643055
10 0.672385 0.333915 0.653795 0.333915 0.653795 0.34674499999999997 0.672385 0.34674499999999997 0.672385 0.333915
9 0.136 0.5860000000000001 0.186 0.5900000000000001 0.383 0.641 0.491 0.651 0.611 0.688 0.7110000000000001 0.71 0.7849999999999999 0.7190000000000001 0.8949999999999999 0.722 0.999 0.71 0.999 0.395 0.991 0.391 0.923 0.369 0.844 0.35 0.767 0.33799999999999997 0.669 0.32999999999999996 0.617 0.329 0.5349999999999999 0.33399999999999996 0.417 0.34700000000000003 0.17099999999999999 0.32799999999999996 0.002 0.346 0 0.5469999999999999 0.020999999999999998 0.557 0.068 0.5660000000000001 0.136 0.5860000000000001