10 0.532995 0.42439499999999997 0.480405 0.42439499999999997 0.480405 0.464585 0.532995 0.464585 0.532995 0.42439499999999997
10 0.21798 0.36785 0.17996 0.36785 0.17996 0.39435 0.21798 0.39435 0.21798 0.36785
10 0.346395 0.38984 0.317185 0.38984 0.317185 0.4168 0.346395 0.4168 0.346395 0.38984
10 0.1543 0.29268 0.12744 0.29268 0.12744 0.32646000000000003 0.1543 0.32646000000000003 0.1543 0.29268
10 0.602155 0.45119999999999993 0.578505 0.45119999999999993 0.578505 0.46871999999999997 0.602155 0.46871999999999997 0.602155 0.45119999999999993
10 0.44231499999999996 0.47456 0.414625 0.47456 0.414625 0.50152 0.44231499999999996 0.50152 0.44231499999999996 0.47456
10 0.13025 0.50271 0.09607 0.50271 0.09607 0.54025 0.13025 0.54025 0.13025 0.50271
10 0.55426 0.38051 0.5307000000000001 0.38051 0.5307000000000001 0.40465 0.55426 0.40465 0.55426 0.38051
10 0.21051000000000003 0.250765 0.15961 0.250765 0.15961 0.296115 0.21051000000000003 0.296115 0.21051000000000003 0.250765
10 0.17213499999999998 0.5507850000000001 0.141345 0.5507850000000001 0.141345 0.577135 0.17213499999999998 0.577135 0.17213499999999998 0.5507850000000001
10 0.34552 0.42126 0.31951999999999997 0.42126 0.31951999999999997 0.44398 0.34552 0.44398 0.34552 0.42126
10 0.49178 0.464755 0.4755 0.464755 0.4755 0.47860500000000006 0.49178 0.47860500000000006 0.49178 0.464755
10 0.07884 0.5352699999999999 0.05946 0.5352699999999999 0.05946 0.55457 0.07884 0.55457 0.07884 0.5352699999999999
10 0.34882 0.52715 0.32598 0.52715 0.32598 0.54999 0.34882 0.54999 0.34882 0.52715
10 0.716535 0.450905 0.6897249999999999 0.450905 0.6897249999999999 0.473415 0.716535 0.473415 0.716535 0.450905
10 0.132595 0.335025 0.039765 0.335025 0.039765 0.412535 0.132595 0.412535 0.132595 0.335025
10 0.445175 0.57324 0.422505 0.57324 0.422505 0.5947199999999999 0.445175 0.5947199999999999 0.445175 0.57324
10 0.661455 0.45890000000000003 0.634445 0.45890000000000003 0.634445 0.47568 0.661455 0.47568 0.661455 0.45890000000000003
10 0.36338 0.31313 0.34316 0.31313 0.34316 0.33043 0.36338 0.33043 0.36338 0.31313
10 0.45404999999999995 0.439825 0.43463 0.439825 0.43463 0.45519499999999996 0.45404999999999995 0.45519499999999996 0.45404999999999995 0.439825
10 0.306225 0.30369999999999997 0.286055 0.30369999999999997 0.286055 0.32276 0.306225 0.32276 0.306225 0.30369999999999997
10 0.13971 0.19045499999999999 0.11615 0.19045499999999999 0.11615 0.213605 0.13971 0.213605 0.13971 0.19045499999999999
10 0.194525 0.30962 0.166315 0.30962 0.166315 0.33736 0.194525 0.33736 0.194525 0.30962
10 0.300145 0.5762050000000001 0.275055 0.5762050000000001 0.275055 0.597615 0.300145 0.597615 0.300145 0.5762050000000001
10 0.253695 0.449235 0.221165 0.449235 0.221165 0.470205 0.253695 0.470205 0.253695 0.449235
10 0.06522 0.202535 0.043980000000000005 0.202535 0.043980000000000005 0.221045 0.06522 0.221045 0.06522 0.202535
10 0.050355000000000004 0.360105 0.006744999999999999 0.360105 0.006744999999999999 0.404535 0.050355000000000004 0.404535 0.050355000000000004 0.360105
10 0.61117 0.545445 0.57925 0.545445 0.57925 0.572715 0.61117 0.572715 0.61117 0.545445
10 0.409375 0.61468 0.37870499999999996 0.61468 0.37870499999999996 0.6441 0.409375 0.6441 0.409375 0.61468
10 0.08691499999999999 0.6161800000000001 0.022705 0.6161800000000001 0.022705 0.6553 0.08691499999999999 0.6553 0.08691499999999999 0.6161800000000001
10 0.20935 0.65236 0.18933 0.65236 0.18933 0.66796 0.20935 0.66796 0.20935 0.65236
10 0.36716000000000004 0.47711 0.34914 0.47711 0.34914 0.5043300000000001 0.36716000000000004 0.5043300000000001 0.36716000000000004 0.47711
10 0.5482199999999999 0.46969500000000003 0.45763999999999994 0.46969500000000003 0.45763999999999994 0.551785 0.5482199999999999 0.551785 0.5482199999999999 0.46969500000000003
10 0.57878 0.59261 0.5345 0.59261 0.5345 0.60953 0.57878 0.60953 0.57878 0.59261
10 0.59053 0.330105 0.54619 0.330105 0.54619 0.360315 0.59053 0.360315 0.59053 0.330105
10 0.033455 0.635015 0.005765 0.635015 0.005765 0.653065 0.033455 0.653065 0.033455 0.635015
10 0.71671 0.38628999999999997 0.68369 0.38628999999999997 0.68369 0.40571 0.71671 0.40571 0.71671 0.38628999999999997
9 0 0.65 0.005 0.659 0.08299999999999999 0.666 0.16999999999999998 0.665 0.22400000000000003 0.659 0.23399999999999999 0.653 0.259 0.65 0.35 0.648 0.413 0.639 0.659 0.5820000000000001 0.741 0.553 0.807 0.521 0.818 0.519 0.843 0.502 0.874 0.49400000000000005 0.8779999999999999 0.49800000000000005 0.925 0.495 0.9410000000000001 0.48600000000000004 0.925 0.47400000000000003 0.8960000000000001 0.47400000000000003 0.866 0.46799999999999997 0.6809999999999999 0.387 0.584 0.353 0.516 0.31 0.449 0.27799999999999997 0.313 0.22999999999999998 0.157 0.184 0.005 0.16699999999999998 0 0.16699999999999998 0 0.65