10 0.733085 0.31374 0.7021550000000001 0.31374 0.7021550000000001 0.35398 0.733085 0.35398 0.733085 0.31374
10 0.209225 0.34704999999999997 0.181635 0.34704999999999997 0.181635 0.37267 0.209225 0.37267 0.209225 0.34704999999999997
10 0.44589 0.26669 0.41983 0.26669 0.41983 0.29777 0.44589 0.29777 0.44589 0.26669
10 0.5580350000000001 0.417445 0.537665 0.417445 0.537665 0.445355 0.5580350000000001 0.445355 0.5580350000000001 0.417445
10 0.536925 0.282275 0.512875 0.282275 0.512875 0.304645 0.536925 0.304645 0.536925 0.282275
10 0.39924499999999996 0.41020500000000004 0.372235 0.41020500000000004 0.372235 0.43257500000000004 0.39924499999999996 0.43257500000000004 0.39924499999999996 0.41020500000000004
10 0.110065 0.5063500000000001 0.089895 0.5063500000000001 0.089895 0.52881 0.110065 0.52881 0.110065 0.5063500000000001
10 0.649475 0.32612 0.616145 0.32612 0.616145 0.35308 0.649475 0.35308 0.649475 0.32612
10 0.41684 0.30338 0.38882 0.30338 0.38882 0.33382 0.41684 0.33382 0.41684 0.30338
10 0.37391 0.386255 0.35119 0.386255 0.35119 0.414525 0.37391 0.414525 0.37391 0.386255
10 0.11646000000000001 0.35885 0.08812 0.35885 0.08812 0.38139 0.11646000000000001 0.38139 0.11646000000000001 0.35885
10 0.374125 0.43754 0.349515 0.43754 0.349515 0.46188 0.374125 0.46188 0.374125 0.43754
10 0.11156999999999999 0.43468 0.07250999999999999 0.43468 0.07250999999999999 0.45838 0.11156999999999999 0.45838 0.11156999999999999 0.43468
10 0.7682599999999999 0.365145 0.74052 0.365145 0.74052 0.387775 0.7682599999999999 0.387775 0.7682599999999999 0.365145
10 0.81653 0.417685 0.7918700000000001 0.417685 0.7918700000000001 0.44705500000000004 0.81653 0.44705500000000004 0.81653 0.417685
10 0.98856 0.30474999999999997 0.9557800000000001 0.30474999999999997 0.9557800000000001 0.35687 0.98856 0.35687 0.98856 0.30474999999999997
10 0.620275 0.55131 0.594565 0.55131 0.594565 0.57173 0.620275 0.57173 0.620275 0.55131
10 0.361325 0.634595 0.348155 0.634595 0.348155 0.648605 0.361325 0.648605 0.361325 0.634595
10 0.8936299999999999 0.5106550000000001 0.87591 0.5106550000000001 0.87591 0.531345 0.8936299999999999 0.531345 0.8936299999999999 0.5106550000000001
10 0.05016 0.38633 0.0235 0.38633 0.0235 0.40957 0.05016 0.40957 0.05016 0.38633
10 0.14118999999999998 0.5581750000000001 0.12589 0.5581750000000001 0.12589 0.571705 0.14118999999999998 0.571705 0.14118999999999998 0.5581750000000001
10 0.779165 0.6800900000000001 0.758915 0.6800900000000001 0.758915 0.69881 0.779165 0.69881 0.779165 0.6800900000000001
10 0.27366999999999997 0.5663050000000001 0.24001 0.5663050000000001 0.24001 0.5909150000000001 0.27366999999999997 0.5909150000000001 0.27366999999999997 0.5663050000000001
10 0.42224500000000004 0.33266 0.40539500000000006 0.33266 0.40539500000000006 0.34996 0.42224500000000004 0.34996 0.42224500000000004 0.33266
10 0.950855 0.41427500000000006 0.9368449999999999 0.41427500000000006 0.9368449999999999 0.428505 0.950855 0.428505 0.950855 0.41427500000000006
10 0.156965 0.25444 0.137955 0.25444 0.137955 0.27486 0.156965 0.27486 0.156965 0.25444
10 0.950645 0.66152 0.934115 0.66152 0.934115 0.6793 0.950645 0.6793 0.950645 0.66152
10 0.649505 0.579115 0.6356550000000001 0.579115 0.6356550000000001 0.591785 0.649505 0.591785 0.649505 0.579115
10 0.552165 0.53268 0.539635 0.53268 0.539635 0.5435 0.552165 0.5435 0.552165 0.53268
10 0.373415 0.739365 0.33752499999999996 0.739365 0.33752499999999996 0.767475 0.373415 0.767475 0.373415 0.739365
10 0.744445 0.556475 0.729195 0.556475 0.729195 0.570485 0.744445 0.570485 0.744445 0.556475
10 0.492185 0.612865 0.47559500000000005 0.612865 0.47559500000000005 0.628355 0.492185 0.628355 0.492185 0.612865
10 0.9813050000000001 0.462925 0.9600949999999999 0.462925 0.9600949999999999 0.488255 0.9813050000000001 0.488255 0.9813050000000001 0.462925
10 0.22336999999999999 0.641705 0.20607000000000003 0.641705 0.20607000000000003 0.656155 0.22336999999999999 0.656155 0.22336999999999999 0.641705
10 0.86585 0.605725 0.84411 0.605725 0.84411 0.625715 0.86585 0.625715 0.86585 0.605725
10 0.84627 0.40675 0.83049 0.40675 0.83049 0.42137 0.84627 0.42137 0.84627 0.40675
10 0.237995 0.602355 0.227345 0.602355 0.227345 0.615425 0.237995 0.615425 0.237995 0.602355
10 0.11257500000000001 0.6548849999999999 0.096045 0.6548849999999999 0.096045 0.670315 0.11257500000000001 0.670315 0.11257500000000001 0.6548849999999999
10 0.75984 0.65423 0.7440599999999999 0.65423 0.7440599999999999 0.67195 0.75984 0.67195 0.75984 0.65423
10 0.3325 0.7143200000000001 0.31448 0.7143200000000001 0.31448 0.73196 0.3325 0.73196 0.3325 0.7143200000000001
10 0.7333000000000001 0.69512 0.7169 0.69512 0.7169 0.70722 0.7333000000000001 0.70722 0.7333000000000001 0.69512
10 0.16734500000000002 0.55518 0.127095 0.55518 0.127095 0.58056 0.16734500000000002 0.58056 0.16734500000000002 0.55518
10 0.513425 0.61078 0.472895 0.61078 0.472895 0.63434 0.513425 0.63434 0.513425 0.61078
10 0.39258000000000004 0.35867 0.37206 0.35867 0.37206 0.37765 0.39258000000000004 0.37765 0.39258000000000004 0.35867
10 0.6209399999999999 0.24352999999999997 0.58902 0.24352999999999997 0.58902 0.27307000000000003 0.6209399999999999 0.27307000000000003 0.6209399999999999 0.24352999999999997
10 0.5320400000000001 0.5742 0.51582 0.5742 0.51582 0.58498 0.5320400000000001 0.58498 0.5320400000000001 0.5742
10 0.6719999999999999 0.639125 0.6571 0.639125 0.6571 0.651895 0.6719999999999999 0.651895 0.6719999999999999 0.639125
10 0.42211 0.65971 0.40651000000000004 0.65971 0.40651000000000004 0.67525 0.42211 0.67525 0.42211 0.65971
10 0.9173349999999999 0.6587500000000001 0.9068849999999999 0.6587500000000001 0.9068849999999999 0.66839 0.9173349999999999 0.66839 0.9173349999999999 0.6587500000000001
10 0.17299 0.32884 0.16221000000000002 0.32884 0.16221000000000002 0.33962 0.17299 0.33962 0.17299 0.32884
10 0.44111 0.392725 0.41485000000000005 0.392725 0.41485000000000005 0.41781499999999994 0.44111 0.41781499999999994 0.44111 0.392725
10 0.8863049999999999 0.67485 0.865655 0.67485 0.865655 0.69527 0.8863049999999999 0.69527 0.8863049999999999 0.67485
10 0.051144999999999996 0.501105 0.036754999999999996 0.501105 0.036754999999999996 0.516475 0.051144999999999996 0.516475 0.051144999999999996 0.501105
9 0 0.7030000000000001 0.006 0.7070000000000001 0.119 0.717 0.158 0.729 0.16399999999999998 0.734 0.22400000000000003 0.75 0.32999999999999996 0.764 0.409 0.768 0.6 0.756 0.688 0.733 0.769 0.725 0.8109999999999999 0.7230000000000001 0.892 0.734 0.9 0.73 0.9269999999999999 0.731 0.9560000000000001 0.726 0.999 0.7110000000000001 0.999 0.274 0.9720000000000001 0.265 0.89 0.24900000000000003 0.734 0.22799999999999998 0.43200000000000005 0.21800000000000003 0.302 0.205 0.087 0.209 0.051000000000000004 0.219 0.003 0.22400000000000003 0 0.225 0 0.7030000000000001