10 0.190655 0.6164 0.072405 0.6164 0.072405 0.70306 0.190655 0.70306 0.190655 0.6164
10 0.24413999999999997 0.6348900000000001 0.07202 0.6348900000000001 0.07202 0.75183 0.24413999999999997 0.75183 0.24413999999999997 0.6348900000000001
10 0.13033999999999998 0.6578 0.04446 0.6578 0.04446 0.7259800000000001 0.13033999999999998 0.7259800000000001 0.13033999999999998 0.6578
10 0.228715 0.507705 0.185345 0.507705 0.185345 0.547955 0.228715 0.547955 0.228715 0.507705
10 0.12642 0.63835 0.09258 0.63835 0.09258 0.67317 0.12642 0.67317 0.12642 0.63835
10 0.12692 0.19244 0.030059999999999996 0.19244 0.030059999999999996 0.26532 0.12692 0.26532 0.12692 0.19244
10 0.140015 0.21648499999999998 0.000005 0.21648499999999998 0.000005 0.411435 0.140015 0.411435 0.140015 0.21648499999999998
10 0.040955000000000005 0.57126 0.005345 0.57126 0.005345 0.5957399999999999 0.040955000000000005 0.5957399999999999 0.040955000000000005 0.57126
10 0.5813699999999999 0.495115 0.54655 0.495115 0.54655 0.5322250000000001 0.5813699999999999 0.5322250000000001 0.5813699999999999 0.495115
10 0.31196999999999997 0.257205 0.25737 0.257205 0.25737 0.30383499999999997 0.31196999999999997 0.30383499999999997 0.31196999999999997 0.257205
10 0.6938799999999999 0.306555 0.6694 0.306555 0.6694 0.32820499999999997 0.6938799999999999 0.32820499999999997 0.6938799999999999 0.306555
10 0.42071 0.71088 0.23065000000000002 0.71088 0.23065000000000002 0.7901 0.42071 0.7901 0.42071 0.71088
10 0.6848449999999999 0.467985 0.6100749999999999 0.467985 0.6100749999999999 0.5359149999999999 0.6848449999999999 0.5359149999999999 0.6848449999999999 0.467985
10 0.306635 0.666525 0.293465 0.666525 0.293465 0.680155 0.306635 0.680155 0.306635 0.666525
10 0.06970499999999999 0.21705000000000002 0.037475 0.21705000000000002 0.037475 0.24609 0.06970499999999999 0.24609 0.06970499999999999 0.21705000000000002
10 0.11047 0.496615 0.00995 0.496615 0.00995 0.5951850000000001 0.11047 0.5951850000000001 0.11047 0.496615
10 0.43854 0.615475 0.35346 0.615475 0.35346 0.699945 0.43854 0.699945 0.43854 0.615475
10 0.58019 0.66201 0.56629 0.66201 0.56629 0.67393 0.58019 0.67393 0.58019 0.66201
10 0.74373 0.6744 0.73283 0.6744 0.73283 0.6839999999999999 0.74373 0.6839999999999999 0.74373 0.6744
10 0.551725 0.31650999999999996 0.530315 0.31650999999999996 0.530315 0.34121 0.551725 0.34121 0.551725 0.31650999999999996
10 0.024985 0.251245 0.004815 0.251245 0.004815 0.269755 0.024985 0.269755 0.024985 0.251245
10 0.04981 0.358995 0.029470000000000003 0.358995 0.029470000000000003 0.376845 0.04981 0.376845 0.04981 0.358995
10 0.52298 0.7466999999999999 0.51316 0.7466999999999999 0.51316 0.75622 0.52298 0.75622 0.52298 0.7466999999999999
10 0.369835 0.70204 0.351845 0.70204 0.351845 0.71788 0.369835 0.71788 0.369835 0.70204
10 0.19293 0.364285 0.03497 0.364285 0.03497 0.46969500000000003 0.19293 0.46969500000000003 0.19293 0.364285
10 0.29591 0.43766499999999997 0.28661 0.43766499999999997 0.28661 0.447595 0.29591 0.447595 0.29591 0.43766499999999997
10 0.375875 0.197295 0.346285 0.197295 0.346285 0.22750499999999999 0.375875 0.22750499999999999 0.375875 0.197295
10 0.031915 0.187835 0.0036450000000000002 0.187835 0.0036450000000000002 0.20986500000000002 0.031915 0.20986500000000002 0.031915 0.187835
10 0.759915 0.40062499999999995 0.716645 0.40062499999999995 0.716645 0.42993499999999996 0.759915 0.42993499999999996 0.759915 0.40062499999999995
10 0.18337 0.6303 0.16747 0.6303 0.16747 0.64802 0.18337 0.64802 0.18337 0.6303
10 0.05741 0.45685000000000003 0.04251 0.45685000000000003 0.04251 0.46649 0.05741 0.46649 0.05741 0.45685000000000003
10 0.6640900000000001 0.266255 0.65427 0.266255 0.65427 0.276705 0.6640900000000001 0.276705 0.6640900000000001 0.266255
10 0.86137 0.53038 0.8534700000000001 0.53038 0.8534700000000001 0.53994 0.86137 0.53994 0.86137 0.53038
10 0.868285 0.30862500000000004 0.840695 0.30862500000000004 0.840695 0.333955 0.868285 0.333955 0.868285 0.30862500000000004
10 0.484225 0.392475 0.464515 0.392475 0.464515 0.41124499999999997 0.484225 0.41124499999999997 0.484225 0.392475
10 0.5469350000000001 0.67302 0.497985 0.67302 0.497985 0.71956 0.5469350000000001 0.71956 0.5469350000000001 0.67302
10 0.49776999999999993 0.18867499999999998 0.48464999999999997 0.18867499999999998 0.48464999999999997 0.200005 0.49776999999999993 0.200005 0.49776999999999993 0.18867499999999998
10 0.65035 0.680555 0.59575 0.680555 0.59575 0.727645 0.65035 0.727645 0.65035 0.680555
9 0 0.742 0.047 0.757 0.179 0.7809999999999999 0.33399999999999996 0.794 0.461 0.79 0.632 0.757 0.724 0.721 0.771 0.692 0.8119999999999999 0.658 0.8460000000000001 0.619 0.898 0.549 0.9490000000000001 0.44699999999999995 0.999 0.40700000000000003 0.999 0.381 0.9869999999999999 0.379 0.9490000000000001 0.357 0.906 0.29700000000000004 0.8779999999999999 0.273 0.8029999999999999 0.233 0.771 0.22000000000000003 0.678 0.195 0.54 0.181 0.454 0.178 0.41200000000000003 0.17099999999999999 0.3 0.16699999999999998 0.184 0.16999999999999998 0.15 0.177 0.003 0.187 0 0.188 0 0.742