10 0.57456 0.36528 0.55114 0.36528 0.55114 0.3887 0.57456 0.3887 0.57456 0.36528
10 0.41369999999999996 0.363505 0.3944 0.363505 0.3944 0.376235 0.41369999999999996 0.376235 0.41369999999999996 0.363505
10 0.28907 0.37462 0.26073 0.37462 0.26073 0.39052 0.28907 0.39052 0.28907 0.37462
10 0.84856 0.388405 0.83112 0.388405 0.83112 0.398695 0.84856 0.398695 0.84856 0.388405
10 0.49779 0.499375 0.48317 0.499375 0.48317 0.512345 0.49779 0.512345 0.49779 0.499375
10 0.16191 0.50395 0.14131 0.50395 0.14131 0.51949 0.16191 0.51949 0.16191 0.50395
10 0.43633 0.348245 0.41817000000000004 0.348245 0.41817000000000004 0.363675 0.43633 0.363675 0.43633 0.348245
10 0.72157 0.342075 0.70323 0.342075 0.70323 0.354705 0.72157 0.354705 0.72157 0.342075
10 0.713 0.36427 0.70008 0.36427 0.70008 0.37547 0.713 0.37547 0.713 0.36427
10 0.2524 0.541005 0.23662 0.541005 0.23662 0.5546949999999999 0.2524 0.5546949999999999 0.2524 0.541005
10 0.8031900000000001 0.364465 0.78567 0.364465 0.78567 0.377235 0.8031900000000001 0.377235 0.8031900000000001 0.364465
10 0.37495500000000004 0.4687 0.361365 0.4687 0.361365 0.48441999999999996 0.37495500000000004 0.48441999999999996 0.37495500000000004 0.4687
10 0.408165 0.33542 0.378455 0.33542 0.378455 0.35404 0.408165 0.35404 0.408165 0.33542
10 0.160595 0.398455 0.14580500000000002 0.398455 0.14580500000000002 0.411125 0.160595 0.411125 0.160595 0.398455
10 0.2925 0.47819 0.27928000000000003 0.47819 0.27928000000000003 0.48909 0.2925 0.48909 0.2925 0.47819
10 0.430075 0.5303950000000001 0.418065 0.5303950000000001 0.418065 0.541865 0.430075 0.541865 0.430075 0.5303950000000001
10 0.1603 0.490705 0.14708000000000002 0.490705 0.14708000000000002 0.500995 0.1603 0.500995 0.1603 0.490705
10 0.5825 0.515915 0.563 0.515915 0.563 0.5260849999999999 0.5825 0.5260849999999999 0.5825 0.515915
10 0.66187 0.48409500000000005 0.64281 0.48409500000000005 0.64281 0.49882499999999996 0.66187 0.49882499999999996 0.66187 0.48409500000000005
10 0.95959 0.551265 0.9456899999999999 0.551265 0.9456899999999999 0.564955 0.95959 0.564955 0.95959 0.551265
10 0.705525 0.421245 0.691935 0.421245 0.691935 0.431775 0.705525 0.431775 0.705525 0.421245
10 0.559045 0.46885000000000004 0.5425150000000001 0.46885000000000004 0.5425150000000001 0.48233 0.559045 0.48233 0.559045 0.46885000000000004
10 0.47076 0.358345 0.45111999999999997 0.358345 0.45111999999999997 0.373595 0.47076 0.373595 0.47076 0.358345
10 0.459135 0.585095 0.443705 0.585095 0.443705 0.597525 0.459135 0.597525 0.459135 0.585095
10 0.23869500000000002 0.51133 0.220045 0.51133 0.220045 0.53457 0.23869500000000002 0.53457 0.23869500000000002 0.51133
10 0.53865 0.5783750000000001 0.52287 0.5783750000000001 0.52287 0.5935050000000001 0.53865 0.5935050000000001 0.53865 0.5783750000000001
10 0.727895 0.40442999999999996 0.715465 0.40442999999999996 0.715465 0.41345 0.727895 0.41345 0.727895 0.40442999999999996
10 0.336065 0.34575999999999996 0.322635 0.34575999999999996 0.322635 0.35688 0.336065 0.35688 0.336065 0.34575999999999996
10 0.5505 0.45141 0.5393399999999999 0.45141 0.5393399999999999 0.46119000000000004 0.5505 0.46119000000000004 0.5505 0.45141
10 0.585275 0.329415 0.5631649999999999 0.329415 0.5631649999999999 0.344905 0.585275 0.344905 0.585275 0.329415
10 0.45576 0.488065 0.4417 0.488065 0.4417 0.502175 0.45576 0.502175 0.45576 0.488065
10 0.36269999999999997 0.40193 0.31894 0.40193 0.31894 0.42521000000000003 0.36269999999999997 0.42521000000000003 0.36269999999999997 0.40193
10 0.697895 0.54542 0.6858850000000001 0.54542 0.6858850000000001 0.55516 0.697895 0.55516 0.697895 0.54542
10 0.9020250000000001 0.50046 0.888015 0.50046 0.888015 0.51224 0.9020250000000001 0.51224 0.9020250000000001 0.50046
10 0.8741099999999999 0.44825499999999996 0.8573299999999999 0.44825499999999996 0.8573299999999999 0.46092500000000003 0.8741099999999999 0.46092500000000003 0.8741099999999999 0.44825499999999996
10 0.17122500000000002 0.54481 0.154695 0.54481 0.154695 0.55871 0.17122500000000002 0.55871 0.17122500000000002 0.54481
10 0.911685 0.43528500000000003 0.898855 0.43528500000000003 0.898855 0.445575 0.911685 0.445575 0.911685 0.43528500000000003
10 0.6265 0.45904 0.6147199999999999 0.45904 0.6147199999999999 0.47016 0.6265 0.47016 0.6265 0.45904
10 0.48360000000000003 0.59316 0.46806000000000003 0.59316 0.46806000000000003 0.60508 0.48360000000000003 0.60508 0.48360000000000003 0.59316
10 0.679555 0.535855 0.665165 0.535855 0.665165 0.547145 0.679555 0.547145 0.679555 0.535855
10 0.704675 0.5139549999999999 0.690825 0.5139549999999999 0.690825 0.524125 0.704675 0.524125 0.704675 0.5139549999999999
10 0.19147 0.405825 0.17719000000000001 0.405825 0.17719000000000001 0.418395 0.19147 0.418395 0.19147 0.405825
10 0.11089500000000001 0.41003999999999996 0.095885 0.41003999999999996 0.095885 0.422 0.11089500000000001 0.422 0.11089500000000001 0.41003999999999996
10 0.493555 0.61861 0.47860500000000006 0.61861 0.47860500000000006 0.62847 0.493555 0.62847 0.493555 0.61861
10 0.9509700000000001 0.462955 0.9328099999999999 0.462955 0.9328099999999999 0.47552500000000003 0.9509700000000001 0.47552500000000003 0.9509700000000001 0.462955
10 0.5210899999999999 0.409415 0.50625 0.409415 0.50625 0.42310499999999995 0.5210899999999999 0.42310499999999995 0.5210899999999999 0.409415
10 0.7956000000000001 0.490885 0.7835 0.490885 0.7835 0.501295 0.7956000000000001 0.501295 0.7956000000000001 0.490885
10 0.10353000000000001 0.41791 0.07957 0.41791 0.07957 0.43219 0.10353000000000001 0.43219 0.10353000000000001 0.41791
10 0.76471 0.517585 0.75385 0.517585 0.75385 0.528315 0.76471 0.528315 0.76471 0.517585
10 0.586285 0.46066 0.577775 0.46066 0.577775 0.47000000000000003 0.586285 0.47000000000000003 0.586285 0.46066
10 0.31178 0.484835 0.30247999999999997 0.484835 0.30247999999999997 0.493685 0.31178 0.493685 0.31178 0.484835
10 0.32273 0.598635 0.30471 0.598635 0.30471 0.609365 0.32273 0.609365 0.32273 0.598635
10 0.78953 0.39451 0.78079 0.39451 0.78079 0.40138999999999997 0.78953 0.40138999999999997 0.78953 0.39451
10 0.85361 0.452175 0.83877 0.452175 0.83877 0.462385 0.85361 0.462385 0.85361 0.452175
10 0.649715 0.43233 0.6393449999999999 0.43233 0.6393449999999999 0.44071 0.649715 0.44071 0.649715 0.43233
9 0 0.45499999999999996 0.017 0.46299999999999997 0.051000000000000004 0.49400000000000005 0.177 0.568 0.262 0.601 0.41600000000000004 0.629 0.564 0.626 0.599 0.619 0.624 0.607 0.645 0.604 0.661 0.605 0.729 0.624 0.79 0.628 0.85 0.618 0.859 0.611 0.8560000000000001 0.595 0.874 0.595 0.876 0.603 0.924 0.621 0.975 0.623 0.999 0.62 0.999 0.352 0.9880000000000001 0.34900000000000003 0.9189999999999999 0.351 0.9109999999999999 0.356 0.8949999999999999 0.356 0.734 0.32799999999999996 0.666 0.301 0.635 0.29500000000000004 0.583 0.29300000000000004 0.544 0.29900000000000004 0.504 0.3 0.43499999999999994 0.292 0.398 0.292 0.321 0.307 0.22400000000000003 0.319 0.155 0.344 0.067 0.392 0.02 0.43 0 0.44000000000000006 0 0.45499999999999996