10 0.5532250000000001 0.267395 0.521435 0.267395 0.521435 0.30584500000000003 0.5532250000000001 0.30584500000000003 0.5532250000000001 0.267395
10 0.049535 0.43985 0.029745 0.43985 0.029745 0.45663 0.049535 0.45663 0.049535 0.43985
10 0.71763 0.373455 0.70033 0.373455 0.70033 0.391685 0.71763 0.391685 0.71763 0.373455
10 0.7820400000000001 0.331105 0.75996 0.331105 0.75996 0.354435 0.7820400000000001 0.354435 0.7820400000000001 0.331105
10 0.687805 0.352605 0.668635 0.352605 0.668635 0.368095 0.687805 0.368095 0.687805 0.352605
10 0.45049 0.53987 0.43477 0.53987 0.43477 0.55583 0.45049 0.55583 0.45049 0.53987
10 0.546835 0.39011 0.530305 0.39011 0.530305 0.40627 0.546835 0.40627 0.546835 0.39011
10 0.5841149999999999 0.62291 0.564325 0.62291 0.564325 0.63881 0.5841149999999999 0.63881 0.5841149999999999 0.62291
10 0.58343 0.38256999999999997 0.55915 0.38256999999999997 0.55915 0.40503 0.58343 0.40503 0.58343 0.38256999999999997
10 0.620355 0.2453 0.596445 0.2453 0.596445 0.26886 0.620355 0.26886 0.620355 0.2453
10 0.09182 0.435115 0.07566 0.435115 0.07566 0.44818499999999994 0.09182 0.44818499999999994 0.09182 0.435115
10 0.595175 0.28671 0.5737650000000001 0.28671 0.5737650000000001 0.30363 0.595175 0.30363 0.595175 0.28671
10 0.384205 0.26536 0.370195 0.26536 0.370195 0.27614 0.384205 0.27614 0.384205 0.26536
10 0.750135 0.31583 0.737165 0.31583 0.737165 0.33260999999999996 0.750135 0.33260999999999996 0.750135 0.31583
10 0.193225 0.552985 0.172255 0.552985 0.172255 0.566155 0.193225 0.566155 0.193225 0.552985
10 0.60554 0.22246000000000002 0.58782 0.22246000000000002 0.58782 0.23824 0.60554 0.23824 0.60554 0.22246000000000002
10 0.85545 0.39505 0.8310700000000001 0.39505 0.8310700000000001 0.41843 0.85545 0.41843 0.85545 0.39505
10 0.185995 0.305555 0.163365 0.305555 0.163365 0.326765 0.185995 0.326765 0.185995 0.305555
10 0.9501350000000001 0.38936000000000004 0.931705 0.38936000000000004 0.931705 0.40508 0.9501350000000001 0.40508 0.9501350000000001 0.38936000000000004
10 0.371475 0.290035 0.35850499999999996 0.290035 0.35850499999999996 0.30372499999999997 0.371475 0.30372499999999997 0.371475 0.290035
10 0.475835 0.6190800000000001 0.453845 0.6190800000000001 0.453845 0.6357999999999999 0.475835 0.6357999999999999 0.475835 0.6190800000000001
10 0.57162 0.41018999999999994 0.5455599999999999 0.41018999999999994 0.5455599999999999 0.42916999999999994 0.57162 0.42916999999999994 0.57162 0.41018999999999994
10 0.7518849999999999 0.292275 0.736395 0.292275 0.736395 0.310265 0.7518849999999999 0.310265 0.7518849999999999 0.292275
10 0.86617 0.443565 0.85063 0.443565 0.85063 0.458295 0.86617 0.458295 0.86617 0.443565
10 0.19456 0.35327000000000003 0.17506 0.35327000000000003 0.17506 0.37329 0.19456 0.37329 0.19456 0.35327000000000003
10 0.25786 0.377915 0.2414 0.377915 0.2414 0.390645 0.25786 0.390645 0.25786 0.377915
10 0.66989 0.63412 0.65237 0.63412 0.65237 0.65104 0.66989 0.65104 0.66989 0.63412
10 0.93449 0.414125 0.8994899999999999 0.414125 0.8994899999999999 0.44671500000000003 0.93449 0.44671500000000003 0.93449 0.414125
10 0.490835 0.36941 0.47546499999999997 0.36941 0.47546499999999997 0.38743 0.490835 0.38743 0.490835 0.36941
10 0.999995 0.451455 0.9929650000000001 0.451455 0.9929650000000001 0.469445 0.999995 0.469445 0.999995 0.451455
10 0.951865 0.47255 0.9338749999999999 0.47255 0.9338749999999999 0.48985 0.951865 0.48985 0.951865 0.47255
10 0.181915 0.47481999999999996 0.167685 0.47481999999999996 0.167685 0.4866 0.181915 0.4866 0.181915 0.47481999999999996
10 0.882075 0.46635 0.859145 0.46635 0.859145 0.48677000000000004 0.882075 0.48677000000000004 0.882075 0.46635
10 0.568285 0.656345 0.554755 0.656345 0.554755 0.670795 0.568285 0.670795 0.568285 0.656345
10 0.085085 0.529015 0.06689500000000001 0.529015 0.06689500000000001 0.541305 0.085085 0.541305 0.085085 0.529015
10 0.073825 0.546235 0.055694999999999995 0.546235 0.055694999999999995 0.5611849999999999 0.073825 0.5611849999999999 0.073825 0.546235
10 0.16588 0.48538500000000007 0.14954 0.48538500000000007 0.14954 0.49753499999999995 0.16588 0.49753499999999995 0.16588 0.48538500000000007
10 0.31013999999999997 0.50804 0.29436 0.50804 0.29436 0.5212600000000001 0.31013999999999997 0.5212600000000001 0.31013999999999997 0.50804
10 0.38595 0.500745 0.37283 0.500745 0.37283 0.5129349999999999 0.38595 0.5129349999999999 0.38595 0.500745
10 0.20371 0.464945 0.19179 0.464945 0.19179 0.47695499999999996 0.20371 0.47695499999999996 0.20371 0.464945
10 0.317245 0.60161 0.296035 0.60161 0.296035 0.61617 0.317245 0.61617 0.317245 0.60161
10 0.60017 0.23917000000000002 0.58049 0.23917000000000002 0.58049 0.25545 0.60017 0.25545 0.60017 0.23917000000000002
10 0.93509 0.46039 0.92527 0.46039 0.92527 0.47125000000000006 0.93509 0.47125000000000006 0.93509 0.46039
10 0.247885 0.2212 0.234295 0.2212 0.234295 0.23094 0.247885 0.23094 0.247885 0.2212
10 0.65486 0.60195 0.63908 0.60195 0.63908 0.61387 0.65486 0.61387 0.65486 0.60195
10 0.596695 0.309775 0.583965 0.309775 0.583965 0.32254499999999997 0.596695 0.32254499999999997 0.596695 0.309775
10 0.24861499999999997 0.588495 0.230385 0.588495 0.230385 0.601925 0.24861499999999997 0.601925 0.24861499999999997 0.588495
10 0.546765 0.41357 0.522575 0.41357 0.522575 0.43262999999999996 0.546765 0.43262999999999996 0.546765 0.41357
10 0.67616 0.42344499999999996 0.66368 0.42344499999999996 0.66368 0.43641500000000005 0.67616 0.43641500000000005 0.67616 0.42344499999999996
10 0.36233499999999996 0.40743 0.348105 0.40743 0.348105 0.41825 0.36233499999999996 0.41825 0.36233499999999996 0.40743
10 0.784655 0.45602 0.771985 0.45602 0.771985 0.46536 0.784655 0.46536 0.784655 0.45602
10 0.019825000000000002 0.32130000000000003 0.0050349999999999995 0.32130000000000003 0.0050349999999999995 0.33104 0.019825000000000002 0.33104 0.019825000000000002 0.32130000000000003
10 0.831475 0.48341 0.8179449999999999 0.48341 0.8179449999999999 0.49461000000000005 0.831475 0.49461000000000005 0.831475 0.48341
10 0.48954000000000003 0.6404 0.4758 0.6404 0.4758 0.6516 0.48954000000000003 0.6516 0.48954000000000003 0.6404
10 0.8172050000000001 0.489715 0.795095 0.489715 0.795095 0.5039450000000001 0.8172050000000001 0.5039450000000001 0.8172050000000001 0.489715
10 0.08317 0.369595 0.07247 0.369595 0.07247 0.37844500000000003 0.08317 0.37844500000000003 0.08317 0.369595
10 0.884345 0.332295 0.8715149999999999 0.332295 0.8715149999999999 0.342505 0.884345 0.342505 0.884345 0.332295
10 0.31799499999999997 0.62111 0.301145 0.62111 0.301145 0.63573 0.31799499999999997 0.63573 0.31799499999999997 0.62111
10 0.847345 0.314945 0.819655 0.314945 0.819655 0.33447499999999997 0.847345 0.33447499999999997 0.847345 0.314945
10 0.751895 0.40613 0.743225 0.40613 0.743225 0.41515 0.751895 0.41515 0.751895 0.40613
10 0.8572900000000001 0.606355 0.82825 0.606355 0.82825 0.629965 0.8572900000000001 0.629965 0.8572900000000001 0.606355
10 0.6842050000000001 0.575645 0.6673549999999999 0.575645 0.6673549999999999 0.588415 0.6842050000000001 0.588415 0.6842050000000001 0.575645
10 0.620285 0.65166 0.602375 0.65166 0.602375 0.66572 0.620285 0.66572 0.620285 0.65166
10 0.566395 0.346885 0.539065 0.346885 0.539065 0.376255 0.566395 0.376255 0.566395 0.346885
10 0.72882 0.250815 0.70868 0.250815 0.70868 0.262365 0.72882 0.262365 0.72882 0.250815
10 0.78774 0.372855 0.7776799999999999 0.372855 0.7776799999999999 0.38592499999999996 0.78774 0.38592499999999996 0.78774 0.372855
10 0.071385 0.55211 0.039035 0.55211 0.039035 0.56801 0.071385 0.56801 0.071385 0.55211
10 0.55113 0.28744000000000003 0.52699 0.28744000000000003 0.52699 0.32388 0.55113 0.32388 0.55113 0.28744000000000003
10 0.103885 0.355745 0.06787499999999999 0.355745 0.06787499999999999 0.378635 0.103885 0.378635 0.103885 0.355745
10 0.9391700000000001 0.56768 0.9182499999999999 0.56768 0.9182499999999999 0.58174 0.9391700000000001 0.58174 0.9391700000000001 0.56768
10 0.6813100000000001 0.427745 0.66829 0.427745 0.66829 0.439435 0.6813100000000001 0.439435 0.6813100000000001 0.427745
10 0.45332 0.429735 0.43876 0.429735 0.43876 0.439405 0.45332 0.439405 0.45332 0.429735
10 0.60539 0.46177 0.59089 0.46177 0.59089 0.47183 0.60539 0.47183 0.60539 0.46177
10 0.23518500000000003 0.39792 0.20109499999999997 0.39792 0.20109499999999997 0.41166 0.23518500000000003 0.41166 0.23518500000000003 0.39792
10 0.797625 0.598205 0.787335 0.598205 0.787335 0.6068749999999999 0.797625 0.6068749999999999 0.797625 0.598205
10 0.917565 0.00239 0.911535 0.00239 0.911535 0.01029 0.917565 0.01029 0.917565 0.00239
9 0 0.563 0.004 0.5650000000000001 0.093 0.567 0.15 0.579 0.196 0.595 0.269 0.637 0.314 0.647 0.46399999999999997 0.655 0.529 0.675 0.5900000000000001 0.6799999999999999 0.638 0.6769999999999999 0.6769999999999999 0.6599999999999999 0.774 0.641 0.8550000000000001 0.636 0.999 0.592 0.999 0.34500000000000003 0.9630000000000001 0.33599999999999997 0.8720000000000001 0.33199999999999996 0.784 0.3 0.753 0.282 0.734 0.265 0.6900000000000001 0.246 0.604 0.221 0.488 0.195 0.45199999999999996 0.191 0.27 0.193 0.236 0.184 0.189 0.181 0.12 0.188 0.017 0.19 0 0.191 0 0.563