10 0.5142800000000001 0.55857 0.48714 0.55857 0.48714 0.59643 0.5142800000000001 0.59643 0.5142800000000001 0.55857
10 0.77857 0.604285 0.73143 0.604285 0.73143 0.637855 0.77857 0.637855 0.77857 0.604285
10 0.71501 0.59187 0.69417 0.59187 0.69417 0.61027 0.71501 0.61027 0.71501 0.59187
10 0.60046 0.63792 0.57142 0.63792 0.57142 0.6609 0.60046 0.6609 0.60046 0.63792
10 0.4053 0.5602699999999999 0.3735 0.5602699999999999 0.3735 0.5930500000000001 0.4053 0.5930500000000001 0.4053 0.5602699999999999
10 0.684925 0.43335999999999997 0.664675 0.43335999999999997 0.664675 0.44896 0.684925 0.44896 0.684925 0.43335999999999997
10 0.29300000000000004 0.53645 0.26022 0.53645 0.26022 0.56707 0.29300000000000004 0.56707 0.29300000000000004 0.53645
10 0.4566 0.619495 0.42964 0.619495 0.42964 0.648085 0.4566 0.648085 0.4566 0.619495
10 0.1971 0.554725 0.18082 0.554725 0.18082 0.5712550000000001 0.1971 0.5712550000000001 0.1971 0.554725
10 0.904655 0.563975 0.890265 0.563975 0.890265 0.575665 0.904655 0.575665 0.904655 0.563975
10 0.372525 0.46866 0.350615 0.46866 0.350615 0.483 0.372525 0.483 0.372525 0.46866
10 0.733685 0.509525 0.721395 0.509525 0.721395 0.518795 0.733685 0.518795 0.733685 0.509525
10 0.6916249999999999 0.479295 0.677515 0.479295 0.677515 0.488485 0.6916249999999999 0.488485 0.6916249999999999 0.479295
10 0.05800999999999999 0.56984 0.041909999999999996 0.56984 0.041909999999999996 0.58544 0.05800999999999999 0.58544 0.05800999999999999 0.56984
10 0.35223 0.62132 0.32501 0.62132 0.32501 0.64528 0.35223 0.64528 0.35223 0.62132
10 0.743265 0.4258 0.718655 0.4258 0.718655 0.44530000000000003 0.743265 0.44530000000000003 0.743265 0.4258
10 0.70119 0.5267000000000001 0.68163 0.5267000000000001 0.68163 0.54362 0.70119 0.54362 0.70119 0.5267000000000001
10 0.421155 0.46609999999999996 0.408425 0.46609999999999996 0.408425 0.47725999999999996 0.421155 0.47725999999999996 0.421155 0.46609999999999996
10 0.426895 0.44891 0.409045 0.44891 0.409045 0.46125 0.426895 0.46125 0.426895 0.44891
10 0.44654999999999995 0.488795 0.43333000000000005 0.488795 0.43333000000000005 0.498025 0.44654999999999995 0.498025 0.44654999999999995 0.488795
10 0.79756 0.45556 0.7708 0.45556 0.7708 0.46974 0.79756 0.46974 0.79756 0.45556
10 1 0.55288 0.99114 0.55288 0.99114 0.58384 1 0.58384 1 0.55288
10 0.76537 0.59629 0.74927 0.59629 0.74927 0.6097699999999999 0.76537 0.6097699999999999 0.76537 0.59629
10 0.141845 0.5267299999999999 0.101315 0.5267299999999999 0.101315 0.56897 0.141845 0.56897 0.141845 0.5267299999999999
10 0.106125 0.452625 0.075395 0.452625 0.075395 0.473635 0.106125 0.473635 0.106125 0.452625
10 0.9705999999999999 0.580955 0.9620200000000001 0.580955 0.9620200000000001 0.5899449999999999 0.9705999999999999 0.5899449999999999 0.9705999999999999 0.580955
10 0.751505 0.374395 0.736775 0.374395 0.736775 0.385865 0.751505 0.385865 0.751505 0.374395
10 0.23685499999999998 0.5921649999999999 0.222125 0.5921649999999999 0.222125 0.6090150000000001 0.23685499999999998 0.6090150000000001 0.23685499999999998 0.5921649999999999
10 0.665695 0.49642 0.647785 0.49642 0.647785 0.51334 0.665695 0.51334 0.665695 0.49642
10 0.5808099999999999 0.352605 0.54321 0.352605 0.54321 0.371515 0.5808099999999999 0.371515 0.5808099999999999 0.352605
10 0.31889500000000004 0.41595000000000004 0.266065 0.41595000000000004 0.266065 0.44878999999999997 0.31889500000000004 0.44878999999999997 0.31889500000000004 0.41595000000000004
10 0.04922 0.42537 0.00552 0.42537 0.00552 0.45206999999999997 0.04922 0.45206999999999997 0.04922 0.42537
10 0.393025 0.5987899999999999 0.373575 0.5987899999999999 0.373575 0.61507 0.393025 0.61507 0.393025 0.5987899999999999
10 0.224275 0.432465 0.161225 0.432465 0.161225 0.47085499999999997 0.224275 0.47085499999999997 0.224275 0.432465
10 0.58701 0.52644 0.5575300000000001 0.52644 0.5575300000000001 0.5487599999999999 0.58701 0.5487599999999999 0.58701 0.52644
10 0.6389 0.530685 0.63064 0.530685 0.63064 0.538655 0.6389 0.538655 0.6389 0.530685
10 0.5698000000000001 0.465125 0.56106 0.465125 0.56106 0.47189500000000006 0.5698000000000001 0.47189500000000006 0.5698000000000001 0.465125
10 0.9452450000000001 0.48644999999999994 0.9346349999999999 0.48644999999999994 0.9346349999999999 0.49840999999999996 0.9452450000000001 0.49840999999999996 0.9452450000000001 0.48644999999999994
10 0.1963 0.60884 0.1804 0.60884 0.1804 0.62456 0.1963 0.62456 0.1963 0.60884
10 0.8114750000000001 0.539135 0.800825 0.539135 0.800825 0.546805 0.8114750000000001 0.546805 0.8114750000000001 0.539135
10 0.8513299999999999 0.368795 0.83909 0.368795 0.83909 0.378765 0.8513299999999999 0.378765 0.8513299999999999 0.368795
10 0.53921 0.4845 0.52915 0.4845 0.52915 0.4906 0.53921 0.4906 0.53921 0.4845
10 0.666185 0.4338 0.654135 0.4338 0.654135 0.44462 0.666185 0.44462 0.666185 0.4338
10 0.41363000000000005 0.559875 0.40425000000000005 0.559875 0.40425000000000005 0.570005 0.41363000000000005 0.570005 0.41363000000000005 0.559875
10 0.65724 0.43905500000000003 0.6494 0.43905500000000003 0.6494 0.44620499999999996 0.65724 0.44620499999999996 0.65724 0.43905500000000003
10 0.30099 0.58995 0.29277000000000003 0.58995 0.29277000000000003 0.59853 0.30099 0.59853 0.30099 0.58995
10 0.5586949999999999 0.5098550000000001 0.548725 0.5098550000000001 0.548725 0.5184650000000001 0.5586949999999999 0.5184650000000001 0.5586949999999999 0.5098550000000001
10 0.45413500000000007 0.602155 0.442845 0.602155 0.442845 0.613665 0.45413500000000007 0.613665 0.45413500000000007 0.602155
10 0.33043 0.491135 0.31751 0.491135 0.31751 0.503005 0.33043 0.503005 0.33043 0.491135
10 1 0.42764499999999994 0.9955399999999999 0.42764499999999994 0.9955399999999999 0.441015 1 0.441015 1 0.42764499999999994
10 0.50966 0.41580500000000004 0.50108 0.41580500000000004 0.50108 0.422575 0.50966 0.422575 0.50966 0.41580500000000004
10 0.183895 0.48707500000000004 0.172065 0.48707500000000004 0.172065 0.494865 0.183895 0.494865 0.183895 0.48707500000000004
10 0.722575 0.36172 0.711025 0.36172 0.711025 0.37120000000000003 0.722575 0.37120000000000003 0.722575 0.36172
10 0.03596 0.521455 0.0269 0.521455 0.0269 0.530305 0.03596 0.530305 0.03596 0.521455
10 0.32982 0.552415 0.31422 0.552415 0.31422 0.562825 0.32982 0.562825 0.32982 0.552415
10 0.284455 0.386305 0.273165 0.386305 0.273165 0.393975 0.284455 0.393975 0.284455 0.386305
10 0.528195 0.354595 0.492305 0.354595 0.492305 0.36660499999999996 0.528195 0.36660499999999996 0.528195 0.354595
10 0.533405 0.590135 0.5261750000000001 0.590135 0.5261750000000001 0.597365 0.533405 0.597365 0.533405 0.590135
10 0.8807499999999999 0.52785 0.87217 0.52785 0.87217 0.53465 0.8807499999999999 0.53465 0.8807499999999999 0.52785
10 0.93611 0.39448 0.9203300000000001 0.39448 0.9203300000000001 0.40386 0.93611 0.40386 0.93611 0.39448
10 0.34977 0.394205 0.34017 0.394205 0.34017 0.40071500000000004 0.34977 0.40071500000000004 0.34977 0.394205
10 0.8814249999999999 0.45074500000000006 0.872475 0.45074500000000006 0.872475 0.457955 0.8814249999999999 0.457955 0.8814249999999999 0.45074500000000006
10 0.330545 0.402265 0.320335 0.402265 0.320335 0.408775 0.330545 0.408775 0.330545 0.402265
10 0.328975 0.46909999999999996 0.318485 0.46909999999999996 0.318485 0.47866 0.328975 0.47866 0.328975 0.46909999999999996
10 0.8143 0.42908 0.80192 0.42908 0.80192 0.43762 0.8143 0.43762 0.8143 0.42908
10 0.483615 0.44857500000000006 0.477325 0.44857500000000006 0.477325 0.45426500000000003 0.483615 0.45426500000000003 0.483615 0.44857500000000006
10 0.56308 0.5269250000000001 0.55508 0.5269250000000001 0.55508 0.534595 0.56308 0.534595 0.56308 0.5269250000000001
10 0.6928799999999999 0.46601 0.68504 0.46601 0.68504 0.47196999999999995 0.6928799999999999 0.47196999999999995 0.6928799999999999 0.46601
10 0.25356 0.5156 0.24498000000000003 0.5156 0.24498000000000003 0.52542 0.25356 0.52542 0.25356 0.5156
10 0.71836 0.44853 0.71036 0.44853 0.71036 0.45625 0.71836 0.45625 0.71836 0.44853
10 0.6385 0.55837 0.6154 0.55837 0.6154 0.57639 0.6385 0.57639 0.6385 0.55837
10 0.9619 0.337745 0.9521599999999999 0.337745 0.9521599999999999 0.346835 0.9619 0.346835 0.9619 0.337745
10 0.9347350000000001 0.46677 0.923665 0.46677 0.923665 0.47611 0.9347350000000001 0.47611 0.9347350000000001 0.46677
10 0.54269 0.60366 0.5354300000000001 0.60366 0.5354300000000001 0.6102000000000001 0.54269 0.6102000000000001 0.54269 0.60366
10 0.446825 0.373665 0.43549499999999997 0.373665 0.43549499999999997 0.38121499999999997 0.446825 0.38121499999999997 0.446825 0.373665
10 0.165225 0.48802 0.156555 0.48802 0.156555 0.4949 0.165225 0.4949 0.165225 0.48802
10 0.36776 0.52348 0.35246 0.52348 0.35246 0.53902 0.36776 0.53902 0.36776 0.52348
10 0.61132 0.52479 0.60158 0.52479 0.60158 0.53185 0.61132 0.53185 0.61132 0.52479
10 0.04729 0.461515 0.02991 0.461515 0.02991 0.47060500000000005 0.04729 0.47060500000000005 0.04729 0.461515
10 0.057905 0.512385 0.050675000000000005 0.512385 0.050675000000000005 0.518875 0.057905 0.518875 0.057905 0.512385
10 0.7235750000000001 0.558725 0.715885 0.558725 0.715885 0.565295 0.7235750000000001 0.565295 0.7235750000000001 0.558725
10 0.42676499999999995 0.52964 0.41991500000000004 0.52964 0.41991500000000004 0.53676 0.42676499999999995 0.53676 0.42676499999999995 0.52964
10 0.71168 0.6297699999999999 0.70238 0.6297699999999999 0.70238 0.63879 0.71168 0.63879 0.71168 0.6297699999999999
10 0.5136999999999999 0.5124850000000001 0.5067999999999999 0.5124850000000001 0.5067999999999999 0.518775 0.5136999999999999 0.518775 0.5136999999999999 0.5124850000000001
10 0.863005 0.5277700000000001 0.856715 0.5277700000000001 0.856715 0.5337500000000001 0.863005 0.5337500000000001 0.863005 0.5277700000000001
10 0.734075 0.48960499999999996 0.725885 0.48960499999999996 0.725885 0.497215 0.734075 0.497215 0.734075 0.48960499999999996
10 0.131735 0.41391 0.124125 0.41391 0.124125 0.41909 0.131735 0.41909 0.131735 0.41391
10 0.17365 0.475675 0.16375 0.475675 0.16375 0.481845 0.17365 0.481845 0.17365 0.475675
10 0.4022 0.48975 0.39516 0.48975 0.39516 0.49657 0.4022 0.49657 0.4022 0.48975
10 0.61078 0.5898100000000001 0.60406 0.5898100000000001 0.60406 0.5967100000000001 0.61078 0.5967100000000001 0.61078 0.5898100000000001
10 0.6017699999999999 0.42441500000000004 0.59451 0.42441500000000004 0.59451 0.430565 0.6017699999999999 0.430565 0.6017699999999999 0.42441500000000004
10 0.490155 0.624675 0.479085 0.624675 0.479085 0.635085 0.490155 0.635085 0.490155 0.624675
10 0.02869 0.399725 0.01105 0.399725 0.01105 0.409855 0.02869 0.409855 0.02869 0.399725
9 0 0.5860000000000001 0.05500000000000001 0.607 0.146 0.624 0.182 0.627 0.305 0.655 0.395 0.663 0.42800000000000005 0.662 0.43200000000000005 0.657 0.437 0.662 0.537 0.666 0.756 0.661 0.799 0.651 0.908 0.641 0.999 0.618 0.999 0.306 0.736 0.319 0.554 0.34199999999999997 0.441 0.353 0.351 0.357 0.24900000000000003 0.374 0.199 0.387 0.144 0.383 0.006 0.40199999999999997 0 0.404 0 0.5860000000000001