10 0.260675 0.5989150000000001 0.208945 0.5989150000000001 0.208945 0.657825 0.260675 0.657825 0.260675 0.5989150000000001
10 0.12140500000000001 0.58021 0.080875 0.58021 0.080875 0.62331 0.12140500000000001 0.62331 0.12140500000000001 0.58021
10 0.637545 0.44372999999999996 0.612455 0.44372999999999996 0.612455 0.47276999999999997 0.637545 0.47276999999999997 0.637545 0.44372999999999996
10 0.199925 0.30139 0.167515 0.30139 0.167515 0.33093 0.199925 0.33093 0.199925 0.30139
10 0.09825 0.37987000000000004 0.05897 0.37987000000000004 0.05897 0.40820999999999996 0.09825 0.40820999999999996 0.09825 0.37987000000000004
10 0.56597 0.554235 0.53853 0.554235 0.53853 0.581505 0.56597 0.581505 0.56597 0.554235
10 0.42017499999999997 0.595915 0.399165 0.595915 0.399165 0.6140450000000001 0.42017499999999997 0.6140450000000001 0.42017499999999997 0.595915
10 0.847615 0.34973 0.8184049999999999 0.34973 0.8184049999999999 0.37097 0.847615 0.37097 0.847615 0.34973
10 0.5491699999999999 0.6047049999999999 0.52895 0.6047049999999999 0.52895 0.622835 0.5491699999999999 0.622835 0.5491699999999999 0.6047049999999999
10 0.400885 0.550745 0.379875 0.550745 0.379875 0.565475 0.400885 0.565475 0.400885 0.550745
10 0.053325 0.297985 0.032115 0.297985 0.032115 0.321635 0.053325 0.321635 0.053325 0.297985
10 0.39841000000000004 0.443475 0.37943 0.443475 0.37943 0.470585 0.39841000000000004 0.470585 0.39841000000000004 0.443475
10 0.16513 0.57722 0.13907 0.57722 0.13907 0.6014999999999999 0.16513 0.6014999999999999 0.16513 0.57722
10 0.9444549999999999 0.43428500000000003 0.9168649999999999 0.43428500000000003 0.9168649999999999 0.479295 0.9444549999999999 0.479295 0.9444549999999999 0.43428500000000003
10 0.28306 0.27531 0.26528 0.27531 0.26528 0.29159 0.28306 0.29159 0.28306 0.27531
10 0.113735 0.326955 0.085245 0.326955 0.085245 0.347845 0.113735 0.347845 0.113735 0.326955
10 0.353045 0.383805 0.329575 0.383805 0.329575 0.413555 0.353045 0.413555 0.353045 0.383805
10 0.470585 0.605975 0.453735 0.605975 0.453735 0.617665 0.470585 0.617665 0.470585 0.605975
10 0.237445 0.42268999999999995 0.218615 0.42268999999999995 0.218615 0.44889 0.237445 0.44889 0.237445 0.42268999999999995
10 0.65785 0.63034 0.64195 0.63034 0.64195 0.647 0.65785 0.647 0.65785 0.63034
10 0.525155 0.4162 0.503165 0.4162 0.503165 0.43976 0.525155 0.43976 0.525155 0.4162
10 0.312655 0.30246 0.294285 0.30246 0.294285 0.31911999999999996 0.312655 0.31911999999999996 0.312655 0.30246
10 0.35907 0.34698 0.32745 0.34698 0.32745 0.37324 0.35907 0.37324 0.35907 0.34698
10 0.679365 0.35029 0.661455 0.35029 0.661455 0.36601 0.679365 0.36601 0.679365 0.35029
10 0.03684 0.40475500000000003 0.020560000000000002 0.40475500000000003 0.020560000000000002 0.418985 0.03684 0.418985 0.03684 0.40475500000000003
10 0.053434999999999996 0.50583 0.034085 0.50583 0.034085 0.52347 0.053434999999999996 0.52347 0.053434999999999996 0.50583
10 0.133205 0.47673 0.116675 0.47673 0.116675 0.49250999999999995 0.133205 0.49250999999999995 0.133205 0.47673
10 0.883605 0.40948 0.868355 0.40948 0.868355 0.42108 0.883605 0.42108 0.883605 0.40948
10 0.96222 0.55411 0.94794 0.55411 0.94794 0.57089 0.96222 0.57089 0.96222 0.55411
10 0.27573 0.513665 0.26089 0.513665 0.26089 0.528335 0.27573 0.528335 0.27573 0.513665
10 0.275955 0.340945 0.24894500000000003 0.340945 0.24894500000000003 0.37243499999999996 0.275955 0.37243499999999996 0.275955 0.340945
10 0.73372 0.36043 0.71842 0.36043 0.71842 0.37345 0.73372 0.37345 0.73372 0.36043
10 0.75753 0.327855 0.73759 0.327855 0.73759 0.343045 0.75753 0.343045 0.75753 0.327855
10 0.89313 0.338095 0.86371 0.338095 0.86371 0.36746500000000004 0.89313 0.36746500000000004 0.89313 0.338095
10 0.8096650000000001 0.309545 0.782135 0.309545 0.782135 0.33987500000000004 0.8096650000000001 0.33987500000000004 0.8096650000000001 0.309545
10 0.949385 0.5923149999999999 0.937335 0.5923149999999999 0.937335 0.602025 0.949385 0.602025 0.949385 0.5923149999999999
10 0.22790499999999997 0.24989499999999998 0.21691500000000002 0.24989499999999998 0.21691500000000002 0.259865 0.22790499999999997 0.259865 0.22790499999999997 0.24989499999999998
10 0.95576 0.42188499999999995 0.9417 0.42188499999999995 0.9417 0.434075 0.95576 0.434075 0.95576 0.42188499999999995
10 0.47542999999999996 0.288905 0.44351 0.288905 0.44351 0.314615 0.47542999999999996 0.314615 0.47542999999999996 0.288905
10 0.475205 0.41106499999999996 0.462775 0.41106499999999996 0.462775 0.423895 0.475205 0.423895 0.475205 0.41106499999999996
10 0.2726 0.43903 0.26304 0.43903 0.26304 0.44867 0.2726 0.44867 0.2726 0.43903
10 0.06875 0.53657 0.04289 0.53657 0.04289 0.56401 0.06875 0.56401 0.06875 0.53657
10 0.70403 0.52576 0.68659 0.52576 0.68659 0.53772 0.70403 0.53772 0.70403 0.52576
10 0.156485 0.68394 0.138435 0.68394 0.138435 0.69984 0.156485 0.69984 0.156485 0.68394
10 0.862575 0.524525 0.8512850000000001 0.524525 0.8512850000000001 0.5350550000000001 0.862575 0.5350550000000001 0.862575 0.524525
10 0.628425 0.345055 0.616695 0.345055 0.616695 0.35612499999999997 0.628425 0.35612499999999997 0.628425 0.345055
10 0.928685 0.43363500000000005 0.918975 0.43363500000000005 0.918975 0.442345 0.928685 0.442345 0.928685 0.43363500000000005
10 0.084705 0.218675 0.073375 0.218675 0.073375 0.229325 0.084705 0.229325 0.084705 0.218675
10 0.03501 0.21484999999999999 0.01729 0.21484999999999999 0.01729 0.22875 0.03501 0.22875 0.03501 0.21484999999999999
10 0.8307550000000001 0.395105 0.817685 0.395105 0.817685 0.40519499999999997 0.8307550000000001 0.40519499999999997 0.8307550000000001 0.395105
10 0.664935 0.703685 0.650485 0.703685 0.650485 0.717215 0.664935 0.717215 0.664935 0.703685
10 0.063525 0.3633 0.050855 0.3633 0.050855 0.37792 0.063525 0.37792 0.063525 0.3633
10 0.949865 0.515165 0.939775 0.515165 0.939775 0.524875 0.949865 0.524875 0.949865 0.515165
10 0.42195 0.704175 0.38371 0.704175 0.38371 0.732345 0.42195 0.732345 0.42195 0.704175
10 0.389955 0.24591500000000002 0.261905 0.24591500000000002 0.261905 0.31610499999999997 0.389955 0.31610499999999997 0.389955 0.24591500000000002
10 0.277495 0.5891949999999999 0.268885 0.5891949999999999 0.268885 0.599285 0.277495 0.599285 0.277495 0.5891949999999999
10 0.470325 0.512335 0.462775 0.512335 0.462775 0.522825 0.470325 0.522825 0.470325 0.512335
10 0.772795 0.529305 0.759425 0.529305 0.759425 0.541975 0.772795 0.541975 0.772795 0.529305
10 0.67323 0.29458 0.66075 0.29458 0.66075 0.30406 0.67323 0.30406 0.67323 0.29458
10 0.74814 0.693485 0.73136 0.693485 0.73136 0.706915 0.74814 0.706915 0.74814 0.693485
10 0.1816 0.5029950000000001 0.17338 0.5029950000000001 0.17338 0.510685 0.1816 0.510685 0.1816 0.5029950000000001
10 0.861895 0.6552399999999999 0.8500249999999999 0.6552399999999999 0.8500249999999999 0.6670200000000001 0.861895 0.6670200000000001 0.861895 0.6552399999999999
10 0.377235 0.398655 0.366905 0.398655 0.366905 0.409945 0.377235 0.409945 0.377235 0.398655
10 0.535565 0.7295550000000001 0.514235 0.7295550000000001 0.514235 0.740165 0.535565 0.740165 0.535565 0.7295550000000001
10 0.194025 0.5595 0.186095 0.5595 0.186095 0.5684199999999999 0.194025 0.5684199999999999 0.194025 0.5595
10 0.588505 0.7310399999999999 0.568715 0.7310399999999999 0.568715 0.74064 0.588505 0.74064 0.588505 0.7310399999999999
10 0.539905 0.515165 0.533335 0.515165 0.533335 0.521935 0.539905 0.521935 0.539905 0.515165
10 0.44333999999999996 0.271395 0.43507999999999997 0.271395 0.43507999999999997 0.277425 0.44333999999999996 0.277425 0.44333999999999996 0.271395
10 0.24611 0.483645 0.23654999999999998 0.483645 0.23654999999999998 0.49437499999999995 0.24611 0.49437499999999995 0.24611 0.483645
10 0.9937099999999999 0.6419400000000001 0.9711299999999999 0.6419400000000001 0.9711299999999999 0.6519999999999999 0.9937099999999999 0.6519999999999999 0.9937099999999999 0.6419400000000001
9 0 0.666 0.008 0.674 0.072 0.693 0.11699999999999999 0.701 0.31 0.726 0.461 0.741 0.5429999999999999 0.741 0.583 0.739 0.705 0.722 0.742 0.71 0.787 0.704 0.8550000000000001 0.682 0.8789999999999999 0.678 0.9490000000000001 0.65 0.999 0.646 0.9970000000000001 0.35 0.97 0.341 0.857 0.324 0.8220000000000001 0.31 0.778 0.308 0.6940000000000001 0.296 0.606 0.298 0.529 0.31 0.476 0.282 0.43899999999999995 0.273 0.375 0.24900000000000003 0.28300000000000003 0.231 0.24100000000000002 0.219 0.155 0.20600000000000002 0.006 0.207 0 0.20800000000000002 0 0.666