10 0.45397999999999994 0.41938000000000003 0.42606 0.41938000000000003 0.42606 0.44720000000000004 0.45397999999999994 0.44720000000000004 0.45397999999999994 0.41938000000000003
10 0.1544 0.5075999999999999 0.1371 0.5075999999999999 0.1371 0.52268 0.1544 0.52268 0.1544 0.5075999999999999
10 0.42179 0.362315 0.39657 0.362315 0.39657 0.383285 0.42179 0.383285 0.42179 0.362315
10 0.67635 0.39188999999999996 0.6576299999999999 0.39188999999999996 0.6576299999999999 0.40743 0.67635 0.40743 0.67635 0.39188999999999996
10 0.293375 0.445055 0.269605 0.445055 0.269605 0.469985 0.293375 0.469985 0.293375 0.445055
10 0.288215 0.57591 0.268425 0.57591 0.268425 0.59401 0.288215 0.59401 0.288215 0.57591
10 0.495045 0.45468000000000003 0.456135 0.45468000000000003 0.456135 0.49112 0.495045 0.49112 0.495045 0.45468000000000003
10 0.270725 0.441915 0.256615 0.441915 0.256615 0.456025 0.270725 0.456025 0.270725 0.441915
10 0.21805500000000003 0.566535 0.203825 0.566535 0.203825 0.578965 0.21805500000000003 0.578965 0.21805500000000003 0.566535
10 0.19961 0.5227299999999999 0.18979 0.5227299999999999 0.18979 0.53781 0.19961 0.53781 0.19961 0.5227299999999999
10 0.63502 0.45896 0.6208400000000001 0.45896 0.6208400000000001 0.47562 0.63502 0.47562 0.63502 0.45896
10 0.57119 0.46889000000000003 0.5577099999999999 0.46889000000000003 0.5577099999999999 0.48473 0.57119 0.48473 0.57119 0.46889000000000003
10 0.31087 0.5219400000000001 0.29215 0.5219400000000001 0.29215 0.5356799999999999 0.31087 0.5356799999999999 0.31087 0.5219400000000001
10 0.5983850000000001 0.456565 0.585215 0.456565 0.585215 0.47067500000000007 0.5983850000000001 0.47067500000000007 0.5983850000000001 0.456565
10 0.7894 0.473375 0.7750600000000001 0.473375 0.7750600000000001 0.487065 0.7894 0.487065 0.7894 0.473375
10 0.616865 0.575785 0.604815 0.575785 0.604815 0.587295 0.616865 0.587295 0.616865 0.575785
10 0.821745 0.52154 0.7895749999999999 0.52154 0.7895749999999999 0.54096 0.821745 0.54096 0.821745 0.52154
10 0.240735 0.44420000000000004 0.230205 0.44420000000000004 0.230205 0.45668 0.240735 0.45668 0.240735 0.44420000000000004
10 0.34763 0.41099500000000005 0.33255 0.41099500000000005 0.33255 0.424945 0.34763 0.424945 0.34763 0.41099500000000005
10 0.406975 0.6034200000000001 0.390385 0.6034200000000001 0.390385 0.61826 0.406975 0.61826 0.406975 0.6034200000000001
10 0.13139 0.52088 0.11323000000000001 0.52088 0.11323000000000001 0.53478 0.13139 0.53478 0.13139 0.52088
10 0.38377500000000003 0.597155 0.371105 0.597155 0.371105 0.609885 0.38377500000000003 0.609885 0.38377500000000003 0.597155
10 0.25282 0.48613999999999996 0.24058000000000002 0.48613999999999996 0.24058000000000002 0.49774 0.25282 0.49774 0.25282 0.48613999999999996
10 0.40935 0.55363 0.38753000000000004 0.55363 0.38753000000000004 0.56941 0.40935 0.56941 0.40935 0.55363
10 0.275345 0.41888 0.265675 0.41888 0.265675 0.42878 0.275345 0.42878 0.275345 0.41888
10 0.83597 0.44142000000000003 0.81931 0.44142000000000003 0.81931 0.45603999999999995 0.83597 0.45603999999999995 0.83597 0.44142000000000003
10 0.33963 0.43146500000000004 0.32981 0.43146500000000004 0.32981 0.442075 0.33963 0.442075 0.33963 0.43146500000000004
10 0.40759 0.5408299999999999 0.39807000000000003 0.5408299999999999 0.39807000000000003 0.54999 0.40759 0.54999 0.40759 0.5408299999999999
10 0.42713999999999996 0.451145 0.41757999999999995 0.451145 0.41757999999999995 0.459995 0.42713999999999996 0.459995 0.42713999999999996 0.451145
10 0.302365 0.48732499999999995 0.287975 0.48732499999999995 0.287975 0.5014350000000001 0.302365 0.5014350000000001 0.302365 0.48732499999999995
10 0.72285 0.47214 0.70683 0.47214 0.70683 0.49076000000000003 0.72285 0.49076000000000003 0.72285 0.47214
10 0.30598000000000003 0.57996 0.29608 0.57996 0.29608 0.59192 0.30598000000000003 0.59192 0.30598000000000003 0.57996
10 0.43151 0.56956 0.41859 0.56956 0.41859 0.5818 0.43151 0.5818 0.43151 0.56956
10 0.7692300000000001 0.44538500000000003 0.75713 0.44538500000000003 0.75713 0.458915 0.7692300000000001 0.458915 0.7692300000000001 0.44538500000000003
10 0.23354499999999997 0.572395 0.218355 0.572395 0.218355 0.586785 0.23354499999999997 0.586785 0.23354499999999997 0.572395
10 0.34641500000000003 0.581615 0.332785 0.581615 0.332785 0.595145 0.34641500000000003 0.595145 0.34641500000000003 0.581615
10 0.47343 0.540045 0.46261 0.540045 0.46261 0.550775 0.47343 0.550775 0.47343 0.540045
10 0.252965 0.5941799999999999 0.242395 0.5941799999999999 0.242395 0.60504 0.252965 0.60504 0.252965 0.5941799999999999
10 0.07915 0.47369000000000006 0.06587 0.47369000000000006 0.06587 0.48529 0.07915 0.48529 0.07915 0.47369000000000006
10 0.467405 0.486855 0.457395 0.486855 0.457395 0.497025 0.467405 0.497025 0.467405 0.486855
10 0.48098 0.580465 0.4702 0.580465 0.4702 0.590435 0.48098 0.590435 0.48098 0.580465
10 0.41718500000000003 0.424125 0.40751499999999996 0.424125 0.40751499999999996 0.43379500000000004 0.41718500000000003 0.43379500000000004 0.41718500000000003 0.424125
10 0.77939 0.57662 0.76261 0.57662 0.76261 0.58744 0.77939 0.58744 0.77939 0.57662
10 0.53828 0.40861000000000003 0.52618 0.40861000000000003 0.52618 0.41951 0.53828 0.41951 0.53828 0.40861000000000003
10 0.5889800000000001 0.427865 0.57606 0.427865 0.57606 0.440295 0.5889800000000001 0.440295 0.5889800000000001 0.427865
10 0.174535 0.43321 0.165545 0.43321 0.165545 0.44227 0.174535 0.44227 0.174535 0.43321
10 0.455755 0.611685 0.43388499999999997 0.611685 0.43388499999999997 0.631475 0.455755 0.631475 0.455755 0.611685
10 0.64581 0.45186000000000004 0.63739 0.45186000000000004 0.63739 0.46074000000000004 0.64581 0.46074000000000004 0.64581 0.45186000000000004
10 0.66467 0.466365 0.65565 0.466365 0.65565 0.47943499999999994 0.66467 0.47943499999999994 0.66467 0.466365
10 0.225485 0.385065 0.170275 0.385065 0.170275 0.40497500000000003 0.225485 0.40497500000000003 0.225485 0.385065
10 0.646675 0.42295999999999995 0.638485 0.42295999999999995 0.638485 0.43154000000000003 0.646675 0.43154000000000003 0.646675 0.42295999999999995
10 0.791865 0.43611500000000003 0.7813749999999999 0.43611500000000003 0.7813749999999999 0.447185 0.791865 0.447185 0.791865 0.43611500000000003
10 0.883625 0.489395 0.8732150000000001 0.489395 0.8732150000000001 0.49936499999999995 0.883625 0.49936499999999995 0.883625 0.489395
10 0.32280000000000003 0.5439849999999999 0.3149 0.5439849999999999 0.3149 0.552695 0.32280000000000003 0.552695 0.32280000000000003 0.5439849999999999
10 0.71229 0.45999999999999996 0.69981 0.45999999999999996 0.69981 0.47164 0.71229 0.47164 0.71229 0.45999999999999996
10 0.29639000000000004 0.40828499999999995 0.28661 0.40828499999999995 0.28661 0.418375 0.29639000000000004 0.418375 0.29639000000000004 0.40828499999999995
10 0.714715 0.40214999999999995 0.695445 0.40214999999999995 0.695445 0.41817000000000004 0.714715 0.41817000000000004 0.714715 0.40214999999999995
10 0.65658 0.431405 0.6442 0.431405 0.6442 0.443595 0.65658 0.443595 0.65658 0.431405
10 0.33299500000000004 0.368445 0.297385 0.368445 0.297385 0.381075 0.33299500000000004 0.381075 0.33299500000000004 0.368445
10 0.748155 0.393535 0.737205 0.393535 0.737205 0.403825 0.748155 0.403825 0.748155 0.393535
10 0.52335 0.55721 0.51375 0.55721 0.51375 0.56681 0.52335 0.56681 0.52335 0.55721
10 0.38592499999999996 0.51954 0.377255 0.51954 0.377255 0.52832 0.38592499999999996 0.52832 0.38592499999999996 0.51954
10 0.13737 0.5543750000000001 0.12849 0.5543750000000001 0.12849 0.563785 0.13737 0.563785 0.13737 0.5543750000000001
10 0.185695 0.56385 0.17074499999999998 0.56385 0.17074499999999998 0.57775 0.185695 0.57775 0.185695 0.56385
10 0.5566099999999999 0.363155 0.5390900000000001 0.363155 0.5390900000000001 0.373165 0.5566099999999999 0.373165 0.5566099999999999 0.363155
10 0.35813 0.556395 0.34109 0.556395 0.34109 0.5715250000000001 0.35813 0.5715250000000001 0.35813 0.556395
10 0.5715399999999999 0.547465 0.55736 0.547465 0.55736 0.557995 0.5715399999999999 0.557995 0.5715399999999999 0.547465
10 0.90058 0.49768999999999997 0.87676 0.49768999999999997 0.87676 0.51403 0.90058 0.51403 0.90058 0.49768999999999997
10 0.791215 0.41752500000000003 0.781045 0.41752500000000003 0.781045 0.42719500000000005 0.791215 0.42719500000000005 0.791215 0.41752500000000003
10 0.656555 0.48559 0.646185 0.48559 0.646185 0.49390999999999996 0.656555 0.49390999999999996 0.656555 0.48559
10 0.74798 0.484065 0.73152 0.484065 0.73152 0.493475 0.74798 0.493475 0.74798 0.484065
10 0.40099999999999997 0.35469 0.37634 0.35469 0.37634 0.36407 0.40099999999999997 0.36407 0.40099999999999997 0.35469
10 0.48980499999999993 0.509195 0.47943499999999994 0.509195 0.47943499999999994 0.518145 0.48980499999999993 0.518145 0.48980499999999993 0.509195
10 0.7407 0.083865 0.7329399999999999 0.083865 0.7329399999999999 0.093135 0.7407 0.093135 0.7407 0.083865
10 0.409385 0.46758 0.400675 0.46758 0.400675 0.47284 0.409385 0.47284 0.409385 0.46758
10 0.5491349999999999 0.34911 0.521185 0.34911 0.521185 0.35547 0.5491349999999999 0.35547 0.5491349999999999 0.34911
10 0.865 0.415285 0.8263999999999999 0.415285 0.8263999999999999 0.445555 0.865 0.445555 0.865 0.415285
10 0 0.48034499999999997 0.014499999999999999 0.48034499999999997 0.014499999999999999 0.463495 0 0.463495 0 0.48034499999999997
10 0.16529 0.47881999999999997 0.00989 0.47881999999999997 0.00989 0.5001800000000001 0.16529 0.5001800000000001 0.16529 0.47881999999999997
9 0.073 0.5349999999999999 0.10500000000000001 0.562 0.157 0.591 0.197 0.608 0.306 0.623 0.359 0.624 0.42800000000000005 0.638 0.477 0.639 0.515 0.635 0.5780000000000001 0.619 0.6950000000000001 0.606 0.741 0.597 0.7969999999999999 0.58 0.837 0.561 0.8859999999999999 0.546 0.9109999999999999 0.525 0.9259999999999999 0.519 0.961 0.521 0.999 0.532 0.999 0.516 0.9650000000000001 0.515 0.9369999999999999 0.508 0.905 0.491 0.8779999999999999 0.453 0.861 0.437 0.784 0.397 0.731 0.381 0.553 0.351 0.386 0.357 0.22799999999999998 0.382 0.202 0.393 0.148 0.40499999999999997 0.072 0.44000000000000006 0.048 0.45499999999999996 0.003 0.46900000000000003 0 0.47400000000000003 0.009 0.484 0.043 0.503 0.073 0.5349999999999999