10 0.39542 0.40839499999999995 0.3404 0.40839499999999995 0.3404 0.459785 0.39542 0.459785 0.39542 0.40839499999999995
10 0.48641500000000004 0.431935 0.418365 0.431935 0.418365 0.475785 0.48641500000000004 0.475785 0.48641500000000004 0.431935
10 0.30984 0.47178000000000003 0.27559999999999996 0.47178000000000003 0.27559999999999996 0.49844 0.30984 0.49844 0.30984 0.47178000000000003
10 0.72968 0.48114999999999997 0.7127 0.48114999999999997 0.7127 0.49737 0.72968 0.49737 0.72968 0.48114999999999997
10 0.625265 0.5007900000000001 0.606175 0.5007900000000001 0.606175 0.51777 0.625265 0.51777 0.625265 0.5007900000000001
10 0.43735999999999997 0.5393399999999999 0.42006 0.5393399999999999 0.42006 0.55442 0.43735999999999997 0.55442 0.43735999999999997 0.5393399999999999
10 0.13381 0.37646999999999997 0.11460999999999999 0.37646999999999997 0.11460999999999999 0.39257 0.13381 0.39257 0.13381 0.37646999999999997
10 0.529575 0.395695 0.515345 0.395695 0.515345 0.40752499999999997 0.529575 0.40752499999999997 0.529575 0.395695
10 0.83532 0.44631 0.81312 0.44631 0.81312 0.46825 0.83532 0.46825 0.83532 0.44631
10 0.66501 0.42615 0.6318699999999999 0.42615 0.6318699999999999 0.45081 0.66501 0.45081 0.66501 0.42615
10 0.26318 0.513605 0.24708000000000002 0.513605 0.24708000000000002 0.526435 0.26318 0.526435 0.26318 0.513605
10 0.449685 0.56816 0.42823500000000003 0.56816 0.42823500000000003 0.58418 0.449685 0.58418 0.449685 0.56816
10 0.271735 0.43442 0.26048499999999997 0.43442 0.26048499999999997 0.44448 0.271735 0.44448 0.271735 0.43442
10 0.242795 0.43078500000000003 0.227665 0.43078500000000003 0.227665 0.441775 0.242795 0.441775 0.242795 0.43078500000000003
10 0.515725 0.5246649999999999 0.505755 0.5246649999999999 0.505755 0.5339349999999999 0.515725 0.5339349999999999 0.515725 0.5246649999999999
10 0.158855 0.44936499999999996 0.148525 0.44936499999999996 0.148525 0.45835499999999996 0.158855 0.45835499999999996 0.158855 0.44936499999999996
10 0.23643 0.36294 0.22891 0.36294 0.22891 0.36998000000000003 0.23643 0.36998000000000003 0.23643 0.36294
10 0.563655 0.37322500000000003 0.5535249999999999 0.37322500000000003 0.5535249999999999 0.382635 0.563655 0.382635 0.563655 0.37322500000000003
10 0.582625 0.421925 0.571675 0.421925 0.571675 0.431595 0.582625 0.431595 0.582625 0.421925
10 0.04071 0.45749000000000006 0.031069999999999997 0.45749000000000006 0.031069999999999997 0.46683 0.04071 0.46683 0.04071 0.45749000000000006
10 0.40255 0.484225 0.39139 0.484225 0.39139 0.492835 0.40255 0.492835 0.40255 0.484225
10 0.619615 0.580635 0.607925 0.580635 0.607925 0.591245 0.619615 0.591245 0.619615 0.580635
10 0.688615 0.431935 0.680525 0.431935 0.680525 0.439165 0.688615 0.439165 0.688615 0.431935
10 0.43458500000000005 0.44490999999999997 0.42577499999999996 0.44490999999999997 0.42577499999999996 0.45255 0.43458500000000005 0.45255 0.43458500000000005 0.44490999999999997
10 0.500815 0.60578 0.490885 0.60578 0.490885 0.61394 0.500815 0.61394 0.500815 0.60578
10 0.10000500000000001 0.46052499999999996 0.091395 0.46052499999999996 0.091395 0.468195 0.10000500000000001 0.468195 0.10000500000000001 0.46052499999999996
10 0.737385 0.52974 0.729415 0.52974 0.729415 0.53764 0.737385 0.53764 0.737385 0.52974
10 0.60188 0.525875 0.5446 0.525875 0.5446 0.5629850000000001 0.60188 0.5629850000000001 0.60188 0.525875
10 0.577465 0.4984 0.569015 0.4984 0.569015 0.5055 0.577465 0.5055 0.577465 0.4984
10 0.331745 0.5734549999999999 0.318155 0.5734549999999999 0.318155 0.5847450000000001 0.331745 0.5847450000000001 0.331745 0.5734549999999999
10 0.7734650000000001 0.579455 0.752895 0.579455 0.752895 0.593405 0.7734650000000001 0.593405 0.7734650000000001 0.579455
10 0.01722 0.49603 0.00716 0.49603 0.00716 0.50495 0.01722 0.50495 0.01722 0.49603
10 0.721185 0.44507 0.713395 0.44507 0.713395 0.45239 0.721185 0.45239 0.721185 0.44507
10 0.529715 0.522675 0.522045 0.522675 0.522045 0.529085 0.529715 0.529085 0.529715 0.522675
10 0.5747150000000001 0.6108 0.565905 0.6108 0.565905 0.6187 0.5747150000000001 0.6187 0.5747150000000001 0.6108
10 0.8163750000000001 0.5061 0.7685850000000001 0.5061 0.7685850000000001 0.5437000000000001 0.8163750000000001 0.5437000000000001 0.8163750000000001 0.5061
10 0.04215 0.406135 0.01345 0.406135 0.01345 0.42150499999999996 0.04215 0.42150499999999996 0.04215 0.406135
10 0.737955 0.63512 0.7308049999999999 0.63512 0.7308049999999999 0.64124 0.737955 0.64124 0.737955 0.63512
10 0.06870000000000001 0.48864 0.0613 0.48864 0.0613 0.49573999999999996 0.06870000000000001 0.49573999999999996 0.06870000000000001 0.48864
10 0.75283 0.5144599999999999 0.74327 0.5144599999999999 0.74327 0.52362 0.75283 0.52362 0.75283 0.5144599999999999
10 0.781845 0.6054649999999999 0.773815 0.6054649999999999 0.773815 0.6123149999999999 0.781845 0.6123149999999999 0.781845 0.6054649999999999
10 0.49141500000000005 0.633425 0.482705 0.633425 0.482705 0.640015 0.49141500000000005 0.640015 0.49141500000000005 0.633425
10 0.58726 0.47643 0.5797399999999999 0.47643 0.5797399999999999 0.48400999999999994 0.58726 0.48400999999999994 0.58726 0.47643
10 0.68621 0.520155 0.67903 0.520155 0.67903 0.526725 0.68621 0.526725 0.68621 0.520155
10 0.700475 0.63952 0.6940649999999999 0.63952 0.6940649999999999 0.64564 0.700475 0.64564 0.700475 0.63952
10 0.12904500000000002 0.5286150000000001 0.121435 0.5286150000000001 0.121435 0.535845 0.12904500000000002 0.535845 0.12904500000000002 0.5286150000000001
10 0.8865449999999999 0.49148500000000006 0.8732150000000001 0.49148500000000006 0.8732150000000001 0.5036349999999999 0.8865449999999999 0.5036349999999999 0.8865449999999999 0.49148500000000006
10 0.698955 0.60493 0.672145 0.60493 0.672145 0.62553 0.698955 0.62553 0.698955 0.60493
10 0.5776 0.52206 0.56596 0.52206 0.56596 0.53166 0.5776 0.53166 0.5776 0.52206
10 0.37104 0.564915 0.36188 0.564915 0.36188 0.5737650000000001 0.37104 0.5737650000000001 0.37104 0.564915
10 0.784995 0.43437000000000003 0.778485 0.43437000000000003 0.778485 0.44015000000000004 0.784995 0.44015000000000004 0.784995 0.43437000000000003
10 0.675125 0.45982500000000004 0.668635 0.45982500000000004 0.668635 0.466435 0.675125 0.466435 0.675125 0.45982500000000004
10 0.318635 0.53627 0.31222500000000003 0.53627 0.31222500000000003 0.5418499999999999 0.318635 0.5418499999999999 0.318635 0.53627
10 0.700555 0.67504 0.6900649999999999 0.67504 0.6900649999999999 0.68336 0.700555 0.68336 0.700555 0.67504
10 0.7926249999999999 0.661055 0.781595 0.661055 0.781595 0.670005 0.7926249999999999 0.670005 0.7926249999999999 0.661055
10 0.9446249999999999 0.613835 0.9323349999999999 0.613835 0.9323349999999999 0.6244449999999999 0.9446249999999999 0.6244449999999999 0.9446249999999999 0.613835
10 0.911065 0.6171599999999999 0.900455 0.6171599999999999 0.900455 0.62698 0.911065 0.62698 0.911065 0.6171599999999999
10 0.66799 0.665165 0.6611100000000001 0.665165 0.6611100000000001 0.671755 0.66799 0.671755 0.66799 0.665165
10 0.59761 0.490905 0.59087 0.490905 0.59087 0.496395 0.59761 0.496395 0.59761 0.490905
10 0.8666499999999999 0.63218 0.85991 0.63218 0.85991 0.6373599999999999 0.8666499999999999 0.6373599999999999 0.8666499999999999 0.63218
10 0.8795149999999999 0.70365 0.868525 0.70365 0.868525 0.71529 0.8795149999999999 0.71529 0.8795149999999999 0.70365
10 0.8733150000000001 0.442485 0.858125 0.442485 0.858125 0.453015 0.8733150000000001 0.453015 0.8733150000000001 0.442485
10 0.864145 0.578275 0.857535 0.578275 0.857535 0.583825 0.864145 0.583825 0.864145 0.578275
10 0.10146999999999999 0.39743 0.09298999999999999 0.39743 0.09298999999999999 0.40433 0.10146999999999999 0.40433 0.10146999999999999 0.39743
10 0.639065 0.522695 0.619715 0.522695 0.619715 0.533945 0.639065 0.533945 0.639065 0.522695
9 0 0.529 0.421 0.636 0.45099999999999996 0.648 0.534 0.6679999999999999 0.614 0.6719999999999999 0.6809999999999999 0.6799999999999999 0.755 0.696 0.773 0.693 0.7929999999999999 0.6809999999999999 0.808 0.6910000000000001 0.8140000000000001 0.702 0.8109999999999999 0.72 0.8460000000000001 0.734 0.8710000000000001 0.741 0.9390000000000001 0.75 0.978 0.75 0.999 0.746 0.999 0.5589999999999999 0.9369999999999999 0.499 0.8949999999999999 0.46799999999999997 0.874 0.453 0.796 0.41200000000000003 0.722 0.39 0.649 0.38 0.614 0.371 0.505 0.329 0.45099999999999996 0.318 0.381 0.313 0.329 0.316 0.28300000000000003 0.321 0.231 0.333 0.179 0.335 0.096 0.324 0.005 0.305 0 0.305 0 0.529