10 0.39636 0.320885 0.36776 0.320885 0.36776 0.347335 0.39636 0.347335 0.39636 0.320885
10 0.472745 0.345435 0.450115 0.345435 0.450115 0.366965 0.472745 0.366965 0.472745 0.345435
10 0.7057599999999999 0.37017500000000003 0.679 0.37017500000000003 0.679 0.391065 0.7057599999999999 0.391065 0.7057599999999999 0.37017500000000003
10 0.547255 0.39481 0.526965 0.39481 0.526965 0.41573000000000004 0.547255 0.41573000000000004 0.547255 0.39481
10 0.42840999999999996 0.46283 0.39727 0.46283 0.39727 0.48639 0.42840999999999996 0.48639 0.42840999999999996 0.46283
10 0.66998 0.44255500000000003 0.6347 0.44255500000000003 0.6347 0.463205 0.66998 0.463205 0.66998 0.44255500000000003
10 0.69912 0.701265 0.68174 0.701265 0.68174 0.719635 0.69912 0.719635 0.69912 0.701265
10 0.055075 0.447715 0.030185 0.447715 0.030185 0.46194499999999994 0.055075 0.46194499999999994 0.055075 0.447715
10 0.91525 0.41365999999999997 0.9001699999999999 0.41365999999999997 0.9001699999999999 0.42668 0.91525 0.42668 0.91525 0.41365999999999997
10 0.82506 0.427325 0.8087199999999999 0.427325 0.8087199999999999 0.445235 0.82506 0.445235 0.82506 0.427325
10 0.2646 0.571315 0.25054 0.571315 0.25054 0.584945 0.2646 0.584945 0.2646 0.571315
10 0.249595 0.40803500000000004 0.230145 0.40803500000000004 0.230145 0.42204499999999995 0.249595 0.42204499999999995 0.249595 0.40803500000000004
10 0.23908000000000001 0.39509500000000003 0.21966000000000002 0.39509500000000003 0.21966000000000002 0.409105 0.23908000000000001 0.409105 0.23908000000000001 0.39509500000000003
10 0.47701000000000005 0.41696 0.46245 0.41696 0.46245 0.43362 0.47701000000000005 0.43362 0.47701000000000005 0.41696
10 0.352985 0.4527 0.33499500000000004 0.4527 0.33499500000000004 0.4643 0.352985 0.4643 0.352985 0.4527
10 0.779875 0.611695 0.756265 0.611695 0.756265 0.628545 0.779875 0.628545 0.779875 0.611695
10 0.811445 0.6363800000000001 0.772535 0.6363800000000001 0.772535 0.66636 0.811445 0.66636 0.811445 0.6363800000000001
10 0.499265 0.671635 0.48267499999999997 0.671635 0.48267499999999997 0.6867650000000001 0.499265 0.6867650000000001 0.499265 0.671635
10 0.761225 0.438465 0.734875 0.438465 0.734875 0.46339499999999995 0.761225 0.46339499999999995 0.761225 0.438465
10 0.939255 0.62099 0.914265 0.62099 0.914265 0.64171 0.939255 0.64171 0.939255 0.62099
10 0.63351 0.6729149999999999 0.62039 0.6729149999999999 0.62039 0.685485 0.63351 0.685485 0.63351 0.6729149999999999
10 0.16999999999999998 0.638995 0.15006 0.638995 0.15006 0.656905 0.16999999999999998 0.656905 0.16999999999999998 0.638995
10 0.512355 0.551975 0.497405 0.551975 0.497405 0.5671649999999999 0.512355 0.5671649999999999 0.512355 0.551975
10 0.14046 0.46017 0.10673999999999999 0.46017 0.10673999999999999 0.48417000000000004 0.14046 0.48417000000000004 0.14046 0.46017
10 0.9261649999999999 0.65825 0.900015 0.65825 0.900015 0.67867 0.9261649999999999 0.67867 0.9261649999999999 0.65825
10 0.193835 0.62409 0.175065 0.62409 0.175065 0.64837 0.193835 0.64837 0.193835 0.62409
10 0.5638449999999999 0.48632 0.552375 0.48632 0.552375 0.49610000000000004 0.5638449999999999 0.49610000000000004 0.5638449999999999 0.48632
10 0 0.56294 0.01234 0.56294 0.01234 0.54838 0 0.54838 0 0.56294
10 0.565595 0.52559 0.547685 0.52559 0.547685 0.54569 0.565595 0.54569 0.565595 0.52559
10 0.61017 0.6222749999999999 0.58025 0.6222749999999999 0.58025 0.636505 0.61017 0.636505 0.61017 0.6222749999999999
10 0.9122450000000001 0.624095 0.8934150000000001 0.624095 0.8934150000000001 0.6395850000000001 0.9122450000000001 0.6395850000000001 0.9122450000000001 0.624095
10 0.4162 0.351265 0.4046 0.351265 0.4046 0.362595 0.4162 0.362595 0.4162 0.351265
10 0.90655 0.34538 0.8922700000000001 0.34538 0.8922700000000001 0.36506 0.90655 0.36506 0.90655 0.34538
10 0.9983549999999999 0.6171 0.9762449999999999 0.6171 0.9762449999999999 0.63582 0.9983549999999999 0.63582 0.9983549999999999 0.6171
10 0.28844 0.59783 0.27114 0.59783 0.27114 0.60921 0.28844 0.60921 0.28844 0.59783
10 0.7363299999999999 0.501445 0.7011700000000001 0.501445 0.7011700000000001 0.524915 0.7363299999999999 0.524915 0.7363299999999999 0.501445
10 0.111155 0.53796 0.085005 0.53796 0.085005 0.5675 0.111155 0.5675 0.111155 0.53796
10 0.8154350000000001 0.447145 0.698245 0.447145 0.698245 0.5386949999999999 0.8154350000000001 0.5386949999999999 0.8154350000000001 0.447145
10 0.993315 0.34579499999999996 0.944185 0.34579499999999996 0.944185 0.420805 0.993315 0.420805 0.993315 0.34579499999999996
10 0.9915200000000001 0.69527 0.9713800000000001 0.69527 0.9713800000000001 0.71099 0.9915200000000001 0.71099 0.9915200000000001 0.69527
10 0.234635 0.41830999999999996 0.208725 0.41830999999999996 0.208725 0.43569 0.234635 0.43569 0.234635 0.41830999999999996
10 0.7899700000000001 0.45602 0.7676499999999999 0.45602 0.7676499999999999 0.47366 0.7899700000000001 0.47366 0.7899700000000001 0.45602
10 0.799535 0.44981499999999996 0.7424649999999999 0.44981499999999996 0.7424649999999999 0.499405 0.799535 0.499405 0.799535 0.44981499999999996
10 0.341315 0.424605 0.329585 0.424605 0.329585 0.43477499999999997 0.341315 0.43477499999999997 0.341315 0.424605
10 0.6877150000000001 0.44092000000000003 0.607205 0.44092000000000003 0.607205 0.51612 0.6877150000000001 0.51612 0.6877150000000001 0.44092000000000003
10 0.699415 0.7396499999999999 0.663865 0.7396499999999999 0.663865 0.75743 0.699415 0.75743 0.699415 0.7396499999999999
10 0.32698 0.6131599999999999 0.31608 0.6131599999999999 0.31608 0.62122 0.32698 0.62122 0.32698 0.6131599999999999
10 0.434 0.36568 0.42488000000000004 0.36568 0.42488000000000004 0.37406 0.434 0.37406 0.434 0.36568
10 0.46840000000000004 0.620565 0.4525 0.620565 0.4525 0.633335 0.46840000000000004 0.633335 0.46840000000000004 0.620565
10 0.683955 0.366305 0.673465 0.366305 0.673465 0.374915 0.683955 0.374915 0.683955 0.366305
10 0.9733850000000001 0.470735 0.9641149999999999 0.470735 0.9641149999999999 0.480445 0.9733850000000001 0.480445 0.9733850000000001 0.470735
10 0.64425 0.5019549999999999 0.6330899999999999 0.5019549999999999 0.6330899999999999 0.509765 0.64425 0.509765 0.64425 0.5019549999999999
10 0.37661 0.44997 0.36655000000000004 0.44997 0.36655000000000004 0.45823 0.37661 0.45823 0.37661 0.44997
10 0.36071 0.357275 0.35365 0.357275 0.35365 0.363425 0.36071 0.363425 0.36071 0.357275
10 0.41492000000000007 0.645245 0.38294 0.645245 0.38294 0.6760349999999999 0.41492000000000007 0.6760349999999999 0.41492000000000007 0.645245
10 0.999995 0.6221949999999999 0.989225 0.6221949999999999 0.989225 0.635625 0.999995 0.635625 0.999995 0.6221949999999999
10 0.5375949999999999 0.57103 0.494625 0.57103 0.494625 0.58913 0.5375949999999999 0.58913 0.5375949999999999 0.57103
10 0.759915 0.727625 0.747905 0.727625 0.747905 0.7381949999999999 0.759915 0.7381949999999999 0.759915 0.727625
10 0.633885 0.3863 0.601475 0.3863 0.601475 0.40374 0.633885 0.40374 0.633885 0.3863
10 0.752735 0.50896 0.741405 0.50896 0.741405 0.52034 0.752735 0.52034 0.752735 0.50896
10 0.12458 0.51032 0.11346 0.51032 0.11346 0.51996 0.12458 0.51996 0.12458 0.51032
10 0.52656 0.64033 0.5144599999999999 0.64033 0.5144599999999999 0.64971 0.52656 0.64971 0.52656 0.64033
10 0.235975 0.51235 0.224465 0.51235 0.224465 0.52183 0.235975 0.52183 0.235975 0.51235
10 0.34140000000000004 0.297815 0.33486 0.297815 0.33486 0.303265 0.34140000000000004 0.303265 0.34140000000000004 0.297815
10 0.402255 0.49727 0.391685 0.49727 0.391685 0.50371 0.402255 0.50371 0.402255 0.49727
10 0.077685 0.494815 0.065255 0.494815 0.065255 0.505185 0.077685 0.505185 0.077685 0.494815
10 0.9164199999999999 0.551705 0.8960800000000001 0.551705 0.8960800000000001 0.563535 0.9164199999999999 0.563535 0.9164199999999999 0.551705
9 0 0.6719999999999999 0.006 0.675 0.06 0.686 0.179 0.701 0.305 0.709 0.32799999999999996 0.709 0.378 0.701 0.41100000000000003 0.7030000000000001 0.487 0.725 0.517 0.727 0.521 0.731 0.549 0.731 0.557 0.736 0.5740000000000001 0.736 0.603 0.746 0.62 0.748 0.654 0.74 0.6679999999999999 0.752 0.696 0.757 0.763 0.759 0.851 0.751 0.999 0.755 0.999 0.356 0.7889999999999999 0.319 0.643 0.317 0.546 0.294 0.496 0.29 0.458 0.29500000000000004 0.41200000000000003 0.313 0.32 0.313 0.263 0.32 0.22400000000000003 0.32999999999999996 0.143 0.361 0.11000000000000001 0.361 0.072 0.369 0.039 0.383 0 0.388 0 0.6719999999999999