10 0.756825 0.39885000000000004 0.725875 0.39885000000000004 0.725875 0.43497 0.756825 0.43497 0.756825 0.39885000000000004
10 0.51112 0.439065 0.49278000000000005 0.439065 0.49278000000000005 0.450575 0.51112 0.450575 0.51112 0.439065
10 0.79069 0.43872999999999995 0.7737700000000001 0.43872999999999995 0.7737700000000001 0.45335000000000003 0.79069 0.45335000000000003 0.79069 0.43872999999999995
10 0.09842 0.494065 0.07980000000000001 0.494065 0.07980000000000001 0.508855 0.09842 0.508855 0.09842 0.494065
10 0.43583999999999995 0.67232 0.4084 0.67232 0.4084 0.69292 0.43583999999999995 0.69292 0.43583999999999995 0.67232
10 0.41142 0.5397649999999999 0.3957 0.5397649999999999 0.3957 0.553995 0.41142 0.553995 0.41142 0.5397649999999999
10 0.26711999999999997 0.41356000000000004 0.25046 0.41356000000000004 0.25046 0.42434000000000005 0.26711999999999997 0.42434000000000005 0.26711999999999997 0.41356000000000004
10 0.688015 0.43065 0.672345 0.43065 0.672345 0.44288999999999995 0.688015 0.44288999999999995 0.688015 0.43065
10 0.436995 0.6293249999999999 0.417985 0.6293249999999999 0.417985 0.644115 0.436995 0.644115 0.436995 0.6293249999999999
10 0.1625 0.500985 0.1461 0.500985 0.1461 0.517575 0.1625 0.517575 0.1625 0.500985
10 0.22543000000000002 0.36558 0.19253 0.36558 0.19253 0.39028 0.22543000000000002 0.39028 0.22543000000000002 0.36558
10 0.668215 0.382945 0.647205 0.382945 0.647205 0.403195 0.668215 0.403195 0.668215 0.382945
10 0.074195 0.40708500000000003 0.061665000000000005 0.40708500000000003 0.061665000000000005 0.41761499999999996 0.074195 0.41761499999999996 0.074195 0.40708500000000003
10 0.919135 0.376635 0.9060650000000001 0.376635 0.9060650000000001 0.387045 0.919135 0.387045 0.919135 0.376635
10 0.18162499999999998 0.365585 0.13453500000000002 0.365585 0.13453500000000002 0.405895 0.18162499999999998 0.405895 0.18162499999999998 0.365585
10 0.999995 0.41773499999999997 0.972965 0.41773499999999997 0.972965 0.434325 0.999995 0.434325 0.999995 0.41773499999999997
10 0.946425 0.50137 0.928575 0.50137 0.928575 0.51621 0.946425 0.51621 0.946425 0.50137
10 0.696785 0.519915 0.683095 0.519915 0.683095 0.5298849999999999 0.696785 0.5298849999999999 0.696785 0.519915
10 0.07187 0.599835 0.05508999999999999 0.599835 0.05508999999999999 0.610125 0.07187 0.610125 0.07187 0.599835
10 0.90343 0.43248 0.88759 0.43248 0.88759 0.44105999999999995 0.90343 0.44105999999999995 0.90343 0.43248
10 0.3759 0.394255 0.35750000000000004 0.394255 0.35750000000000004 0.40310499999999994 0.3759 0.40310499999999994 0.3759 0.394255
10 0.23974 0.409835 0.22583999999999999 0.409835 0.22583999999999999 0.417805 0.23974 0.417805 0.23974 0.409835
10 0.7751750000000001 0.5227 0.756085 0.5227 0.756085 0.53688 0.7751750000000001 0.53688 0.7751750000000001 0.5227
10 0.55022 0.576695 0.53572 0.576695 0.53572 0.589325 0.55022 0.589325 0.55022 0.576695
10 0.883665 0.555625 0.868295 0.555625 0.868295 0.568395 0.883665 0.568395 0.883665 0.555625
10 0.28752 0.604615 0.2745 0.604615 0.2745 0.615105 0.28752 0.615105 0.28752 0.604615
10 0.8962350000000001 0.40693999999999997 0.883065 0.40693999999999997 0.883065 0.4168 0.8962350000000001 0.4168 0.8962350000000001 0.40693999999999997
10 0.45051500000000005 0.43655499999999997 0.44010499999999997 0.43655499999999997 0.44010499999999997 0.446265 0.45051500000000005 0.446265 0.45051500000000005 0.43655499999999997
10 0.22790499999999997 0.595225 0.20837500000000003 0.595225 0.20837500000000003 0.607895 0.22790499999999997 0.607895 0.22790499999999997 0.595225
10 0.6634450000000001 0.33690000000000003 0.637335 0.33690000000000003 0.637335 0.355 0.6634450000000001 0.355 0.6634450000000001 0.33690000000000003
10 0.605615 0.519365 0.590665 0.519365 0.590665 0.531415 0.605615 0.531415 0.605615 0.519365
10 0.57172 0.40584499999999996 0.55036 0.40584499999999996 0.55036 0.418375 0.57172 0.418375 0.57172 0.40584499999999996
10 0.169995 0.37242000000000003 0.148125 0.37242000000000003 0.148125 0.38832 0.169995 0.38832 0.169995 0.37242000000000003
10 0.980815 0.61231 0.9703649999999999 0.61231 0.9703649999999999 0.6210899999999999 0.980815 0.6210899999999999 0.980815 0.61231
10 0.09331 0.45393999999999995 0.05599 0.45393999999999995 0.05599 0.47085999999999995 0.09331 0.47085999999999995 0.09331 0.45393999999999995
10 0.619885 0.59395 0.560775 0.59395 0.560775 0.61113 0.619885 0.61113 0.619885 0.59395
10 0.5747950000000001 0.5969450000000001 0.561925 0.5969450000000001 0.561925 0.611055 0.5747950000000001 0.611055 0.5747950000000001 0.5969450000000001
9 0 0.614 0.095 0.629 0.145 0.6559999999999999 0.194 0.675 0.346 0.686 0.374 0.6910000000000001 0.418 0.706 0.475 0.7110000000000001 0.5780000000000001 0.6950000000000001 0.724 0.6940000000000001 0.755 0.688 0.833 0.663 0.913 0.658 0.999 0.643 0.999 0.353 0.983 0.357 0.9570000000000001 0.356 0.8300000000000001 0.318 0.762 0.307 0.706 0.304 0.673 0.322 0.666 0.318 0.648 0.32 0.611 0.314 0.528 0.32799999999999996 0.492 0.33799999999999997 0.449 0.33799999999999997 0.34199999999999997 0.352 0.28300000000000003 0.353 0.246 0.36 0.199 0.352 0.188 0.354 0.161 0.343 0.135 0.33799999999999997 0.093 0.33799999999999997 0.066 0.343 0.007000000000000001 0.37 0 0.374 0 0.614