10 0.456975 0.46346 0.42466499999999996 0.46346 0.42466499999999996 0.48906 0.456975 0.48906 0.456975 0.46346
10 0.39517 0.45206999999999997 0.35141 0.45206999999999997 0.35141 0.49031 0.39517 0.49031 0.39517 0.45206999999999997
10 0.20183 0.446825 0.16805 0.446825 0.16805 0.490675 0.20183 0.490675 0.20183 0.446825
10 0.43620000000000003 0.42600499999999997 0.4178 0.42600499999999997 0.4178 0.44167500000000004 0.43620000000000003 0.44167500000000004 0.43620000000000003 0.42600499999999997
10 0.28698 0.470935 0.27406 0.470935 0.27406 0.48218500000000003 0.28698 0.48218500000000003 0.28698 0.470935
10 0.34012 0.5791299999999999 0.30832000000000004 0.5791299999999999 0.30832000000000004 0.60251 0.34012 0.60251 0.34012 0.5791299999999999
10 0.356695 0.52859 0.335685 0.52859 0.335685 0.54661 0.356695 0.54661 0.356695 0.52859
10 0.085835 0.5824849999999999 0.056245 0.5824849999999999 0.056245 0.605995 0.085835 0.605995 0.085835 0.5824849999999999
10 0.6811149999999999 0.49149000000000004 0.664585 0.49149000000000004 0.664585 0.50461 0.6811149999999999 0.50461 0.6811149999999999 0.49149000000000004
10 0.86642 0.6304649999999999 0.77322 0.6304649999999999 0.77322 0.728915 0.86642 0.728915 0.86642 0.6304649999999999
10 0.31926 0.51752 0.27155999999999997 0.51752 0.27155999999999997 0.5635399999999999 0.31926 0.5635399999999999 0.31926 0.51752
10 0.18549500000000002 0.6388499999999999 0.172665 0.6388499999999999 0.172665 0.6511899999999999 0.18549500000000002 0.6511899999999999 0.18549500000000002 0.6388499999999999
10 0.267225 0.609885 0.25327500000000003 0.609885 0.25327500000000003 0.623515 0.267225 0.623515 0.267225 0.609885
10 0.10484500000000001 0.49829999999999997 0.085835 0.49829999999999997 0.085835 0.5144 0.10484500000000001 0.5144 0.10484500000000001 0.49829999999999997
10 0.5191250000000001 0.65541 0.482835 0.65541 0.482835 0.69029 0.5191250000000001 0.69029 0.5191250000000001 0.65541
10 0.04293 0.60758 0.02683 0.60758 0.02683 0.62288 0.04293 0.62288 0.04293 0.60758
10 0.02475 0.48102999999999996 0.00659 0.48102999999999996 0.00659 0.49553 0.02475 0.49553 0.02475 0.48102999999999996
10 0.16242499999999999 0.654015 0.150555 0.654015 0.150555 0.668245 0.16242499999999999 0.668245 0.16242499999999999 0.654015
10 0.138655 0.531725 0.12598499999999999 0.531725 0.12598499999999999 0.545415 0.138655 0.545415 0.138655 0.531725
10 0.31351 0.48305999999999993 0.30417 0.48305999999999993 0.30417 0.49154 0.31351 0.49154 0.31351 0.48305999999999993
10 0.52476 0.50327 0.51528 0.50327 0.51528 0.5133300000000001 0.52476 0.5133300000000001 0.52476 0.50327
10 0.527045 0.49105499999999996 0.5188550000000001 0.49105499999999996 0.5188550000000001 0.49918500000000005 0.527045 0.49918500000000005 0.527045 0.49105499999999996
10 0.64055 0.5202 0.63191 0.5202 0.63191 0.52862 0.64055 0.52862 0.64055 0.5202
10 0.23418 0.44358000000000003 0.22432 0.44358000000000003 0.22432 0.45436 0.23418 0.45436 0.23418 0.44358000000000003
10 0.333495 0.46906 0.324225 0.46906 0.324225 0.4787 0.333495 0.4787 0.333495 0.46906
10 0.39707499999999996 0.693325 0.388565 0.693325 0.388565 0.702175 0.39707499999999996 0.702175 0.39707499999999996 0.693325
10 0.42214 0.470835 0.41525999999999996 0.470835 0.41525999999999996 0.478865 0.42214 0.478865 0.42214 0.470835
10 0.093115 0.52265 0.083885 0.52265 0.083885 0.5310699999999999 0.093115 0.5310699999999999 0.093115 0.52265
10 0.9284700000000001 0.62774 0.90845 0.62774 0.90845 0.65156 0.9284700000000001 0.65156 0.9284700000000001 0.62774
10 0.16900500000000002 0.51093 0.161075 0.51093 0.161075 0.51935 0.16900500000000002 0.51935 0.16900500000000002 0.51093
10 0.6616500000000001 0.59023 0.6449900000000001 0.59023 0.6449900000000001 0.6080099999999999 0.6616500000000001 0.6080099999999999 0.6616500000000001 0.59023
10 0.073455 0.55427 0.064605 0.55427 0.064605 0.56291 0.073455 0.56291 0.073455 0.55427
10 0.57673 0.5200549999999999 0.56975 0.5200549999999999 0.56975 0.526825 0.57673 0.526825 0.57673 0.5200549999999999
10 0.37476 0.41104 0.36497999999999997 0.41104 0.36497999999999997 0.41904 0.37476 0.41904 0.37476 0.41104
10 0.19456 0.5169699999999999 0.1863 0.5169699999999999 0.1863 0.52503 0.19456 0.52503 0.19456 0.5169699999999999
10 0.78708 0.527435 0.77834 0.527435 0.77834 0.536045 0.78708 0.536045 0.78708 0.527435
10 0.216505 0.54963 0.20805500000000002 0.54963 0.20805500000000002 0.55779 0.216505 0.55779 0.216505 0.54963
10 0.44071 0.416765 0.43137 0.416765 0.43137 0.42405499999999996 0.44071 0.42405499999999996 0.44071 0.416765
10 0.546295 0.39998999999999996 0.537685 0.39998999999999996 0.537685 0.40763 0.546295 0.40763 0.546295 0.39998999999999996
10 0.59159 0.73442 0.57149 0.73442 0.57149 0.74898 0.59159 0.74898 0.59159 0.73442
10 0.47231500000000004 0.5388 0.45786499999999997 0.5388 0.45786499999999997 0.55202 0.47231500000000004 0.55202 0.47231500000000004 0.5388
10 0.69516 0.508035 0.68668 0.508035 0.68668 0.516385 0.69516 0.516385 0.69516 0.508035
10 0.569445 0.7297450000000001 0.561415 0.7297450000000001 0.561415 0.738035 0.569445 0.738035 0.569445 0.7297450000000001
10 0.11305499999999999 0.5576749999999999 0.10338499999999999 0.5576749999999999 0.10338499999999999 0.566345 0.11305499999999999 0.566345 0.11305499999999999 0.5576749999999999
10 0.50713 0.65157 0.49775 0.65157 0.49775 0.65995 0.50713 0.65995 0.50713 0.65157
10 0.77554 0.508545 0.7654799999999999 0.508545 0.7654799999999999 0.518795 0.77554 0.518795 0.77554 0.508545
10 0.24149500000000002 0.4721 0.233365 0.4721 0.233365 0.47956000000000004 0.24149500000000002 0.47956000000000004 0.24149500000000002 0.4721
10 0.56944 0.538485 0.5624 0.538485 0.5624 0.5454950000000001 0.56944 0.5454950000000001 0.56944 0.538485
10 0.9203049999999999 0.538725 0.9087949999999999 0.538725 0.9087949999999999 0.549175 0.9203049999999999 0.549175 0.9203049999999999 0.538725
10 0.27613 0.416235 0.26781 0.416235 0.26781 0.42360499999999995 0.27613 0.42360499999999995 0.27613 0.416235
10 0.17583 0.48724999999999996 0.16719 0.48724999999999996 0.16719 0.49566999999999994 0.17583 0.49566999999999994 0.17583 0.48724999999999996
10 0.437825 0.55989 0.428875 0.55989 0.428875 0.56707 0.437825 0.56707 0.437825 0.55989
10 0.01153 0.505475 0.00363 0.505475 0.00363 0.513085 0.01153 0.513085 0.01153 0.505475
10 0.8321350000000001 0.574435 0.822165 0.574435 0.822165 0.582785 0.8321350000000001 0.582785 0.8321350000000001 0.574435
10 0.55175 0.680255 0.54493 0.680255 0.54493 0.686925 0.55175 0.686925 0.55175 0.680255
10 0.32498 0.619965 0.31808000000000003 0.619965 0.31808000000000003 0.627115 0.32498 0.627115 0.32498 0.619965
10 0.61087 0.46979499999999996 0.60397 0.46979499999999996 0.60397 0.476485 0.61087 0.476485 0.61087 0.46979499999999996
10 0.554385 0.65123 0.547175 0.65123 0.547175 0.65835 0.554385 0.65835 0.554385 0.65123
10 0.15562499999999999 0.46835000000000004 0.148335 0.46835000000000004 0.148335 0.47599 0.15562499999999999 0.47599 0.15562499999999999 0.46835000000000004
10 0.72844 0.7326699999999999 0.7198 0.7326699999999999 0.7198 0.7399899999999999 0.72844 0.7399899999999999 0.72844 0.7326699999999999
10 0.55774 0.585185 0.5496800000000001 0.585185 0.5496800000000001 0.5935349999999999 0.55774 0.5935349999999999 0.55774 0.585185
10 0.49327 0.60778 0.48623000000000005 0.60778 0.48623000000000005 0.61488 0.49327 0.61488 0.49327 0.60778
10 0.67421 0.546165 0.66465 0.546165 0.66465 0.5553950000000001 0.67421 0.5553950000000001 0.67421 0.546165
10 0.26858499999999996 0.55617 0.254355 0.55617 0.254355 0.56687 0.26858499999999996 0.56687 0.26858499999999996 0.55617
10 0.276755 0.528515 0.264745 0.528515 0.264745 0.539845 0.276755 0.539845 0.276755 0.528515
10 0.950445 0.58412 0.9333349999999999 0.58412 0.9333349999999999 0.60046 0.950445 0.60046 0.950445 0.58412
10 0.7812 0.6736500000000001 0.77348 0.6736500000000001 0.77348 0.68181 0.7812 0.68181 0.7812 0.6736500000000001
10 0.653575 0.555605 0.646225 0.555605 0.646225 0.563535 0.653575 0.563535 0.653575 0.555605
10 0.8070700000000001 0.56917 0.79547 0.56917 0.79547 0.57829 0.8070700000000001 0.57829 0.8070700000000001 0.56917
10 0.9698249999999999 0.595015 0.9598549999999999 0.595015 0.9598549999999999 0.604205 0.9698249999999999 0.604205 0.9698249999999999 0.595015
10 0.8869450000000001 0.5840449999999999 0.876735 0.5840449999999999 0.876735 0.592715 0.8869450000000001 0.592715 0.8869450000000001 0.5840449999999999
10 0.05795 0.57133 0.04367 0.57133 0.04367 0.58589 0.05795 0.58589 0.05795 0.57133
10 0.32256 0.6879649999999999 0.31612 0.6879649999999999 0.31612 0.693875 0.32256 0.693875 0.32256 0.6879649999999999
10 0.52813 0.7162499999999999 0.5216700000000001 0.7162499999999999 0.5216700000000001 0.72321 0.52813 0.72321 0.52813 0.7162499999999999
10 0.364085 0.718245 0.357595 0.718245 0.357595 0.724135 0.364085 0.724135 0.364085 0.718245
10 0.91489 0.48808999999999997 0.88297 0.48808999999999997 0.88297 0.5167900000000001 0.91489 0.5167900000000001 0.91489 0.48808999999999997
10 0.203135 0.700415 0.194325 0.700415 0.194325 0.708765 0.203135 0.708765 0.203135 0.700415
10 0.62643 0.546925 0.5815699999999999 0.546925 0.5815699999999999 0.569295 0.62643 0.569295 0.62643 0.546925
10 0.9408899999999999 0.6159399999999999 0.93215 0.6159399999999999 0.93215 0.62528 0.9408899999999999 0.62528 0.9408899999999999 0.6159399999999999
10 0.574255 0.55458 0.541965 0.55458 0.541965 0.57042 0.574255 0.57042 0.574255 0.55458
10 0.75975 0.5334749999999999 0.74415 0.5334749999999999 0.74415 0.560285 0.75975 0.560285 0.75975 0.5334749999999999
10 0.467415 0.73223 0.44762500000000005 0.73223 0.44762500000000005 0.74629 0.467415 0.74629 0.467415 0.73223
10 0.7120599999999999 0.68398 0.70494 0.68398 0.70494 0.69102 0.7120599999999999 0.69102 0.7120599999999999 0.68398
10 0.763915 0.7443150000000001 0.754645 0.7443150000000001 0.754645 0.753725 0.763915 0.753725 0.763915 0.7443150000000001
10 0.8747550000000001 0.60291 0.859625 0.60291 0.859625 0.61487 0.8747550000000001 0.61487 0.8747550000000001 0.60291
9 0 0.645 0.11299999999999999 0.688 0.246 0.718 0.378 0.738 0.458 0.746 0.697 0.757 0.769 0.756 0.8480000000000001 0.739 0.9189999999999999 0.7110000000000001 0.999 0.653 0.999 0.568 0.9380000000000001 0.491 0.901 0.45899999999999996 0.868 0.44000000000000006 0.817 0.421 0.753 0.40499999999999997 0.62 0.393 0.40800000000000003 0.398 0.22799999999999998 0.421 0.08399999999999999 0.45199999999999996 0.006 0.47300000000000003 0 0.476 0 0.645