10 0.56714 0.45286 0.54428 0.45286 0.54428 0.485 0.56714 0.485 0.56714 0.45286
10 0.737345 0.42178000000000004 0.717735 0.42178000000000004 0.717735 0.44004000000000004 0.737345 0.44004000000000004 0.737345 0.42178000000000004
10 0.36606 0.64017 0.34928 0.64017 0.34928 0.65769 0.36606 0.65769 0.36606 0.64017
10 0.8401400000000001 0.4041 0.82392 0.4041 0.82392 0.41816000000000003 0.8401400000000001 0.41816000000000003 0.8401400000000001 0.4041
10 0.67027 0.629705 0.63539 0.629705 0.63539 0.6622950000000001 0.67027 0.6622950000000001 0.67027 0.629705
10 0.89011 0.471905 0.87259 0.471905 0.87259 0.487575 0.89011 0.487575 0.89011 0.471905
10 0.744505 0.51225 0.7310749999999999 0.51225 0.7310749999999999 0.52681 0.744505 0.52681 0.744505 0.51225
10 0.70862 0.55568 0.69372 0.55568 0.69372 0.5703 0.70862 0.5703 0.70862 0.55568
10 0.40658000000000005 0.41525 0.39127999999999996 0.41525 0.39127999999999996 0.42899000000000004 0.40658000000000005 0.42899000000000004 0.40658000000000005 0.41525
10 0.772475 0.573745 0.758785 0.573745 0.758785 0.585435 0.772475 0.585435 0.772475 0.573745
10 0.64446 0.506275 0.62996 0.506275 0.62996 0.521065 0.64446 0.521065 0.64446 0.506275
10 0.35272000000000003 0.49568 0.33136 0.49568 0.33136 0.51018 0.35272000000000003 0.51018 0.35272000000000003 0.49568
10 0.264195 0.44000000000000006 0.251425 0.44000000000000006 0.251425 0.45111999999999997 0.264195 0.45111999999999997 0.264195 0.44000000000000006
10 0.655215 0.5478 0.6367849999999999 0.5478 0.6367849999999999 0.56352 0.655215 0.56352 0.655215 0.5478
10 0.62724 0.481015 0.59736 0.481015 0.59736 0.501905 0.62724 0.501905 0.62724 0.481015
10 0.59836 0.566705 0.57938 0.566705 0.57938 0.586615 0.59836 0.586615 0.59836 0.566705
10 0.54436 0.49846500000000005 0.5269199999999999 0.49846500000000005 0.5269199999999999 0.513255 0.54436 0.513255 0.54436 0.49846500000000005
10 0.67123 0.409765 0.65495 0.409765 0.65495 0.42421499999999995 0.67123 0.42421499999999995 0.67123 0.409765
10 0.319895 0.46719 0.30706500000000003 0.46719 0.30706500000000003 0.47861000000000004 0.319895 0.47861000000000004 0.319895 0.46719
10 0.6727000000000001 0.59676 0.65444 0.59676 0.65444 0.62004 0.6727000000000001 0.62004 0.6727000000000001 0.59676
10 0.43813 0.59426 0.39879 0.59426 0.39879 0.62546 0.43813 0.62546 0.43813 0.59426
10 0.8792899999999999 0.50996 0.8668100000000001 0.50996 0.8668100000000001 0.52324 0.8792899999999999 0.52324 0.8792899999999999 0.50996
10 0.2204 0.464625 0.20026000000000002 0.464625 0.20026000000000002 0.478735 0.2204 0.478735 0.2204 0.464625
10 0.3136 0.44983000000000006 0.30164 0.44983000000000006 0.30164 0.46179 0.3136 0.46179 0.3136 0.44983000000000006
10 0.59775 0.38049 0.58097 0.38049 0.58097 0.39245 0.59775 0.39245 0.59775 0.38049
10 0.63009 0.43618499999999993 0.61015 0.43618499999999993 0.61015 0.449555 0.63009 0.449555 0.63009 0.43618499999999993
10 0.22222 0.535875 0.20772 0.535875 0.20772 0.546165 0.22222 0.546165 0.22222 0.535875
10 0.527575 0.677075 0.509525 0.677075 0.509525 0.691085 0.527575 0.691085 0.527575 0.677075
10 0.552975 0.5857249999999999 0.539805 0.5857249999999999 0.539805 0.5978749999999999 0.552975 0.5978749999999999 0.552975 0.5857249999999999
10 0.8367800000000001 0.550635 0.8194800000000001 0.550635 0.8194800000000001 0.565585 0.8367800000000001 0.565585 0.8367800000000001 0.550635
10 0.225875 0.440355 0.21186500000000003 0.440355 0.21186500000000003 0.453685 0.225875 0.453685 0.225875 0.440355
10 0.779685 0.510015 0.764255 0.510015 0.764255 0.523185 0.779685 0.523185 0.779685 0.510015
10 0.271035 0.57664 0.256805 0.57664 0.256805 0.58742 0.271035 0.58742 0.271035 0.57664
10 0.3079 0.600995 0.29708 0.600995 0.29708 0.610925 0.3079 0.610925 0.3079 0.600995
10 0.8761699999999999 0.621335 0.86211 0.621335 0.86211 0.6315850000000001 0.8761699999999999 0.6315850000000001 0.8761699999999999 0.621335
10 0.56435 0.689485 0.54697 0.689485 0.54697 0.7060150000000001 0.56435 0.7060150000000001 0.56435 0.689485
10 0.734715 0.63868 0.724265 0.63868 0.724265 0.64842 0.734715 0.64842 0.734715 0.63868
10 0.899595 0.5544800000000001 0.8845850000000001 0.5544800000000001 0.8845850000000001 0.5676 0.899595 0.5676 0.899595 0.5544800000000001
10 0.201205 0.46366500000000005 0.186255 0.46366500000000005 0.186255 0.477255 0.201205 0.477255 0.201205 0.46366500000000005
10 0.735975 0.5878099999999999 0.727885 0.5878099999999999 0.727885 0.59871 0.735975 0.59871 0.735975 0.5878099999999999
10 0.410235 0.5540499999999999 0.399825 0.5540499999999999 0.399825 0.56411 0.410235 0.56411 0.410235 0.5540499999999999
10 0.571915 0.6652 0.553085 0.6652 0.553085 0.68148 0.571915 0.68148 0.571915 0.6652
10 0.94791 0.49762000000000006 0.9309900000000001 0.49762000000000006 0.9309900000000001 0.50922 0.94791 0.50922 0.94791 0.49762000000000006
10 0.811595 0.641305 0.799725 0.641305 0.799725 0.652635 0.811595 0.652635 0.811595 0.641305
10 0.534075 0.518055 0.513785 0.518055 0.513785 0.532725 0.534075 0.532725 0.534075 0.518055
10 0.382645 0.43939500000000004 0.37077499999999997 0.43939500000000004 0.37077499999999997 0.44732500000000003 0.382645 0.44732500000000003 0.382645 0.43939500000000004
10 0.8115600000000001 0.45288500000000004 0.79782 0.45288500000000004 0.79782 0.465075 0.8115600000000001 0.465075 0.8115600000000001 0.45288500000000004
10 0.29314 0.45486000000000004 0.27033999999999997 0.45486000000000004 0.27033999999999997 0.47287999999999997 0.29314 0.47287999999999997 0.29314 0.45486000000000004
10 0.801905 0.49881000000000003 0.789895 0.49881000000000003 0.789895 0.51193 0.801905 0.51193 0.801905 0.49881000000000003
10 0.71133 0.498385 0.69493 0.498385 0.69493 0.513335 0.71133 0.513335 0.71133 0.498385
10 0.973605 0.641365 0.963895 0.641365 0.963895 0.649655 0.973605 0.649655 0.973605 0.641365
10 0.92942 0.552335 0.9143399999999999 0.552335 0.9143399999999999 0.562905 0.92942 0.562905 0.92942 0.552335
10 0.481985 0.662345 0.470155 0.662345 0.470155 0.6735949999999999 0.481985 0.6735949999999999 0.481985 0.662345
10 0.96013 0.468555 0.9441700000000001 0.468555 0.9441700000000001 0.479205 0.96013 0.479205 0.96013 0.468555
9 0 0.553 0.039 0.5549999999999999 0.05 0.553 0.087 0.534 0.101 0.537 0.189 0.617 0.255 0.657 0.292 0.67 0.324 0.6759999999999999 0.385 0.702 0.461 0.717 0.49400000000000005 0.72 0.601 0.7190000000000001 0.663 0.7110000000000001 0.7030000000000001 0.6980000000000001 0.9390000000000001 0.6679999999999999 0.999 0.671 0.999 0.386 0.9880000000000001 0.383 0.877 0.373 0.737 0.38 0.613 0.359 0.477 0.359 0.394 0.373 0.331 0.397 0.231 0.417 0.153 0.45899999999999996 0.053000000000000005 0.497 0.02 0.53 0 0.5429999999999999 0 0.553