10 0.315435 0.5964 0.266405 0.5964 0.266405 0.6390399999999999 0.315435 0.6390399999999999 0.315435 0.5964
10 0.58988 0.424735 0.5546599999999999 0.424735 0.5546599999999999 0.45564499999999997 0.58988 0.45564499999999997 0.58988 0.424735
10 0.422665 0.6450400000000001 0.39959500000000003 0.6450400000000001 0.39959500000000003 0.6674599999999999 0.422665 0.6674599999999999 0.422665 0.6450400000000001
10 0.33481 0.408115 0.31265 0.408115 0.31265 0.436605 0.33481 0.436605 0.33481 0.408115
10 0.5456000000000001 0.682705 0.52178 0.682705 0.52178 0.702055 0.5456000000000001 0.702055 0.5456000000000001 0.682705
10 0.808915 0.701605 0.760425 0.701605 0.760425 0.7329749999999999 0.808915 0.7329749999999999 0.808915 0.701605
10 0.407965 0.452405 0.383535 0.452405 0.383535 0.475335 0.407965 0.475335 0.407965 0.452405
10 0.14510499999999998 0.5621400000000001 0.12539499999999998 0.5621400000000001 0.12539499999999998 0.57848 0.14510499999999998 0.57848 0.14510499999999998 0.5621400000000001
10 0.9273300000000001 0.41508 0.90177 0.41508 0.90177 0.44088000000000005 0.9273300000000001 0.44088000000000005 0.9273300000000001 0.41508
10 0.694375 0.659815 0.6650050000000001 0.659815 0.6650050000000001 0.682965 0.694375 0.682965 0.694375 0.659815
10 0.5519000000000001 0.42853 0.51256 0.42853 0.51256 0.46649 0.5519000000000001 0.46649 0.5519000000000001 0.42853
10 0.3704 0.52084 0.3503 0.52084 0.3503 0.5406799999999999 0.3704 0.5406799999999999 0.3704 0.52084
10 0.483945 0.41861499999999996 0.458435 0.41861499999999996 0.458435 0.442225 0.483945 0.442225 0.483945 0.41861499999999996
10 0.50846 0.627335 0.48128000000000004 0.627335 0.48128000000000004 0.6500049999999999 0.50846 0.6500049999999999 0.50846 0.627335
10 0.42803500000000005 0.533095 0.40496499999999996 0.533095 0.40496499999999996 0.555765 0.42803500000000005 0.555765 0.42803500000000005 0.533095
10 0.28636 0.38106 0.26686 0.38106 0.26686 0.40115999999999996 0.28636 0.40115999999999996 0.28636 0.38106
10 0.182975 0.34068 0.156865 0.34068 0.156865 0.37124 0.182975 0.37124 0.182975 0.34068
10 0.30847 0.52562 0.28381 0.52562 0.28381 0.54958 0.30847 0.54958 0.30847 0.52562
10 0.65439 0.557105 0.59171 0.557105 0.59171 0.6157549999999999 0.65439 0.6157549999999999 0.65439 0.557105
10 0.2378 0.359055 0.21094 0.359055 0.21094 0.386065 0.2378 0.386065 0.2378 0.359055
10 0.390855 0.588875 0.360125 0.588875 0.360125 0.615225 0.390855 0.615225 0.390855 0.588875
10 0.8904949999999999 0.66003 0.865365 0.66003 0.865365 0.68373 0.8904949999999999 0.68373 0.8904949999999999 0.66003
10 0.40702 0.694385 0.38302 0.694385 0.38302 0.716755 0.40702 0.716755 0.40702 0.694385
10 0.433115 0.358305 0.39158499999999996 0.358305 0.39158499999999996 0.389735 0.433115 0.389735 0.433115 0.358305
10 0.8740349999999999 0.72495 0.8505649999999999 0.72495 0.8505649999999999 0.7457499999999999 0.8740349999999999 0.7457499999999999 0.8740349999999999 0.72495
10 0.371305 0.73299 0.339135 0.73299 0.339135 0.75919 0.371305 0.75919 0.371305 0.73299
10 0.9404 0.38262 0.91702 0.38262 0.91702 0.40546 0.9404 0.40546 0.9404 0.38262
10 0.50247 0.337005 0.48385 0.337005 0.48385 0.35635500000000003 0.50247 0.35635500000000003 0.50247 0.337005
10 0.29478 0.42621000000000003 0.27748 0.42621000000000003 0.27748 0.44878999999999997 0.29478 0.44878999999999997 0.29478 0.42621000000000003
10 0.8394199999999999 0.74238 0.8119400000000001 0.74238 0.8119400000000001 0.7693399999999999 0.8394199999999999 0.7693399999999999 0.8394199999999999 0.74238
10 0.27667 0.32776 0.25067 0.32776 0.25067 0.34606 0.27667 0.34606 0.27667 0.32776
10 0.8614649999999999 0.7892750000000001 0.8357950000000001 0.7892750000000001 0.8357950000000001 0.8113049999999999 0.8614649999999999 0.8113049999999999 0.8614649999999999 0.7892750000000001
10 0.546585 0.762375 0.515915 0.762375 0.515915 0.782545 0.546585 0.782545 0.546585 0.762375
10 0.67809 0.516435 0.65395 0.516435 0.65395 0.536305 0.67809 0.536305 0.67809 0.516435
10 0.41579499999999997 0.33138 0.396705 0.33138 0.396705 0.3483 0.41579499999999997 0.3483 0.41579499999999997 0.33138
10 0.73021 0.46852499999999997 0.70241 0.46852499999999997 0.70241 0.495335 0.73021 0.495335 0.73021 0.46852499999999997
10 0.856405 0.45776500000000003 0.8349949999999999 0.45776500000000003 0.8349949999999999 0.47435499999999997 0.856405 0.47435499999999997 0.856405 0.45776500000000003
10 0.9341900000000001 0.8025550000000001 0.91249 0.8025550000000001 0.91249 0.8175649999999999 0.9341900000000001 0.8175649999999999 0.9341900000000001 0.8025550000000001
10 0.65446 0.48726 0.63754 0.48726 0.63754 0.50542 0.65446 0.50542 0.65446 0.48726
10 0.49240500000000004 0.60183 0.473895 0.60183 0.473895 0.61985 0.49240500000000004 0.61985 0.49240500000000004 0.60183
10 0.8891500000000001 0.55847 0.87453 0.55847 0.87453 0.57043 0.8891500000000001 0.57043 0.8891500000000001 0.55847
10 1 0.8585649999999999 0.99124 0.8585649999999999 0.99124 0.8767950000000001 1 0.8767950000000001 1 0.8585649999999999
10 0.26362 0.6897800000000001 0.24664000000000003 0.6897800000000001 0.24664000000000003 0.7067 0.26362 0.7067 0.26362 0.6897800000000001
10 0.48592500000000005 0.36749 0.473055 0.36749 0.473055 0.37959 0.48592500000000005 0.37959 0.48592500000000005 0.36749
10 0.495385 0.27163 0.473855 0.27163 0.473855 0.28647 0.495385 0.28647 0.495385 0.27163
10 0.808535 0.59526 0.790105 0.59526 0.790105 0.60982 0.808535 0.60982 0.808535 0.59526
10 0.210525 0.47888000000000003 0.201575 0.47888000000000003 0.201575 0.48742 0.210525 0.48742 0.210525 0.47888000000000003
10 0.7114849999999999 0.54787 0.6976950000000001 0.54787 0.6976950000000001 0.55857 0.7114849999999999 0.55857 0.7114849999999999 0.54787
10 0.124075 0.61339 0.108585 0.61339 0.108585 0.62587 0.124075 0.62587 0.124075 0.61339
10 0.595865 0.515965 0.585775 0.515965 0.585775 0.526995 0.595865 0.526995 0.595865 0.515965
10 0.13281 0.519755 0.12475 0.519755 0.12475 0.5271250000000001 0.13281 0.5271250000000001 0.13281 0.519755
10 0.8556800000000001 0.83239 0.8191200000000001 0.83239 0.8191200000000001 0.85413 0.8556800000000001 0.85413 0.8556800000000001 0.83239
10 0.56291 0.512315 0.55331 0.512315 0.55331 0.523825 0.56291 0.523825 0.56291 0.512315
10 0.50471 0.5013650000000001 0.49333 0.5013650000000001 0.49333 0.510355 0.50471 0.510355 0.50471 0.5013650000000001
10 0.9529799999999999 0.52021 0.94156 0.52021 0.94156 0.52959 0.9529799999999999 0.52959 0.9529799999999999 0.52021
10 0.9162950000000001 0.5473 0.9059649999999999 0.5473 0.9059649999999999 0.5572 0.9162950000000001 0.5572 0.9162950000000001 0.5473
10 0.8153499999999999 0.381435 0.78621 0.381435 0.78621 0.407145 0.8153499999999999 0.407145 0.8153499999999999 0.381435
10 0.9175850000000001 0.31367 0.876355 0.31367 0.876355 0.33182999999999996 0.9175850000000001 0.33182999999999996 0.9175850000000001 0.31367
10 0.095515 0.5875250000000001 0.08502499999999999 0.5875250000000001 0.08502499999999999 0.598995 0.095515 0.598995 0.095515 0.5875250000000001
10 0.8014699999999999 0.292295 0.75225 0.292295 0.75225 0.307305 0.8014699999999999 0.307305 0.8014699999999999 0.292295
10 0.157475 0.418945 0.10742499999999999 0.418945 0.10742499999999999 0.447755 0.157475 0.447755 0.157475 0.418945
10 0.65665 0.405375 0.63631 0.405375 0.63631 0.416885 0.65665 0.416885 0.65665 0.405375
10 0.5860000000000001 0.7844800000000001 0.44916 0.7844800000000001 0.44916 0.80146 0.5860000000000001 0.80146 0.5860000000000001 0.7844800000000001
10 0.04924 0.371705 0.00636 0.371705 0.00636 0.40417500000000006 0.04924 0.40417500000000006 0.04924 0.371705
10 0.46025 0.50529 0.42061000000000004 0.50529 0.42061000000000004 0.54353 0.46025 0.54353 0.46025 0.50529
10 0.070775 0.426335 0.051425 0.426335 0.051425 0.5438850000000001 0.070775 0.5438850000000001 0.070775 0.426335
10 1 0.57686 0.848575 0.57686 0.848575 0.63896 1 0.63896 1 0.57686
9 0 0.414 0.034 0.484 0.053000000000000005 0.538 0.088 0.595 0.10600000000000001 0.619 0.16399999999999998 0.6799999999999999 0.196 0.7070000000000001 0.264 0.75 0.314 0.772 0.42400000000000004 0.792 0.682 0.799 0.8380000000000001 0.85 0.857 0.852 0.892 0.867 0.954 0.8800000000000001 0.999 0.884 0.999 0.348 0.9269999999999999 0.33399999999999996 0.8300000000000001 0.305 0.7769999999999999 0.296 0.724 0.29700000000000004 0.581 0.274 0.417 0.265 0.329 0.275 0.22999999999999998 0.294 0.12 0.337 0.048 0.378 0.023 0.388 0.004 0.388 0 0.39 0 0.414