10 0.741425 0.367145 0.7099949999999999 0.367145 0.7099949999999999 0.396435 0.741425 0.396435 0.741425 0.367145
10 0.665395 0.40998999999999997 0.6451450000000001 0.40998999999999997 0.6451450000000001 0.42887000000000003 0.665395 0.42887000000000003 0.665395 0.40998999999999997
10 0.8894399999999999 0.420835 0.86252 0.420835 0.86252 0.44000500000000003 0.8894399999999999 0.44000500000000003 0.8894399999999999 0.420835
10 0.68628 0.38521 0.65454 0.38521 0.65454 0.40580999999999995 0.68628 0.40580999999999995 0.68628 0.38521
10 0.581685 0.5383600000000001 0.557955 0.5383600000000001 0.557955 0.5573400000000001 0.581685 0.5573400000000001 0.581685 0.5383600000000001
10 0.588335 0.59518 0.565965 0.59518 0.565965 0.6128199999999999 0.588335 0.6128199999999999 0.588335 0.59518
10 0.51988 0.37632 0.50258 0.37632 0.50258 0.3937 0.51988 0.3937 0.51988 0.37632
10 0.59951 0.55165 0.58213 0.55165 0.58213 0.56457 0.59951 0.56457 0.59951 0.55165
10 0.19521 0.5657099999999999 0.17931 0.5657099999999999 0.17931 0.57883 0.19521 0.57883 0.19521 0.5657099999999999
10 0.5289550000000001 0.57234 0.5140049999999999 0.57234 0.5140049999999999 0.58684 0.5289550000000001 0.58684 0.5289550000000001 0.57234
10 0.14216 0.487605 0.11712 0.487605 0.11712 0.508495 0.14216 0.508495 0.14216 0.487605
10 0.0314 0.449765 0.0054 0.449765 0.0054 0.46967499999999995 0.0314 0.46967499999999995 0.0314 0.449765
10 0.78911 0.5256000000000001 0.76753 0.5256000000000001 0.76753 0.5496000000000001 0.78911 0.5496000000000001 0.78911 0.5256000000000001
10 0.458145 0.44467999999999996 0.444195 0.44467999999999996 0.444195 0.45816 0.458145 0.45816 0.458145 0.44467999999999996
10 0.09192 0.545345 0.07017999999999999 0.545345 0.07017999999999999 0.5581750000000001 0.09192 0.5581750000000001 0.09192 0.545345
10 0.38393 0.44175000000000003 0.35923 0.44175000000000003 0.35923 0.46645000000000003 0.38393 0.46645000000000003 0.38393 0.44175000000000003
10 0.244725 0.62718 0.21841499999999997 0.62718 0.21841499999999997 0.65016 0.244725 0.65016 0.244725 0.62718
10 0.60922 0.29557500000000003 0.57632 0.29557500000000003 0.57632 0.315745 0.60922 0.315745 0.60922 0.29557500000000003
10 0.41925 0.35469 0.38739 0.35469 0.38739 0.38212999999999997 0.41925 0.38212999999999997 0.41925 0.35469
10 0.121095 0.59265 0.10766500000000001 0.59265 0.10766500000000001 0.60461 0.121095 0.60461 0.121095 0.59265
10 0.65156 0.615735 0.62774 0.615735 0.62774 0.636225 0.65156 0.636225 0.65156 0.615735
10 0.165615 0.5253599999999999 0.15176499999999998 0.5253599999999999 0.15176499999999998 0.5371400000000001 0.165615 0.5371400000000001 0.165615 0.5253599999999999
10 0.026945000000000004 0.594325 0.011755 0.594325 0.011755 0.606855 0.026945000000000004 0.606855 0.026945000000000004 0.594325
10 0.201695 0.37700999999999996 0.115205 0.37700999999999996 0.115205 0.43011 0.201695 0.43011 0.201695 0.37700999999999996
10 0.55084 0.388495 0.51556 0.388495 0.51556 0.418145 0.55084 0.418145 0.55084 0.388495
10 0.038765 0.359135 0.023275 0.359135 0.023275 0.37426499999999996 0.038765 0.37426499999999996 0.038765 0.359135
10 0.32723 0.5623549999999999 0.31095 0.5623549999999999 0.31095 0.573385 0.32723 0.573385 0.32723 0.5623549999999999
10 0.5593899999999999 0.36121 0.53925 0.36121 0.53925 0.38245 0.5593899999999999 0.38245 0.5593899999999999 0.36121
10 0.7011000000000001 0.47295499999999996 0.6866 0.47295499999999996 0.6866 0.486025 0.7011000000000001 0.486025 0.7011000000000001 0.47295499999999996
10 0.40254500000000004 0.5057349999999999 0.350875 0.5057349999999999 0.350875 0.555785 0.40254500000000004 0.555785 0.40254500000000004 0.5057349999999999
10 0.6518849999999999 0.28874 0.620575 0.28874 0.620575 0.30842 0.6518849999999999 0.30842 0.6518849999999999 0.28874
10 0.09546 0.360115 0.08434 0.360115 0.08434 0.372305 0.09546 0.372305 0.09546 0.360115
10 0.9354150000000001 0.41448 0.922985 0.41448 0.922985 0.42438000000000003 0.9354150000000001 0.42438000000000003 0.9354150000000001 0.41448
10 0.171565 0.329715 0.14019500000000001 0.329715 0.14019500000000001 0.345085 0.171565 0.345085 0.171565 0.329715
10 0.50789 0.41981999999999997 0.49699 0.41981999999999997 0.49699 0.4293 0.50789 0.4293 0.50789 0.41981999999999997
10 0.876825 0.38598 0.8653549999999999 0.38598 0.8653549999999999 0.39576 0.876825 0.39576 0.876825 0.38598
10 0.11882999999999999 0.374125 0.10139000000000001 0.374125 0.10139000000000001 0.39637500000000003 0.11882999999999999 0.39637500000000003 0.11882999999999999 0.374125
10 0.29596 0.48179999999999995 0.24994 0.48179999999999995 0.24994 0.5055 0.29596 0.5055 0.29596 0.48179999999999995
10 0.318255 0.48276 0.30722499999999997 0.48276 0.30722499999999997 0.49282000000000004 0.318255 0.49282000000000004 0.318255 0.48276
10 0.143395 0.46543 0.13444499999999998 0.46543 0.13444499999999998 0.47549 0.143395 0.47549 0.143395 0.46543
10 0.8216950000000001 0.42150499999999996 0.810145 0.42150499999999996 0.810145 0.432495 0.8216950000000001 0.432495 0.8216950000000001 0.42150499999999996
10 0.342005 0.56342 0.312295 0.56342 0.312295 0.58014 0.342005 0.58014 0.342005 0.56342
10 0.36876000000000003 0.56426 0.35584 0.56426 0.35584 0.57636 0.36876000000000003 0.57636 0.36876000000000003 0.56426
10 0.868455 0.62508 0.8473649999999999 0.62508 0.8473649999999999 0.63468 0.868455 0.63468 0.868455 0.62508
10 0.5190349999999999 0.44572500000000004 0.511245 0.44572500000000004 0.511245 0.45417500000000005 0.5190349999999999 0.45417500000000005 0.5190349999999999 0.44572500000000004
10 0.6594949999999999 0.30929 0.650085 0.30929 0.650085 0.31863 0.6594949999999999 0.31863 0.6594949999999999 0.30929
10 0.39349500000000004 0.36985999999999997 0.375065 0.36985999999999997 0.375065 0.3821 0.39349500000000004 0.3821 0.39349500000000004 0.36985999999999997
10 0.6018749999999999 0.507025 0.592465 0.507025 0.592465 0.5173949999999999 0.6018749999999999 0.5173949999999999 0.6018749999999999 0.507025
10 0.65434 0.59517 0.6444799999999999 0.59517 0.6444799999999999 0.60503 0.65434 0.60503 0.65434 0.59517
10 0.5743400000000001 0.597705 0.56628 0.597705 0.56628 0.608355 0.5743400000000001 0.608355 0.5743400000000001 0.597705
10 0.46019 0.48751 0.45045 0.48751 0.45045 0.49541 0.46019 0.49541 0.46019 0.48751
10 0.85693 0.324525 0.8481500000000001 0.324525 0.8481500000000001 0.333195 0.85693 0.333195 0.85693 0.324525
9 0 0.607 0.005 0.612 0.052000000000000005 0.628 0.146 0.642 0.183 0.643 0.254 0.661 0.319 0.662 0.34900000000000003 0.659 0.363 0.653 0.43899999999999995 0.649 0.507 0.675 0.549 0.6809999999999999 0.5740000000000001 0.689 0.662 0.6799999999999999 0.6849999999999999 0.674 0.689 0.6679999999999999 0.6990000000000001 0.665 0.709 0.667 0.74 0.662 0.767 0.647 0.771 0.649 0.78 0.644 0.7849999999999999 0.647 0.787 0.657 0.8160000000000001 0.663 0.8230000000000001 0.674 0.833 0.6759999999999999 0.834 0.6809999999999999 0.841 0.683 0.8480000000000001 0.674 0.852 0.6559999999999999 0.8630000000000001 0.64 0.908 0.651 0.932 0.6519999999999999 0.9650000000000001 0.663 0.982 0.6599999999999999 0.986 0.666 0.999 0.667 0.999 0.38 0.909 0.339 0.8220000000000001 0.308 0.74 0.301 0.689 0.29100000000000004 0.649 0.28900000000000003 0.583 0.294 0.479 0.284 0.348 0.286 0.303 0.292 0.254 0.306 0.215 0.309 0.098 0.296 0.003 0.277 0 0.277 0 0.607