10 0.63698 0.5124 0.5744 0.5124 0.5744 0.5510200000000001 0.63698 0.5510200000000001 0.63698 0.5124
10 0.28889 0.528975 0.26141000000000003 0.528975 0.26141000000000003 0.5530649999999999 0.28889 0.5530649999999999 0.28889 0.528975
10 0.2464 0.53017 0.22064 0.53017 0.22064 0.5479499999999999 0.2464 0.5479499999999999 0.2464 0.53017
10 0.7486900000000001 0.366615 0.7073699999999999 0.366615 0.7073699999999999 0.395105 0.7486900000000001 0.395105 0.7486900000000001 0.366615
10 0.913235 0.532575 0.874845 0.532575 0.874845 0.558245 0.913235 0.558245 0.913235 0.532575
10 0.507815 0.501845 0.478505 0.501845 0.478505 0.524515 0.507815 0.524515 0.507815 0.501845
10 0.847255 0.273515 0.814845 0.273515 0.814845 0.298265 0.847255 0.298265 0.847255 0.273515
10 0.850795 0.58519 0.818145 0.58519 0.818145 0.60817 0.850795 0.60817 0.850795 0.58519
10 0.413925 0.589705 0.380015 0.589705 0.380015 0.611475 0.413925 0.611475 0.413925 0.589705
10 0.93699 0.4803 0.90579 0.4803 0.90579 0.5031 0.93699 0.5031 0.93699 0.4803
10 0.5425099999999999 0.380905 0.50925 0.380905 0.50925 0.411575 0.5425099999999999 0.411575 0.5425099999999999 0.380905
10 0.72392 0.6144000000000001 0.68916 0.6144000000000001 0.68916 0.6317 0.72392 0.6317 0.72392 0.6144000000000001
10 0.26813 0.493415 0.24457 0.493415 0.24457 0.508545 0.26813 0.508545 0.26813 0.493415
10 0.78145 0.55058 0.75469 0.55058 0.75469 0.5715 0.78145 0.5715 0.78145 0.55058
10 0.349335 0.34158499999999997 0.316685 0.34158499999999997 0.316685 0.373755 0.349335 0.373755 0.349335 0.34158499999999997
10 0.36767 0.490935 0.34619 0.490935 0.34619 0.5051650000000001 0.36767 0.5051650000000001 0.36767 0.490935
10 0.5990800000000001 0.471405 0.57866 0.471405 0.57866 0.486595 0.5990800000000001 0.486595 0.5990800000000001 0.471405
10 0.61018 0.600485 0.57536 0.600485 0.57536 0.625095 0.61018 0.625095 0.61018 0.600485
10 0.22380499999999998 0.30818 0.189775 0.30818 0.189775 0.3388 0.22380499999999998 0.3388 0.22380499999999998 0.30818
10 0.986455 0.611195 0.958865 0.611195 0.958865 0.629045 0.986455 0.629045 0.986455 0.611195
10 0.549485 0.268515 0.513995 0.268515 0.513995 0.292025 0.549485 0.292025 0.549485 0.268515
10 0.610965 0.30647 0.578495 0.30647 0.578495 0.32391000000000003 0.610965 0.32391000000000003 0.610965 0.30647
10 0.9664300000000001 0.57385 0.93103 0.57385 0.93103 0.59509 0.9664300000000001 0.59509 0.9664300000000001 0.57385
10 0.807825 0.20413 0.778115 0.20413 0.778115 0.22799 0.807825 0.22799 0.807825 0.20413
10 0.24181 0.28163 0.22010999999999997 0.28163 0.22010999999999997 0.30235 0.24181 0.30235 0.24181 0.28163
10 0.9848950000000001 0.29382 0.953585 0.29382 0.953585 0.31556 0.9848950000000001 0.31556 0.9848950000000001 0.29382
10 0.58141 0.331015 0.55335 0.331015 0.55335 0.350625 0.58141 0.350625 0.58141 0.331015
10 0.653025 0.654285 0.617475 0.654285 0.617475 0.678715 0.653025 0.678715 0.653025 0.654285
10 0.16782999999999998 0.43648999999999993 0.14003000000000002 0.43648999999999993 0.14003000000000002 0.46341 0.16782999999999998 0.46341 0.16782999999999998 0.43648999999999993
10 0.12151 0.50331 0.09870999999999999 0.50331 0.09870999999999999 0.52501 0.12151 0.52501 0.12151 0.50331
10 0.375315 0.55789 0.355145 0.55789 0.355145 0.58175 0.375315 0.58175 0.375315 0.55789
10 0.38924 0.211775 0.36368 0.211775 0.36368 0.234025 0.38924 0.234025 0.38924 0.211775
10 0.86105 0.47670500000000005 0.8293699999999999 0.47670500000000005 0.8293699999999999 0.499375 0.86105 0.499375 0.86105 0.47670500000000005
10 0.42255000000000004 0.41432 0.39385 0.41432 0.39385 0.43626 0.42255000000000004 0.43626 0.42255000000000004 0.41432
10 0.33649 0.410605 0.30901 0.410605 0.30901 0.430215 0.33649 0.430215 0.33649 0.410605
10 0.9243499999999999 0.64795 0.89987 0.64795 0.89987 0.6655300000000001 0.9243499999999999 0.6655300000000001 0.9243499999999999 0.64795
10 0.53652 0.24555 0.51134 0.24555 0.51134 0.26227 0.53652 0.26227 0.53652 0.24555
10 0.50789 0.63861 0.47404999999999997 0.63861 0.47404999999999997 0.66119 0.50789 0.66119 0.50789 0.63861
10 0.20629499999999998 0.35636 0.179685 0.35636 0.179685 0.39072 0.20629499999999998 0.39072 0.20629499999999998 0.35636
10 0.88545 0.138105 0.86065 0.138105 0.86065 0.159755 0.88545 0.159755 0.88545 0.138105
10 0.67165 0.35056 0.64769 0.35056 0.64769 0.3848 0.67165 0.3848 0.67165 0.35056
10 0.45354 0.36923 0.42291999999999996 0.36923 0.42291999999999996 0.38615 0.45354 0.38615 0.45354 0.36923
10 0.9993449999999999 0.374685 0.955735 0.374685 0.955735 0.417315 0.9993449999999999 0.417315 0.9993449999999999 0.374685
10 0.047375 0.474695 0.014904999999999998 0.474695 0.014904999999999998 0.496985 0.047375 0.496985 0.047375 0.474695
10 0.4968 0.4006 0.47196 0.4006 0.47196 0.42313999999999996 0.4968 0.42313999999999996 0.4968 0.4006
10 0.11611 0.45749000000000006 0.09873 0.45749000000000006 0.09873 0.47512999999999994 0.11611 0.47512999999999994 0.11611 0.45749000000000006
10 0.39625499999999997 0.48529 0.381585 0.48529 0.381585 0.5020100000000001 0.39625499999999997 0.5020100000000001 0.39625499999999997 0.48529
10 0.16273500000000002 0.37218 0.128765 0.37218 0.128765 0.41396 0.16273500000000002 0.41396 0.16273500000000002 0.37218
10 0.48983999999999994 0.347145 0.47306 0.347145 0.47306 0.362815 0.48983999999999994 0.362815 0.48983999999999994 0.347145
10 0.18046 0.551855 0.16158 0.551855 0.16158 0.567285 0.18046 0.567285 0.18046 0.551855
10 0.99204 0.14562999999999998 0.9610799999999999 0.14562999999999998 0.9610799999999999 0.18079 0.99204 0.18079 0.99204 0.14562999999999998
10 0.9668599999999999 0.45201 0.94428 0.45201 0.94428 0.46791 0.9668599999999999 0.46791 0.9668599999999999 0.45201
10 0.6296700000000001 0.4185 0.60275 0.4185 0.60275 0.43844000000000005 0.6296700000000001 0.43844000000000005 0.6296700000000001 0.4185
10 0.096065 0.41665 0.083495 0.41665 0.083495 0.42857 0.096065 0.42857 0.096065 0.41665
9 0.02 0.5469999999999999 0.024 0.554 0.037 0.562 0.251 0.616 0.40800000000000003 0.64 0.45499999999999996 0.654 0.571 0.679 0.7849999999999999 0.7030000000000001 0.9269999999999999 0.7030000000000001 0.999 0.6950000000000001 0.999 0.126 0.826 0.122 0.588 0.134 0.47300000000000003 0.156 0.392 0.18 0.34199999999999997 0.20099999999999998 0.261 0.244 0.184 0.29300000000000004 0.158 0.314 0.10900000000000001 0.364 0.045 0.45599999999999996 0.002 0.502 0.005 0.519 0 0.54 0.009 0.5469999999999999 0.02 0.5469999999999999