10 0.242855 0.278575 0.21142500000000003 0.278575 0.21142500000000003 0.309285 0.242855 0.309285 0.242855 0.278575
10 0.285875 0.185735 0.266865 0.185735 0.266865 0.201225 0.285875 0.201225 0.285875 0.185735
10 0.539095 0.220905 0.515585 0.220905 0.515585 0.24199500000000002 0.539095 0.24199500000000002 0.539095 0.220905
10 0.441395 0.23088000000000003 0.428725 0.23088000000000003 0.428725 0.24226 0.441395 0.24226 0.441395 0.23088000000000003
10 0.44747000000000003 0.245195 0.43291 0.245195 0.43291 0.255285 0.44747000000000003 0.255285 0.44747000000000003 0.245195
10 0.7102299999999999 0.44753 0.69407 0.44753 0.69407 0.46457 0.7102299999999999 0.46457 0.7102299999999999 0.44753
10 0.53217 0.401785 0.51275 0.401785 0.51275 0.420475 0.53217 0.420475 0.53217 0.401785
10 0.59364 0.477885 0.58116 0.477885 0.58116 0.489895 0.59364 0.489895 0.59364 0.477885
10 0.605275 0.415365 0.593945 0.415365 0.593945 0.426915 0.605275 0.426915 0.605275 0.415365
10 0.681825 0.49717500000000003 0.668755 0.49717500000000003 0.668755 0.508685 0.681825 0.508685 0.681825 0.49717500000000003
10 0.55779 0.23135 0.5359700000000001 0.23135 0.5359700000000001 0.25059 0.55779 0.25059 0.55779 0.23135
10 0.48028000000000004 0.38766500000000004 0.46406000000000003 0.38766500000000004 0.46406000000000003 0.402855 0.48028000000000004 0.402855 0.48028000000000004 0.38766500000000004
10 0.8362299999999999 0.431475 0.8190500000000001 0.431475 0.8190500000000001 0.44400500000000004 0.8362299999999999 0.44400500000000004 0.8362299999999999 0.431475
10 0.95023 0.441425 0.93649 0.441425 0.93649 0.45311500000000005 0.95023 0.45311500000000005 0.95023 0.441425
10 0.23329499999999997 0.454845 0.217625 0.454845 0.217625 0.467515 0.23329499999999997 0.467515 0.23329499999999997 0.454845
10 0.8509249999999999 0.41332 0.837555 0.41332 0.837555 0.42750000000000005 0.8509249999999999 0.42750000000000005 0.8509249999999999 0.41332
10 0.6714249999999999 0.43211000000000005 0.656695 0.43211000000000005 0.656695 0.44435 0.6714249999999999 0.44435 0.6714249999999999 0.43211000000000005
10 0.645095 0.496765 0.633225 0.496765 0.633225 0.512015 0.645095 0.512015 0.645095 0.496765
10 0.625985 0.5417 0.612295 0.5417 0.612295 0.55498 0.625985 0.55498 0.625985 0.5417
10 0.028625 0.46365 0.008555 0.46365 0.008555 0.47676999999999997 0.028625 0.47676999999999997 0.028625 0.46365
10 0.63045 0.38410500000000003 0.61467 0.38410500000000003 0.61467 0.397635 0.63045 0.397635 0.63045 0.38410500000000003
10 0.93517 0.52296 0.91541 0.52296 0.91541 0.5415 0.93517 0.5415 0.93517 0.52296
10 0.98994 0.46409 0.9778399999999999 0.46409 0.9778399999999999 0.47731 0.98994 0.47731 0.98994 0.46409
10 0.41662 0.188855 0.40465999999999996 0.188855 0.40465999999999996 0.201045 0.41662 0.201045 0.41662 0.188855
10 0.9612450000000001 0.5047550000000001 0.943055 0.5047550000000001 0.943055 0.515745 0.9612450000000001 0.515745 0.9612450000000001 0.5047550000000001
10 0.48911 0.53645 0.47133 0.53645 0.47133 0.55241 0.48911 0.55241 0.48911 0.53645
10 0.53545 0.54072 0.5192300000000001 0.54072 0.5192300000000001 0.55694 0.53545 0.55694 0.53545 0.54072
10 0.32552 0.40486500000000003 0.31022 0.40486500000000003 0.31022 0.41739499999999996 0.32552 0.41739499999999996 0.32552 0.40486500000000003
10 0.880195 0.559015 0.861025 0.559015 0.861025 0.573805 0.880195 0.573805 0.880195 0.559015
10 0.89107 0.5465150000000001 0.8794299999999999 0.5465150000000001 0.8794299999999999 0.5579850000000001 0.89107 0.5579850000000001 0.89107 0.5465150000000001
10 0.75181 0.55924 0.73257 0.55924 0.73257 0.57358 0.75181 0.57358 0.75181 0.55924
10 0.456125 0.298165 0.435475 0.298165 0.435475 0.313655 0.456125 0.313655 0.456125 0.298165
10 0.88873 0.45203 0.8720100000000001 0.45203 0.8720100000000001 0.46593 0.88873 0.46593 0.88873 0.45203
10 0.24590499999999998 0.54131 0.230655 0.54131 0.230655 0.55537 0.24590499999999998 0.55537 0.24590499999999998 0.54131
10 0.734845 0.43127000000000004 0.721215 0.43127000000000004 0.721215 0.45007 0.734845 0.45007 0.734845 0.43127000000000004
10 0.795575 0.55094 0.777665 0.55094 0.777665 0.56624 0.795575 0.56624 0.795575 0.55094
10 0.06441 0.49332000000000004 0.04807 0.49332000000000004 0.04807 0.5057 0.06441 0.5057 0.06441 0.49332000000000004
10 0.272065 0.43467500000000003 0.258215 0.43467500000000003 0.258215 0.448625 0.272065 0.448625 0.272065 0.43467500000000003
10 0.21309999999999998 0.40828499999999995 0.20194 0.40828499999999995 0.20194 0.418375 0.21309999999999998 0.418375 0.21309999999999998 0.40828499999999995
10 0.38229 0.382745 0.37113 0.382745 0.37113 0.392155 0.38229 0.392155 0.38229 0.382745
10 0.39582 0.44734999999999997 0.37078 0.44734999999999997 0.37078 0.46623000000000003 0.39582 0.46623000000000003 0.39582 0.44734999999999997
10 0.66028 0.38692000000000004 0.64832 0.38692000000000004 0.64832 0.39774 0.66028 0.39774 0.66028 0.38692000000000004
10 0.363225 0.207455 0.356015 0.207455 0.356015 0.21466500000000002 0.363225 0.21466500000000002 0.363225 0.207455
9 0 0.503 0.034999999999999996 0.517 0.099 0.521 0.189 0.549 0.279 0.5690000000000001 0.393 0.579 0.442 0.587 0.508 0.583 0.5940000000000001 0.593 0.741 0.579 0.8480000000000001 0.579 0.933 0.562 0.999 0.554 0.999 0.344 0.984 0.357 0.873 0.364 0.8039999999999999 0.362 0.763 0.351 0.732 0.33599999999999997 0.708 0.31 0.683 0.29900000000000004 0.666 0.286 0.633 0.28900000000000003 0.61 0.27999999999999997 0.581 0.22200000000000003 0.5820000000000001 0.199 0.5740000000000001 0.192 0.583 0.185 0.5730000000000001 0.17099999999999999 0.5730000000000001 0.161 0.567 0.154 0.5519999999999999 0.148 0.43099999999999994 0.146 0.341 0.153 0.185 0.184 0.134 0.20099999999999998 0.095 0.22200000000000003 0.013000000000000001 0.24700000000000003 0 0.255 0 0.503