10 0.321415 0.34014500000000003 0.283005 0.34014500000000003 0.283005 0.373115 0.321415 0.373115 0.321415 0.34014500000000003
10 0.3507 0.46697 0.3324 0.46697 0.3324 0.48665 0.3507 0.48665 0.3507 0.46697
10 0.8319050000000001 0.49693 0.812635 0.49693 0.812635 0.51283 0.8319050000000001 0.51283 0.8319050000000001 0.49693
10 0.427315 0.27371500000000004 0.40862499999999996 0.27371500000000004 0.40862499999999996 0.290245 0.427315 0.290245 0.427315 0.27371500000000004
10 0.56983 0.290565 0.54931 0.290565 0.54931 0.307095 0.56983 0.307095 0.56983 0.290565
10 0.27136 0.387745 0.25306 0.387745 0.25306 0.40961499999999995 0.27136 0.40961499999999995 0.27136 0.387745
10 0.149925 0.41900000000000004 0.13547499999999998 0.41900000000000004 0.13547499999999998 0.4306 0.149925 0.4306 0.149925 0.41900000000000004
10 0.51985 0.397915 0.50261 0.397915 0.50261 0.41214500000000004 0.51985 0.41214500000000004 0.51985 0.397915
10 0.061385 0.44172500000000003 0.046595 0.44172500000000003 0.046595 0.455255 0.061385 0.455255 0.061385 0.44172500000000003
10 0.43996500000000005 0.5170600000000001 0.418435 0.5170600000000001 0.418435 0.5307999999999999 0.43996500000000005 0.5307999999999999 0.43996500000000005 0.5170600000000001
10 0.719005 0.43939500000000004 0.6979949999999999 0.43939500000000004 0.6979949999999999 0.457585 0.719005 0.457585 0.719005 0.43939500000000004
10 0.83626 0.519895 0.8190200000000001 0.519895 0.8190200000000001 0.5308849999999999 0.83626 0.5308849999999999 0.83626 0.519895
10 0.36179 0.30163 0.34475 0.30163 0.34475 0.32435 0.36179 0.32435 0.36179 0.30163
10 0.45223500000000005 0.31046 0.43058500000000005 0.31046 0.43058500000000005 0.32724000000000003 0.45223500000000005 0.32724000000000003 0.45223500000000005 0.31046
10 0.47713 0.345445 0.45989 0.345445 0.45989 0.362555 0.47713 0.362555 0.47713 0.345445
10 0.62976 0.25156 0.5850799999999999 0.25156 0.5850799999999999 0.27480000000000004 0.62976 0.27480000000000004 0.62976 0.25156
10 0.610225 0.469305 0.595835 0.469305 0.595835 0.482835 0.610225 0.482835 0.610225 0.469305
10 0.8253999999999999 0.54339 0.8054600000000001 0.54339 0.8054600000000001 0.56111 0.8253999999999999 0.56111 0.8253999999999999 0.54339
10 0.234265 0.412545 0.22301500000000002 0.412545 0.22301500000000002 0.42437500000000006 0.234265 0.42437500000000006 0.234265 0.412545
10 0.127035 0.41459999999999997 0.112585 0.41459999999999997 0.112585 0.42866 0.127035 0.42866 0.127035 0.41459999999999997
10 0.65002 0.40232 0.63026 0.40232 0.63026 0.42336 0.65002 0.42336 0.65002 0.40232
10 0.68269 0.296315 0.66691 0.296315 0.66691 0.311105 0.68269 0.311105 0.68269 0.296315
10 0.14191499999999999 0.49627999999999994 0.11980500000000001 0.49627999999999994 0.11980500000000001 0.51056 0.14191499999999999 0.51056 0.14191499999999999 0.49627999999999994
10 0.550655 0.475855 0.536265 0.475855 0.536265 0.48996500000000004 0.550655 0.48996500000000004 0.550655 0.475855
10 0.42295999999999995 0.30855 0.40224000000000004 0.30855 0.40224000000000004 0.32865 0.42295999999999995 0.32865 0.42295999999999995 0.30855
10 0.63127 0.356375 0.61677 0.356375 0.61677 0.369205 0.63127 0.369205 0.63127 0.356375
10 0.30837 0.315585 0.29514999999999997 0.315585 0.29514999999999997 0.328955 0.30837 0.328955 0.30837 0.315585
10 0.426285 0.36094 0.413555 0.36094 0.413555 0.37442000000000003 0.426285 0.37442000000000003 0.426285 0.36094
10 0.243675 0.27251 0.22824499999999998 0.27251 0.22824499999999998 0.28853 0.243675 0.28853 0.243675 0.27251
10 0.32055500000000003 0.55454 0.305425 0.55454 0.305425 0.5646 0.32055500000000003 0.5646 0.32055500000000003 0.55454
10 0.44827500000000003 0.357085 0.43404499999999996 0.357085 0.43404499999999996 0.370455 0.44827500000000003 0.370455 0.44827500000000003 0.357085
10 0.060724999999999994 0.54717 0.048095 0.54717 0.048095 0.5582900000000001 0.060724999999999994 0.5582900000000001 0.060724999999999994 0.54717
10 0.43947 0.390245 0.42723000000000005 0.390245 0.42723000000000005 0.408095 0.43947 0.408095 0.43947 0.390245
10 0.19389499999999998 0.370015 0.18184499999999998 0.370015 0.18184499999999998 0.380465 0.19389499999999998 0.380465 0.19389499999999998 0.370015
10 0.33141 0.3934 0.31557 0.3934 0.31557 0.41032 0.33141 0.41032 0.33141 0.3934
10 0.323015 0.524825 0.31028500000000003 0.524825 0.31028500000000003 0.536695 0.323015 0.536695 0.323015 0.524825
10 0.26056 0.45719000000000004 0.24628 0.45719000000000004 0.24628 0.47397 0.26056 0.47397 0.26056 0.45719000000000004
10 0.5732700000000001 0.43407999999999997 0.54001 0.43407999999999997 0.54001 0.45654000000000006 0.5732700000000001 0.45654000000000006 0.5732700000000001 0.43407999999999997
10 0.291435 0.5471250000000001 0.275945 0.5471250000000001 0.275945 0.5573750000000001 0.291435 0.5573750000000001 0.291435 0.5471250000000001
10 0.28312499999999996 0.297645 0.271075 0.297645 0.271075 0.31027499999999997 0.28312499999999996 0.31027499999999997 0.28312499999999996 0.297645
10 0.7179599999999999 0.408605 0.68926 0.408605 0.68926 0.42929500000000004 0.7179599999999999 0.42929500000000004 0.7179599999999999 0.408605
10 0.180935 0.46635 0.165985 0.46635 0.165985 0.48091 0.180935 0.48091 0.180935 0.46635
10 0.7314 0.535625 0.7158599999999999 0.535625 0.7158599999999999 0.554215 0.7314 0.554215 0.7314 0.535625
10 1 0.370875 0.9856149999999999 0.370875 0.9856149999999999 0.397685 1 0.397685 1 0.370875
10 0.369745 0.360175 0.354375 0.360175 0.354375 0.373705 0.369745 0.373705 0.369745 0.360175
10 0.23172500000000001 0.31956 0.217495 0.31956 0.217495 0.33572 0.23172500000000001 0.33572 0.23172500000000001 0.31956
10 0.14451 0.330145 0.13503 0.330145 0.13503 0.34075500000000003 0.14451 0.34075500000000003 0.14451 0.330145
10 0.26737500000000003 0.5226149999999999 0.255085 0.5226149999999999 0.255085 0.532065 0.26737500000000003 0.532065 0.26737500000000003 0.5226149999999999
10 0.517305 0.27728 0.495395 0.27728 0.495395 0.294 0.517305 0.294 0.517305 0.27728
10 0.49078 0.5439 0.47456 0.5439 0.47456 0.55278 0.49078 0.55278 0.49078 0.5439
10 0.597835 0.481235 0.5193450000000001 0.481235 0.5193450000000001 0.5422049999999999 0.597835 0.5422049999999999 0.597835 0.481235
10 0.55011 0.24616 0.5299699999999999 0.24616 0.5299699999999999 0.2636 0.55011 0.2636 0.55011 0.24616
10 0.22909000000000002 0.365135 0.21793 0.365135 0.21793 0.375585 0.22909000000000002 0.375585 0.22909000000000002 0.365135
10 0.37287499999999996 0.544825 0.361005 0.544825 0.361005 0.553815 0.37287499999999996 0.553815 0.37287499999999996 0.544825
10 0.645875 0.57622 0.5250250000000001 0.57622 0.5250250000000001 0.61714 0.645875 0.61714 0.645875 0.57622
10 0.030815 0.52358 0.015565 0.52358 0.015565 0.53306 0.030815 0.53306 0.030815 0.52358
10 0.387575 0.46715999999999996 0.370725 0.46715999999999996 0.370725 0.47668 0.387575 0.47668 0.387575 0.46715999999999996
10 0.76493 0.323975 0.74581 0.323975 0.74581 0.339105 0.76493 0.339105 0.76493 0.323975
10 0.631285 0.38981499999999997 0.615795 0.38981499999999997 0.615795 0.40168499999999996 0.631285 0.40168499999999996 0.631285 0.38981499999999997
10 0.40014500000000003 0.5435800000000001 0.38941499999999996 0.5435800000000001 0.38941499999999996 0.5530999999999999 0.40014500000000003 0.5530999999999999 0.40014500000000003 0.5435800000000001
10 0.23617 0.56057 0.22452999999999998 0.56057 0.22452999999999998 0.56931 0.23617 0.56931 0.23617 0.56057
10 0.06516 0.313305 0.05214 0.313305 0.05214 0.326835 0.06516 0.326835 0.06516 0.313305
10 0.76942 0.482525 0.75108 0.482525 0.75108 0.504295 0.76942 0.504295 0.76942 0.482525
10 0.02521 0.45641999999999994 0.00553 0.45641999999999994 0.00553 0.47131999999999996 0.02521 0.47131999999999996 0.02521 0.45641999999999994
10 0.9507450000000001 0.49457000000000007 0.936955 0.49457000000000007 0.936955 0.5054299999999999 0.9507450000000001 0.5054299999999999 0.9507450000000001 0.49457000000000007
10 0.8331899999999999 0.429355 0.7957099999999999 0.429355 0.7957099999999999 0.45198499999999997 0.8331899999999999 0.45198499999999997 0.8331899999999999 0.429355
10 0.88666 0.306495 0.8487 0.306495 0.8487 0.320945 0.88666 0.320945 0.88666 0.306495
9 0 0.572 0.071 0.591 0.147 0.5940000000000001 0.209 0.5860000000000001 0.267 0.599 0.307 0.601 0.365 0.613 0.40499999999999997 0.614 0.465 0.609 0.572 0.616 0.583 0.62 0.6839999999999999 0.608 0.708 0.612 0.75 0.61 0.8029999999999999 0.597 0.861 0.5730000000000001 0.9029999999999999 0.563 0.974 0.529 0.977 0.519 0.97 0.492 0.9869999999999999 0.461 0.993 0.45499999999999996 0.999 0.457 0.999 0.29700000000000004 0.9730000000000001 0.29300000000000004 0.945 0.303 0.873 0.31 0.8300000000000001 0.29700000000000004 0.8300000000000001 0.294 0.795 0.28700000000000003 0.728 0.265 0.611 0.24500000000000002 0.47800000000000004 0.23399999999999999 0.301 0.24900000000000003 0.129 0.288 0.062 0.312 0.007000000000000001 0.33799999999999997 0 0.344 0 0.572