10 0.24344000000000002 0.134395 0.1764 0.134395 0.1764 0.190905 0.24344000000000002 0.190905 0.24344000000000002 0.134395
10 0.5658000000000001 0.23818 0.53576 0.23818 0.53576 0.2584 0.5658000000000001 0.2584 0.5658000000000001 0.23818
10 0.276275 0.327175 0.233005 0.327175 0.233005 0.366665 0.276275 0.366665 0.276275 0.327175
10 0.46313000000000004 0.29156499999999996 0.42651000000000006 0.29156499999999996 0.42651000000000006 0.32855500000000004 0.46313000000000004 0.32855500000000004 0.46313000000000004 0.29156499999999996
10 0.42487 0.18258000000000002 0.39203 0.18258000000000002 0.39203 0.20706000000000002 0.42487 0.20706000000000002 0.42487 0.18258000000000002
10 0.67255 0.24331999999999998 0.53937 0.24331999999999998 0.53937 0.32602000000000003 0.67255 0.32602000000000003 0.67255 0.24331999999999998
10 0.7537849999999999 0.60739 0.7178950000000001 0.60739 0.7178950000000001 0.64261 0.7537849999999999 0.64261 0.7537849999999999 0.60739
10 0.68684 0.624015 0.6618 0.624015 0.6618 0.6533249999999999 0.68684 0.6533249999999999 0.68684 0.624015
10 0.51472 0.6260049999999999 0.47746000000000005 0.6260049999999999 0.47746000000000005 0.6542749999999999 0.51472 0.6542749999999999 0.51472 0.6260049999999999
10 0.6636949999999999 0.6899 0.6204850000000001 0.6899 0.6204850000000001 0.7271 0.6636949999999999 0.7271 0.6636949999999999 0.6899
10 0.17977 0.614135 0.14933000000000002 0.614135 0.14933000000000002 0.645625 0.17977 0.645625 0.17977 0.614135
10 0.179865 0.30836 0.159495 0.30836 0.159495 0.3269 0.179865 0.3269 0.179865 0.30836
10 0.8752150000000001 0.41498 0.8425649999999999 0.41498 0.8425649999999999 0.44782 0.8752150000000001 0.44782 0.8752150000000001 0.41498
10 0.32819 0.364125 0.30315 0.364125 0.30315 0.39027500000000004 0.32819 0.39027500000000004 0.32819 0.364125
10 0.037559999999999996 0.43416 0.0109 0.43416 0.0109 0.46281999999999995 0.037559999999999996 0.46281999999999995 0.037559999999999996 0.43416
10 0.221205 0.42945500000000003 0.192615 0.42945500000000003 0.192615 0.45336499999999996 0.221205 0.45336499999999996 0.221205 0.42945500000000003
10 0.30061 0.5340550000000001 0.27313 0.5340550000000001 0.27313 0.565545 0.30061 0.565545 0.30061 0.5340550000000001
10 0.3568 0.8178300000000001 0.3346 0.8178300000000001 0.3346 0.83843 0.3568 0.83843 0.3568 0.8178300000000001
10 0.024460000000000003 0.111815 0.00938 0.111815 0.00938 0.128665 0.024460000000000003 0.128665 0.024460000000000003 0.111815
10 0.30217499999999997 0.622235 0.28180499999999997 0.622235 0.28180499999999997 0.642405 0.30217499999999997 0.642405 0.30217499999999997 0.622235
10 0.04239 0.7448 0.01235 0.7448 0.01235 0.7698400000000001 0.04239 0.7698400000000001 0.04239 0.7448
10 0.04865 0.39446 0.019950000000000002 0.39446 0.019950000000000002 0.41756000000000004 0.04865 0.41756000000000004 0.04865 0.39446
10 0.122655 0.8394450000000001 0.097565 0.8394450000000001 0.097565 0.861735 0.122655 0.861735 0.122655 0.8394450000000001
10 0.726085 0.44160000000000005 0.711415 0.44160000000000005 0.711415 0.45488 0.726085 0.45488 0.726085 0.44160000000000005
10 0.37075 0.232635 0.34605 0.232635 0.34605 0.25466500000000003 0.37075 0.25466500000000003 0.37075 0.232635
9 0.48200000000000004 0.8109999999999999 0.5519999999999999 0.784 0.558 0.774 0.5820000000000001 0.771 0.669 0.733 0.682 0.724 0.693 0.722 0.7030000000000001 0.7110000000000001 0.721 0.708 0.794 0.666 0.805 0.653 0.8720000000000001 0.608 0.905 0.58 0.9279999999999999 0.568 0.968 0.5559999999999999 0.9880000000000001 0.554 0.994 0.549 0.9960000000000001 0.542 0.991 0.537 0.999 0.53 0.999 0.515 0.966 0.502 0.9560000000000001 0.487 0.921 0.454 0.829 0.374 0.771 0.33599999999999997 0.721 0.309 0.6 0.267 0.568 0.252 0.558 0.252 0.48600000000000004 0.217 0.388 0.179 0.34500000000000003 0.154 0.313 0.142 0.173 0.10500000000000001 0.002 0.089 0 0.898 0.064 0.8960000000000001 0.192 0.882 0.48200000000000004 0.8109999999999999