10 0.600225 0.655015 0.571855 0.655015 0.571855 0.692645 0.600225 0.692645 0.600225 0.655015
10 0.851075 0.6549050000000001 0.770025 0.6549050000000001 0.770025 0.7249749999999999 0.851075 0.7249749999999999 0.851075 0.6549050000000001
10 0.10542499999999999 0.45316 0.069135 0.45316 0.069135 0.47896 0.10542499999999999 0.47896 0.10542499999999999 0.45316
10 0.5604 0.64095 0.5421400000000001 0.64095 0.5421400000000001 0.6578700000000001 0.5604 0.6578700000000001 0.5604 0.64095
10 0.22527499999999998 0.35308 0.197585 0.35308 0.197585 0.37984 0.22527499999999998 0.37984 0.22527499999999998 0.35308
10 0.6371749999999999 0.30086 0.5659449999999999 0.30086 0.5659449999999999 0.351 0.6371749999999999 0.351 0.6371749999999999 0.30086
10 0.8218099999999999 0.64787 0.80417 0.64787 0.80417 0.66659 0.8218099999999999 0.66659 0.8218099999999999 0.64787
10 0.7779149999999999 0.7746000000000001 0.753345 0.7746000000000001 0.753345 0.79474 0.7779149999999999 0.79474 0.7779149999999999 0.7746000000000001
10 0.24567999999999998 0.453035 0.21793999999999997 0.453035 0.21793999999999997 0.476645 0.24567999999999998 0.476645 0.24567999999999998 0.453035
10 0.9241300000000001 0.79191 0.9098499999999999 0.79191 0.9098499999999999 0.80769 0.9241300000000001 0.80769 0.9241300000000001 0.79191
10 0.177395 0.41644500000000007 0.147065 0.41644500000000007 0.147065 0.444395 0.177395 0.444395 0.177395 0.41644500000000007
10 0.334895 0.5864550000000001 0.302305 0.5864550000000001 0.302305 0.614725 0.334895 0.614725 0.334895 0.5864550000000001
10 0.42925 0.58311 0.41109 0.58311 0.41109 0.59951 0.42925 0.59951 0.42925 0.58311
10 0.47143499999999994 0.537995 0.438725 0.537995 0.438725 0.5645450000000001 0.47143499999999994 0.5645450000000001 0.47143499999999994 0.537995
10 0.224205 0.39349500000000004 0.20621499999999998 0.39349500000000004 0.20621499999999998 0.407285 0.224205 0.407285 0.224205 0.39349500000000004
10 0.451155 0.38380000000000003 0.43214499999999995 0.38380000000000003 0.43214499999999995 0.39940000000000003 0.451155 0.39940000000000003 0.451155 0.38380000000000003
10 0.19206499999999999 0.36154000000000003 0.174155 0.36154000000000003 0.174155 0.3782 0.19206499999999999 0.3782 0.19206499999999999 0.36154000000000003
10 0.5132950000000001 0.382985 0.494525 0.382985 0.494525 0.397775 0.5132950000000001 0.397775 0.5132950000000001 0.382985
10 0.36526000000000003 0.41750999999999994 0.3486 0.41750999999999994 0.3486 0.43259 0.36526000000000003 0.43259 0.36526000000000003 0.41750999999999994
10 0.525265 0.280665 0.511835 0.280665 0.511835 0.294035 0.525265 0.294035 0.525265 0.280665
10 0.432435 0.67238 0.41424500000000003 0.67238 0.41424500000000003 0.68798 0.432435 0.68798 0.432435 0.67238
10 0.7963199999999999 0.31054 0.77204 0.31054 0.77204 0.3296 0.7963199999999999 0.3296 0.7963199999999999 0.31054
10 0.24886499999999998 0.539565 0.22623500000000002 0.539565 0.22623500000000002 0.561015 0.24886499999999998 0.561015 0.24886499999999998 0.539565
10 0.71623 0.45277 0.68905 0.45277 0.68905 0.47691 0.71623 0.47691 0.71623 0.45277
10 0.94418 0.5425500000000001 0.9298400000000001 0.5425500000000001 0.9298400000000001 0.55901 0.94418 0.55901 0.94418 0.5425500000000001
10 0.58452 0.47923 0.56392 0.47923 0.56392 0.49245 0.58452 0.49245 0.58452 0.47923
10 0.3876 0.29846 0.37412 0.29846 0.37412 0.31042000000000003 0.3876 0.31042000000000003 0.3876 0.29846
10 0.638805 0.57604 0.620955 0.57604 0.620955 0.5997399999999999 0.638805 0.5997399999999999 0.638805 0.57604
10 0.804415 0.691815 0.781525 0.691815 0.781525 0.714445 0.804415 0.714445 0.804415 0.691815
10 0.65038 0.73325 0.64064 0.73325 0.64064 0.7433099999999999 0.65038 0.7433099999999999 0.65038 0.73325
10 0.74147 0.626815 0.72825 0.626815 0.72825 0.639785 0.74147 0.639785 0.74147 0.626815
10 0.673745 0.795735 0.661215 0.795735 0.661215 0.807785 0.673745 0.807785 0.673745 0.795735
10 0.7458750000000001 0.653045 0.730685 0.653045 0.730685 0.6682349999999999 0.7458750000000001 0.6682349999999999 0.7458750000000001 0.653045
10 0.705595 0.67465 0.685025 0.67465 0.685025 0.6944899999999999 0.705595 0.6944899999999999 0.705595 0.67465
10 0.23753000000000002 0.333675 0.22291 0.333675 0.22291 0.346505 0.23753000000000002 0.346505 0.23753000000000002 0.333675
10 0.65124 0.75217 0.6417200000000001 0.75217 0.6417200000000001 0.76151 0.65124 0.76151 0.65124 0.75217
10 0.85039 0.34664 0.8234299999999999 0.34664 0.8234299999999999 0.36576 0.85039 0.36576 0.85039 0.34664
10 0.9249750000000001 0.44218 0.884605 0.44218 0.884605 0.46992 0.9249750000000001 0.46992 0.9249750000000001 0.44218
10 0.6304000000000001 0.49992000000000003 0.61178 0.49992000000000003 0.61178 0.5157 0.6304000000000001 0.5157 0.6304000000000001 0.49992000000000003
10 0.8878349999999999 0.743695 0.833845 0.743695 0.833845 0.805125 0.8878349999999999 0.805125 0.8878349999999999 0.743695
10 0.117565 0.440295 0.108755 0.440295 0.108755 0.45082500000000003 0.117565 0.45082500000000003 0.117565 0.440295
10 0.90967 0.41124 0.8920899999999999 0.41124 0.8920899999999999 0.42713999999999996 0.90967 0.42713999999999996 0.90967 0.41124
10 0.378935 0.49646 0.363745 0.49646 0.363745 0.5045200000000001 0.378935 0.5045200000000001 0.378935 0.49646
10 0.45929000000000003 0.304755 0.44257 0.304755 0.44257 0.31976499999999997 0.45929000000000003 0.31976499999999997 0.45929000000000003 0.304755
10 0.274185 0.55756 0.261455 0.55756 0.261455 0.5684199999999999 0.274185 0.5684199999999999 0.274185 0.55756
10 0.870425 0.465555 0.8414949999999999 0.465555 0.8414949999999999 0.487085 0.870425 0.487085 0.870425 0.465555
10 0.03966 0.36494 0.00756 0.36494 0.00756 0.39238 0.03966 0.39238 0.03966 0.36494
10 0.301735 0.42875500000000005 0.291525 0.42875500000000005 0.291525 0.43794500000000003 0.301735 0.43794500000000003 0.301735 0.42875500000000005
10 0.08158499999999999 0.32735 0.069535 0.32735 0.069535 0.33721 0.08158499999999999 0.33721 0.08158499999999999 0.32735
10 0.33487 0.72895 0.32139 0.72895 0.32139 0.7398100000000001 0.33487 0.7398100000000001 0.33487 0.72895
10 0.65644 0.513415 0.6394599999999999 0.513415 0.6394599999999999 0.5246649999999999 0.65644 0.5246649999999999 0.65644 0.513415
10 0.841985 0.54011 0.828915 0.54011 0.828915 0.54875 0.841985 0.54875 0.841985 0.54011
10 0.363415 0.383035 0.352885 0.383035 0.352885 0.391385 0.363415 0.391385 0.363415 0.383035
10 0.89682 0.735285 0.8854 0.735285 0.8854 0.7481150000000001 0.89682 0.7481150000000001 0.89682 0.735285
10 0.32477 0.30074999999999996 0.31391 0.30074999999999996 0.31391 0.31057 0.32477 0.31057 0.32477 0.30074999999999996
10 0.201045 0.55228 0.11535500000000001 0.55228 0.11535500000000001 0.6147199999999999 0.201045 0.6147199999999999 0.201045 0.55228
10 0.64827 0.78789 0.63689 0.78789 0.63689 0.80195 0.64827 0.80195 0.64827 0.78789
9 0 0.607 0.028000000000000004 0.625 0.126 0.659 0.193 0.6950000000000001 0.284 0.735 0.394 0.767 0.5389999999999999 0.8029999999999999 0.647 0.818 0.866 0.836 0.999 0.8310000000000001 0.999 0.34700000000000003 0.779 0.286 0.708 0.27799999999999997 0.659 0.267 0.505 0.263 0.368 0.268 0.29700000000000004 0.279 0.242 0.281 0.192 0.29 0.10200000000000001 0.315 0.033 0.34700000000000003 0.007000000000000001 0.365 0 0.372 0 0.607