10 0.654285 0.43428500000000003 0.622855 0.43428500000000003 0.622855 0.46499499999999994 0.654285 0.46499499999999994 0.654285 0.43428500000000003
10 0.248575 0.328575 0.22428499999999998 0.328575 0.22428499999999998 0.355005 0.248575 0.355005 0.248575 0.328575
10 0.42428999999999994 0.41138 0.40677 0.41138 0.40677 0.42896 0.42428999999999994 0.42896 0.42428999999999994 0.41138
10 0.20084 0.385705 0.17562 0.385705 0.17562 0.405315 0.20084 0.405315 0.20084 0.385705
10 0.72249 0.474455 0.70719 0.474455 0.70719 0.489405 0.72249 0.489405 0.72249 0.474455
10 0.793435 0.38076 0.774925 0.38076 0.774925 0.3956 0.793435 0.3956 0.793435 0.38076
10 0.999995 0.43461 0.993145 0.43461 0.993145 0.44625000000000004 0.999995 0.44625000000000004 0.999995 0.43461
10 0.8369500000000001 0.475105 0.81931 0.475105 0.81931 0.491695 0.8369500000000001 0.491695 0.8369500000000001 0.475105
10 0.206515 0.41092000000000006 0.185825 0.41092000000000006 0.185825 0.426 0.206515 0.426 0.206515 0.41092000000000006
10 0.39747499999999997 0.45810500000000004 0.384745 0.45810500000000004 0.384745 0.470115 0.39747499999999997 0.470115 0.39747499999999997 0.45810500000000004
10 0.630175 0.41019500000000003 0.605185 0.41019500000000003 0.605185 0.42672499999999997 0.630175 0.42672499999999997 0.630175 0.41019500000000003
10 0.347475 0.45407000000000003 0.328785 0.45407000000000003 0.328785 0.47073 0.347475 0.47073 0.347475 0.45407000000000003
10 0.16240000000000002 0.38731 0.15376 0.38731 0.15376 0.39443 0.16240000000000002 0.39443 0.16240000000000002 0.38731
10 0.090505 0.466275 0.078815 0.466275 0.078815 0.48050499999999996 0.090505 0.48050499999999996 0.090505 0.466275
10 0.52039 0.635505 0.50109 0.635505 0.50109 0.648675 0.52039 0.648675 0.52039 0.635505
10 0.14732499999999998 0.379115 0.128555 0.379115 0.128555 0.393345 0.14732499999999998 0.393345 0.14732499999999998 0.379115
10 0.57087 0.581185 0.54339 0.581185 0.54339 0.600455 0.57087 0.600455 0.57087 0.581185
10 0.84486 0.36218 0.8221399999999999 0.36218 0.8221399999999999 0.37414000000000003 0.84486 0.37414000000000003 0.84486 0.36218
10 0.750235 0.5443 0.726325 0.5443 0.726325 0.5670200000000001 0.750235 0.5670200000000001 0.750235 0.5443
10 0.8340650000000001 0.43428000000000005 0.8094950000000001 0.43428000000000005 0.8094950000000001 0.45146 0.8340650000000001 0.45146 0.8340650000000001 0.43428000000000005
10 0.41334 0.58467 0.39916 0.58467 0.39916 0.60283 0.41334 0.60283 0.41334 0.58467
9 0 0.483 0.039 0.522 0.081 0.5469999999999999 0.149 0.5780000000000001 0.197 0.593 0.273 0.624 0.36 0.648 0.396 0.653 0.437 0.6519999999999999 0.526 0.671 0.602 0.671 0.662 0.6599999999999999 0.74 0.631 0.775 0.613 0.8220000000000001 0.599 0.897 0.592 0.9710000000000001 0.602 0.999 0.601 0.999 0.41900000000000004 0.9869999999999999 0.413 0.952 0.40700000000000003 0.923 0.39 0.8460000000000001 0.366 0.737 0.351 0.679 0.348 0.653 0.348 0.617 0.358 0.581 0.36 0.558 0.355 0.523 0.339 0.481 0.33199999999999996 0.457 0.33199999999999996 0.409 0.35 0.37 0.35 0.31 0.327 0.24 0.322 0.13799999999999998 0.33599999999999997 0.005 0.373 0 0.375 0 0.483