10 0.5122 0.490405 0.4584 0.490405 0.4584 0.541415 0.5122 0.541415 0.5122 0.490405
10 0.31161 0.46672 0.27725 0.46672 0.27725 0.4864 0.31161 0.4864 0.31161 0.46672
10 0.8017150000000001 0.5381199999999999 0.772505 0.5381199999999999 0.772505 0.5566 0.8017150000000001 0.5566 0.8017150000000001 0.5381199999999999
10 0.992 0.449555 0.966 0.449555 0.966 0.472325 0.992 0.472325 0.992 0.449555
10 0.41346499999999997 0.546375 0.395615 0.546375 0.395615 0.560065 0.41346499999999997 0.560065 0.41346499999999997 0.546375
10 0.9671799999999999 0.685435 0.93224 0.685435 0.93224 0.726665 0.9671799999999999 0.726665 0.9671799999999999 0.685435
10 0.801065 0.5817650000000001 0.776075 0.5817650000000001 0.776075 0.596955 0.801065 0.596955 0.801065 0.5817650000000001
10 0.184195 0.46731 0.163225 0.46731 0.163225 0.48533 0.184195 0.48533 0.184195 0.46731
10 0.836095 0.36714 0.8133250000000001 0.36714 0.8133250000000001 0.3936 0.836095 0.3936 0.836095 0.36714
10 0.79268 0.47243 0.77274 0.47243 0.77274 0.48705 0.79268 0.48705 0.79268 0.47243
10 0.75707 0.49237000000000003 0.74097 0.49237000000000003 0.74097 0.5066499999999999 0.75707 0.5066499999999999 0.75707 0.49237000000000003
10 0.75984 0.369535 0.7216 0.369535 0.7216 0.422945 0.75984 0.422945 0.75984 0.369535
10 0.705295 0.48153499999999994 0.683385 0.48153499999999994 0.683385 0.505765 0.705295 0.505765 0.705295 0.48153499999999994
10 0.28334000000000004 0.36206499999999997 0.27086 0.36206499999999997 0.27086 0.374255 0.28334000000000004 0.374255 0.28334000000000004 0.36206499999999997
10 0.655705 0.422825 0.632375 0.422825 0.632375 0.44289500000000004 0.655705 0.44289500000000004 0.655705 0.422825
9 0.174 0.483 0.227 0.517 0.263 0.532 0.311 0.568 0.40800000000000003 0.621 0.437 0.631 0.44699999999999995 0.64 0.53 0.651 0.5549999999999999 0.662 0.576 0.6639999999999999 0.638 0.6849999999999999 0.6599999999999999 0.688 0.759 0.727 0.851 0.772 0.8960000000000001 0.788 0.9349999999999999 0.788 0.9550000000000001 0.798 0.966 0.798 0.9710000000000001 0.805 0.999 0.8099999999999999 0.999 0.355 0.876 0.352 0.825 0.341 0.726 0.335 0.617 0.343 0.53 0.356 0.393 0.337 0.29900000000000004 0.33399999999999996 0.28900000000000003 0.337 0.20400000000000001 0.33599999999999997 0.161 0.344 0.136 0.353 0.05600000000000001 0.361 0.05600000000000001 0.373 0.065 0.378 0.088 0.40700000000000003 0.174 0.483