10 0.31189 0.60838 0.28257 0.60838 0.28257 0.6377200000000001 0.31189 0.6377200000000001 0.31189 0.60838
10 0.33182999999999996 0.63008 0.31173 0.63008 0.31173 0.64726 0.33182999999999996 0.64726 0.33182999999999996 0.63008
10 0.21244999999999997 0.640385 0.18549 0.640385 0.18549 0.6555150000000001 0.21244999999999997 0.6555150000000001 0.21244999999999997 0.640385
10 0.158315 0.604985 0.139545 0.604985 0.139545 0.621575 0.158315 0.621575 0.158315 0.604985
10 0.33265 0.664905 0.31091 0.664905 0.31091 0.678855 0.33265 0.678855 0.33265 0.664905
10 0.543295 0.6379699999999999 0.519205 0.6379699999999999 0.519205 0.6510900000000001 0.543295 0.6510900000000001 0.543295 0.6379699999999999
10 0.078425 0.65391 0.052315 0.65391 0.052315 0.67031 0.078425 0.67031 0.078425 0.65391
10 0.09497 0.46651499999999996 0.07617 0.46651499999999996 0.07617 0.489545 0.09497 0.489545 0.09497 0.46651499999999996
10 0.192575 0.49615 0.171925 0.49615 0.171925 0.5155700000000001 0.192575 0.5155700000000001 0.192575 0.49615
10 0.28757 0.4002 0.27005 0.4002 0.27005 0.41718 0.28757 0.41718 0.28757 0.4002
10 0.6077250000000001 0.70911 0.588555 0.70911 0.588555 0.71863 0.6077250000000001 0.71863 0.6077250000000001 0.70911
10 0.81315 0.568075 0.79623 0.568075 0.79623 0.580365 0.81315 0.580365 0.81315 0.568075
10 0.6247849999999999 0.6803899999999999 0.609595 0.6803899999999999 0.609595 0.6897300000000001 0.6247849999999999 0.6897300000000001 0.6247849999999999 0.6803899999999999
10 0.13544499999999998 0.714765 0.11479500000000001 0.714765 0.11479500000000001 0.724695 0.13544499999999998 0.724695 0.13544499999999998 0.714765
10 0.9194800000000001 0.58825 0.9037599999999999 0.58825 0.9037599999999999 0.6031500000000001 0.9194800000000001 0.6031500000000001 0.9194800000000001 0.58825
10 0.09203 0.42893499999999996 0.04189 0.42893499999999996 0.04189 0.452405 0.09203 0.452405 0.09203 0.42893499999999996
10 0.63124 0.64516 0.60606 0.64516 0.60606 0.66246 0.63124 0.66246 0.63124 0.64516
10 0.354255 0.478815 0.33958499999999997 0.478815 0.33958499999999997 0.491885 0.354255 0.491885 0.354255 0.478815
10 0.867755 0.51981 0.8431850000000001 0.51981 0.8431850000000001 0.53293 0.867755 0.53293 0.867755 0.51981
10 0.44477500000000003 0.654535 0.41068499999999997 0.654535 0.41068499999999997 0.675545 0.44477500000000003 0.675545 0.44477500000000003 0.654535
10 0.572145 0.54778 0.5489550000000001 0.54778 0.5489550000000001 0.56746 0.572145 0.56746 0.572145 0.54778
10 0.6391549999999999 0.47607499999999997 0.622565 0.47607499999999997 0.622565 0.491205 0.6391549999999999 0.491205 0.6391549999999999 0.47607499999999997
10 0.602445 0.50044 0.5811550000000001 0.50044 0.5811550000000001 0.52104 0.602445 0.52104 0.602445 0.50044
10 0.654775 0.46434 0.642105 0.46434 0.642105 0.47756 0.654775 0.47756 0.654775 0.46434
10 0.443905 0.65678 0.428655 0.65678 0.428655 0.66842 0.443905 0.66842 0.443905 0.65678
10 0.31457999999999997 0.46271000000000007 0.1449 0.46271000000000007 0.1449 0.56269 0.31457999999999997 0.56269 0.31457999999999997 0.46271000000000007
9 0 0.744 0.040666999999999995 0.738 0.097 0.742 0.159 0.741 0.22999999999999998 0.714 0.303 0.708 0.324 0.708 0.399 0.725 0.513 0.727 0.557 0.737 0.602 0.737 0.709 0.724 0.783 0.6940000000000001 0.819 0.687 0.9039999999999999 0.655 0.943 0.6519999999999999 0.945 0.655 0.976 0.657 0.993 0.666 0.999 0.665 0.999 0.605 0.9039999999999999 0.52 0.783 0.437 0.661 0.372 0.614 0.361 0.608 0.374 0.43499999999999994 0.41200000000000003 0.42800000000000005 0.40700000000000003 0.426 0.397 0.43 0.33799999999999997 0.42699999999999994 0.327 0.41500000000000004 0.313 0.40700000000000003 0.313 0.374 0.29700000000000004 0.339 0.292 0.254 0.271 0.198 0.265 0.11399999999999999 0.267 0.05 0.28300000000000003 0 0.282 0 0.744