10 0.29905499999999996 0.33819 0.261685 0.33819 0.261685 0.37021000000000004 0.29905499999999996 0.37021000000000004 0.29905499999999996 0.33819
10 0.29514999999999997 0.34074 0.27273000000000003 0.34074 0.27273000000000003 0.35702 0.29514999999999997 0.35702 0.29514999999999997 0.34074
10 0.24511 0.33048 0.22169 0.33048 0.22169 0.34482 0.24511 0.34482 0.24511 0.33048
10 0.226185 0.40788 0.204975 0.40788 0.204975 0.42416 0.226185 0.42416 0.226185 0.40788
10 0.388925 0.35087999999999997 0.36155499999999996 0.35087999999999997 0.36155499999999996 0.36494 0.388925 0.36494 0.388925 0.35087999999999997
10 0.194735 0.51176 0.176365 0.51176 0.176365 0.5302399999999999 0.194735 0.5302399999999999 0.194735 0.51176
10 0.12581 0.43098000000000003 0.10612999999999999 0.43098000000000003 0.10612999999999999 0.44842000000000004 0.12581 0.44842000000000004 0.12581 0.43098000000000003
10 0.114015 0.33909 0.082525 0.33909 0.082525 0.35719 0.114015 0.35719 0.114015 0.33909
10 0.148265 0.5076050000000001 0.125895 0.5076050000000001 0.125895 0.525595 0.148265 0.525595 0.148265 0.5076050000000001
10 0.54172 0.401565 0.52274 0.401565 0.52274 0.41289499999999996 0.54172 0.41289499999999996 0.54172 0.401565
10 0.8212400000000001 0.490005 0.79498 0.490005 0.79498 0.509995 0.8212400000000001 0.509995 0.8212400000000001 0.490005
10 0.10141 0.49898 0.08963 0.49898 0.08963 0.5098 0.10141 0.5098 0.10141 0.49898
10 0.28053 0.43803000000000003 0.25755 0.43803000000000003 0.25755 0.45357000000000003 0.28053 0.45357000000000003 0.28053 0.43803000000000003
10 0.017230000000000002 0.355655 0.00005 0.355655 0.00005 0.36944499999999997 0.017230000000000002 0.36944499999999997 0.017230000000000002 0.355655
10 0.78544 0.43971 0.76632 0.43971 0.76632 0.45531 0.78544 0.45531 0.78544 0.43971
10 0.2285 0.33235000000000003 0.2173 0.33235000000000003 0.2173 0.34147 0.2285 0.34147 0.2285 0.33235000000000003
10 0.88537 0.40828499999999995 0.8724500000000001 0.40828499999999995 0.8724500000000001 0.41983499999999996 0.88537 0.41983499999999996 0.88537 0.40828499999999995
10 0.32730000000000004 0.41907500000000003 0.30746 0.41907500000000003 0.30746 0.42956500000000003 0.32730000000000004 0.42956500000000003 0.32730000000000004 0.41907500000000003
10 0.36223 0.32793 0.31453000000000003 0.32793 0.31453000000000003 0.34687 0.36223 0.34687 0.36223 0.32793
10 0.215395 0.414785 0.20282499999999998 0.414785 0.20282499999999998 0.426035 0.215395 0.426035 0.215395 0.414785
10 0.8505499999999999 0.44559499999999996 0.8389099999999999 0.44559499999999996 0.8389099999999999 0.455765 0.8505499999999999 0.455765 0.8505499999999999 0.44559499999999996
10 0.9245300000000001 0.432265 0.91141 0.432265 0.91141 0.444695 0.9245300000000001 0.444695 0.9245300000000001 0.432265
10 0.18678999999999998 0.40740999999999994 0.17697000000000002 0.40740999999999994 0.17697000000000002 0.41583 0.18678999999999998 0.41583 0.18678999999999998 0.40740999999999994
10 0.78639 0.43632499999999996 0.77415 0.43632499999999996 0.77415 0.446495 0.78639 0.446495 0.78639 0.43632499999999996
10 0.22866 0.347935 0.20542 0.347935 0.20542 0.364465 0.22866 0.364465 0.22866 0.347935
10 0.08491499999999999 0.40760500000000005 0.074625 0.40760500000000005 0.074625 0.415635 0.08491499999999999 0.415635 0.08491499999999999 0.40760500000000005
10 0.484065 0.40312000000000003 0.47345499999999996 0.40312000000000003 0.47345499999999996 0.41134000000000004 0.484065 0.41134000000000004 0.484065 0.40312000000000003
10 0.20795499999999997 0.40268499999999996 0.195125 0.40268499999999996 0.195125 0.413715 0.20795499999999997 0.413715 0.20795499999999997 0.40268499999999996
10 0.7785949999999999 0.506145 0.767305 0.506145 0.767305 0.516315 0.7785949999999999 0.516315 0.7785949999999999 0.506145
10 0.243235 0.41733000000000003 0.23040500000000003 0.41733000000000003 0.23040500000000003 0.42739000000000005 0.243235 0.42739000000000005 0.243235 0.41733000000000003
10 0.21396500000000002 0.323815 0.200595 0.323815 0.200595 0.333905 0.21396500000000002 0.333905 0.21396500000000002 0.323815
10 0.06994500000000001 0.40509500000000004 0.05981499999999999 0.40509500000000004 0.05981499999999999 0.41278499999999996 0.06994500000000001 0.41278499999999996 0.06994500000000001 0.40509500000000004
10 0.537525 0.42502500000000004 0.523995 0.42502500000000004 0.523995 0.432895 0.537525 0.432895 0.537525 0.42502500000000004
10 0.38429 0.33687 0.35595 0.33687 0.35595 0.35503 0.38429 0.35503 0.38429 0.33687
10 0.20578 0.3977 0.19462 0.3977 0.19462 0.40747999999999995 0.20578 0.40747999999999995 0.20578 0.3977
10 0.646935 0.433335 0.630405 0.433335 0.630405 0.44362500000000005 0.646935 0.44362500000000005 0.646935 0.433335
10 0.031369999999999995 0.39518 0.01719 0.39518 0.01719 0.40608000000000005 0.031369999999999995 0.40608000000000005 0.031369999999999995 0.39518
10 0.8985 0.44197 0.8886 0.44197 0.8886 0.45109000000000005 0.8985 0.45109000000000005 0.8985 0.44197
10 0.27981500000000004 0.41856 0.264625 0.41856 0.264625 0.42812 0.27981500000000004 0.42812 0.27981500000000004 0.41856
10 0.8636649999999999 0.42373500000000003 0.843375 0.42373500000000003 0.843375 0.434185 0.8636649999999999 0.434185 0.8636649999999999 0.42373500000000003
10 0.07888500000000001 0.48028000000000004 0.052335 0.48028000000000004 0.052335 0.50654 0.07888500000000001 0.50654 0.07888500000000001 0.48028000000000004
10 0.692785 0.42591 0.681235 0.42591 0.681235 0.43493000000000004 0.692785 0.43493000000000004 0.692785 0.42591
10 0.66223 0.41364999999999996 0.65027 0.41364999999999996 0.65027 0.42277 0.66223 0.42277 0.66223 0.41364999999999996
10 0.40954499999999994 0.425 0.36877499999999996 0.425 0.36877499999999996 0.43438 0.40954499999999994 0.43438 0.40954499999999994 0.425
10 0.809065 0.49548500000000006 0.797375 0.49548500000000006 0.797375 0.506475 0.809065 0.506475 0.809065 0.49548500000000006
10 0.79524 0.524895 0.78386 0.524895 0.78386 0.536625 0.79524 0.536625 0.79524 0.524895
10 0.898875 0.494865 0.888225 0.494865 0.888225 0.506115 0.898875 0.506115 0.898875 0.494865
10 0.32794500000000004 0.34341 0.30583499999999997 0.34341 0.30583499999999997 0.35483 0.32794500000000004 0.35483 0.32794500000000004 0.34341
10 0.45399500000000004 0.413945 0.44102499999999994 0.413945 0.44102499999999994 0.423955 0.45399500000000004 0.423955 0.45399500000000004 0.413945
10 0.6836249999999999 0.349595 0.674775 0.349595 0.674775 0.355485 0.6836249999999999 0.355485 0.6836249999999999 0.349595
10 0.267455 0.42098500000000005 0.256465 0.42098500000000005 0.256465 0.429115 0.267455 0.429115 0.267455 0.42098500000000005
10 0.35406 0.34108 0.20306000000000002 0.34108 0.20306000000000002 0.39378 0.35406 0.39378 0.35406 0.34108
10 0.8266249999999999 0.48604 0.757355 0.48604 0.757355 0.53838 0.8266249999999999 0.53838 0.8266249999999999 0.48604
10 0.78688 0.45644 0.77758 0.45644 0.77758 0.46592 0.78688 0.46592 0.78688 0.45644
10 0.16326000000000002 0.38506 0.1534 0.38506 0.1534 0.39278 0.16326000000000002 0.39278 0.16326000000000002 0.38506
10 0.436175 0.44828999999999997 0.42856500000000003 0.44828999999999997 0.42856500000000003 0.45601 0.436175 0.45601 0.436175 0.44828999999999997
10 0.94729 0.492735 0.93747 0.492735 0.93747 0.501405 0.94729 0.501405 0.94729 0.492735
10 0.85639 0.39915500000000004 0.84479 0.39915500000000004 0.84479 0.406505 0.85639 0.406505 0.85639 0.39915500000000004
10 0.46919500000000003 0.37644500000000003 0.459525 0.37644500000000003 0.459525 0.383815 0.46919500000000003 0.383815 0.46919500000000003 0.37644500000000003
10 0.56835 0.366425 0.55957 0.366425 0.55957 0.371855 0.56835 0.371855 0.56835 0.366425
10 0.9299649999999999 0.491695 0.915735 0.491695 0.915735 0.503425 0.9299649999999999 0.503425 0.9299649999999999 0.491695
10 0.14962 0.35943 0.1414 0.35943 0.1414 0.36615000000000003 0.14962 0.36615000000000003 0.14962 0.35943
10 0.46547 0.350725 0.45298999999999995 0.350725 0.45298999999999995 0.359235 0.46547 0.359235 0.46547 0.350725
10 0.93958 0.49483499999999997 0.9246800000000001 0.49483499999999997 0.9246800000000001 0.5051650000000001 0.93958 0.5051650000000001 0.93958 0.49483499999999997
10 0.74214 0.482525 0.72758 0.482525 0.72758 0.495495 0.74214 0.495495 0.74214 0.482525
10 0.476175 0.4354 0.466205 0.4354 0.466205 0.44252 0.476175 0.44252 0.476175 0.4354
10 0.80429 0.32303000000000004 0.74551 0.32303000000000004 0.74551 0.35617 0.80429 0.35617 0.80429 0.32303000000000004
10 0.7955300000000001 0.510615 0.78357 0.510615 0.78357 0.521605 0.7955300000000001 0.521605 0.7955300000000001 0.510615
10 0.6411450000000001 0.45585000000000003 0.633275 0.45585000000000003 0.633275 0.46407 0.6411450000000001 0.46407 0.6411450000000001 0.45585000000000003
10 0.5975699999999999 0.409725 0.58797 0.409725 0.58797 0.418395 0.5975699999999999 0.418395 0.5975699999999999 0.409725
10 0.50856 0.501265 0.49632 0.501265 0.49632 0.511435 0.50856 0.511435 0.50856 0.501265
10 0.759695 0.32534 0.744205 0.32534 0.744205 0.33676 0.759695 0.33676 0.759695 0.32534
10 0.7657499999999999 0.337405 0.74695 0.337405 0.74695 0.345215 0.7657499999999999 0.345215 0.7657499999999999 0.337405
10 0.8849899999999999 0.375765 0.8513299999999999 0.375765 0.8513299999999999 0.388395 0.8849899999999999 0.388395 0.8849899999999999 0.375765
10 0.90025 0.5083249999999999 0.88003 0.5083249999999999 0.88003 0.528775 0.90025 0.528775 0.90025 0.5083249999999999
10 0.26183 0.342795 0.23963 0.342795 0.23963 0.356425 0.26183 0.356425 0.26183 0.342795
10 0.961875 0.489715 0.910205 0.489715 0.910205 0.510285 0.961875 0.510285 0.961875 0.489715
10 0.46463 0.370445 0.45285000000000003 0.370445 0.45285000000000003 0.38053499999999996 0.46463 0.38053499999999996 0.46463 0.370445
10 0.43288000000000004 0.496235 0.426 0.496235 0.426 0.502305 0.43288000000000004 0.502305 0.43288000000000004 0.496235
10 0.16009500000000002 0.360935 0.152885 0.360935 0.152885 0.367085 0.16009500000000002 0.367085 0.16009500000000002 0.360935
10 0.378035 0.496445 0.37000500000000003 0.496445 0.37000500000000003 0.504535 0.378035 0.504535 0.378035 0.496445
9 0 0.471 0.05600000000000001 0.508 0.123 0.5389999999999999 0.184 0.5549999999999999 0.22999999999999998 0.557 0.23900000000000002 0.5509999999999999 0.242 0.544 0.271 0.53 0.33599999999999997 0.568 0.40599999999999997 0.5820000000000001 0.47000000000000003 0.588 0.596 0.5900000000000001 0.704 0.5599999999999999 0.827 0.563 0.8470000000000001 0.5549999999999999 0.881 0.533 0.8960000000000001 0.521 0.905 0.505 0.925 0.51 0.9630000000000001 0.499 0.985 0.488 0.999 0.472 0.999 0.398 0.97 0.373 0.931 0.371 0.899 0.386 0.8789999999999999 0.386 0.8720000000000001 0.378 0.861 0.378 0.841 0.366 0.818 0.341 0.798 0.32799999999999996 0.77 0.318 0.745 0.321 0.727 0.33399999999999996 0.693 0.346 0.595 0.352 0.553 0.34700000000000003 0.441 0.308 0.40700000000000003 0.308 0.378 0.317 0.35 0.32 0.223 0.314 0.12 0.325 0.075 0.339 0.012 0.352 0 0.356 0 0.471