10 0.943665 0.41737 0.911495 0.41737 0.911495 0.44279 0.943665 0.44279 0.943665 0.41737
10 0.945625 0.385945 0.926455 0.385945 0.926455 0.405555 0.945625 0.405555 0.945625 0.385945
10 0.74895 0.41227 0.73055 0.41227 0.73055 0.42855 0.74895 0.42855 0.74895 0.41227
10 0.8461700000000001 0.5711299999999999 0.8237500000000001 0.5711299999999999 0.8237500000000001 0.59097 0.8461700000000001 0.59097 0.8461700000000001 0.5711299999999999
10 0.8789199999999999 0.40382999999999997 0.85936 0.40382999999999997 0.85936 0.42184999999999995 0.8789199999999999 0.42184999999999995 0.8789199999999999 0.40382999999999997
10 0.881795 0.429965 0.8594250000000001 0.429965 0.8594250000000001 0.45187499999999997 0.881795 0.45187499999999997 0.881795 0.429965
10 0.8706250000000001 0.5654899999999999 0.8490949999999999 0.5654899999999999 0.8490949999999999 0.58685 0.8706250000000001 0.58685 0.8706250000000001 0.5654899999999999
10 0.619895 0.60046 0.6047049999999999 0.60046 0.6047049999999999 0.6192599999999999 0.619895 0.6192599999999999 0.619895 0.60046
10 0.9084199999999999 0.579715 0.89334 0.579715 0.89334 0.595085 0.9084199999999999 0.595085 0.9084199999999999 0.579715
10 0.979455 0.5113000000000001 0.965865 0.5113000000000001 0.965865 0.5258 0.979455 0.5258 0.979455 0.5113000000000001
10 0.8430300000000001 0.38864 0.8239699999999999 0.38864 0.8239699999999999 0.40628000000000003 0.8430300000000001 0.40628000000000003 0.8430300000000001 0.38864
10 0.01848 0.41658 0.00358 0.41658 0.00358 0.43596 0.01848 0.43596 0.01848 0.41658
10 0.54136 0.440295 0.5231 0.440295 0.5231 0.46106499999999995 0.54136 0.46106499999999995 0.54136 0.440295
10 0.531975 0.40109500000000003 0.507085 0.40109500000000003 0.507085 0.42166499999999996 0.531975 0.42166499999999996 0.531975 0.40109500000000003
10 0.23291499999999998 0.583745 0.221925 0.583745 0.221925 0.5939949999999999 0.23291499999999998 0.5939949999999999 0.23291499999999998 0.583745
10 0.042845 0.35405000000000003 0.019775 0.35405000000000003 0.019775 0.36959 0.042845 0.36959 0.042845 0.35405000000000003
10 0.6791750000000001 0.38509000000000004 0.649925 0.38509000000000004 0.649925 0.40691 0.6791750000000001 0.40691 0.6791750000000001 0.38509000000000004
10 0.37644 0.43403 0.3594 0.43403 0.3594 0.45366999999999996 0.37644 0.45366999999999996 0.37644 0.43403
10 0.49094 0.355435 0.4739 0.355435 0.4739 0.368205 0.49094 0.368205 0.49094 0.355435
10 0.897015 0.63627 0.884245 0.63627 0.884245 0.64791 0.897015 0.64791 0.897015 0.63627
10 0.94078 0.50069 0.92348 0.50069 0.92348 0.51787 0.94078 0.51787 0.94078 0.50069
10 0.339915 0.512625 0.325125 0.512625 0.325125 0.527415 0.339915 0.527415 0.339915 0.512625
10 0.200435 0.40291499999999997 0.190425 0.40291499999999997 0.190425 0.41446500000000003 0.200435 0.41446500000000003 0.200435 0.40291499999999997
10 0.36855000000000004 0.314565 0.35215 0.314565 0.35215 0.332415 0.36855000000000004 0.332415 0.36855000000000004 0.314565
10 0.80246 0.45538999999999996 0.76492 0.45538999999999996 0.76492 0.49335000000000007 0.80246 0.49335000000000007 0.80246 0.45538999999999996
10 0.65693 0.62887 0.64287 0.62887 0.64287 0.64261 0.65693 0.64261 0.65693 0.62887
10 0.9747 0.35755499999999996 0.94522 0.35755499999999996 0.94522 0.381205 0.9747 0.381205 0.9747 0.35755499999999996
10 0.130795 0.40282 0.11530499999999999 0.40282 0.11530499999999999 0.417 0.130795 0.417 0.130795 0.40282
10 0.5120250000000001 0.37416 0.49285500000000004 0.37416 0.49285500000000004 0.39 0.5120250000000001 0.39 0.5120250000000001 0.37416
10 0.787185 0.53776 0.775315 0.53776 0.775315 0.5501400000000001 0.787185 0.5501400000000001 0.787185 0.53776
10 0.36886 0.5917749999999999 0.34452 0.5917749999999999 0.34452 0.607445 0.36886 0.607445 0.36886 0.5917749999999999
10 0.11474 0.36733 0.09828 0.36733 0.09828 0.37925 0.11474 0.37925 0.11474 0.36733
10 0.65884 0.572935 0.64878 0.572935 0.64878 0.582345 0.65884 0.582345 0.65884 0.572935
10 0.8853949999999999 0.454735 0.8743650000000001 0.454735 0.8743650000000001 0.465685 0.8853949999999999 0.465685 0.8853949999999999 0.454735
10 0.950605 0.35311 0.9380750000000001 0.35311 0.9380750000000001 0.36223 0.950605 0.36223 0.950605 0.35311
10 0.294195 0.58624 0.280505 0.58624 0.280505 0.5953999999999999 0.294195 0.5953999999999999 0.294195 0.58624
10 0.060785 0.47675 0.008175 0.47675 0.008175 0.51691 0.060785 0.51691 0.060785 0.47675
10 0.147305 0.578955 0.134435 0.578955 0.134435 0.590965 0.147305 0.590965 0.147305 0.578955
10 0.28191 0.33416 0.26253000000000004 0.33416 0.26253000000000004 0.35188 0.28191 0.35188 0.28191 0.33416
9 0 0.589 0.005 0.5940000000000001 0.145 0.611 0.217 0.613 0.27 0.622 0.34500000000000003 0.615 0.501 0.658 0.583 0.673 0.633 0.678 0.705 0.6809999999999999 0.8150000000000001 0.693 0.943 0.6940000000000001 0.99 0.689 0.999 0.6849999999999999 0.999 0.362 0.909 0.32999999999999996 0.818 0.32 0.687 0.32 0.628 0.306 0.564 0.3 0.523 0.3 0.43600000000000005 0.31 0.323 0.303 0.254 0.312 0.127 0.343 0.003 0.35 0 0.351 0 0.589