10 0.287845 0.35621 0.246815 0.35621 0.246815 0.40035 0.287845 0.40035 0.287845 0.35621
10 0.601705 0.350375 0.5531349999999999 0.350375 0.5531349999999999 0.382865 0.601705 0.382865 0.601705 0.350375
10 0.73121 0.451025 0.67421 0.451025 0.67421 0.490155 0.73121 0.490155 0.73121 0.451025
10 0.72253 0.500355 0.69447 0.500355 0.69447 0.5201450000000001 0.72253 0.5201450000000001 0.72253 0.500355
10 0.07081499999999999 0.38792499999999996 0.043745 0.38792499999999996 0.043745 0.41529499999999997 0.07081499999999999 0.41529499999999997 0.07081499999999999 0.38792499999999996
10 0.42896 0.405485 0.40894 0.405485 0.40894 0.428995 0.42896 0.428995 0.42896 0.405485
10 0.10980000000000001 0.5570999999999999 0.0766 0.5570999999999999 0.0766 0.58548 0.10980000000000001 0.58548 0.10980000000000001 0.5570999999999999
10 0.38242 0.430415 0.36318 0.430415 0.36318 0.45142499999999997 0.38242 0.45142499999999997 0.38242 0.430415
10 0.32516 0.44821 0.30424 0.44821 0.30424 0.46585 0.32516 0.46585 0.32516 0.44821
10 0.59227 0.520875 0.57667 0.520875 0.57667 0.537725 0.59227 0.537725 0.59227 0.520875
10 0.35427 0.43030999999999997 0.32445 0.43030999999999997 0.32445 0.45445 0.35427 0.45445 0.35427 0.43030999999999997
10 0.41830999999999996 0.36711499999999997 0.39907 0.36711499999999997 0.39907 0.385805 0.41830999999999996 0.385805 0.41830999999999996 0.36711499999999997
10 0.59014 0.345115 0.56318 0.345115 0.56318 0.36972499999999997 0.59014 0.36972499999999997 0.59014 0.345115
10 0.22335500000000003 0.25256 0.20046499999999998 0.25256 0.20046499999999998 0.2738 0.22335500000000003 0.2738 0.22335500000000003 0.25256
10 0.708045 0.41287 0.688435 0.41287 0.688435 0.43089000000000005 0.708045 0.43089000000000005 0.708045 0.41287
10 0.08309 0.371185 0.06461 0.371185 0.06461 0.389555 0.08309 0.389555 0.08309 0.371185
10 0.490255 0.371195 0.46872499999999995 0.371195 0.46872499999999995 0.39248500000000003 0.490255 0.39248500000000003 0.490255 0.371195
10 0.12804 0.22641499999999998 0.11220000000000001 0.22641499999999998 0.11220000000000001 0.24478499999999997 0.12804 0.24478499999999997 0.12804 0.22641499999999998
10 0.11204 0.5143 0.09254 0.5143 0.09254 0.5316 0.11204 0.5316 0.11204 0.5143
10 0.79983 0.51597 0.76657 0.51597 0.76657 0.53677 0.79983 0.53677 0.79983 0.51597
10 0.183065 0.526195 0.16653500000000002 0.526195 0.16653500000000002 0.540205 0.183065 0.540205 0.183065 0.526195
10 0.404065 0.5143099999999999 0.380595 0.5143099999999999 0.380595 0.53355 0.404065 0.53355 0.404065 0.5143099999999999
10 0.9156000000000001 0.37067 0.87834 0.37067 0.87834 0.40862999999999994 0.9156000000000001 0.40862999999999994 0.9156000000000001 0.37067
10 0.60879 0.575905 0.59239 0.575905 0.59239 0.5910949999999999 0.60879 0.5910949999999999 0.60879 0.575905
10 0.102125 0.6070599999999999 0.084275 0.6070599999999999 0.084275 0.6234 0.102125 0.6234 0.102125 0.6070599999999999
10 0.023465 0.67185 0.0040149999999999995 0.67185 0.0040149999999999995 0.6885100000000001 0.023465 0.6885100000000001 0.023465 0.67185
10 0.485485 0.681665 0.467635 0.681665 0.467635 0.700175 0.485485 0.700175 0.485485 0.681665
10 0.6208 0.642565 0.6067400000000001 0.642565 0.6067400000000001 0.657235 0.6208 0.657235 0.6208 0.642565
10 0.43132000000000004 0.5605 0.41194 0.5605 0.41194 0.57622 0.43132000000000004 0.57622 0.43132000000000004 0.5605
10 0.082375 0.717035 0.059704999999999994 0.717035 0.059704999999999994 0.734145 0.082375 0.734145 0.082375 0.717035
10 0.27714500000000003 0.33926500000000004 0.262415 0.33926500000000004 0.262415 0.35311499999999996 0.27714500000000003 0.35311499999999996 0.27714500000000003 0.33926500000000004
10 0.42101 0.41904 0.40711 0.41904 0.40711 0.43642000000000003 0.42101 0.43642000000000003 0.42101 0.41904
10 0.234975 0.69151 0.22230500000000003 0.69151 0.22230500000000003 0.70399 0.234975 0.70399 0.234975 0.69151
10 0.228865 0.670965 0.208875 0.670965 0.208875 0.686455 0.228865 0.686455 0.228865 0.670965
10 0.410985 0.686585 0.385895 0.686585 0.385895 0.7050150000000001 0.410985 0.7050150000000001 0.410985 0.686585
10 0.62959 0.25604 0.60283 0.25604 0.60283 0.28448 0.62959 0.28448 0.62959 0.25604
10 0.58415 0.284925 0.55549 0.284925 0.55549 0.306375 0.58415 0.306375 0.58415 0.284925
10 0.78834 0.39773000000000003 0.77904 0.39773000000000003 0.77904 0.40647 0.78834 0.40647 0.78834 0.39773000000000003
10 0.39459 0.46879 0.36175 0.46879 0.36175 0.48433000000000004 0.39459 0.48433000000000004 0.39459 0.46879
10 0.352955 0.32611500000000004 0.338945 0.32611500000000004 0.338945 0.339905 0.352955 0.339905 0.352955 0.32611500000000004
10 0.50898 0.241535 0.48613999999999996 0.241535 0.48613999999999996 0.266285 0.50898 0.266285 0.50898 0.241535
10 0.42676 0.41123000000000004 0.4043 0.41123000000000004 0.4043 0.46573000000000003 0.42676 0.46573000000000003 0.42676 0.41123000000000004
10 0.052285000000000005 0.17029 0.028954999999999998 0.17029 0.028954999999999998 0.17761 0.052285000000000005 0.17761 0.052285000000000005 0.17029
9 0 0.763 0.054000000000000006 0.756 0.18 0.724 0.256 0.725 0.337 0.712 0.362 0.713 0.38 0.72 0.45099999999999996 0.7230000000000001 0.48600000000000004 0.72 0.562 0.705 0.613 0.6849999999999999 0.692 0.646 0.722 0.627 0.725 0.619 0.769 0.597 0.837 0.549 0.8710000000000001 0.534 0.9289999999999999 0.517 0.986 0.523 0.999 0.52 0.999 0.373 0.931 0.341 0.754 0.288 0.6900000000000001 0.26 0.6519999999999999 0.248 0.623 0.24900000000000003 0.601 0.28500000000000003 0.593 0.29 0.577 0.274 0.576 0.261 0.568 0.262 0.561 0.255 0.549 0.254 0.546 0.244 0.5389999999999999 0.24100000000000002 0.505 0.24300000000000002 0.499 0.248 0.45199999999999996 0.244 0.255 0.194 0.242 0.197 0.22200000000000003 0.19 0.158 0.182 0.013000000000000001 0.17099999999999999 0 0.17099999999999999 0 0.763