10 0.647145 0.327145 0.608575 0.327145 0.608575 0.360715 0.647145 0.360715 0.647145 0.327145
10 0.698865 0.42472000000000004 0.681015 0.42472000000000004 0.681015 0.441 0.698865 0.441 0.698865 0.42472000000000004
10 0.48968999999999996 0.39974 0.47271 0.39974 0.47271 0.41666 0.48968999999999996 0.41666 0.48968999999999996 0.39974
10 0.11311500000000001 0.388435 0.093665 0.388435 0.093665 0.405025 0.11311500000000001 0.405025 0.11311500000000001 0.388435
10 0.564055 0.45833500000000005 0.5443450000000001 0.45833500000000005 0.5443450000000001 0.47624500000000003 0.564055 0.47624500000000003 0.564055 0.45833500000000005
10 0.35036 0.32918 0.3308 0.32918 0.3308 0.34758 0.35036 0.34758 0.35036 0.32918
10 0.76505 0.36051 0.74471 0.36051 0.74471 0.37729 0.76505 0.37729 0.76505 0.36051
10 0.326685 0.30562 0.31149499999999997 0.30562 0.31149499999999997 0.3189 0.326685 0.3189 0.326685 0.30562
10 0.23833000000000001 0.419045 0.22383000000000003 0.419045 0.22383000000000003 0.433495 0.23833000000000001 0.433495 0.23833000000000001 0.419045
10 0.02571 0.3986 0.00813 0.3986 0.00813 0.41487999999999997 0.02571 0.41487999999999997 0.02571 0.3986
10 0.7751750000000001 0.43377499999999997 0.759985 0.43377499999999997 0.759985 0.44660500000000003 0.7751750000000001 0.44660500000000003 0.7751750000000001 0.43377499999999997
10 0.694995 0.46792999999999996 0.677085 0.46792999999999996 0.677085 0.48227000000000003 0.694995 0.48227000000000003 0.694995 0.46792999999999996
10 0.66096 0.555185 0.64372 0.555185 0.64372 0.5717749999999999 0.66096 0.5717749999999999 0.66096 0.555185
10 0.45304 0.5902499999999999 0.42196 0.5902499999999999 0.42196 0.60897 0.45304 0.60897 0.45304 0.5902499999999999
10 0.284165 0.40318 0.264175 0.40318 0.264175 0.42835999999999996 0.284165 0.42835999999999996 0.284165 0.40318
10 0.4081 0.33147000000000004 0.38976 0.33147000000000004 0.38976 0.35651 0.4081 0.35651 0.4081 0.33147000000000004
10 0.16330499999999998 0.46663 0.142855 0.46663 0.142855 0.48746999999999996 0.16330499999999998 0.48746999999999996 0.16330499999999998 0.46663
10 0.58724 0.55485 0.56804 0.55485 0.56804 0.57405 0.58724 0.57405 0.58724 0.55485
10 0.346895 0.35994000000000004 0.316685 0.35994000000000004 0.316685 0.38908 0.346895 0.38908 0.346895 0.35994000000000004
10 0.35607500000000003 0.51469 0.335825 0.51469 0.335825 0.53511 0.35607500000000003 0.53511 0.35607500000000003 0.51469
10 0.30229 0.63383 0.28169 0.63383 0.28169 0.64839 0.30229 0.64839 0.30229 0.63383
10 0.335195 0.27559999999999996 0.322525 0.27559999999999996 0.322525 0.28738 0.335195 0.28738 0.335195 0.27559999999999996
10 0.13796999999999998 0.4011 0.12131 0.4011 0.12131 0.41432 0.13796999999999998 0.41432 0.13796999999999998 0.4011
10 0.269705 0.615935 0.249335 0.615935 0.249335 0.6301650000000001 0.269705 0.6301650000000001 0.269705 0.615935
10 0.48280500000000004 0.30507 0.46495499999999995 0.30507 0.46495499999999995 0.32237 0.48280500000000004 0.32237 0.48280500000000004 0.30507
10 0.15817 0.29829500000000003 0.14701 0.29829500000000003 0.14701 0.309625 0.15817 0.309625 0.15817 0.29829500000000003
10 0.8026350000000001 0.41426999999999997 0.7872049999999999 0.41426999999999997 0.7872049999999999 0.42801 0.8026350000000001 0.42801 0.8026350000000001 0.41426999999999997
10 0.523995 0.39034 0.505305 0.39034 0.505305 0.40752 0.523995 0.40752 0.523995 0.39034
10 0.36502500000000004 0.279955 0.352255 0.279955 0.352255 0.291825 0.36502500000000004 0.291825 0.36502500000000004 0.279955
10 0.28837999999999997 0.261015 0.2712 0.261015 0.2712 0.28146499999999997 0.28837999999999997 0.28146499999999997 0.28837999999999997 0.261015
10 0.9279999999999999 0.60443 0.90404 0.60443 0.90404 0.62115 0.9279999999999999 0.62115 0.9279999999999999 0.60443
10 0.46279000000000003 0.40187 0.44931 0.40187 0.44931 0.41649 0.46279000000000003 0.41649 0.46279000000000003 0.40187
10 0.789485 0.540105 0.7710549999999999 0.540105 0.7710549999999999 0.5555950000000001 0.789485 0.5555950000000001 0.789485 0.540105
10 0.39027 0.34544 0.37437 0.34544 0.37437 0.36160000000000003 0.39027 0.36160000000000003 0.39027 0.34544
10 0.811885 0.44291 0.7965150000000001 0.44291 0.7965150000000001 0.45407000000000003 0.811885 0.45407000000000003 0.811885 0.44291
10 0.500695 0.628695 0.48124500000000003 0.628695 0.48124500000000003 0.640845 0.500695 0.640845 0.500695 0.628695
10 0.225765 0.25615 0.210275 0.25615 0.210275 0.27169 0.225765 0.27169 0.225765 0.25615
10 0.111905 0.495745 0.084635 0.495745 0.084635 0.518895 0.111905 0.518895 0.111905 0.495745
10 0.20544500000000002 0.6307 0.19031499999999998 0.6307 0.19031499999999998 0.64372 0.20544500000000002 0.64372 0.20544500000000002 0.6307
10 0.36365 0.623575 0.34875 0.623575 0.34875 0.637165 0.36365 0.637165 0.36365 0.623575
10 0.500195 0.3472 0.478325 0.3472 0.478325 0.36472000000000004 0.500195 0.36472000000000004 0.500195 0.3472
10 0.248835 0.573415 0.233825 0.573415 0.233825 0.586745 0.248835 0.586745 0.248835 0.573415
10 0.4727 0.44128999999999996 0.45698 0.44128999999999996 0.45698 0.45959000000000005 0.4727 0.45959000000000005 0.4727 0.44128999999999996
10 0.205565 0.358385 0.18871500000000002 0.358385 0.18871500000000002 0.371115 0.205565 0.371115 0.205565 0.358385
10 0.40376 0.29463 0.39166 0.29463 0.39166 0.31035 0.40376 0.31035 0.40376 0.29463
10 0.91081 0.65394 0.8841100000000001 0.65394 0.8841100000000001 0.67614 0.91081 0.67614 0.91081 0.65394
10 0.30837 0.592375 0.29220999999999997 0.592375 0.29220999999999997 0.610745 0.30837 0.610745 0.30837 0.592375
10 0.244185 0.36617 0.23213499999999998 0.36617 0.23213499999999998 0.37699 0.244185 0.37699 0.244185 0.36617
10 0.34965 0.42579 0.33053 0.42579 0.33053 0.44433 0.34965 0.44433 0.34965 0.42579
10 0.30710000000000004 0.398155 0.29398 0.398155 0.29398 0.41092500000000004 0.30710000000000004 0.41092500000000004 0.30710000000000004 0.398155
10 0.27453500000000003 0.34926 0.263065 0.34926 0.263065 0.35874 0.27453500000000003 0.35874 0.27453500000000003 0.34926
10 0.701765 0.29277000000000003 0.654675 0.29277000000000003 0.654675 0.32050999999999996 0.701765 0.32050999999999996 0.701765 0.29277000000000003
10 0.77977 0.37972 0.76515 0.37972 0.76515 0.39274 0.77977 0.39274 0.77977 0.37972
10 0.6049100000000001 0.37555499999999997 0.59041 0.37555499999999997 0.59041 0.391045 0.6049100000000001 0.391045 0.6049100000000001 0.37555499999999997
10 0.8908799999999999 0.60857 0.8766999999999999 0.60857 0.8766999999999999 0.61995 0.8908799999999999 0.61995 0.8908799999999999 0.60857
10 0.613475 0.39832 0.593565 0.39832 0.593565 0.41807999999999995 0.613475 0.41807999999999995 0.613475 0.39832
10 0.64492 0.65027 0.62852 0.65027 0.62852 0.66223 0.64492 0.66223 0.64492 0.65027
10 0.93034 0.629035 0.9095000000000001 0.629035 0.9095000000000001 0.640505 0.93034 0.640505 0.93034 0.629035
10 0.77972 0.45921 0.7583599999999999 0.45921 0.7583599999999999 0.47537 0.77972 0.47537 0.77972 0.45921
10 0.17391 0.612025 0.16227 0.612025 0.16227 0.622355 0.17391 0.622355 0.17391 0.612025
10 0.417425 0.42676 0.40435499999999996 0.42676 0.40435499999999996 0.44286000000000003 0.417425 0.44286000000000003 0.417425 0.42676
10 0.31002 0.539095 0.29008 0.539095 0.29008 0.5644250000000001 0.31002 0.5644250000000001 0.31002 0.539095
10 0.060905 0.378315 0.048475000000000004 0.378315 0.048475000000000004 0.388285 0.060905 0.388285 0.060905 0.378315
10 0.4125 0.406895 0.39902000000000004 0.406895 0.39902000000000004 0.420745 0.4125 0.420745 0.4125 0.406895
10 0.97844 0.43858499999999995 0.96198 0.43858499999999995 0.96198 0.452535 0.97844 0.452535 0.97844 0.43858499999999995
10 0.55364 0.43093000000000004 0.53426 0.43093000000000004 0.53426 0.45335000000000003 0.55364 0.45335000000000003 0.55364 0.43093000000000004
10 0 0.556385 0.0077 0.556385 0.0077 0.544195 0 0.544195 0 0.556385
10 0.42077 0.531345 0.40785 0.531345 0.40785 0.545795 0.42077 0.545795 0.42077 0.531345
10 0.49809000000000003 0.670735 0.48727 0.670735 0.48727 0.680825 0.49809000000000003 0.680825 0.49809000000000003 0.670735
10 0.9342050000000001 0.50631 0.917355 0.50631 0.917355 0.52005 0.9342050000000001 0.52005 0.9342050000000001 0.50631
10 0.086885 0.5378149999999999 0.073515 0.5378149999999999 0.073515 0.5491050000000001 0.086885 0.5491050000000001 0.086885 0.5378149999999999
10 0.46577 0.56936 0.44292999999999993 0.56936 0.44292999999999993 0.59178 0.46577 0.59178 0.46577 0.56936
10 0.9588850000000001 0.564665 0.944435 0.564665 0.944435 0.575955 0.9588850000000001 0.575955 0.9588850000000001 0.564665
10 0.715055 0.48250000000000004 0.6921649999999999 0.48250000000000004 0.6921649999999999 0.50968 0.715055 0.50968 0.715055 0.48250000000000004
10 0.46954 0.36299000000000003 0.45526 0.36299000000000003 0.45526 0.37627 0.46954 0.37627 0.46954 0.36299000000000003
10 0.7976099999999999 0.49883 0.7609899999999999 0.49883 0.7609899999999999 0.52559 0.7976099999999999 0.52559 0.7976099999999999 0.49883
10 0.33727 0.50496 0.31557 0.50496 0.31557 0.52824 0.33727 0.52824 0.33727 0.50496
10 0.619795 0.5100399999999999 0.579425 0.5100399999999999 0.579425 0.53488 0.619795 0.53488 0.619795 0.5100399999999999
10 0.029955 0.5918650000000001 0.011185 0.5918650000000001 0.011185 0.605395 0.029955 0.605395 0.029955 0.5918650000000001
10 0.51844 0.6984 0.48742 0.6984 0.48742 0.71956 0.51844 0.71956 0.51844 0.6984
10 0.9315149999999999 0.5513950000000001 0.9171250000000001 0.5513950000000001 0.9171250000000001 0.564825 0.9315149999999999 0.564825 0.9315149999999999 0.5513950000000001
10 0.618135 0.28169 0.597685 0.28169 0.597685 0.29985 0.618135 0.29985 0.618135 0.28169
10 0.79664 0.64698 0.77758 0.64698 0.77758 0.6704 0.79664 0.6704 0.79664 0.64698
10 0.16829 0.501215 0.14518999999999999 0.501215 0.14518999999999999 0.5222249999999999 0.16829 0.5222249999999999 0.16829 0.501215
10 0.30755499999999997 0.38012 0.29888499999999996 0.38012 0.29888499999999996 0.3899 0.30755499999999997 0.3899 0.30755499999999997 0.38012
10 0.253595 0.321575 0.241765 0.321575 0.241765 0.332225 0.253595 0.332225 0.253595 0.321575
10 0.12014 0.49231499999999995 0.10666 0.49231499999999995 0.10666 0.507685 0.12014 0.507685 0.12014 0.49231499999999995
10 0.991 0.43160499999999996 0.8859600000000001 0.43160499999999996 0.8859600000000001 0.518095 0.991 0.518095 0.991 0.43160499999999996
10 0.816865 0.47311 0.804235 0.47311 0.804235 0.48489000000000004 0.816865 0.48489000000000004 0.816865 0.47311
10 0.07070499999999999 0.256505 0.055515 0.256505 0.055515 0.26937500000000003 0.07070499999999999 0.26937500000000003 0.07070499999999999 0.256505
10 0.114765 0.546065 0.102755 0.546065 0.102755 0.556475 0.114765 0.556475 0.114765 0.546065
10 0.847615 0.586855 0.825245 0.586855 0.825245 0.6123649999999999 0.847615 0.6123649999999999 0.847615 0.586855
10 0.91174 0.536115 0.89198 0.536115 0.89198 0.548845 0.91174 0.548845 0.91174 0.536115
10 0.57415 0.316185 0.55769 0.316185 0.55769 0.329815 0.57415 0.329815 0.57415 0.316185
10 0.2952 0.50749 0.28437999999999997 0.50749 0.28437999999999997 0.5237700000000001 0.2952 0.5237700000000001 0.2952 0.50749
10 0.75404 0.368445 0.74694 0.368445 0.74694 0.37521499999999997 0.75404 0.37521499999999997 0.75404 0.368445
10 0.364565 0.495385 0.354195 0.495385 0.354195 0.505595 0.364565 0.505595 0.364565 0.495385
10 0.6492600000000001 0.43003 0.63688 0.43003 0.63688 0.43959000000000004 0.6492600000000001 0.43959000000000004 0.6492600000000001 0.43003
10 0.770365 0.49367 0.759915 0.49367 0.759915 0.5034099999999999 0.770365 0.5034099999999999 0.770365 0.49367
10 0.8436299999999999 0.40822 0.8350899999999999 0.40822 0.8350899999999999 0.41356000000000004 0.8436299999999999 0.41356000000000004 0.8436299999999999 0.40822
10 0.5438 0.5071399999999999 0.5372600000000001 0.5071399999999999 0.5372600000000001 0.51336 0.5438 0.51336 0.5438 0.5071399999999999
10 0.6965950000000001 0.68693 0.520205 0.68693 0.520205 0.73689 0.6965950000000001 0.73689 0.6965950000000001 0.68693
10 0.48619 0.481915 0.48061 0.481915 0.48061 0.487805 0.48619 0.487805 0.48619 0.481915
10 0.55042 0.59862 0.5423600000000001 0.59862 0.5423600000000001 0.60646 0.55042 0.60646 0.55042 0.59862
10 0.217 0.47833 0.20878000000000002 0.47833 0.20878000000000002 0.48796999999999996 0.217 0.48796999999999996 0.217 0.47833
10 0.996885 0.66871 0.9738149999999999 0.66871 0.9738149999999999 0.6848099999999999 0.996885 0.6848099999999999 0.996885 0.66871
9 0 0.6 0.097 0.648 0.143 0.658 0.185 0.675 0.22400000000000003 0.6980000000000001 0.29100000000000004 0.717 0.363 0.724 0.544 0.7230000000000001 0.62 0.736 0.69825 0.727 0.737 0.728 0.7769999999999999 0.738 0.8109999999999999 0.736 0.8550000000000001 0.726 0.923 0.697 0.999 0.675 0.999 0.43499999999999994 0.984 0.43600000000000005 0.9720000000000001 0.42800000000000005 0.951 0.426 0.931 0.41 0.922 0.39 0.922 0.379 0.93 0.372 0.931 0.361 0.8720000000000001 0.35 0.8210000000000001 0.327 0.753 0.311 0.6900000000000001 0.29 0.554 0.266 0.44466700000000003 0.273 0.335 0.258 0.174 0.24900000000000003 0.075 0.254 0.004 0.265 0 0.267 0 0.6