10 0.464285 0.5685749999999999 0.42285500000000004 0.5685749999999999 0.42285500000000004 0.599285 0.464285 0.599285 0.464285 0.5685749999999999
10 0.25746 0.6471199999999999 0.23349999999999999 0.6471199999999999 0.23349999999999999 0.66928 0.25746 0.66928 0.25746 0.6471199999999999
10 0.41762499999999997 0.6475299999999999 0.393895 0.6475299999999999 0.393895 0.66399 0.41762499999999997 0.66399 0.41762499999999997 0.6475299999999999
10 0.12248 0.52644 0.10664 0.52644 0.10664 0.54484 0.12248 0.54484 0.12248 0.52644
10 0.266905 0.6070949999999999 0.235535 0.6070949999999999 0.235535 0.631185 0.266905 0.631185 0.266905 0.6070949999999999
10 0.031025000000000004 0.41118 0.007875 0.41118 0.007875 0.4316 0.031025000000000004 0.4316 0.031025000000000004 0.41118
10 0.051434999999999995 0.36192 0.017525 0.36192 0.017525 0.3871 0.051434999999999995 0.3871 0.051434999999999995 0.36192
10 0.23320500000000002 0.3531 0.208455 0.3531 0.208455 0.37492000000000003 0.23320500000000002 0.37492000000000003 0.23320500000000002 0.3531
10 0.36201 0.596255 0.34503 0.596255 0.34503 0.6088250000000001 0.36201 0.6088250000000001 0.36201 0.596255
10 0.30617 0.57473 0.28319 0.57473 0.28319 0.59715 0.30617 0.59715 0.30617 0.57473
10 0.217225 0.60481 0.198055 0.60481 0.198055 0.62077 0.217225 0.62077 0.217225 0.60481
10 0.088505 0.32679 0.06517500000000001 0.32679 0.06517500000000001 0.34313 0.088505 0.34313 0.088505 0.32679
10 0.18334999999999999 0.531865 0.16211 0.531865 0.16211 0.5472349999999999 0.18334999999999999 0.5472349999999999 0.18334999999999999 0.531865
10 0.022955 0.6270100000000001 0.000965 0.6270100000000001 0.000965 0.65327 0.022955 0.65327 0.022955 0.6270100000000001
10 0.81125 0.564715 0.79227 0.564715 0.79227 0.583725 0.81125 0.583725 0.81125 0.564715
10 0.285185 0.39927 0.265115 0.39927 0.265115 0.41567 0.285185 0.41567 0.285185 0.39927
10 0.45939500000000005 0.540925 0.43122499999999997 0.540925 0.43122499999999997 0.554775 0.45939500000000005 0.554775 0.45939500000000005 0.540925
10 0.08859 0.6147 0.07350999999999999 0.6147 0.07350999999999999 0.63042 0.08859 0.63042 0.08859 0.6147
10 0.73148 0.59731 0.7070000000000001 0.59731 0.7070000000000001 0.61753 0.73148 0.61753 0.73148 0.59731
10 0.240035 0.42718999999999996 0.220165 0.42718999999999996 0.220165 0.44340999999999997 0.240035 0.44340999999999997 0.240035 0.42718999999999996
10 0.022035 0.36194000000000004 0.001345 0.36194000000000004 0.001345 0.38024 0.022035 0.38024 0.022035 0.36194000000000004
10 0.870145 0.39437500000000003 0.849575 0.39437500000000003 0.849575 0.417145 0.870145 0.417145 0.870145 0.39437500000000003
10 0.103195 0.41213 0.080525 0.41213 0.080525 0.43407 0.103195 0.43407 0.103195 0.41213
10 0.55978 0.41369 0.5359200000000001 0.41369 0.5359200000000001 0.43543000000000004 0.55978 0.43543000000000004 0.55978 0.41369
10 0.54414 0.32722 0.52032 0.32722 0.52032 0.34466 0.54414 0.34466 0.54414 0.32722
10 0.073995 0.4729 0.052465 0.4729 0.052465 0.49047999999999997 0.073995 0.49047999999999997 0.073995 0.4729
10 0.370155 0.387815 0.357865 0.387815 0.357865 0.397825 0.370155 0.397825 0.370155 0.387815
10 0.89094 0.33377500000000004 0.8610200000000001 0.33377500000000004 0.8610200000000001 0.369845 0.89094 0.369845 0.89094 0.33377500000000004
10 0.386015 0.4128 0.365445 0.4128 0.365445 0.43289999999999995 0.386015 0.43289999999999995 0.386015 0.4128
10 0.522475 0.298925 0.49900500000000003 0.298925 0.49900500000000003 0.313875 0.522475 0.313875 0.522475 0.298925
10 0.22239 0.447865 0.20315 0.447865 0.20315 0.465715 0.22239 0.465715 0.22239 0.447865
10 0.54745 0.56247 0.53067 0.56247 0.53067 0.57621 0.54745 0.57621 0.54745 0.56247
10 0.979745 0.47742500000000004 0.962635 0.47742500000000004 0.962635 0.491815 0.979745 0.491815 0.979745 0.47742500000000004
10 0.42007500000000003 0.45422 0.400725 0.45422 0.400725 0.47302 0.42007500000000003 0.47302 0.42007500000000003 0.45422
10 0.560515 0.5358799999999999 0.5478850000000001 0.5358799999999999 0.5478850000000001 0.55006 0.560515 0.55006 0.560515 0.5358799999999999
10 0.714125 0.44276 0.686275 0.44276 0.686275 0.47081999999999996 0.714125 0.47081999999999996 0.714125 0.44276
10 0.5310050000000001 0.53336 0.5158750000000001 0.53336 0.5158750000000001 0.5477000000000001 0.5310050000000001 0.5477000000000001 0.5310050000000001 0.53336
9 0 0.6559999999999999 0.009 0.663 0.038 0.673 0.11599999999999999 0.693 0.19 0.705 0.256 0.709 0.391 0.697 0.45999999999999996 0.697 0.47300000000000003 0.6940000000000001 0.47800000000000004 0.688 0.49000000000000005 0.687 0.492 0.674 0.5730000000000001 0.679 0.6831430000000001 0.649 0.817 0.653 0.865 0.643 0.9326000000000001 0.618 0.999 0.618 0.999 0.344 0.986 0.33799999999999997 0.8 0.296 0.73 0.29 0.587 0.269 0.387 0.252 0.34500000000000003 0.252 0.255 0.264 0.177 0.263 0.134 0.272 0.003 0.288 0 0.28900000000000003 0 0.6559999999999999