10 0.157305 0.563 0.09299500000000001 0.563 0.09299500000000001 0.6309199999999999 0.157305 0.6309199999999999 0.157305 0.563
10 0.45526 0.345505 0.403 0.345505 0.403 0.385075 0.45526 0.385075 0.45526 0.345505
10 0.7992 0.3955 0.7255 0.3955 0.7255 0.44104 0.7992 0.44104 0.7992 0.3955
10 0.626755 0.34592999999999996 0.590045 0.34592999999999996 0.590045 0.37134999999999996 0.626755 0.37134999999999996 0.626755 0.34592999999999996
10 0.021725 0.31104 0.000515 0.31104 0.000515 0.34765999999999997 0.021725 0.34765999999999997 0.021725 0.31104
10 0.08748 0.195745 0.05266 0.195745 0.05266 0.21881499999999998 0.08748 0.21881499999999998 0.08748 0.195745
10 0.433005 0.35003 0.40489499999999995 0.35003 0.40489499999999995 0.37165 0.433005 0.37165 0.433005 0.35003
10 0.159315 0.33594 0.135845 0.33594 0.135845 0.3584 0.159315 0.3584 0.159315 0.33594
10 0.24774500000000002 0.29185 0.21075499999999997 0.29185 0.21075499999999997 0.31850999999999996 0.24774500000000002 0.31850999999999996 0.24774500000000002 0.29185
10 0.06555 0.564855 0.04107 0.564855 0.04107 0.585545 0.06555 0.585545 0.06555 0.564855
10 0.18423 0.306095 0.14975 0.306095 0.14975 0.330145 0.18423 0.330145 0.18423 0.306095
10 0.05524 0.49480500000000005 0.030199999999999998 0.49480500000000005 0.030199999999999998 0.516915 0.05524 0.516915 0.05524 0.49480500000000005
10 0.30788000000000004 0.484535 0.28684 0.484535 0.28684 0.508625 0.30788000000000004 0.508625 0.30788000000000004 0.484535
10 0.079295 0.51009 0.05852500000000001 0.51009 0.05852500000000001 0.52605 0.079295 0.52605 0.079295 0.51009
10 0.68269 0.42429500000000003 0.6649700000000001 0.42429500000000003 0.6649700000000001 0.43702500000000005 0.68269 0.43702500000000005 0.68269 0.42429500000000003
10 0.204245 0.41398999999999997 0.188575 0.41398999999999997 0.188575 0.42977 0.204245 0.42977 0.204245 0.41398999999999997
10 0.67796 0.374695 0.65994 0.374695 0.65994 0.388485 0.67796 0.388485 0.67796 0.374695
10 0.87213 0.42691999999999997 0.85541 0.42691999999999997 0.85541 0.43782 0.87213 0.43782 0.87213 0.42691999999999997
10 0.353485 0.471685 0.330595 0.471685 0.330595 0.499015 0.353485 0.499015 0.353485 0.471685
10 0.27673000000000003 0.560125 0.25843 0.560125 0.25843 0.5785549999999999 0.27673000000000003 0.5785549999999999 0.27673000000000003 0.560125
10 0.8324299999999999 0.5511 0.8003899999999999 0.5511 0.8003899999999999 0.56706 0.8324299999999999 0.56706 0.8324299999999999 0.5511
10 0.08161500000000001 0.6617200000000001 0.057185 0.6617200000000001 0.057185 0.6791 0.08161500000000001 0.6791 0.08161500000000001 0.6617200000000001
10 0.57172 0.42292500000000005 0.51422 0.42292500000000005 0.51422 0.451095 0.57172 0.451095 0.57172 0.42292500000000005
10 0.36479 0.5403749999999999 0.35151 0.5403749999999999 0.35151 0.5553250000000001 0.36479 0.5553250000000001 0.36479 0.5403749999999999
10 0.27864 0.5229199999999999 0.26726 0.5229199999999999 0.26726 0.5347000000000001 0.27864 0.5347000000000001 0.27864 0.5229199999999999
10 0.31625000000000003 0.334705 0.28727 0.334705 0.28727 0.376235 0.31625000000000003 0.376235 0.31625000000000003 0.334705
10 0.305975 0.34402 0.29118499999999997 0.34402 0.29118499999999997 0.36204000000000003 0.305975 0.36204000000000003 0.305975 0.34402
10 0.152225 0.212285 0.14049499999999998 0.212285 0.14049499999999998 0.22301500000000002 0.152225 0.22301500000000002 0.152225 0.212285
10 0.145145 0.563425 0.135135 0.563425 0.135135 0.5752550000000001 0.145145 0.5752550000000001 0.145145 0.563425
10 0.610225 0.477005 0.590955 0.477005 0.590955 0.489295 0.610225 0.489295 0.610225 0.477005
10 0.386245 0.26681 0.377435 0.26681 0.377435 0.27763 0.386245 0.27763 0.386245 0.26681
9 0.11499999999999999 0.675 0.16 0.669 0.189 0.658 0.23900000000000002 0.651 0.275 0.639 0.346 0.649 0.351 0.658 0.373 0.675 0.38 0.673 0.403 0.627 0.512 0.641 0.55 0.658 0.606 0.657 0.662 0.642 0.853 0.561 0.8800000000000001 0.554 0.932 0.505 0.9710000000000001 0.477 0.983 0.462 0.982 0.45599999999999996 0.9720000000000001 0.45 0.933 0.445 0.898 0.42699999999999994 0.873 0.409 0.8470000000000001 0.381 0.8029999999999999 0.343 0.774 0.325 0.702 0.294 0.6639999999999999 0.29100000000000004 0.613 0.29900000000000004 0.5740000000000001 0.298 0.49800000000000005 0.269 0.466 0.25 0.44800000000000006 0.246 0.383 0.219 0.33799999999999997 0.207 0.253 0.20099999999999998 0.198 0.189 0.13 0.187 0.098 0.193 0.06725 0.193 0.001 0.186 0 0.669 0.009 0.673 0.046 0.679 0.11499999999999999 0.675