10 0.325645 0.5451550000000001 0.293115 0.5451550000000001 0.293115 0.573705 0.325645 0.573705 0.325645 0.5451550000000001
10 0.177755 0.46026 0.155505 0.46026 0.155505 0.47919999999999996 0.177755 0.47919999999999996 0.177755 0.46026
10 0.11046 0.67561 0.08852 0.67561 0.08852 0.69841 0.11046 0.69841 0.11046 0.67561
10 0.53368 0.588825 0.5151399999999999 0.588825 0.5151399999999999 0.603555 0.53368 0.603555 0.53368 0.588825
10 0.04335 0.58653 0.02605 0.58653 0.02605 0.60293 0.04335 0.60293 0.04335 0.58653
10 0.678005 0.533435 0.649135 0.533435 0.649135 0.555425 0.678005 0.555425 0.678005 0.533435
10 0.37934999999999997 0.510505 0.36479 0.510505 0.36479 0.5256350000000001 0.37934999999999997 0.5256350000000001 0.37934999999999997 0.510505
10 0.18757 0.5879 0.16595 0.5879 0.16595 0.60252 0.18757 0.60252 0.18757 0.5879
10 0.531605 0.59516 0.505495 0.59516 0.505495 0.61968 0.531605 0.61968 0.531605 0.59516
10 0.491205 0.619645 0.47607499999999997 0.619645 0.47607499999999997 0.633275 0.491205 0.633275 0.491205 0.619645
10 0.25373 0.679385 0.22747 0.679385 0.22747 0.703435 0.25373 0.703435 0.25373 0.679385
10 0.37039 0.6070599999999999 0.33713000000000004 0.6070599999999999 0.33713000000000004 0.62926 0.37039 0.62926 0.37039 0.6070599999999999
10 0.28725 0.553685 0.27135 0.553685 0.27135 0.569355 0.28725 0.569355 0.28725 0.553685
10 0.02751 0.422415 0.00581 0.422415 0.00581 0.44574499999999995 0.02751 0.44574499999999995 0.02751 0.422415
10 0.58773 0.6521600000000001 0.5587500000000001 0.6521600000000001 0.5587500000000001 0.6837799999999999 0.58773 0.6837799999999999 0.58773 0.6521600000000001
10 0.251795 0.46861499999999995 0.230145 0.46861499999999995 0.230145 0.48646500000000004 0.251795 0.48646500000000004 0.251795 0.46861499999999995
10 0.323665 0.441395 0.308655 0.441395 0.308655 0.45508499999999996 0.323665 0.45508499999999996 0.323665 0.441395
10 0.24586000000000002 0.387405 0.19554 0.387405 0.19554 0.424115 0.24586000000000002 0.424115 0.24586000000000002 0.387405
10 0.193045 0.36427 0.179515 0.36427 0.179515 0.37889 0.193045 0.37889 0.193045 0.36427
10 0.44737 0.453075 0.43545 0.453075 0.43545 0.464405 0.44737 0.464405 0.44737 0.453075
10 0.34385 0.559265 0.32606999999999997 0.559265 0.32606999999999997 0.574515 0.34385 0.574515 0.34385 0.559265
10 0.5017750000000001 0.50068 0.47772500000000007 0.50068 0.47772500000000007 0.5168999999999999 0.5017750000000001 0.5168999999999999 0.5017750000000001 0.50068
10 0.728985 0.57042 0.707535 0.57042 0.707535 0.58876 0.728985 0.58876 0.728985 0.57042
10 0.21647 0.588905 0.20857 0.588905 0.20857 0.597615 0.21647 0.597615 0.21647 0.588905
10 0.749355 0.57031 0.6803250000000001 0.57031 0.6803250000000001 0.62207 0.749355 0.62207 0.749355 0.57031
10 0.080075 0.52153 0.030945 0.52153 0.030945 0.53609 0.080075 0.53609 0.080075 0.52153
10 0.507095 0.680715 0.482165 0.680715 0.482165 0.690385 0.507095 0.690385 0.507095 0.680715
10 0.516565 0.45631000000000005 0.489295 0.45631000000000005 0.489295 0.47092999999999996 0.516565 0.47092999999999996 0.516565 0.45631000000000005
10 0.51533 0.42408999999999997 0.48857 0.42408999999999997 0.48857 0.44603000000000004 0.51533 0.44603000000000004 0.51533 0.42408999999999997
10 0.556775 0.43731 0.5360050000000001 0.43731 0.5360050000000001 0.44941000000000003 0.556775 0.44941000000000003 0.556775 0.43731
10 0.80658 0.5913700000000001 0.7793599999999999 0.5913700000000001 0.7793599999999999 0.60297 0.80658 0.60297 0.80658 0.5913700000000001
10 0.053805000000000006 0.687235 0.046655 0.687235 0.046655 0.695585 0.053805000000000006 0.695585 0.053805000000000006 0.687235
10 0.67787 0.45221 0.63853 0.45221 0.63853 0.46380999999999994 0.67787 0.46380999999999994 0.67787 0.45221
10 0.628085 0.6754 0.613135 0.6754 0.613135 0.68496 0.628085 0.68496 0.628085 0.6754
10 0.41292 0.36414 0.39176 0.36414 0.39176 0.37268 0.41292 0.37268 0.41292 0.36414
10 0.480255 0.39035000000000003 0.458225 0.39035000000000003 0.458225 0.40701 0.480255 0.40701 0.480255 0.39035000000000003
10 0.26822 0.339275 0.2291 0.339275 0.2291 0.348225 0.26822 0.348225 0.26822 0.339275
10 0.49302 0.398655 0.48550000000000004 0.398655 0.48550000000000004 0.407005 0.49302 0.407005 0.49302 0.398655
10 0.394925 0.67222 0.365335 0.67222 0.365335 0.68228 0.394925 0.68228 0.394925 0.67222
10 0.38906999999999997 0.672215 0.33457 0.672215 0.33457 0.695945 0.38906999999999997 0.695945 0.38906999999999997 0.672215
10 0.112245 0.327245 0.10187500000000001 0.327245 0.10187500000000001 0.34169499999999997 0.112245 0.34169499999999997 0.112245 0.327245
9 0.128 0.738 0.189 0.735 0.23700000000000002 0.724 0.363 0.6799999999999999 0.384 0.6769999999999999 0.422 0.678 0.46799999999999997 0.689 0.524 0.683 0.577 0.689 0.639 0.679 0.6769999999999999 0.67 0.724 0.65 0.776 0.61 0.798 0.5980000000000001 0.834 0.599 0.884 0.584 0.853 0.5860000000000001 0.8300000000000001 0.58 0.825 0.583 0.8009999999999999 0.575 0.734 0.502 0.704 0.47800000000000004 0.674 0.461 0.659 0.45599999999999996 0.544 0.445 0.525 0.43200000000000005 0.505 0.42800000000000005 0.471 0.4 0.446 0.385 0.393 0.366 0.23700000000000002 0.34199999999999997 0.109125 0.34199999999999997 0.067 0.33599999999999997 0.005 0.33599999999999997 0 0.337 0.002 0.729 0.066 0.73 0.128 0.738