10 0.729295 0.730615 0.6984250000000001 0.730615 0.6984250000000001 0.759525 0.729295 0.759525 0.729295 0.730615
10 0.767555 0.753865 0.749045 0.753865 0.749045 0.768595 0.767555 0.768595 0.767555 0.753865
10 0.879795 0.73961 0.861425 0.73961 0.861425 0.75551 0.879795 0.75551 0.879795 0.73961
10 0.7844450000000001 0.672715 0.764375 0.672715 0.764375 0.686665 0.7844450000000001 0.686665 0.7844450000000001 0.672715
10 0.803615 0.58205 0.788185 0.58205 0.788185 0.59667 0.803615 0.59667 0.803615 0.58205
10 0.886745 0.60076 0.871075 0.60076 0.871075 0.61214 0.886745 0.61214 0.886745 0.60076
10 0.6360699999999999 0.73219 0.6236900000000001 0.73219 0.6236900000000001 0.74339 0.6360699999999999 0.74339 0.6360699999999999 0.73219
10 0.083665 0.6518200000000001 0.065015 0.6518200000000001 0.065015 0.6655599999999999 0.083665 0.6655599999999999 0.083665 0.6518200000000001
10 0.73396 0.64558 0.71428 0.64558 0.71428 0.66008 0.73396 0.66008 0.73396 0.64558
10 0.9958500000000001 0.66341 0.96411 0.66341 0.96411 0.67937 0.9958500000000001 0.67937 0.9958500000000001 0.66341
10 0.5027250000000001 0.680715 0.488495 0.680715 0.488495 0.691365 0.5027250000000001 0.691365 0.5027250000000001 0.680715
10 0.6921649999999999 0.741535 0.673075 0.741535 0.673075 0.753585 0.6921649999999999 0.753585 0.6921649999999999 0.741535
10 0.8686450000000001 0.65321 0.852055 0.65321 0.852055 0.66905 0.8686450000000001 0.66905 0.8686450000000001 0.65321
10 0.6741900000000001 0.75657 0.65199 0.75657 0.65199 0.7727299999999999 0.6741900000000001 0.7727299999999999 0.6741900000000001 0.75657
10 0.683045 0.666915 0.6704749999999999 0.666915 0.6704749999999999 0.6768449999999999 0.683045 0.6768449999999999 0.683045 0.666915
10 0.179605 0.56426 0.165375 0.56426 0.165375 0.58124 0.179605 0.58124 0.179605 0.56426
10 0.26437499999999997 0.58395 0.234165 0.58395 0.234165 0.60843 0.26437499999999997 0.60843 0.26437499999999997 0.58395
10 0.907465 0.596295 0.883555 0.596295 0.883555 0.618545 0.907465 0.618545 0.907465 0.596295
10 0.161395 0.645965 0.150865 0.645965 0.150865 0.6548149999999999 0.161395 0.6548149999999999 0.161395 0.645965
10 0.197445 0.673975 0.187315 0.673975 0.187315 0.684425 0.197445 0.684425 0.197445 0.673975
10 0.7624 0.669565 0.74638 0.669565 0.74638 0.681995 0.7624 0.681995 0.7624 0.669565
10 0.18168 0.64063 0.17256 0.64063 0.17256 0.64941 0.18168 0.64941 0.18168 0.64063
10 0.826905 0.70404 0.8166550000000001 0.70404 0.8166550000000001 0.71296 0.826905 0.71296 0.826905 0.70404
10 0.288335 0.637355 0.274645 0.637355 0.274645 0.650725 0.288335 0.650725 0.288335 0.637355
10 0.8976050000000001 0.68347 0.886575 0.68347 0.886575 0.69153 0.8976050000000001 0.69153 0.8976050000000001 0.68347
10 0.09939 0.672615 0.08041000000000001 0.672615 0.08041000000000001 0.695545 0.09939 0.695545 0.09939 0.672615
10 0.21756999999999999 0.7219599999999999 0.19087 0.7219599999999999 0.19087 0.73508 0.21756999999999999 0.73508 0.21756999999999999 0.7219599999999999
10 0.62739 0.6617149999999999 0.60797 0.6617149999999999 0.60797 0.670325 0.62739 0.670325 0.62739 0.6617149999999999
10 0.38237 0.643395 0.36519 0.643395 0.36519 0.654465 0.38237 0.654465 0.38237 0.643395
10 0.548745 0.678025 0.5381750000000001 0.678025 0.5381750000000001 0.688195 0.548745 0.688195 0.548745 0.678025
10 0.31257999999999997 0.751245 0.2963 0.751245 0.2963 0.761455 0.31257999999999997 0.761455 0.31257999999999997 0.751245
10 0.225215 0.636145 0.21302500000000002 0.636145 0.21302500000000002 0.646075 0.225215 0.646075 0.225215 0.636145
10 0.26843 0.571655 0.25647000000000003 0.571655 0.25647000000000003 0.5826450000000001 0.26843 0.5826450000000001 0.26843 0.571655
10 0.566055 0.739875 0.552105 0.739875 0.552105 0.7503650000000001 0.566055 0.7503650000000001 0.566055 0.739875
10 0.13550500000000001 0.5907899999999999 0.124255 0.5907899999999999 0.124255 0.60061 0.13550500000000001 0.60061 0.13550500000000001 0.5907899999999999
10 0.37395 0.75076 0.36530999999999997 0.75076 0.36530999999999997 0.7580199999999999 0.37395 0.7580199999999999 0.37395 0.75076
10 0.31919 0.62529 0.27701 0.62529 0.27701 0.65205 0.31919 0.65205 0.31919 0.62529
10 0.827875 0.729795 0.818605 0.729795 0.818605 0.737985 0.827875 0.737985 0.827875 0.729795
10 0.55481 0.6508499999999999 0.5428499999999999 0.6508499999999999 0.5428499999999999 0.65775 0.55481 0.65775 0.55481 0.6508499999999999
10 0.49858 0.729845 0.4897 0.729845 0.4897 0.737935 0.49858 0.737935 0.49858 0.729845
10 0.7601 0.6342 0.7477199999999999 0.6342 0.7477199999999999 0.64998 0.7601 0.64998 0.7601 0.6342
10 0.50102 0.659605 0.4902 0.659605 0.4902 0.667535 0.50102 0.667535 0.50102 0.659605
10 0.8853249999999999 0.664385 0.872495 0.664385 0.872495 0.6744749999999999 0.8853249999999999 0.6744749999999999 0.8853249999999999 0.664385
10 0.39028 0.667635 0.38022 0.667635 0.38022 0.677085 0.39028 0.677085 0.39028 0.667635
10 0.78966 0.688975 0.77674 0.688975 0.77674 0.701645 0.78966 0.701645 0.78966 0.688975
10 0.223145 0.689265 0.21387499999999998 0.689265 0.21387499999999998 0.6974549999999999 0.223145 0.6974549999999999 0.223145 0.689265
10 0.77116 0.603675 0.75814 0.603675 0.75814 0.6131249999999999 0.77116 0.6131249999999999 0.77116 0.603675
10 0.28059 0.626065 0.26921 0.626065 0.26921 0.637615 0.28059 0.637615 0.28059 0.626065
10 0.44651500000000005 0.67572 0.43630500000000005 0.67572 0.43630500000000005 0.68464 0.44651500000000005 0.68464 0.44651500000000005 0.67572
10 0.473005 0.723475 0.464015 0.723475 0.464015 0.7306250000000001 0.473005 0.7306250000000001 0.473005 0.723475
10 0.62407 0.704625 0.61421 0.704625 0.61421 0.717255 0.62407 0.717255 0.62407 0.704625
10 0.585505 0.641285 0.5775750000000001 0.641285 0.5775750000000001 0.649735 0.585505 0.649735 0.585505 0.641285
10 0.71278 0.56524 0.69444 0.56524 0.69444 0.57636 0.71278 0.57636 0.71278 0.56524
10 0.9707000000000001 0.72553 0.94532 0.72553 0.94532 0.7422500000000001 0.9707000000000001 0.7422500000000001 0.9707000000000001 0.72553
10 0.23464999999999997 0.6514949999999999 0.20163000000000003 0.6514949999999999 0.20163000000000003 0.6707650000000001 0.23464999999999997 0.6707650000000001 0.23464999999999997 0.6514949999999999
10 0.808495 0.67806 0.794045 0.67806 0.794045 0.69108 0.808495 0.69108 0.808495 0.67806
10 0.6048 0.6601950000000001 0.58466 0.6601950000000001 0.58466 0.668905 0.6048 0.668905 0.6048 0.6601950000000001
10 0.210635 0.57698 0.201965 0.57698 0.201965 0.5861 0.210635 0.5861 0.210635 0.57698
10 0.77298 0.7271 0.76608 0.7271 0.76608 0.73482 0.77298 0.73482 0.77298 0.7271
9 0.08 0.6839999999999999 0.10300000000000001 0.709 0.134 0.7230000000000001 0.16499999999999998 0.72 0.20099999999999998 0.725 0.257 0.764 0.29700000000000004 0.778 0.453 0.757 0.558 0.7889999999999999 0.589 0.794 0.6519999999999999 0.784 0.743 0.784 0.861 0.768 0.933 0.743 0.943 0.744 0.9720000000000001 0.737 0.999 0.7230000000000001 0.999 0.6599999999999999 0.9470000000000001 0.622 0.9029999999999999 0.597 0.8470000000000001 0.575 0.819 0.568 0.783 0.5660000000000001 0.752 0.571 0.615 0.549 0.6 0.5429999999999999 0.561 0.545 0.526 0.54 0.48 0.544 0.433 0.54 0.41200000000000003 0.544 0.33799999999999997 0.5700000000000001 0.255 0.563 0.229 0.5469999999999999 0.215 0.545 0.16999999999999998 0.568 0.16699999999999998 0.572 0.16999999999999998 0.584 0.162 0.587 0.141 0.5820000000000001 0.099 0.603 0.064 0.638 0.045 0.6639999999999999 0.04 0.674 0.044 0.688 0.06999999999999999 0.6809999999999999 0.08 0.6839999999999999