10 0.403725 0.38761 0.361875 0.38761 0.361875 0.42651000000000006 0.403725 0.42651000000000006 0.403725 0.38761
10 0.291805 0.53803 0.242855 0.53803 0.242855 0.57233 0.291805 0.57233 0.291805 0.53803
10 0.28046000000000004 0.39472999999999997 0.20514000000000002 0.39472999999999997 0.20514000000000002 0.45438999999999996 0.28046000000000004 0.45438999999999996 0.28046000000000004 0.39472999999999997
10 0.17687 0.409945 0.15857000000000002 0.409945 0.15857000000000002 0.42647500000000005 0.17687 0.42647500000000005 0.17687 0.409945
10 0.51605 0.387275 0.49469 0.387275 0.49469 0.40618499999999996 0.51605 0.40618499999999996 0.51605 0.387275
10 0.40343999999999997 0.440975 0.38514 0.440975 0.38514 0.46624499999999997 0.40343999999999997 0.46624499999999997 0.40343999999999997 0.440975
10 0.33687 0.444765 0.31107 0.444765 0.31107 0.470275 0.33687 0.470275 0.33687 0.444765
10 0.32694 0.368525 0.30832000000000004 0.368525 0.30832000000000004 0.381955 0.32694 0.381955 0.32694 0.368525
10 0.34116 0.503405 0.3229 0.503405 0.3229 0.530775 0.34116 0.530775 0.34116 0.503405
10 0.660705 0.39438 0.49749499999999997 0.39438 0.49749499999999997 0.49332000000000004 0.660705 0.49332000000000004 0.660705 0.39438
10 0.27212000000000003 0.5507299999999999 0.25132 0.5507299999999999 0.25132 0.57037 0.27212000000000003 0.57037 0.27212000000000003 0.5507299999999999
10 0.5184300000000001 0.505135 0.48939000000000005 0.505135 0.48939000000000005 0.529045 0.5184300000000001 0.529045 0.5184300000000001 0.505135
10 0.856175 0.37736000000000003 0.816685 0.37736000000000003 0.816685 0.40780000000000005 0.856175 0.40780000000000005 0.856175 0.37736000000000003
10 0.8972749999999999 0.36724 0.8790850000000001 0.36724 0.8790850000000001 0.38618 0.8972749999999999 0.38618 0.8972749999999999 0.36724
10 0.34806 0.37798 0.32918 0.37798 0.32918 0.39496000000000003 0.34806 0.39496000000000003 0.34806 0.37798
10 0.46694 0.577045 0.45688000000000006 0.577045 0.45688000000000006 0.587015 0.46694 0.587015 0.46694 0.577045
10 0.52165 0.41513 0.47639 0.41513 0.47639 0.47501 0.52165 0.47501 0.52165 0.41513
10 0.33779499999999996 0.40191 0.323345 0.40191 0.323345 0.41597 0.33779499999999996 0.41597 0.33779499999999996 0.40191
10 0.623975 0.40586 0.614305 0.40586 0.614305 0.41542 0.623975 0.41542 0.623975 0.40586
10 0.99042 0.52021 0.9734400000000001 0.52021 0.9734400000000001 0.53643 0.99042 0.53643 0.99042 0.52021
10 0.44329999999999997 0.372855 0.40534 0.372855 0.40534 0.396185 0.44329999999999997 0.396185 0.44329999999999997 0.372855
10 0.299715 0.40002000000000004 0.261325 0.40002000000000004 0.261325 0.43298 0.299715 0.43298 0.299715 0.40002000000000004
10 0.668525 0.565985 0.6556949999999999 0.565985 0.6556949999999999 0.5785549999999999 0.668525 0.5785549999999999 0.668525 0.565985
10 0.77607 0.49743000000000004 0.75127 0.49743000000000004 0.75127 0.5123300000000001 0.77607 0.5123300000000001 0.77607 0.49743000000000004
10 0.59817 0.56048 0.5883499999999999 0.56048 0.5883499999999999 0.57038 0.59817 0.57038 0.59817 0.56048
10 0.6274 0.559835 0.6157600000000001 0.559835 0.6157600000000001 0.570045 0.6274 0.570045 0.6274 0.559835
10 0.39255 0.38948 0.37551 0.38948 0.37551 0.40594 0.39255 0.40594 0.39255 0.38948
10 0.42343000000000003 0.45587 0.31045 0.45587 0.31045 0.49725 0.42343000000000003 0.49725 0.42343000000000003 0.45587
10 0.915925 0.507275 0.8409150000000001 0.507275 0.8409150000000001 0.559125 0.915925 0.559125 0.915925 0.507275
10 0.898315 0.38583 0.7725850000000001 0.38583 0.7725850000000001 0.48135000000000006 0.898315 0.48135000000000006 0.898315 0.38583
10 0.34592 0.46440000000000003 0.32839999999999997 0.46440000000000003 0.32839999999999997 0.47994000000000003 0.34592 0.47994000000000003 0.34592 0.46440000000000003
10 0.9983549999999999 0.49173999999999995 0.9704050000000001 0.49173999999999995 0.9704050000000001 0.5063 0.9983549999999999 0.5063 0.9983549999999999 0.49173999999999995
10 0.860585 0.379625 0.848395 0.379625 0.848395 0.39331499999999997 0.860585 0.39331499999999997 0.860585 0.379625
10 0.98859 0.5362899999999999 0.8707900000000001 0.5362899999999999 0.8707900000000001 0.6141099999999999 0.98859 0.6141099999999999 0.98859 0.5362899999999999
9 0.095 0.44699999999999995 0.05 0.441 0.002 0.418 0 0.442 0.023 0.45 0.072 0.45499999999999996 0.11599999999999999 0.46699999999999997 0.129 0.477 0.15 0.506 0.205 0.5549999999999999 0.255 0.583 0.27799999999999997 0.5900000000000001 0.319 0.5900000000000001 0.339 0.579 0.366 0.571 0.373 0.581 0.375 0.593 0.38 0.597 0.388 0.596 0.418 0.607 0.46299999999999997 0.616 0.46699999999999997 0.62 0.503 0.621 0.536 0.628 0.5860000000000001 0.625 0.614 0.63 0.659 0.63 0.734 0.605 0.776 0.602 0.842 0.616 0.881 0.617 0.914 0.633 0.9550000000000001 0.646 0.9730000000000001 0.648 0.999 0.644 0.999 0.425 0.867 0.359 0.828 0.354 0.775 0.372 0.708 0.373 0.6559999999999999 0.382 0.623 0.381 0.495 0.344 0.475 0.34500000000000003 0.414 0.359 0.321 0.361 0.23900000000000002 0.382 0.177 0.40599999999999997 0.127 0.434 0.095 0.44699999999999995