10 0.867485 0.36915 0.8278549999999999 0.36915 0.8278549999999999 0.40221 0.867485 0.40221 0.867485 0.36915
10 0.9231400000000001 0.425 0.9049799999999999 0.425 0.9049799999999999 0.43827999999999995 0.9231400000000001 0.43827999999999995 0.9231400000000001 0.425
10 0.58579 0.3403 0.55777 0.3403 0.55777 0.35794000000000004 0.58579 0.35794000000000004 0.58579 0.3403
10 0.757055 0.338845 0.716585 0.338845 0.716585 0.365255 0.757055 0.365255 0.757055 0.338845
10 0.7595799999999999 0.39697499999999997 0.73944 0.39697499999999997 0.73944 0.413565 0.7595799999999999 0.413565 0.7595799999999999 0.39697499999999997
10 0.7232700000000001 0.42229 0.70153 0.42229 0.70153 0.44001 0.7232700000000001 0.44001 0.7232700000000001 0.42229
10 0.76058 0.441955 0.74138 0.441955 0.74138 0.456965 0.76058 0.456965 0.76058 0.441955
10 0.98034 0.48327 0.9513 0.48327 0.9513 0.50257 0.98034 0.50257 0.98034 0.48327
10 0.8396750000000001 0.536355 0.808765 0.536355 0.808765 0.555445 0.8396750000000001 0.555445 0.8396750000000001 0.536355
10 0.63971 0.41528 0.61321 0.41528 0.61321 0.43285999999999997 0.63971 0.43285999999999997 0.63971 0.41528
10 0.39191 0.32588 0.36835 0.32588 0.36835 0.34306000000000003 0.39191 0.34306000000000003 0.39191 0.32588
10 0.43992000000000003 0.392555 0.41554 0.392555 0.41554 0.41262499999999996 0.43992000000000003 0.41262499999999996 0.43992000000000003 0.392555
10 0.40782999999999997 0.372155 0.38221 0.372155 0.38221 0.397865 0.40782999999999997 0.397865 0.40782999999999997 0.372155
10 0.057055 0.39523 0.029685 0.39523 0.029685 0.41287 0.057055 0.41287 0.057055 0.39523
10 0.532675 0.441855 0.519085 0.441855 0.519085 0.45462499999999995 0.532675 0.45462499999999995 0.532675 0.441855
10 0.302065 0.360005 0.22381500000000001 0.360005 0.22381500000000001 0.40611499999999995 0.302065 0.40611499999999995 0.302065 0.360005
10 0.980785 0.51813 0.920575 0.51813 0.920575 0.5678099999999999 0.980785 0.5678099999999999 0.980785 0.51813
10 0.8984500000000001 0.46101000000000003 0.86229 0.46101000000000003 0.86229 0.48333000000000004 0.8984500000000001 0.48333000000000004 0.8984500000000001 0.46101000000000003
10 0.863075 0.42323000000000005 0.8351649999999999 0.42323000000000005 0.8351649999999999 0.43956999999999996 0.863075 0.43956999999999996 0.863075 0.42323000000000005
10 0.550645 0.411865 0.538215 0.411865 0.538215 0.42113500000000004 0.550645 0.42113500000000004 0.550645 0.411865
10 0.47676999999999997 0.33668 0.45243 0.33668 0.45243 0.35278 0.47676999999999997 0.35278 0.47676999999999997 0.33668
10 0.478775 0.535625 0.44798499999999997 0.535625 0.44798499999999997 0.559095 0.478775 0.559095 0.478775 0.535625
10 0.180545 0.417155 0.16711499999999999 0.417155 0.16711499999999999 0.42708500000000005 0.180545 0.42708500000000005 0.180545 0.417155
10 0.31967500000000004 0.318475 0.288245 0.318475 0.288245 0.338265 0.31967500000000004 0.338265 0.31967500000000004 0.318475
10 0.24915500000000002 0.5927749999999999 0.24034499999999998 0.5927749999999999 0.24034499999999998 0.603505 0.24915500000000002 0.603505 0.24915500000000002 0.5927749999999999
10 0.46962000000000004 0.6290600000000001 0.45128 0.6290600000000001 0.45128 0.6434 0.46962000000000004 0.6434 0.46962000000000004 0.6290600000000001
10 0.52724 0.53833 0.48545999999999995 0.53833 0.48545999999999995 0.5808099999999999 0.52724 0.5808099999999999 0.52724 0.53833
10 0.48556999999999995 0.292915 0.46755 0.292915 0.46755 0.304745 0.48556999999999995 0.304745 0.48556999999999995 0.292915
10 0.6717500000000001 0.49459 0.62317 0.49459 0.62317 0.53081 0.6717500000000001 0.53081 0.6717500000000001 0.49459
10 0.349775 0.621005 0.33186499999999997 0.621005 0.33186499999999997 0.633875 0.349775 0.633875 0.349775 0.621005
10 0.40252499999999997 0.598055 0.36651500000000004 0.598055 0.36651500000000004 0.625585 0.40252499999999997 0.625585 0.40252499999999997 0.598055
10 0.74112 0.567455 0.70322 0.567455 0.70322 0.595625 0.74112 0.595625 0.74112 0.567455
10 0.365915 0.531825 0.35772499999999996 0.531825 0.35772499999999996 0.540435 0.365915 0.540435 0.365915 0.531825
10 0.32439 0.525395 0.31575000000000003 0.525395 0.31575000000000003 0.5332049999999999 0.32439 0.5332049999999999 0.32439 0.525395
10 0.9751350000000001 0.6036400000000001 0.9623649999999999 0.6036400000000001 0.9623649999999999 0.6131599999999999 0.9751350000000001 0.6131599999999999 0.9751350000000001 0.6036400000000001
10 0.397065 0.51439 0.383695 0.51439 0.383695 0.52663 0.397065 0.52663 0.397065 0.51439
10 0.130195 0.526845 0.12298500000000001 0.526845 0.12298500000000001 0.533695 0.130195 0.533695 0.130195 0.526845
10 0.61346 0.55815 0.60724 0.55815 0.60724 0.56489 0.61346 0.56489 0.61346 0.55815
10 0.8355600000000001 0.47204499999999994 0.8158 0.47204499999999994 0.8158 0.488895 0.8355600000000001 0.488895 0.8355600000000001 0.47204499999999994
10 0.921975 0.56233 0.9110250000000001 0.56233 0.9110250000000001 0.57145 0.921975 0.57145 0.921975 0.56233
10 0.71488 0.54962 0.7079799999999999 0.54962 0.7079799999999999 0.55584 0.71488 0.55584 0.71488 0.54962
10 0.914715 0.51858 0.904625 0.51858 0.904625 0.52928 0.914715 0.52928 0.914715 0.51858
10 0.466395 0.505185 0.45254500000000003 0.505185 0.45254500000000003 0.513375 0.466395 0.513375 0.466395 0.505185
10 0.81268 0.5653699999999999 0.8064600000000001 0.5653699999999999 0.8064600000000001 0.57135 0.81268 0.57135 0.81268 0.5653699999999999
10 0.33587 0.590565 0.32869000000000004 0.590565 0.32869000000000004 0.597915 0.33587 0.597915 0.33587 0.590565
10 0.578225 0.582495 0.572175 0.582495 0.572175 0.590365 0.578225 0.590365 0.578225 0.582495
10 0.413515 0.470975 0.405825 0.470975 0.405825 0.483605 0.413515 0.483605 0.413515 0.470975
10 0.430535 0.288735 0.418105 0.288735 0.418105 0.298665 0.430535 0.298665 0.430535 0.288735
10 0.55076 0.54847 0.54494 0.54847 0.54494 0.5540700000000001 0.55076 0.5540700000000001 0.55076 0.54847
10 0.646235 0.481865 0.635985 0.481865 0.635985 0.488355 0.646235 0.488355 0.646235 0.481865
10 0.340905 0.48192500000000005 0.334875 0.48192500000000005 0.334875 0.48779500000000003 0.340905 0.48779500000000003 0.340905 0.48192500000000005
10 0.621105 0.611175 0.614255 0.611175 0.614255 0.6202650000000001 0.621105 0.6202650000000001 0.621105 0.611175
10 0.512625 0.48377 0.506915 0.48377 0.506915 0.49083 0.512625 0.49083 0.512625 0.48377
10 0.63551 0.365415 0.61741 0.365415 0.61741 0.378245 0.63551 0.378245 0.63551 0.365415
10 0.708 0.612685 0.6992200000000001 0.612685 0.6992200000000001 0.620715 0.708 0.620715 0.708 0.612685
10 0.63509 0.319315 0.58855 0.319315 0.58855 0.32960500000000004 0.63509 0.32960500000000004 0.63509 0.319315
10 0.46763000000000005 0.43378500000000003 0.46109 0.43378500000000003 0.46109 0.44121499999999997 0.46763000000000005 0.44121499999999997 0.46763000000000005 0.43378500000000003
10 0.370975 0.29244 0.309205 0.29244 0.309205 0.31254 0.370975 0.31254 0.370975 0.29244
10 0.83642 0.5042099999999999 0.8295999999999999 0.5042099999999999 0.8295999999999999 0.50947 0.83642 0.50947 0.83642 0.5042099999999999
10 0.60059 0.5457099999999999 0.58301 0.5457099999999999 0.58301 0.56269 0.60059 0.56269 0.60059 0.5457099999999999
10 0.22308500000000003 0.451255 0.21759499999999998 0.451255 0.21759499999999998 0.456945 0.22308500000000003 0.456945 0.22308500000000003 0.451255
10 0.89535 0.375165 0.8810100000000001 0.375165 0.8810100000000001 0.385095 0.89535 0.385095 0.89535 0.375165
10 1 0.45349500000000004 0.9865999999999999 0.45349500000000004 0.9865999999999999 0.5001249999999999 1 0.5001249999999999 1 0.45349500000000004
10 0.565005 0.294265 0.503355 0.294265 0.503355 0.314135 0.565005 0.314135 0.565005 0.294265
10 0.08360999999999999 0.47968500000000003 0.07801 0.47968500000000003 0.07801 0.48515499999999995 0.08360999999999999 0.48515499999999995 0.08360999999999999 0.47968500000000003
10 0.11019000000000001 0.558275 0.09697 0.558275 0.09697 0.568685 0.11019000000000001 0.568685 0.11019000000000001 0.558275
10 0.630865 0.600645 0.622055 0.600645 0.622055 0.6093149999999999 0.630865 0.6093149999999999 0.630865 0.600645
10 0.013915 0.41281 0.000325 0.41281 0.000325 0.43045 0.013915 0.43045 0.013915 0.41281
10 0.063295 0.512535 0.055105 0.512535 0.055105 0.5206649999999999 0.063295 0.5206649999999999 0.063295 0.512535
10 0.7201850000000001 0.32126 0.699735 0.32126 0.699735 0.3306 0.7201850000000001 0.3306 0.7201850000000001 0.32126
10 0.353945 0.43646 0.22369500000000003 0.43646 0.22369500000000003 0.45758 0.353945 0.45758 0.353945 0.43646
10 0.523185 0.64496 0.510015 0.64496 0.510015 0.6509400000000001 0.523185 0.6509400000000001 0.523185 0.64496
10 0.9810549999999999 0.410305 0.975005 0.410305 0.975005 0.416355 0.9810549999999999 0.416355 0.9810549999999999 0.410305
9 0 0.529 0.03 0.532 0.039 0.518 0.056999999999999995 0.516 0.06999999999999999 0.534 0.073 0.548 0.095 0.563 0.149 0.5860000000000001 0.23900000000000002 0.612 0.37 0.64 0.41 0.645 0.521 0.648 0.630286 0.629 0.735 0.639 0.817 0.638 0.8630000000000001 0.644 0.921 0.644 0.999 0.632 0.999 0.43 0.9869999999999999 0.422 0.806 0.33999999999999997 0.768 0.329 0.734 0.325 0.622 0.325 0.58 0.319 0.541 0.304 0.49800000000000005 0.294 0.43200000000000005 0.28900000000000003 0.366 0.29100000000000004 0.34199999999999997 0.303 0.219 0.32999999999999996 0.037 0.35 0.012 0.34700000000000003 0 0.33999999999999997 0 0.529