10 0.37622 0.37839999999999996 0.32639999999999997 0.37839999999999996 0.32639999999999997 0.41658 0.37622 0.41658 0.37622 0.37839999999999996
10 0.41658999999999996 0.44139 0.38466999999999996 0.44139 0.38466999999999996 0.46681 0.41658999999999996 0.46681 0.41658999999999996 0.44139
10 0.45904999999999996 0.33070499999999997 0.41303 0.33070499999999997 0.41303 0.36851500000000004 0.45904999999999996 0.36851500000000004 0.45904999999999996 0.33070499999999997
10 0.732345 0.33589 0.687575 0.33589 0.687575 0.37163 0.732345 0.37163 0.732345 0.33589
10 0.47311500000000006 0.440905 0.440945 0.440905 0.440945 0.468755 0.47311500000000006 0.468755 0.47311500000000006 0.440905
10 0.9058999999999999 0.595765 0.8606999999999999 0.595765 0.8606999999999999 0.632755 0.9058999999999999 0.632755 0.9058999999999999 0.595765
10 0.511475 0.340785 0.478765 0.340785 0.478765 0.36965499999999996 0.511475 0.36965499999999996 0.511475 0.340785
10 0.9996750000000001 0.589865 0.964185 0.589865 0.964185 0.6191150000000001 0.9996750000000001 0.6191150000000001 0.9996750000000001 0.589865
10 0.62941 0.682455 0.58739 0.682455 0.58739 0.7081649999999999 0.62941 0.7081649999999999 0.62941 0.682455
10 0.677735 0.54067 0.634765 0.54067 0.634765 0.56089 0.677735 0.56089 0.677735 0.54067
10 0.92728 0.670685 0.8364 0.670685 0.8364 0.716035 0.92728 0.716035 0.92728 0.670685
10 0.8143 0.705715 0.7823800000000001 0.705715 0.7823800000000001 0.728865 0.8143 0.728865 0.8143 0.705715
10 0.62991 0.6388 0.5907899999999999 0.6388 0.5907899999999999 0.661 0.62991 0.661 0.62991 0.6388
10 0.738745 0.6232249999999999 0.718295 0.6232249999999999 0.718295 0.6423949999999999 0.738745 0.6423949999999999 0.738745 0.6232249999999999
10 0.77363 0.396575 0.7507900000000001 0.396575 0.7507900000000001 0.419345 0.77363 0.419345 0.77363 0.396575
10 0.42824999999999996 0.5297850000000001 0.36227 0.5297850000000001 0.36227 0.572755 0.42824999999999996 0.572755 0.42824999999999996 0.5297850000000001
10 0.838195 0.26272 0.7018449999999999 0.26272 0.7018449999999999 0.34615999999999997 0.838195 0.34615999999999997 0.838195 0.26272
10 0.9974000000000001 0.46821 0.9684200000000001 0.46821 0.9684200000000001 0.49029 0.9974000000000001 0.49029 0.9974000000000001 0.46821
10 0.354385 0.62375 0.30235500000000004 0.62375 0.30235500000000004 0.66727 0.354385 0.66727 0.354385 0.62375
10 0.32726500000000003 0.37817 0.20153500000000002 0.37817 0.20153500000000002 0.5124500000000001 0.32726500000000003 0.5124500000000001 0.32726500000000003 0.37817
10 1 0.32279 0.94492 0.32279 0.94492 0.36080999999999996 1 0.36080999999999996 1 0.32279
10 0.25114000000000003 0.58318 0.22396 0.58318 0.22396 0.60822 0.25114000000000003 0.60822 0.25114000000000003 0.58318
10 0.9976200000000001 0.235075 0.86762 0.235075 0.86762 0.303005 0.9976200000000001 0.303005 0.9976200000000001 0.235075
9 0.145 0.5269999999999999 0.16899999999999998 0.542 0.173 0.541 0.178 0.549 0.209 0.567 0.23900000000000002 0.596 0.252 0.602 0.263 0.619 0.288 0.643 0.318 0.665 0.34199999999999997 0.666 0.36 0.662 0.377 0.65 0.4 0.643 0.445 0.641 0.46900000000000003 0.648 0.479 0.659 0.493 0.666 0.497 0.674 0.528 0.692 0.536 0.693 0.575 0.72 0.629 0.743 0.6769999999999999 0.744 0.6809999999999999 0.74 0.743 0.729 0.795 0.731 0.85 0.745 0.892 0.772 0.9640000000000001 0.7889999999999999 0.986 0.8029999999999999 0.999 0.806 0.999 0.227 0.914 0.233 0.775 0.25 0.682 0.274 0.649 0.292 0.596 0.296 0.449 0.319 0.325 0.353 0.27 0.373 0.207 0.40199999999999997 0.137 0.45899999999999996 0.091 0.483 0.061 0.507 0.041999999999999996 0.517 0.036 0.525 0.033 0.553 0.1 0.529 0.135 0.524 0.145 0.5269999999999999