10 0.15866 0.276395 0.11040000000000001 0.276395 0.11040000000000001 0.318945 0.15866 0.318945 0.15866 0.276395
10 0.19173500000000002 0.20378 0.168125 0.20378 0.168125 0.2242 0.19173500000000002 0.2242 0.19173500000000002 0.20378
10 0.38797000000000004 0.2962 0.34787 0.2962 0.34787 0.32782 0.38797000000000004 0.32782 0.38797000000000004 0.2962
10 0.68703 0.259425 0.63915 0.259425 0.63915 0.301115 0.68703 0.301115 0.68703 0.259425
10 0.51596 0.259125 0.45718 0.259125 0.45718 0.310215 0.51596 0.310215 0.51596 0.259125
10 0.11365 0.22144 0.08251 0.22144 0.08251 0.25048 0.11365 0.25048 0.11365 0.22144
10 0.11520999999999999 0.112865 0.09487 0.112865 0.09487 0.132135 0.11520999999999999 0.132135 0.11520999999999999 0.112865
10 0.343025 0.29885 0.322015 0.29885 0.322015 0.31687 0.343025 0.31687 0.343025 0.29885
10 0.752665 0.38215 0.7258549999999999 0.38215 0.7258549999999999 0.40643 0.752665 0.40643 0.752665 0.38215
10 0.5904200000000001 0.42299 0.56486 0.42299 0.56486 0.44469000000000003 0.5904200000000001 0.44469000000000003 0.5904200000000001 0.42299
10 0.72934 0.511615 0.7071799999999999 0.511615 0.7071799999999999 0.530385 0.72934 0.530385 0.72934 0.511615
10 0.056720000000000007 0.43567999999999996 0.0333 0.43567999999999996 0.0333 0.45152000000000003 0.056720000000000007 0.45152000000000003 0.056720000000000007 0.43567999999999996
10 0.033185 0.269415 0.015275 0.269415 0.015275 0.281845 0.033185 0.281845 0.033185 0.269415
10 0.16154 0.14402500000000001 0.13754 0.14402500000000001 0.13754 0.161875 0.16154 0.161875 0.16154 0.14402500000000001
10 0.096075 0.14893 0.068965 0.14893 0.068965 0.16895 0.096075 0.16895 0.096075 0.14893
10 0.0501 0.11659 0.0273 0.11659 0.0273 0.13609 0.0501 0.13609 0.0501 0.11659
10 0.056455 0.266165 0.003845 0.266165 0.003845 0.31001500000000004 0.056455 0.31001500000000004 0.056455 0.266165
10 0.29281999999999997 0.20708000000000001 0.27456 0.20708000000000001 0.27456 0.22432 0.29281999999999997 0.22432 0.29281999999999997 0.20708000000000001
10 0.15055000000000002 0.07749 0.13167 0.07749 0.13167 0.09487 0.15055000000000002 0.09487 0.15055000000000002 0.07749
10 0.41099500000000005 0.423655 0.377085 0.423655 0.377085 0.453305 0.41099500000000005 0.453305 0.41099500000000005 0.423655
10 0.185195 0.446395 0.159525 0.446395 0.159525 0.464245 0.185195 0.464245 0.185195 0.446395
10 0.53459 0.37963 0.51131 0.37963 0.51131 0.39869 0.53459 0.39869 0.53459 0.37963
10 0.645915 0.40054999999999996 0.624585 0.40054999999999996 0.624585 0.41733000000000003 0.645915 0.41733000000000003 0.645915 0.40054999999999996
10 0.470935 0.269435 0.45826500000000003 0.269435 0.45826500000000003 0.28280500000000003 0.470935 0.28280500000000003 0.470935 0.269435
10 0.0782 0.379505 0.06218 0.379505 0.06218 0.392475 0.0782 0.392475 0.0782 0.379505
10 0.889865 0.34995 0.765415 0.34995 0.765415 0.42789 0.889865 0.42789 0.889865 0.34995
10 0.50324 0.497815 0.4782 0.497815 0.4782 0.518785 0.50324 0.518785 0.50324 0.497815
10 0.374815 0.5157849999999999 0.362985 0.5157849999999999 0.362985 0.525235 0.374815 0.525235 0.374815 0.5157849999999999
10 0.390525 0.38800500000000004 0.375095 0.38800500000000004 0.375095 0.398615 0.390525 0.398615 0.390525 0.38800500000000004
9 0.400216 0.608633 0.422613 0.546214 0.502599 0.56542 0.5457919999999999 0.5894269999999999 0.571388 0.5606180000000001 0.696167 0.60063 0.849742 0.5382119999999999 0.9297280000000001 0.49659899999999996 0.9777210000000001 0.48219500000000004 0.976121 0.44378399999999996 0.9105320000000001 0.41017400000000004 0.833744 0.355757 0.756957 0.270932 0.702566 0.21491500000000002 0.577787 0.1637 0.43701 0.13008999999999998 0.304232 0.091679 0.174654 0.058069 0.07387 0.034061 0.003482 0.024459 0.005082 0.584626 0.0064 0.5964 0.13626 0.613434 0.20984799999999998 0.613434 0.299433 0.597429 0.400216 0.608633