10 0.389265 0.5454950000000001 0.350495 0.5454950000000001 0.350495 0.5869449999999999 0.389265 0.5869449999999999 0.389265 0.5454950000000001
10 0.8591850000000001 0.5305 0.7854949999999999 0.5305 0.7854949999999999 0.59494 0.8591850000000001 0.59494 0.8591850000000001 0.5305
10 1 0.5679350000000001 0.9552350000000001 0.5679350000000001 0.9552350000000001 0.654725 1 0.654725 1 0.5679350000000001
10 0.98981 0.31915 0.80023 0.31915 0.80023 0.49579000000000006 0.98981 0.49579000000000006 0.98981 0.31915
10 0.33502 0.280705 0.15667999999999999 0.280705 0.15667999999999999 0.40875500000000003 0.33502 0.40875500000000003 0.33502 0.280705
10 0.23059 0.39325 0.0017100000000000001 0.39325 0.0017100000000000001 0.54181 0.23059 0.54181 0.23059 0.39325
10 0.8065200000000001 0.2555 0.52454 0.2555 0.52454 0.43738 0.8065200000000001 0.43738 0.8065200000000001 0.2555
10 0.9863250000000001 0.61993 0.738275 0.61993 0.738275 0.76971 0.9863250000000001 0.76971 0.9863250000000001 0.61993
10 0.9037499999999999 0.22372999999999998 0.7974300000000001 0.22372999999999998 0.7974300000000001 0.30167 0.9037499999999999 0.30167 0.9037499999999999 0.22372999999999998
10 0.7189949999999999 0.5252100000000001 0.33764500000000003 0.5252100000000001 0.33764500000000003 0.7150299999999999 0.7189949999999999 0.7150299999999999 0.7189949999999999 0.5252100000000001
10 0.6437999999999999 0.275575 0.38648 0.275575 0.38648 0.48370499999999994 0.6437999999999999 0.48370499999999994 0.6437999999999999 0.275575
10 0.348735 0.49507500000000004 0.325585 0.49507500000000004 0.325585 0.514685 0.348735 0.514685 0.348735 0.49507500000000004
10 0.37905 0.553645 0.36557 0.553645 0.36557 0.568435 0.37905 0.568435 0.37905 0.553645
9 0 0.481 0.05600000000000001 0.544 0.093 0.5559999999999999 0.21600000000000003 0.619 0.267 0.659 0.366 0.712 0.418 0.718 0.6 0.726 0.6940000000000001 0.761 0.8039999999999999 0.7889999999999999 0.921 0.8119999999999999 0.999 0.8230000000000001 0.999 0.195 0.9949999999999999 0.195 0.8644999999999999 0.207 0.72 0.21200000000000002 0.624 0.22400000000000003 0.504 0.25 0.417 0.282 0.3538 0.288 0.27999999999999997 0.284 0.194 0.259 0.096 0.246 0.063 0.23700000000000002 0 0.23399999999999999 0 0.481