10 0.273825 0.33477 0.228095 0.33477 0.228095 0.38331 0.273825 0.38331 0.273825 0.33477
10 0.38337 0.32423 0.33871 0.32423 0.33871 0.37383 0.38337 0.37383 0.38337 0.32423
10 0.11792 0.5454749999999999 0.06874 0.5454749999999999 0.06874 0.5823050000000001 0.11792 0.5823050000000001 0.11792 0.5454749999999999
10 0.22525 0.32204 0.15073 0.32204 0.15073 0.37473999999999996 0.22525 0.37473999999999996 0.22525 0.32204
10 0.07821 0.46216 0.05497 0.46216 0.05497 0.48364 0.07821 0.48364 0.07821 0.46216
10 0.26457 0.336585 0.23739 0.336585 0.23739 0.360195 0.26457 0.360195 0.26457 0.336585
10 0.16939500000000002 0.4178 0.15140499999999998 0.4178 0.15140499999999998 0.43376000000000003 0.16939500000000002 0.43376000000000003 0.16939500000000002 0.4178
10 0.39863 0.38265 0.37578999999999996 0.38265 0.37578999999999996 0.40885 0.39863 0.40885 0.39863 0.38265
10 0.42828 0.32436 0.39886 0.32436 0.39886 0.3485 0.42828 0.3485 0.42828 0.32436
10 0.103545 0.50855 0.079935 0.50855 0.079935 0.53441 0.103545 0.53441 0.103545 0.50855
10 0.32402000000000003 0.31455 0.29756 0.31455 0.29756 0.33193 0.32402000000000003 0.33193 0.32402000000000003 0.31455
10 0.40803500000000004 0.396085 0.387385 0.396085 0.387385 0.415435 0.40803500000000004 0.415435 0.40803500000000004 0.396085
10 0.20081500000000002 0.326965 0.175885 0.326965 0.175885 0.345395 0.20081500000000002 0.345395 0.20081500000000002 0.326965
10 0.190645 0.43522 0.170195 0.43522 0.170195 0.45393999999999995 0.190645 0.45393999999999995 0.190645 0.43522
10 0.23410000000000003 0.53242 0.17142 0.53242 0.17142 0.5789 0.23410000000000003 0.5789 0.23410000000000003 0.53242
10 0.823215 0.37836 0.796905 0.37836 0.796905 0.40094 0.823215 0.40094 0.823215 0.37836
10 0.89879 0.28374 0.8746499999999999 0.28374 0.8746499999999999 0.30268 0.89879 0.30268 0.89879 0.28374
10 0.15789999999999998 0.55823 0.13654 0.55823 0.13654 0.5794699999999999 0.15789999999999998 0.5794699999999999 0.15789999999999998 0.55823
10 0.052895000000000005 0.351065 0.023585000000000002 0.351065 0.023585000000000002 0.373055 0.052895000000000005 0.373055 0.052895000000000005 0.351065
10 0.42079500000000003 0.477555 0.401965 0.477555 0.401965 0.497545 0.42079500000000003 0.497545 0.42079500000000003 0.477555
10 0.9756449999999999 0.448515 0.9618550000000001 0.448515 0.9618550000000001 0.46114499999999997 0.9756449999999999 0.46114499999999997 0.9756449999999999 0.448515
10 0.8774900000000001 0.28419500000000003 0.81685 0.28419500000000003 0.81685 0.325665 0.8774900000000001 0.325665 0.8774900000000001 0.28419500000000003
10 0.9371750000000001 0.50838 0.911465 0.50838 0.911465 0.5287200000000001 0.9371750000000001 0.5287200000000001 0.9371750000000001 0.50838
10 0.543115 0.532635 0.528165 0.532635 0.528165 0.544505 0.543115 0.544505 0.543115 0.532635
10 0.5866100000000001 0.35775999999999997 0.51593 0.35775999999999997 0.51593 0.41666 0.5866100000000001 0.41666 0.5866100000000001 0.35775999999999997
10 0.573775 0.569345 0.559045 0.569345 0.559045 0.582015 0.573775 0.582015 0.573775 0.569345
10 0.6905300000000001 0.585435 0.67569 0.585435 0.67569 0.5981650000000001 0.6905300000000001 0.5981650000000001 0.6905300000000001 0.585435
10 0.381345 0.5778 0.361815 0.5778 0.361815 0.59408 0.381345 0.59408 0.381345 0.5778
10 0.162395 0.32012 0.149865 0.32012 0.149865 0.33124 0.162395 0.33124 0.162395 0.32012
10 0.048115000000000005 0.5458149999999999 0.033725 0.5458149999999999 0.033725 0.558685 0.048115000000000005 0.558685 0.048115000000000005 0.5458149999999999
10 0.5810299999999999 0.5292250000000001 0.5635100000000001 0.5292250000000001 0.5635100000000001 0.5420550000000001 0.5810299999999999 0.5420550000000001 0.5810299999999999 0.5292250000000001
10 0.86745 0.445515 0.82201 0.445515 0.82201 0.483205 0.86745 0.483205 0.86745 0.445515
10 0.12153 0.340905 0.10919000000000001 0.340905 0.10919000000000001 0.352455 0.12153 0.352455 0.12153 0.340905
10 0.99048 0.41557000000000005 0.95874 0.41557000000000005 0.95874 0.43111 0.99048 0.43111 0.99048 0.41557000000000005
10 0.2593 0.335285 0.24608 0.335285 0.24608 0.346355 0.2593 0.346355 0.2593 0.335285
10 0.8912850000000001 0.439775 0.871415 0.439775 0.871415 0.463545 0.8912850000000001 0.463545 0.8912850000000001 0.439775
10 0.584965 0.407045 0.541015 0.407045 0.541015 0.44647500000000007 0.584965 0.44647500000000007 0.584965 0.407045
10 0.98874 0.551895 0.94388 0.551895 0.94388 0.5887249999999999 0.98874 0.5887249999999999 0.98874 0.551895
10 0.260865 0.46731999999999996 0.23327499999999998 0.46731999999999996 0.23327499999999998 0.48726 0.260865 0.48726 0.260865 0.46731999999999996
10 0.083855 0.428095 0.069465 0.428095 0.069465 0.44152500000000006 0.083855 0.44152500000000006 0.083855 0.428095
10 0.317465 0.44146 0.292895 0.44146 0.292895 0.45552000000000004 0.317465 0.45552000000000004 0.317465 0.44146
10 0.8822699999999999 0.427405 0.71149 0.427405 0.71149 0.45589500000000005 0.8822699999999999 0.45589500000000005 0.8822699999999999 0.427405
9 0 0.557 0.053000000000000005 0.583 0.096 0.5980000000000001 0.13799999999999998 0.604 0.191 0.599 0.207 0.585 0.236 0.572 0.259 0.579 0.264 0.588 0.27799999999999997 0.5980000000000001 0.303 0.5980000000000001 0.339 0.612 0.409 0.628 0.47300000000000003 0.627 0.514 0.631 0.548 0.626 0.655 0.626 0.743 0.593 0.7969999999999999 0.579 0.8630000000000001 0.585 0.9019999999999999 0.58 0.951 0.5940000000000001 0.967 0.593 0.999 0.58 0.999 0.337 0.9720000000000001 0.333 0.9460000000000001 0.322 0.8960000000000001 0.28900000000000003 0.8550000000000001 0.272 0.8140000000000001 0.268 0.78 0.281 0.581 0.303 0.43099999999999994 0.272 0.394 0.272 0.311 0.294 0.158 0.309 0.078 0.32799999999999996 0.003 0.351 0 0.353 0 0.557