10 0.65405 0.42372 0.61163 0.42372 0.61163 0.47586000000000006 0.65405 0.47586000000000006 0.65405 0.42372
10 0.48554 0.44403 0.45439999999999997 0.44403 0.45439999999999997 0.47247000000000006 0.48554 0.47247000000000006 0.48554 0.44403
10 0.831025 0.495715 0.8047150000000001 0.495715 0.8047150000000001 0.529685 0.831025 0.529685 0.831025 0.495715
10 0.93983 0.419055 0.9088100000000001 0.419055 0.9088100000000001 0.44764499999999996 0.93983 0.44764499999999996 0.93983 0.419055
10 0.39566 0.4582 0.3558 0.4582 0.3558 0.49638 0.39566 0.49638 0.39566 0.4582
10 0.64089 0.33504 0.60521 0.33504 0.60521 0.36222 0.64089 0.36222 0.64089 0.33504
10 0.79597 0.578495 0.75871 0.578495 0.75871 0.609985 0.79597 0.609985 0.79597 0.578495
10 0.814595 0.405245 0.788925 0.405245 0.788925 0.42337499999999995 0.814595 0.42337499999999995 0.814595 0.405245
10 0.22791 0.49591 0.15125 0.49591 0.15125 0.54803 0.22791 0.54803 0.22791 0.49591
10 0.749105 0.390565 0.724535 0.390565 0.724535 0.40581500000000004 0.749105 0.40581500000000004 0.749105 0.390565
10 0.75613 0.55302 0.73509 0.55302 0.73509 0.5729599999999999 0.75613 0.5729599999999999 0.75613 0.55302
10 0.47256 0.5541699999999999 0.44786000000000004 0.5541699999999999 0.44786000000000004 0.5708300000000001 0.47256 0.5708300000000001 0.47256 0.5541699999999999
10 0.646655 0.5712900000000001 0.626785 0.5712900000000001 0.626785 0.58887 0.646655 0.58887 0.646655 0.5712900000000001
10 0.630695 0.6080599999999999 0.606605 0.6080599999999999 0.606605 0.6224000000000001 0.630695 0.6224000000000001 0.630695 0.6080599999999999
10 0.918865 0.47189 0.8975350000000001 0.47189 0.8975350000000001 0.48855000000000004 0.918865 0.48855000000000004 0.918865 0.47189
10 0.771125 0.5030300000000001 0.754275 0.5030300000000001 0.754275 0.5194300000000001 0.771125 0.5194300000000001 0.771125 0.5030300000000001
10 0.88724 0.64036 0.87058 0.64036 0.87058 0.65652 0.88724 0.65652 0.88724 0.64036
10 0.05643 0.485745 0.01993 0.485745 0.01993 0.519135 0.05643 0.519135 0.05643 0.485745
10 0.422535 0.41707 0.387045 0.41707 0.387045 0.43791 0.422535 0.43791 0.422535 0.41707
10 0.9406700000000001 0.50615 0.92065 0.50615 0.92065 0.52217 0.9406700000000001 0.52217 0.9406700000000001 0.50615
10 0.228085 0.591515 0.196715 0.591515 0.196715 0.614545 0.228085 0.614545 0.228085 0.591515
10 0.57158 0.53952 0.5544 0.53952 0.5544 0.55716 0.57158 0.55716 0.57158 0.53952
10 0.19794499999999998 0.42661499999999997 0.185115 0.42661499999999997 0.185115 0.438125 0.19794499999999998 0.438125 0.19794499999999998 0.42661499999999997
10 0.99664 0.5126999999999999 0.977 0.5126999999999999 0.977 0.5351600000000001 0.99664 0.5351600000000001 0.99664 0.5126999999999999
10 0.467635 0.302605 0.444965 0.302605 0.444965 0.322395 0.467635 0.322395 0.467635 0.302605
10 0.614255 0.596205 0.597665 0.596205 0.597665 0.607895 0.614255 0.607895 0.614255 0.596205
10 0.41566000000000003 0.575245 0.38464 0.575245 0.38464 0.597615 0.41566000000000003 0.597615 0.41566000000000003 0.575245
10 0.9426650000000001 0.626755 0.9303750000000001 0.626755 0.9303750000000001 0.636925 0.9426650000000001 0.636925 0.9426650000000001 0.626755
10 0.39106 0.4577 0.36236 0.4577 0.36236 0.46612 0.39106 0.46612 0.39106 0.4577
10 0.81279 0.6279950000000001 0.7995099999999999 0.6279950000000001 0.7995099999999999 0.638605 0.81279 0.638605 0.81279 0.6279950000000001
10 0.777545 0.43237 0.759555 0.43237 0.759555 0.45289 0.777545 0.45289 0.777545 0.43237
10 0.30826 0.5794349999999999 0.22934000000000002 0.5794349999999999 0.22934000000000002 0.640285 0.30826 0.640285 0.30826 0.5794349999999999
10 0.726205 0.6161800000000001 0.697615 0.6161800000000001 0.697615 0.64066 0.726205 0.64066 0.726205 0.6161800000000001
10 0.5705549999999999 0.43513999999999997 0.545665 0.43513999999999997 0.545665 0.4511 0.5705549999999999 0.4511 0.5705549999999999 0.43513999999999997
10 0.624205 0.46186999999999995 0.6140749999999999 0.46186999999999995 0.6140749999999999 0.47759 0.624205 0.47759 0.624205 0.46186999999999995
10 0.64663 0.505695 0.61607 0.505695 0.61607 0.519705 0.64663 0.519705 0.64663 0.505695
10 0.9490500000000001 0.51327 0.89177 0.51327 0.89177 0.56387 0.9490500000000001 0.56387 0.9490500000000001 0.51327
10 0.50553 0.425765 0.49250999999999995 0.425765 0.49250999999999995 0.43605499999999997 0.50553 0.43605499999999997 0.50553 0.425765
10 0.10600000000000001 0.546535 0.08882 0.546535 0.08882 0.559905 0.10600000000000001 0.559905 0.10600000000000001 0.546535
10 0.826255 0.49539 0.816325 0.49539 0.816325 0.50265 0.826255 0.50265 0.826255 0.49539
10 0.338845 0.37827 0.328635 0.37827 0.328635 0.38491 0.338845 0.38491 0.338845 0.37827
10 0.579715 0.322105 0.5628650000000001 0.322105 0.5628650000000001 0.334155 0.579715 0.334155 0.579715 0.322105
10 0.147705 0.4391 0.132575 0.4391 0.132575 0.44616 0.147705 0.44616 0.147705 0.4391
10 0.927745 0.595685 0.914055 0.595685 0.914055 0.611355 0.927745 0.611355 0.927745 0.595685
10 0.8670249999999999 0.5039100000000001 0.856615 0.5039100000000001 0.856615 0.51073 0.8670249999999999 0.51073 0.8670249999999999 0.5039100000000001
10 0.884925 0.5812700000000001 0.8767950000000001 0.5812700000000001 0.8767950000000001 0.5906100000000001 0.884925 0.5906100000000001 0.884925 0.5812700000000001
10 0.029335 0.45511 0.021785 0.45511 0.021785 0.46237000000000006 0.029335 0.46237000000000006 0.029335 0.45511
10 0.03476 0.28767 0.00162 0.28767 0.00162 0.30363 0.03476 0.30363 0.03476 0.28767
10 0.08255 0.56043 0.07113 0.56043 0.07113 0.56945 0.08255 0.56945 0.08255 0.56043
10 0.29064999999999996 0.462155 0.28259 0.462155 0.28259 0.469005 0.29064999999999996 0.469005 0.29064999999999996 0.462155
10 0.8713 0.6199250000000001 0.86014 0.6199250000000001 0.86014 0.628115 0.8713 0.628115 0.8713 0.6199250000000001
10 0.13286 0.49855499999999997 0.10700000000000001 0.49855499999999997 0.10700000000000001 0.512185 0.13286 0.512185 0.13286 0.49855499999999997
10 0.169155 0.45826 0.162145 0.45826 0.162145 0.46508000000000005 0.169155 0.46508000000000005 0.169155 0.45826
10 0.985525 0.665515 0.957835 0.665515 0.957835 0.692885 0.985525 0.692885 0.985525 0.665515
9 0 0.554 0.158 0.626 0.21000000000000002 0.638 0.267 0.644 0.386 0.63 0.43899999999999995 0.632 0.466 0.637 0.603 0.686 0.775 0.7110000000000001 0.898 0.714 0.96 0.7070000000000001 0.999 0.693 0.999 0.43200000000000005 0.8960000000000001 0.379 0.8400000000000001 0.362 0.8029999999999999 0.343 0.743 0.323 0.693 0.317 0.606 0.315 0.526 0.3 0.476 0.29900000000000004 0.379 0.31 0.294 0.311 0.24 0.319 0.189 0.304 0.174 0.303 0.11699999999999999 0.284 0.081 0.282 0.038 0.28700000000000003 0.006 0.298 0 0.302 0 0.554