10 0.266965 0.7586350000000001 0.197675 0.7586350000000001 0.197675 0.8056850000000001 0.266965 0.8056850000000001 0.266965 0.7586350000000001
10 0.24487 0.7623800000000001 0.20947 0.7623800000000001 0.20947 0.7923 0.24487 0.7923 0.24487 0.7623800000000001
10 0.766355 0.77514 0.719965 0.77514 0.719965 0.8019999999999999 0.766355 0.8019999999999999 0.766355 0.77514
10 0.609835 0.57728 0.577665 0.57728 0.577665 0.60534 0.609835 0.60534 0.609835 0.57728
10 0.31999 0.686045 0.27131 0.686045 0.27131 0.726055 0.31999 0.726055 0.31999 0.686045
10 0.284475 0.577405 0.239945 0.577405 0.239945 0.6130150000000001 0.284475 0.6130150000000001 0.284475 0.577405
10 0.9250349999999999 0.3587 0.8835649999999999 0.3587 0.8835649999999999 0.38984 0.9250349999999999 0.38984 0.9250349999999999 0.3587
10 0.60953 0.6773 0.57505 0.6773 0.57505 0.70356 0.60953 0.70356 0.60953 0.6773
10 0.78499 0.384085 0.75115 0.384085 0.75115 0.412295 0.78499 0.412295 0.78499 0.384085
10 0.72002 0.78336 0.68526 0.78336 0.68526 0.8152799999999999 0.72002 0.8152799999999999 0.72002 0.78336
10 0.654715 0.749545 0.620685 0.749545 0.620685 0.776815 0.654715 0.776815 0.654715 0.749545
10 0.952005 0.5657300000000001 0.915175 0.5657300000000001 0.915175 0.5973499999999999 0.952005 0.5973499999999999 0.952005 0.5657300000000001
10 0.472395 0.5849599999999999 0.419205 0.5849599999999999 0.419205 0.62402 0.472395 0.62402 0.472395 0.5849599999999999
10 0.49995500000000004 0.610705 0.465865 0.610705 0.465865 0.6363749999999999 0.49995500000000004 0.6363749999999999 0.49995500000000004 0.610705
10 0.6183 0.26853 0.57896 0.26853 0.57896 0.30765 0.6183 0.30765 0.6183 0.26853
10 0.92676 0.41418 0.8916000000000001 0.41418 0.8916000000000001 0.4452 0.92676 0.4452 0.92676 0.41418
10 0.945985 0.760075 0.911435 0.760075 0.911435 0.789725 0.945985 0.789725 0.945985 0.760075
10 0.8933099999999999 0.625535 0.84985 0.625535 0.84985 0.665485 0.8933099999999999 0.665485 0.8933099999999999 0.625535
10 0.69456 0.39292 0.6658000000000001 0.39292 0.6658000000000001 0.41762 0.69456 0.41762 0.69456 0.39292
10 0.9874700000000001 0.42018500000000003 0.9431900000000001 0.42018500000000003 0.9431900000000001 0.450915 0.9874700000000001 0.450915 0.9874700000000001 0.42018500000000003
10 0.33016999999999996 0.25444 0.30069 0.25444 0.30069 0.28218 0.33016999999999996 0.28218 0.33016999999999996 0.25444
10 0.6091300000000001 0.700785 0.56567 0.700785 0.56567 0.734755 0.6091300000000001 0.734755 0.6091300000000001 0.700785
10 0.047865000000000005 0.29013 0.020495 0.29013 0.020495 0.32169 0.047865000000000005 0.32169 0.047865000000000005 0.29013
10 0.154265 0.24912 0.122095 0.24912 0.122095 0.28359999999999996 0.154265 0.28359999999999996 0.154265 0.24912
10 0.19894499999999998 0.21648499999999998 0.164335 0.21648499999999998 0.164335 0.24981499999999998 0.19894499999999998 0.24981499999999998 0.19894499999999998 0.21648499999999998
10 0.401035 0.561115 0.346045 0.561115 0.346045 0.605885 0.401035 0.605885 0.401035 0.561115
10 0.65456 0.43789999999999996 0.60912 0.43789999999999996 0.60912 0.4708 0.65456 0.4708 0.65456 0.43789999999999996
10 0.540775 0.538455 0.488525 0.538455 0.488525 0.570925 0.540775 0.570925 0.540775 0.538455
10 0.72748 0.550675 0.70026 0.550675 0.70026 0.573345 0.72748 0.573345 0.72748 0.550675
10 0.74788 0.35908 0.71404 0.35908 0.71404 0.38604 0.74788 0.38604 0.74788 0.35908
10 0.31404 0.34377 0.27921999999999997 0.34377 0.27921999999999997 0.37743000000000004 0.31404 0.37743000000000004 0.31404 0.34377
10 0.845245 0.65727 0.8139350000000001 0.65727 0.8139350000000001 0.69233 0.845245 0.69233 0.845245 0.65727
10 0.13344 0.37002 0.09728 0.37002 0.09728 0.40292000000000006 0.13344 0.40292000000000006 0.13344 0.37002
10 0.22041 0.57088 0.18070999999999998 0.57088 0.18070999999999998 0.60002 0.22041 0.60002 0.22041 0.57088
10 0.98612 0.242485 0.9533400000000001 0.242485 0.9533400000000001 0.270695 0.98612 0.270695 0.98612 0.242485
10 0.16176 0.30257999999999996 0.12316 0.30257999999999996 0.12316 0.33902 0.16176 0.33902 0.16176 0.30257999999999996
10 0.10258 0.536795 0.08016 0.536795 0.08016 0.558905 0.10258 0.558905 0.10258 0.536795
10 0.5001800000000001 0.40635000000000004 0.4588 0.40635000000000004 0.4588 0.43301 0.5001800000000001 0.43301 0.5001800000000001 0.40635000000000004
10 0.132995 0.193525 0.101745 0.193525 0.101745 0.224435 0.132995 0.224435 0.132995 0.193525
10 0.88785 0.585435 0.86801 0.585435 0.86801 0.604025 0.88785 0.604025 0.88785 0.585435
10 0.75285 0.674875 0.73445 0.674875 0.73445 0.695245 0.75285 0.695245 0.75285 0.674875
10 0.62913 0.668175 0.61209 0.668175 0.61209 0.6824049999999999 0.62913 0.6824049999999999 0.62913 0.668175
10 0.41298 0.40810500000000005 0.3756 0.40810500000000005 0.3756 0.441495 0.41298 0.441495 0.41298 0.40810500000000005
10 0.307615 0.73892 0.235345 0.73892 0.235345 0.80404 0.307615 0.80404 0.307615 0.73892
10 0.9787649999999999 0.772905 0.961655 0.772905 0.961655 0.7925150000000001 0.9787649999999999 0.7925150000000001 0.9787649999999999 0.772905
10 0.15641 0.5494600000000001 0.13949 0.5494600000000001 0.13949 0.56772 0.15641 0.56772 0.15641 0.5494600000000001
10 0.03411 0.697735 0.00577 0.697735 0.00577 0.719265 0.03411 0.719265 0.03411 0.697735
10 0.80041 0.572785 0.78651 0.572785 0.78651 0.585415 0.80041 0.585415 0.80041 0.572785
10 0.47603999999999996 0.381385 0.46292 0.381385 0.46292 0.394015 0.47603999999999996 0.394015 0.47603999999999996 0.381385
10 0.202065 0.429225 0.189775 0.429225 0.189775 0.441375 0.202065 0.441375 0.202065 0.429225
10 0.78864 0.6840200000000001 0.76702 0.6840200000000001 0.76702 0.7007399999999999 0.78864 0.7007399999999999 0.78864 0.6840200000000001
10 0.9276949999999999 0.449345 0.9111649999999999 0.449345 0.9111649999999999 0.46081500000000003 0.9276949999999999 0.46081500000000003 0.9276949999999999 0.449345
10 0.943765 0.50648 0.921475 0.50648 0.921475 0.5228200000000001 0.943765 0.5228200000000001 0.943765 0.50648
10 0.9953350000000001 0.428775 0.921665 0.428775 0.921665 0.501405 0.9953350000000001 0.501405 0.9953350000000001 0.428775
10 0.596375 0.165795 0.581365 0.165795 0.581365 0.179425 0.596375 0.179425 0.596375 0.165795
10 0.459365 0.209125 0.419055 0.209125 0.419055 0.238375 0.459365 0.238375 0.459365 0.209125
10 0.23893 0.45209 0.21639 0.45209 0.21639 0.46881000000000006 0.23893 0.46881000000000006 0.23893 0.45209
10 0.623555 0.31741 0.602025 0.31741 0.602025 0.33493 0.623555 0.33493 0.623555 0.31741
10 0.415975 0.47036 0.397985 0.47036 0.397985 0.4852 0.415975 0.4852 0.415975 0.47036
10 0.31454 0.45077999999999996 0.2626 0.45077999999999996 0.2626 0.47744 0.31454 0.47744 0.31454 0.45077999999999996
10 0.395815 0.46349 0.370305 0.46349 0.370305 0.48621 0.395815 0.48621 0.395815 0.46349
10 0.272675 0.199405 0.158725 0.199405 0.158725 0.28619500000000003 0.272675 0.28619500000000003 0.272675 0.199405
10 0.43818 0.49365500000000007 0.41534000000000004 0.49365500000000007 0.41534000000000004 0.513185 0.43818 0.513185 0.43818 0.49365500000000007
10 0.35117 0.46405 0.33291 0.46405 0.33291 0.47833 0.35117 0.47833 0.35117 0.46405
10 0.570185 0.457625 0.555795 0.457625 0.555795 0.47157499999999997 0.570185 0.47157499999999997 0.570185 0.457625
10 0.38139 0.47573 0.36079 0.47573 0.36079 0.49595 0.38139 0.49595 0.38139 0.47573
10 0.381345 0.43768 0.366215 0.43768 0.366215 0.45439999999999997 0.381345 0.45439999999999997 0.381345 0.43768
10 0.22528 0.231975 0.1253 0.231975 0.1253 0.29096500000000003 0.22528 0.29096500000000003 0.22528 0.231975
10 0.054920000000000004 0.463185 0.038900000000000004 0.463185 0.038900000000000004 0.47383499999999995 0.054920000000000004 0.47383499999999995 0.054920000000000004 0.463185
10 0.97306 0.21281500000000003 0.89316 0.21281500000000003 0.89316 0.252765 0.97306 0.252765 0.97306 0.21281500000000003
9 0 0.765 0.013000000000000001 0.776 0.02 0.774 0.048 0.788 0.076 0.792 0.10200000000000001 0.8029999999999999 0.28300000000000003 0.833 0.34500000000000003 0.837 0.434 0.8320000000000001 0.475 0.834 0.497 0.828 0.5650000000000001 0.827 0.626 0.82 0.749 0.819 0.78 0.825 0.791 0.834 0.808 0.836 0.8310000000000001 0.849 0.845 0.852 0.884 0.858 0.999 0.858 0.999 0.512 0.966 0.509 0.951 0.514 0.93 0.512 0.924 0.515 0.916 0.512 0.845 0.515 0.841 0.512 0.763 0.51 0.683 0.512 0.604 0.505 0.5309999999999999 0.507 0.513 0.501 0.509 0.506 0.5 0.506 0.497 0.5 0.491 0.506 0.47800000000000004 0.49800000000000005 0.301 0.488 0.28700000000000003 0.48 0.27799999999999997 0.485 0.271 0.48 0.158 0.476 0.154 0.472 0.13999999999999999 0.475 0.13799999999999998 0.47000000000000003 0.132 0.475 0.11699999999999999 0.475 0.1 0.465 0.003 0.462 0 0.46399999999999997 0 0.765
9 0 0.43 0.009 0.437 0.048 0.44299999999999995 0.10800000000000001 0.44400000000000006 0.134 0.457 0.215 0.45999999999999996 0.22400000000000003 0.46699999999999997 0.24900000000000003 0.46699999999999997 0.28300000000000003 0.476 0.302 0.471 0.316 0.476 0.571 0.49800000000000005 0.93 0.504 0.958 0.497 0.978 0.502 0.999 0.499 0.999 0.16499999999999998 0.96 0.162 0.9 0.16599999999999998 0.875 0.16399999999999998 0.845 0.156 0.759 0.15 0.689 0.174 0.650333 0.178 0.5660000000000001 0.16 0.5519999999999999 0.154 0.541 0.156 0.534 0.15 0.525 0.152 0.505 0.142 0.46399999999999997 0.13999999999999999 0.43499999999999994 0.132 0.34500000000000003 0.128 0.22000000000000003 0.133 0.118 0.146 0.006 0.173 0 0.177 0 0.43
10 0.97516 0.50899 0.8451599999999999 0.50899 0.8451599999999999 0.53887 0.97516 0.53887 0.97516 0.50899