10 0.257145 0.43142500000000006 0.22571500000000003 0.43142500000000006 0.22571500000000003 0.47071500000000005 0.257145 0.47071500000000005 0.257145 0.43142500000000006
10 0.684485 0.47614999999999996 0.662195 0.47614999999999996 0.662195 0.49553 0.684485 0.49553 0.684485 0.47614999999999996
10 0.279625 0.39489 0.257975 0.39489 0.257975 0.41418999999999995 0.279625 0.41418999999999995 0.279625 0.39489
10 0.6573450000000001 0.653575 0.6307349999999999 0.653575 0.6307349999999999 0.673565 0.6573450000000001 0.673565 0.6573450000000001 0.653575
10 0.44645 0.634745 0.42317 0.634745 0.42317 0.658215 0.44645 0.658215 0.44645 0.634745
10 0.24964499999999998 0.5240750000000001 0.22545500000000002 0.5240750000000001 0.22545500000000002 0.549165 0.24964499999999998 0.549165 0.24964499999999998 0.5240750000000001
10 0.07237 0.5366850000000001 0.05641 0.5366850000000001 0.05641 0.5492549999999999 0.07237 0.5492549999999999 0.07237 0.5366850000000001
10 0.10584 0.6016 0.09165999999999999 0.6016 0.09165999999999999 0.61324 0.10584 0.61324 0.10584 0.6016
10 0.415245 0.5292 0.397255 0.5292 0.397255 0.5440400000000001 0.415245 0.5440400000000001 0.415245 0.5292
10 0.513945 0.68062 0.495815 0.68062 0.495815 0.69634 0.513945 0.69634 0.513945 0.68062
10 0.11424000000000001 0.450755 0.09402 0.450755 0.09402 0.46624499999999997 0.11424000000000001 0.46624499999999997 0.11424000000000001 0.450755
10 0.47885 0.7062 0.46451000000000003 0.7062 0.46451000000000003 0.7176199999999999 0.47885 0.7176199999999999 0.47885 0.7062
10 0.182375 0.41350499999999996 0.165525 0.41350499999999996 0.165525 0.42683499999999996 0.182375 0.42683499999999996 0.182375 0.41350499999999996
10 0.28487 0.526235 0.27031 0.526235 0.27031 0.547005 0.28487 0.547005 0.28487 0.526235
10 0.069325 0.597005 0.057135000000000005 0.597005 0.057135000000000005 0.605135 0.069325 0.605135 0.069325 0.597005
10 0.3528 0.45843999999999996 0.31908 0.45843999999999996 0.31908 0.49273999999999996 0.3528 0.49273999999999996 0.3528 0.45843999999999996
10 0.91263 0.691395 0.89499 0.691395 0.89499 0.705085 0.91263 0.705085 0.91263 0.691395
10 0.546405 0.62929 0.527815 0.62929 0.527815 0.64513 0.546405 0.64513 0.546405 0.62929
10 0.773305 0.6925049999999999 0.758915 0.6925049999999999 0.758915 0.705935 0.773305 0.705935 0.773305 0.6925049999999999
10 0.44252 0.679915 0.42662000000000005 0.679915 0.42662000000000005 0.690205 0.44252 0.690205 0.44252 0.679915
10 0.54706 0.46583500000000005 0.5213 0.46583500000000005 0.5213 0.48728499999999997 0.54706 0.48728499999999997 0.54706 0.46583500000000005
10 0.638995 0.39091 0.620765 0.39091 0.620765 0.40255 0.638995 0.40255 0.638995 0.39091
10 0.77565 0.7182999999999999 0.75755 0.7182999999999999 0.75755 0.72994 0.77565 0.72994 0.77565 0.7182999999999999
10 0.544505 0.40010500000000004 0.529715 0.40010500000000004 0.529715 0.41239499999999996 0.544505 0.41239499999999996 0.544505 0.40010500000000004
10 0.889395 0.54128 0.868425 0.54128 0.868425 0.56322 0.889395 0.56322 0.889395 0.54128
10 0.77047 0.472745 0.75883 0.472745 0.75883 0.48183499999999996 0.77047 0.48183499999999996 0.77047 0.472745
10 0.37568999999999997 0.40686999999999995 0.35967 0.40686999999999995 0.35967 0.41979 0.37568999999999997 0.41979 0.37568999999999997 0.40686999999999995
10 0.219325 0.477055 0.206695 0.477055 0.206695 0.48924500000000004 0.219325 0.48924500000000004 0.219325 0.477055
10 0.8782099999999999 0.45682999999999996 0.86887 0.45682999999999996 0.86887 0.46455 0.8782099999999999 0.46455 0.8782099999999999 0.45682999999999996
10 0.607405 0.500835 0.557635 0.500835 0.557635 0.548965 0.607405 0.548965 0.607405 0.500835
10 0.6634800000000001 0.43174999999999997 0.6236200000000001 0.43174999999999997 0.6236200000000001 0.46669 0.6634800000000001 0.46669 0.6634800000000001 0.43174999999999997
10 0.79643 0.46830499999999997 0.74263 0.46830499999999997 0.74263 0.512155 0.79643 0.512155 0.79643 0.46830499999999997
10 0.854805 0.588255 0.8453950000000001 0.588255 0.8453950000000001 0.599245 0.854805 0.599245 0.854805 0.588255
10 0.109155 0.502355 0.09396499999999999 0.502355 0.09396499999999999 0.515225 0.109155 0.515225 0.109155 0.502355
10 0.31194500000000003 0.486765 0.301335 0.486765 0.301335 0.498595 0.31194500000000003 0.498595 0.31194500000000003 0.486765
10 0.9238350000000001 0.50947 0.915025 0.50947 0.915025 0.51885 0.9238350000000001 0.51885 0.9238350000000001 0.50947
10 0.433105 0.44772 0.42285500000000004 0.44772 0.42285500000000004 0.45705999999999997 0.433105 0.45705999999999997 0.433105 0.44772
10 0.62754 0.50182 0.61954 0.50182 0.61954 0.51088 0.62754 0.51088 0.62754 0.50182
10 0.45844500000000005 0.533735 0.44877500000000003 0.533735 0.44877500000000003 0.5424450000000001 0.45844500000000005 0.5424450000000001 0.45844500000000005 0.533735
10 0.412425 0.492985 0.39959500000000003 0.492985 0.39959500000000003 0.503595 0.412425 0.503595 0.412425 0.492985
10 0.58 0.44899500000000003 0.5704 0.44899500000000003 0.5704 0.45920500000000003 0.58 0.45920500000000003 0.58 0.44899500000000003
10 0.862785 0.477485 0.8549950000000001 0.477485 0.8549950000000001 0.484915 0.862785 0.484915 0.862785 0.477485
10 0.38367 0.48885500000000004 0.37415 0.48885500000000004 0.37415 0.49746499999999994 0.38367 0.49746499999999994 0.38367 0.48885500000000004
10 0.766795 0.39666 0.731245 0.39666 0.731245 0.409 0.766795 0.409 0.766795 0.39666
10 0.27851499999999996 0.6343 0.267865 0.6343 0.267865 0.6411 0.27851499999999996 0.6411 0.27851499999999996 0.6343
10 0.78081 0.53383 0.77095 0.53383 0.77095 0.54331 0.78081 0.54331 0.78081 0.53383
10 0.930925 0.61859 0.9206350000000001 0.61859 0.9206350000000001 0.62751 0.930925 0.62751 0.930925 0.61859
10 0.5022800000000001 0.59907 0.49138000000000004 0.59907 0.49138000000000004 0.60893 0.5022800000000001 0.60893 0.5022800000000001 0.59907
10 0.34096000000000004 0.5885849999999999 0.33140000000000003 0.5885849999999999 0.33140000000000003 0.5989150000000001 0.34096000000000004 0.5989150000000001 0.34096000000000004 0.5885849999999999
10 0.808035 0.635485 0.800365 0.635485 0.800365 0.642835 0.808035 0.642835 0.808035 0.635485
10 0.907395 0.58606 0.8953450000000001 0.58606 0.8953450000000001 0.5946 0.907395 0.5946 0.907395 0.58606
10 0.6389750000000001 0.600345 0.6286050000000001 0.600345 0.6286050000000001 0.609615 0.6389750000000001 0.609615 0.6389750000000001 0.600345
10 0.639865 0.6425099999999999 0.6306350000000001 0.6425099999999999 0.6306350000000001 0.6514300000000001 0.639865 0.6514300000000001 0.639865 0.6425099999999999
10 0.33988999999999997 0.39105 0.33100999999999997 0.39105 0.33100999999999997 0.39801000000000003 0.33988999999999997 0.39801000000000003 0.33988999999999997 0.39105
10 0.34953 0.6471549999999999 0.33651 0.6471549999999999 0.33651 0.656565 0.34953 0.656565 0.34953 0.6471549999999999
10 0.5731550000000001 0.58694 0.5645450000000001 0.58694 0.5645450000000001 0.59568 0.5731550000000001 0.59568 0.5731550000000001 0.58694
10 0.839685 0.6145050000000001 0.8302350000000001 0.6145050000000001 0.8302350000000001 0.622795 0.839685 0.622795 0.839685 0.6145050000000001
10 0.89926 0.55196 0.89078 0.55196 0.89078 0.5593600000000001 0.89926 0.5593600000000001 0.89926 0.55196
10 0.98902 0.5565100000000001 0.9807 0.5565100000000001 0.9807 0.56557 0.98902 0.56557 0.98902 0.5565100000000001
10 0.58246 0.539415 0.5757399999999999 0.539415 0.5757399999999999 0.547505 0.58246 0.547505 0.58246 0.539415
10 0.9857799999999999 0.43725500000000006 0.9741799999999999 0.43725500000000006 0.9741799999999999 0.45238500000000004 0.9857799999999999 0.45238500000000004 0.9857799999999999 0.43725500000000006
9 0 0.626 0.052000000000000005 0.648 0.099 0.6599999999999999 0.281 0.657 0.372 0.686 0.42699999999999994 0.722 0.481 0.731 0.522 0.751 0.5559999999999999 0.758 0.603 0.757 0.727 0.732 0.78 0.732 0.8320000000000001 0.737 0.8640000000000001 0.735 0.9189999999999999 0.7190000000000001 0.977 0.693 0.999 0.689 0.999 0.446 0.985 0.43899999999999995 0.9279999999999999 0.42800000000000005 0.9039999999999999 0.43099999999999994 0.8470000000000001 0.42800000000000005 0.775 0.40700000000000003 0.637 0.382 0.596 0.385 0.533 0.382 0.40199999999999997 0.399 0.253 0.383 0.156 0.40199999999999997 0.10800000000000001 0.418 0.033 0.45199999999999996 0 0.45099999999999996 0 0.626