10 0.6900000000000001 0.34571 0.65286 0.34571 0.65286 0.38071 0.6900000000000001 0.38071 0.6900000000000001 0.34571
10 0.39509 0.34148 0.37199 0.34148 0.37199 0.35872000000000004 0.39509 0.35872000000000004 0.39509 0.34148
10 0.9273199999999999 0.39509500000000003 0.90764 0.39509500000000003 0.90764 0.407145 0.9273199999999999 0.407145 0.9273199999999999 0.39509500000000003
10 0.8038700000000001 0.48663999999999996 0.78499 0.48663999999999996 0.78499 0.50408 0.8038700000000001 0.50408 0.8038700000000001 0.48663999999999996
10 0.031535 0.350205 0.012005 0.350205 0.012005 0.368055 0.031535 0.368055 0.031535 0.350205
10 0.799525 0.34223 0.7444149999999999 0.34223 0.7444149999999999 0.36480999999999997 0.799525 0.36480999999999997 0.799525 0.34223
10 0.804475 0.33719 0.789285 0.33719 0.789285 0.34835 0.804475 0.34835 0.804475 0.33719
10 0.92807 0.40923499999999996 0.9059100000000001 0.40923499999999996 0.9059100000000001 0.430125 0.92807 0.430125 0.92807 0.40923499999999996
10 0.60996 0.360475 0.59804 0.360475 0.59804 0.370965 0.60996 0.370965 0.60996 0.360475
10 0.38944 0.41139000000000003 0.3669 0.41139000000000003 0.3669 0.42699 0.38944 0.42699 0.38944 0.41139000000000003
10 0.586985 0.37605 0.568295 0.37605 0.568295 0.39055 0.586985 0.39055 0.586985 0.37605
10 0.48357 0.5152650000000001 0.46613 0.5152650000000001 0.46613 0.534535 0.48357 0.534535 0.48357 0.5152650000000001
10 0.45737500000000003 0.551435 0.43422499999999997 0.551435 0.43422499999999997 0.5755250000000001 0.45737500000000003 0.5755250000000001 0.45737500000000003 0.551435
10 0.22283499999999998 0.33641 0.207585 0.33641 0.207585 0.34963 0.22283499999999998 0.34963 0.22283499999999998 0.33641
10 0.409175 0.51559 0.392585 0.51559 0.392585 0.5293300000000001 0.409175 0.5293300000000001 0.409175 0.51559
10 0.985675 0.508775 0.967445 0.508775 0.967445 0.5234449999999999 0.985675 0.5234449999999999 0.985675 0.508775
10 0.530185 0.50334 0.518635 0.50334 0.518635 0.51424 0.530185 0.51424 0.530185 0.50334
10 0.157315 0.28852500000000003 0.144685 0.28852500000000003 0.144685 0.30961500000000003 0.157315 0.30961500000000003 0.157315 0.28852500000000003
10 0.589255 0.556355 0.561145 0.556355 0.561145 0.581345 0.589255 0.581345 0.589255 0.556355
10 0.8769399999999999 0.5098849999999999 0.8623200000000001 0.5098849999999999 0.8623200000000001 0.523315 0.8769399999999999 0.523315 0.8769399999999999 0.5098849999999999
10 0.584345 0.35466000000000003 0.571915 0.35466000000000003 0.571915 0.36604000000000003 0.584345 0.36604000000000003 0.584345 0.35466000000000003
10 0.04734 0.2903 0.03542 0.2903 0.03542 0.3015 0.04734 0.3015 0.04734 0.2903
10 0.8556100000000001 0.38312 0.83971 0.38312 0.83971 0.39472 0.8556100000000001 0.39472 0.8556100000000001 0.38312
10 0.14508000000000001 0.281505 0.1308 0.281505 0.1308 0.29223499999999997 0.14508000000000001 0.29223499999999997 0.14508000000000001 0.281505
10 0.59082 0.461435 0.56934 0.461435 0.56934 0.48534499999999997 0.59082 0.48534499999999997 0.59082 0.461435
10 0.076285 0.36939500000000003 0.063615 0.36939500000000003 0.063615 0.381585 0.076285 0.381585 0.076285 0.36939500000000003
10 0.695445 0.32124 0.666855 0.32124 0.666855 0.33842 0.695445 0.33842 0.695445 0.32124
10 0.750255 0.42401 0.7390049999999999 0.42401 0.7390049999999999 0.43829 0.750255 0.43829 0.750255 0.42401
10 0.8913650000000001 0.524005 0.874255 0.524005 0.874255 0.536535 0.8913650000000001 0.536535 0.8913650000000001 0.524005
10 0.63912 0.366845 0.62748 0.366845 0.62748 0.37583500000000003 0.63912 0.37583500000000003 0.63912 0.366845
10 0.728985 0.338645 0.715355 0.338645 0.715355 0.348855 0.728985 0.348855 0.728985 0.338645
10 0.166625 0.359155 0.157355 0.359155 0.157355 0.368385 0.166625 0.368385 0.166625 0.359155
10 0.226545 0.493235 0.21291500000000002 0.493235 0.21291500000000002 0.508725 0.226545 0.508725 0.226545 0.493235
10 0.09452 0.312785 0.0831 0.312785 0.0831 0.322955 0.09452 0.322955 0.09452 0.312785
10 0.9116500000000001 0.34875500000000004 0.87741 0.34875500000000004 0.87741 0.371945 0.9116500000000001 0.371945 0.9116500000000001 0.34875500000000004
10 0.35541999999999996 0.51326 0.335 0.51326 0.335 0.52776 0.35541999999999996 0.52776 0.35541999999999996 0.51326
10 0.101415 0.454805 0.09170500000000001 0.454805 0.09170500000000001 0.466095 0.101415 0.466095 0.101415 0.454805
10 0.5328350000000001 0.37403 0.521845 0.37403 0.521845 0.38281 0.5328350000000001 0.38281 0.5328350000000001 0.37403
10 0.7016549999999999 0.5158050000000001 0.681165 0.5158050000000001 0.681165 0.533995 0.7016549999999999 0.533995 0.7016549999999999 0.5158050000000001
10 0.6701050000000001 0.5431199999999999 0.655095 0.5431199999999999 0.655095 0.55454 0.6701050000000001 0.55454 0.6701050000000001 0.5431199999999999
10 0.6820700000000001 0.394165 0.67047 0.394165 0.67047 0.404655 0.6820700000000001 0.404655 0.6820700000000001 0.394165
10 0.8196899999999999 0.41904 0.79163 0.41904 0.79163 0.43642000000000003 0.8196899999999999 0.43642000000000003 0.8196899999999999 0.41904
10 0.303015 0.35951 0.27754500000000004 0.35951 0.27754500000000004 0.38365 0.303015 0.38365 0.303015 0.35951
10 0.32168 0.589735 0.29844 0.589735 0.29844 0.6124050000000001 0.32168 0.6124050000000001 0.32168 0.589735
10 0.63244 0.500935 0.61952 0.500935 0.61952 0.5137050000000001 0.63244 0.5137050000000001 0.63244 0.500935
10 0.17783 0.3795 0.15981 0.3795 0.15981 0.39540000000000003 0.17783 0.39540000000000003 0.17783 0.3795
10 0.73044 0.563155 0.71292 0.563155 0.71292 0.581385 0.73044 0.581385 0.73044 0.563155
10 0.21898499999999999 0.38995 0.205815 0.38995 0.205815 0.40107 0.21898499999999999 0.40107 0.21898499999999999 0.38995
10 0.643575 0.586675 0.624985 0.586675 0.624985 0.604725 0.643575 0.604725 0.643575 0.586675
10 0.479725 0.558275 0.468035 0.558275 0.468035 0.568685 0.479725 0.568685 0.479725 0.558275
10 0.29025500000000004 0.411235 0.278105 0.411235 0.278105 0.423245 0.29025500000000004 0.423245 0.29025500000000004 0.411235
10 0.39244500000000004 0.31001 0.372195 0.31001 0.372195 0.32719 0.39244500000000004 0.32719 0.39244500000000004 0.31001
10 0.23790499999999998 0.545615 0.222535 0.545615 0.222535 0.5598449999999999 0.23790499999999998 0.5598449999999999 0.23790499999999998 0.545615
10 0.5779799999999999 0.54295 0.5665600000000001 0.54295 0.5665600000000001 0.55373 0.5779799999999999 0.55373 0.5779799999999999 0.54295
10 0.30623999999999996 0.44682000000000005 0.28752 0.44682000000000005 0.28752 0.46724 0.30623999999999996 0.46724 0.30623999999999996 0.44682000000000005
10 0.638605 0.42786 0.6279950000000001 0.42786 0.6279950000000001 0.43688000000000005 0.638605 0.43688000000000005 0.638605 0.42786
10 0.37925 0.360615 0.36783 0.360615 0.36783 0.369845 0.37925 0.369845 0.37925 0.360615
10 0.24798499999999998 0.35380500000000004 0.219055 0.35380500000000004 0.219055 0.37617500000000004 0.24798499999999998 0.37617500000000004 0.24798499999999998 0.35380500000000004
10 0.95928 0.33262 0.9460000000000001 0.33262 0.9460000000000001 0.34268 0.95928 0.34268 0.95928 0.33262
10 0.50015 0.27520500000000003 0.48667 0.27520500000000003 0.48667 0.287775 0.50015 0.287775 0.50015 0.27520500000000003
10 0.20405500000000001 0.29008500000000004 0.195105 0.29008500000000004 0.195105 0.299275 0.20405500000000001 0.299275 0.20405500000000001 0.29008500000000004
10 0.20598 0.45321 0.1927 0.45321 0.1927 0.47013 0.20598 0.47013 0.20598 0.45321
10 0.74354 0.6190450000000001 0.72424 0.6190450000000001 0.72424 0.639735 0.74354 0.639735 0.74354 0.6190450000000001
10 0.5884699999999999 0.6355649999999999 0.57169 0.6355649999999999 0.57169 0.650575 0.5884699999999999 0.650575 0.5884699999999999 0.6355649999999999
10 0.893665 0.465465 0.8748950000000001 0.465465 0.8748950000000001 0.490595 0.893665 0.490595 0.893665 0.465465
9 0 0.519 0.064 0.553 0.098 0.562 0.137 0.564 0.149 0.5690000000000001 0.256 0.627 0.385 0.666 0.532 0.687 0.648 0.688 0.771 0.671 0.82 0.6599999999999999 0.889 0.634 0.952 0.616 0.999 0.593 0.999 0.337 0.9199999999999999 0.306 0.876 0.29300000000000004 0.8220000000000001 0.28700000000000003 0.761 0.29100000000000004 0.6769999999999999 0.288 0.624 0.27799999999999997 0.584 0.259 0.492 0.24500000000000002 0.44800000000000006 0.248 0.311 0.28900000000000003 0.25 0.28700000000000003 0.22599999999999998 0.281 0.217 0.27599999999999997 0.2 0.24300000000000002 0.181 0.23700000000000002 0.08199999999999999 0.24700000000000003 0.022 0.263 0 0.265 0 0.519