10 0.518375 0.32893500000000003 0.473445 0.32893500000000003 0.473445 0.37234500000000004 0.518375 0.37234500000000004 0.518375 0.32893500000000003
10 0.59544 0.588715 0.5371 0.588715 0.5371 0.625425 0.59544 0.625425 0.59544 0.588715
10 0.5607949999999999 0.5145850000000001 0.539785 0.5145850000000001 0.539785 0.5332749999999999 0.5607949999999999 0.5332749999999999 0.5607949999999999 0.5145850000000001
10 0.43038499999999996 0.53144 0.408475 0.53144 0.408475 0.54766 0.43038499999999996 0.54766 0.43038499999999996 0.53144
10 0.56913 0.563205 0.54903 0.563205 0.54903 0.5813349999999999 0.56913 0.5813349999999999 0.56913 0.563205
10 0.50643 0.330425 0.48527 0.330425 0.48527 0.356095 0.50643 0.356095 0.50643 0.330425
10 0.717425 0.318785 0.688835 0.318785 0.688835 0.350155 0.717425 0.350155 0.717425 0.318785
10 0.9017350000000001 0.42184 0.874625 0.42184 0.874625 0.44631999999999994 0.9017350000000001 0.44631999999999994 0.9017350000000001 0.42184
10 0.7431 0.6514 0.7217399999999999 0.6514 0.7217399999999999 0.66892 0.7431 0.66892 0.7431 0.6514
10 0.5921299999999999 0.46136 0.5660700000000001 0.46136 0.5660700000000001 0.49420000000000003 0.5921299999999999 0.49420000000000003 0.5921299999999999 0.46136
10 0.712885 0.5481499999999999 0.696295 0.5481499999999999 0.696295 0.56221 0.712885 0.56221 0.712885 0.5481499999999999
10 0.566275 0.27418 0.547005 0.27418 0.547005 0.29956 0.566275 0.29956 0.566275 0.27418
10 0.6894250000000001 0.281725 0.661155 0.281725 0.661155 0.303715 0.6894250000000001 0.303715 0.6894250000000001 0.281725
10 0.7162499999999999 0.673095 0.68415 0.673095 0.68415 0.701905 0.7162499999999999 0.701905 0.7162499999999999 0.673095
10 0.608345 0.371765 0.5850150000000001 0.371765 0.5850150000000001 0.394835 0.608345 0.394835 0.608345 0.371765
10 0.770525 0.404475 0.7441150000000001 0.404475 0.7441150000000001 0.42852499999999993 0.770525 0.42852499999999993 0.770525 0.404475
10 0.9661899999999999 0.371055 0.92737 0.371055 0.92737 0.400425 0.9661899999999999 0.400425 0.9661899999999999 0.371055
10 0.861125 0.676765 0.830275 0.676765 0.830275 0.7040949999999999 0.861125 0.7040949999999999 0.861125 0.676765
10 0.477545 0.463375 0.45555500000000004 0.463375 0.45555500000000004 0.485365 0.477545 0.485365 0.477545 0.463375
10 0.45522999999999997 0.226625 0.40073 0.226625 0.40073 0.265075 0.45522999999999997 0.265075 0.45522999999999997 0.226625
10 0.7153050000000001 0.588145 0.689975 0.588145 0.689975 0.609115 0.7153050000000001 0.609115 0.7153050000000001 0.588145
10 0.555955 0.318525 0.530965 0.318525 0.530965 0.342615 0.555955 0.342615 0.555955 0.318525
10 0.9646000000000001 0.61446 0.9152799999999999 0.61446 0.9152799999999999 0.65508 0.9646000000000001 0.65508 0.9646000000000001 0.61446
10 0.8983599999999999 0.528495 0.8711800000000001 0.528495 0.8711800000000001 0.550605 0.8983599999999999 0.550605 0.8983599999999999 0.528495
10 0.3679 0.38142 0.33914 0.38142 0.33914 0.40324 0.3679 0.40324 0.3679 0.38142
10 0.59036 0.31282 0.5619799999999999 0.31282 0.5619799999999999 0.3361 0.59036 0.3361 0.59036 0.31282
10 0.361695 0.25482 0.30334500000000003 0.25482 0.30334500000000003 0.31158 0.361695 0.31158 0.361695 0.25482
10 0.202065 0.274645 0.178555 0.274645 0.178555 0.29957500000000004 0.202065 0.29957500000000004 0.202065 0.274645
10 0.43192 0.194655 0.34592 0.194655 0.34592 0.247485 0.43192 0.247485 0.43192 0.194655
10 0.880355 0.32269000000000003 0.8403449999999999 0.32269000000000003 0.8403449999999999 0.34773 0.880355 0.34773 0.880355 0.32269000000000003
10 0.60231 0.26472 0.57933 0.26472 0.57933 0.28704 0.60231 0.28704 0.60231 0.26472
10 0.7074499999999999 0.52742 0.69295 0.52742 0.69295 0.54192 0.7074499999999999 0.54192 0.7074499999999999 0.52742
10 0.82562 0.6202449999999999 0.81402 0.6202449999999999 0.81402 0.6346350000000001 0.82562 0.6346350000000001 0.82562 0.6202449999999999
10 0.9366099999999999 0.55345 0.9198299999999999 0.55345 0.9198299999999999 0.56667 0.9366099999999999 0.56667 0.9366099999999999 0.55345
10 0.33398500000000003 0.37158 0.287595 0.37158 0.287595 0.40576 0.33398500000000003 0.40576 0.33398500000000003 0.37158
10 0.34824 0.3083 0.32608000000000004 0.3083 0.32608000000000004 0.33526 0.34824 0.33526 0.34824 0.3083
10 0.29418500000000003 0.25217 0.266855 0.25217 0.266855 0.28542999999999996 0.29418500000000003 0.28542999999999996 0.29418500000000003 0.25217
10 0.26861 0.29426 0.24165 0.29426 0.24165 0.31854 0.26861 0.31854 0.26861 0.29426
10 0.36629 0.34049 0.34319 0.34049 0.34319 0.35677 0.36629 0.35677 0.36629 0.34049
10 0.571585 0.38844500000000004 0.560255 0.38844500000000004 0.560255 0.398655 0.571585 0.398655 0.571585 0.38844500000000004
10 0.8804000000000001 0.671185 0.86862 0.671185 0.86862 0.681355 0.8804000000000001 0.681355 0.8804000000000001 0.671185
10 0.731395 0.56018 0.720745 0.56018 0.720745 0.5697 0.731395 0.5697 0.731395 0.56018
10 0.9737349999999999 0.46609999999999996 0.962785 0.46609999999999996 0.962785 0.47725999999999996 0.9737349999999999 0.47725999999999996 0.9737349999999999 0.46609999999999996
10 0.6621400000000001 0.463855 0.65232 0.463855 0.65232 0.475105 0.6621400000000001 0.475105 0.6621400000000001 0.463855
10 0.245365 0.288135 0.217775 0.288135 0.217775 0.309025 0.245365 0.309025 0.245365 0.288135
10 0.698485 0.43955500000000003 0.6882349999999999 0.43955500000000003 0.6882349999999999 0.44764499999999996 0.698485 0.44764499999999996 0.698485 0.43955500000000003
10 0.38975499999999996 0.19914 0.378805 0.19914 0.378805 0.20736 0.38975499999999996 0.20736 0.38975499999999996 0.19914
10 0.257115 0.21151499999999998 0.201385 0.21151499999999998 0.201385 0.23722500000000002 0.257115 0.23722500000000002 0.257115 0.21151499999999998
10 0.28413499999999997 0.37616 0.224165 0.37616 0.224165 0.42218 0.28413499999999997 0.42218 0.28413499999999997 0.37616
10 0.226455 0.21932999999999997 0.202265 0.21932999999999997 0.202265 0.23599 0.226455 0.23599 0.226455 0.21932999999999997
10 0.352095 0.361795 0.339805 0.361795 0.339805 0.374525 0.352095 0.374525 0.352095 0.361795
10 0.25549499999999997 0.20752500000000002 0.223265 0.20752500000000002 0.223265 0.221915 0.25549499999999997 0.221915 0.25549499999999997 0.20752500000000002
10 0.37449499999999997 0.494785 0.333505 0.494785 0.333505 0.530615 0.37449499999999997 0.530615 0.37449499999999997 0.494785
10 0.2548 0.385235 0.23079999999999998 0.385235 0.23079999999999998 0.40432499999999993 0.2548 0.40432499999999993 0.2548 0.385235
10 0.41490499999999997 0.421965 0.367815 0.421965 0.367815 0.460355 0.41490499999999997 0.460355 0.41490499999999997 0.421965
10 0.302585 0.30028 0.27797499999999997 0.30028 0.27797499999999997 0.33887999999999996 0.302585 0.33887999999999996 0.302585 0.30028
10 0.893995 0.28681999999999996 0.8843249999999999 0.28681999999999996 0.8843249999999999 0.29668 0.893995 0.29668 0.893995 0.28681999999999996
10 0.8421200000000001 0.72244 0.79558 0.72244 0.79558 0.73948 0.8421200000000001 0.73948 0.8421200000000001 0.72244
10 0.098985 0.313205 0.085455 0.313205 0.085455 0.324495 0.098985 0.324495 0.098985 0.313205
10 0.28788 0.315315 0.27414 0.315315 0.27414 0.330685 0.28788 0.330685 0.28788 0.315315
10 0.361095 0.18361 0.339105 0.18361 0.339105 0.19187 0.361095 0.19187 0.361095 0.18361
10 0.98729 0.513 0.92775 0.513 0.92775 0.69598 0.98729 0.69598 0.98729 0.513
10 0.972135 0.72121 0.8833249999999999 0.72121 0.8833249999999999 0.74559 0.972135 0.74559 0.972135 0.72121
10 0.386495 0.40573499999999996 0.36058500000000004 0.40573499999999996 0.36058500000000004 0.425805 0.386495 0.425805 0.386495 0.40573499999999996
10 0.18475 0.32528999999999997 0.10089 0.32528999999999997 0.10089 0.39249 0.18475 0.39249 0.18475 0.32528999999999997
9 0 0.306 0.05600000000000001 0.316 0.095 0.333 0.12 0.364 0.153 0.394 0.33599999999999997 0.5389999999999999 0.388 0.596 0.441 0.631 0.513 0.671 0.558 0.689 0.662 0.72 0.817 0.732 0.885 0.75 0.999 0.74 0.999 0.302 0.917 0.301 0.852 0.29500000000000004 0.826 0.288 0.744 0.248 0.702 0.23900000000000002 0.596 0.205 0.502 0.187 0.429 0.184 0.353 0.187 0.27799999999999997 0.20099999999999998 0.207 0.221 0.152 0.24700000000000003 0.073 0.294 0 0.29300000000000004 0 0.306