10 0.67248 0.5343549999999999 0.6448400000000001 0.5343549999999999 0.6448400000000001 0.562085 0.67248 0.562085 0.67248 0.5343549999999999
10 0.62568 0.60514 0.6087 0.60514 0.6087 0.62044 0.62568 0.62044 0.62568 0.60514
10 0.38067 0.52949 0.36445 0.52949 0.36445 0.54277 0.38067 0.54277 0.38067 0.52949
10 0.27851 0.466075 0.26444999999999996 0.466075 0.26444999999999996 0.479245 0.27851 0.479245 0.27851 0.466075
10 0.03699 0.47704 0.01935 0.47704 0.01935 0.49122000000000005 0.03699 0.49122000000000005 0.03699 0.47704
10 0.46992 0.442615 0.45782 0.442615 0.45782 0.45386499999999996 0.46992 0.45386499999999996 0.46992 0.442615
10 0.77959 0.48218500000000003 0.76337 0.48218500000000003 0.76337 0.49437499999999995 0.77959 0.49437499999999995 0.77959 0.48218500000000003
10 0.665785 0.42834500000000003 0.648675 0.42834500000000003 0.648675 0.445195 0.665785 0.445195 0.665785 0.42834500000000003
10 0.8330399999999999 0.587235 0.81638 0.587235 0.81638 0.599285 0.8330399999999999 0.599285 0.8330399999999999 0.587235
10 0.131995 0.442385 0.119225 0.442385 0.119225 0.45311500000000005 0.131995 0.45311500000000005 0.131995 0.442385
10 0.79633 0.48792 0.7847299999999999 0.48792 0.7847299999999999 0.49988 0.79633 0.49988 0.79633 0.48792
10 0.782015 0.45081 0.767785 0.45081 0.767785 0.46277 0.782015 0.46277 0.782015 0.45081
10 0.55664 0.38052 0.53906 0.38052 0.53906 0.39536 0.55664 0.39536 0.55664 0.38052
10 0.37365499999999996 0.44315 0.356805 0.44315 0.356805 0.45627000000000006 0.37365499999999996 0.45627000000000006 0.37365499999999996 0.44315
10 0.68723 0.437265 0.67215 0.437265 0.67215 0.449935 0.68723 0.449935 0.68723 0.437265
10 0.138685 0.43112000000000006 0.119855 0.43112000000000006 0.119855 0.44875999999999994 0.138685 0.44875999999999994 0.138685 0.43112000000000006
10 0.72451 0.56974 0.70713 0.56974 0.70713 0.5865199999999999 0.72451 0.5865199999999999 0.72451 0.56974
10 0.23623500000000003 0.49966499999999997 0.227385 0.49966499999999997 0.227385 0.509115 0.23623500000000003 0.509115 0.23623500000000003 0.49966499999999997
10 0.7210650000000001 0.55729 0.701795 0.55729 0.701795 0.57845 0.7210650000000001 0.57845 0.7210650000000001 0.55729
10 0.727595 0.604015 0.713805 0.604015 0.713805 0.615705 0.727595 0.615705 0.727595 0.604015
10 0.71935 0.452975 0.70545 0.452975 0.70545 0.464985 0.71935 0.464985 0.71935 0.452975
10 0.6006199999999999 0.45101 0.57614 0.45101 0.57614 0.46941 0.6006199999999999 0.46941 0.6006199999999999 0.45101
10 0.43632 0.374035 0.41036 0.374035 0.41036 0.394525 0.43632 0.394525 0.43632 0.374035
10 0.25776 0.425245 0.23126000000000002 0.425245 0.23126000000000002 0.44389500000000004 0.25776 0.44389500000000004 0.25776 0.425245
10 0.34495 0.57114 0.31715 0.57114 0.31715 0.59194 0.34495 0.59194 0.34495 0.57114
10 0.631135 0.42832499999999996 0.615945 0.42832499999999996 0.615945 0.443755 0.631135 0.443755 0.631135 0.42832499999999996
10 0.261515 0.46203500000000003 0.24922499999999997 0.46203500000000003 0.24922499999999997 0.473505 0.261515 0.473505 0.261515 0.46203500000000003
10 0.54 0.46873 0.52152 0.46873 0.52152 0.48097 0.54 0.48097 0.54 0.46873
10 0.676355 0.501635 0.662505 0.501635 0.662505 0.512045 0.676355 0.512045 0.676355 0.501635
10 0.334435 0.57793 0.320845 0.57793 0.320845 0.5900299999999999 0.334435 0.5900299999999999 0.334435 0.57793
10 0.10143500000000001 0.38761999999999996 0.081065 0.38761999999999996 0.081065 0.40682 0.10143500000000001 0.40682 0.10143500000000001 0.38761999999999996
10 0.8540749999999999 0.50762 0.841245 0.50762 0.841245 0.51972 0.8540749999999999 0.51972 0.8540749999999999 0.50762
10 0.36502500000000004 0.5987750000000001 0.356175 0.5987750000000001 0.356175 0.609225 0.36502500000000004 0.609225 0.36502500000000004 0.5987750000000001
10 0.24739499999999998 0.588345 0.23844500000000002 0.588345 0.23844500000000002 0.5971949999999999 0.24739499999999998 0.5971949999999999 0.24739499999999998 0.588345
10 0.75148 0.44709000000000004 0.70946 0.44709000000000004 0.70946 0.47770999999999997 0.75148 0.47770999999999997 0.75148 0.44709000000000004
10 0.39080499999999996 0.5268849999999999 0.380195 0.5268849999999999 0.380195 0.5365949999999999 0.39080499999999996 0.5365949999999999 0.39080499999999996 0.5268849999999999
10 0.892665 0.553275 0.878815 0.553275 0.878815 0.562945 0.892665 0.562945 0.892665 0.553275
10 0.299175 0.46826999999999996 0.290185 0.46826999999999996 0.290185 0.47705000000000003 0.299175 0.47705000000000003 0.299175 0.46826999999999996
10 0.9326599999999999 0.5126299999999999 0.9228 0.5126299999999999 0.9228 0.5225299999999999 0.9326599999999999 0.5225299999999999 0.9326599999999999 0.5126299999999999
10 0.50412 0.52534 0.49295999999999995 0.52534 0.49295999999999995 0.5352 0.50412 0.5352 0.50412 0.52534
10 0.93406 0.543115 0.9253199999999999 0.543115 0.9253199999999999 0.5535650000000001 0.93406 0.5535650000000001 0.93406 0.543115
10 0.9263600000000001 0.579685 0.90958 0.579685 0.90958 0.5951150000000001 0.9263600000000001 0.5951150000000001 0.9263600000000001 0.579685
10 0.902925 0.49719499999999994 0.871495 0.49719499999999994 0.871495 0.520385 0.902925 0.520385 0.902925 0.49719499999999994
10 0.90992 0.538645 0.9016 0.538645 0.9016 0.546315 0.90992 0.546315 0.90992 0.538645
10 0.785015 0.50363 0.7745650000000001 0.50363 0.7745650000000001 0.5129699999999999 0.785015 0.5129699999999999 0.785015 0.50363
10 0.5304599999999999 0.614025 0.50664 0.614025 0.50664 0.634015 0.5304599999999999 0.634015 0.5304599999999999 0.614025
10 0.53522 0.527575 0.5243599999999999 0.527575 0.5243599999999999 0.538825 0.53522 0.538825 0.53522 0.527575
10 0 0.45765500000000003 0.016645 0.45765500000000003 0.016645 0.431505 0 0.431505 0 0.45765500000000003
10 0.5973200000000001 0.571375 0.58726 0.571375 0.58726 0.5819449999999999 0.5973200000000001 0.5819449999999999 0.5973200000000001 0.571375
10 0.156765 0.50257 0.141095 0.50257 0.141095 0.5111100000000001 0.156765 0.5111100000000001 0.156765 0.50257
10 0.6778500000000001 0.6508200000000001 0.6522300000000001 0.6508200000000001 0.6522300000000001 0.6616799999999999 0.6778500000000001 0.6616799999999999 0.6778500000000001 0.6508200000000001
10 0.69497 0.4044 0.68491 0.4044 0.68491 0.41396 0.69497 0.41396 0.69497 0.4044
10 0.460715 0.374085 0.445045 0.374085 0.445045 0.386655 0.460715 0.386655 0.460715 0.374085
10 0.505575 0.379975 0.49638499999999997 0.379975 0.49638499999999997 0.388585 0.505575 0.388585 0.505575 0.379975
10 0.9184850000000001 0.569125 0.825655 0.569125 0.825655 0.637915 0.9184850000000001 0.637915 0.9184850000000001 0.569125
10 0.07773 0.40126999999999996 0.00008999999999999999 0.40126999999999996 0.00008999999999999999 0.48837 0.07773 0.48837 0.07773 0.40126999999999996
10 0.34472 0.44572500000000004 0.3379 0.44572500000000004 0.3379 0.453695 0.34472 0.453695 0.34472 0.44572500000000004
10 0.5494049999999999 0.63245 0.5228550000000001 0.63245 0.5228550000000001 0.6419699999999999 0.5494049999999999 0.6419699999999999 0.5494049999999999 0.63245
10 0.15096 0.5345500000000001 0.13054 0.5345500000000001 0.13054 0.5465099999999999 0.15096 0.5465099999999999 0.15096 0.5345500000000001
10 0.76393 0.5445 0.74583 0.5445 0.74583 0.57758 0.76393 0.57758 0.76393 0.5445
10 0.948065 0.57884 0.889835 0.57884 0.889835 0.6291599999999999 0.948065 0.6291599999999999 0.948065 0.57884
10 0.15617 0.381895 0.13583 0.381895 0.13583 0.389105 0.15617 0.389105 0.15617 0.381895
10 0.09352 0.38209 0.07396 0.38209 0.07396 0.39183 0.09352 0.39183 0.09352 0.38209
10 0.831715 0.489715 0.8118449999999999 0.489715 0.8118449999999999 0.554225 0.831715 0.554225 0.831715 0.489715
10 0.16016999999999998 0.554915 0.13183 0.554915 0.13183 0.5798449999999999 0.16016999999999998 0.5798449999999999 0.16016999999999998 0.554915
10 0.21486999999999998 0.479185 0.11935 0.479185 0.11935 0.5491349999999999 0.21486999999999998 0.5491349999999999 0.21486999999999998 0.479185
10 0.41815499999999994 0.623785 0.410465 0.623785 0.410465 0.634035 0.41815499999999994 0.634035 0.41815499999999994 0.623785
10 0.062115 0.38641000000000003 0.052025 0.38641000000000003 0.052025 0.39387 0.062115 0.39387 0.062115 0.38641000000000003
10 0.4678 0.48907 0.43454 0.48907 0.43454 0.49823000000000006 0.4678 0.49823000000000006 0.4678 0.48907
10 0.33880499999999997 0.35537 0.28619500000000003 0.35537 0.28619500000000003 0.37559 0.33880499999999997 0.37559 0.33880499999999997 0.35537
9 0 0.528 0.036 0.546 0.10700000000000001 0.5519999999999999 0.141 0.567 0.16399999999999998 0.5860000000000001 0.182 0.595 0.223 0.609 0.32999999999999996 0.625 0.513 0.633 0.583 0.6519999999999999 0.701 0.662 0.819 0.649 0.868 0.634 0.8939999999999999 0.631 0.999 0.595 0.999 0.581 0.974 0.568 0.9339999999999999 0.519 0.8939999999999999 0.48600000000000004 0.845 0.453 0.79 0.42699999999999994 0.714 0.40499999999999997 0.674 0.388 0.639 0.382 0.63 0.376 0.5740000000000001 0.378 0.501 0.356 0.381 0.35 0.331 0.357 0.23199999999999998 0.391 0.191 0.39 0.157 0.383 0.135 0.386 0.08399999999999999 0.383 0.014000000000000002 0.398 0 0.404 0 0.528