10 0.394875 0.351105 0.336665 0.351105 0.336665 0.390175 0.394875 0.390175 0.394875 0.351105
10 0.49417999999999995 0.5777599999999999 0.44494 0.5777599999999999 0.44494 0.61986 0.49417999999999995 0.61986 0.49417999999999995 0.5777599999999999
10 0.8831200000000001 0.492225 0.8571199999999999 0.492225 0.8571199999999999 0.511675 0.8831200000000001 0.511675 0.8831200000000001 0.492225
10 0.6134350000000001 0.61954 0.580905 0.61954 0.580905 0.6451 0.6134350000000001 0.6451 0.6134350000000001 0.61954
10 0.13588499999999998 0.56082 0.113375 0.56082 0.113375 0.57786 0.13588499999999998 0.57786 0.13588499999999998 0.56082
10 0.44284 0.441375 0.41898 0.441375 0.41898 0.463405 0.44284 0.463405 0.44284 0.441375
10 0.43493000000000004 0.386855 0.41273 0.386855 0.41273 0.405625 0.43493000000000004 0.405625 0.43493000000000004 0.386855
10 0.7828 0.35041 0.75724 0.35041 0.75724 0.37273 0.7828 0.37273 0.7828 0.35041
10 0.29351 0.60607 0.26655 0.60607 0.26655 0.62537 0.29351 0.62537 0.29351 0.60607
10 0.356225 0.570865 0.333715 0.570865 0.333715 0.591235 0.356225 0.591235 0.356225 0.570865
10 0.8581099999999999 0.501295 0.83231 0.501295 0.83231 0.519205 0.8581099999999999 0.519205 0.8581099999999999 0.501295
10 0.34632999999999997 0.59497 0.31577 0.59497 0.31577 0.6149899999999999 0.34632999999999997 0.6149899999999999 0.34632999999999997 0.59497
10 0.86025 0.57747 0.8067500000000001 0.57747 0.8067500000000001 0.61101 0.86025 0.61101 0.86025 0.57747
10 0.48629 0.41332 0.47074999999999995 0.41332 0.47074999999999995 0.42750000000000005 0.48629 0.42750000000000005 0.48629 0.41332
10 0.69022 0.425215 0.6711 0.425215 0.6711 0.43854499999999996 0.69022 0.43854499999999996 0.69022 0.425215
10 0.82136 0.42105 0.80364 0.42105 0.80364 0.43539000000000005 0.82136 0.43539000000000005 0.82136 0.42105
10 0.152795 0.6198 0.124305 0.6198 0.124305 0.63704 0.152795 0.63704 0.152795 0.6198
10 0.752935 0.41531 0.7158249999999999 0.41531 0.7158249999999999 0.44015000000000004 0.752935 0.44015000000000004 0.752935 0.41531
10 0.04864 0.4969 0.00296 0.4969 0.00296 0.5197 0.04864 0.5197 0.04864 0.4969
10 0.9963900000000001 0.53035 0.96943 0.53035 0.96943 0.54973 0.9963900000000001 0.54973 0.9963900000000001 0.53035
10 0.64234 0.45128500000000005 0.61548 0.45128500000000005 0.61548 0.47157499999999997 0.64234 0.47157499999999997 0.64234 0.45128500000000005
9 0 0.619 0.13 0.6759999999999999 0.177 0.6910000000000001 0.259 0.6980000000000001 0.286 0.706 0.33399999999999996 0.71 0.40800000000000003 0.705 0.503 0.7150000000000001 0.593 0.7110000000000001 0.655 0.713 0.745 0.6940000000000001 0.7849999999999999 0.6910000000000001 0.8300000000000001 0.6940000000000001 0.999 0.722 0.999 0.387 0.9869999999999999 0.381 0.943 0.369 0.795 0.35 0.741 0.33599999999999997 0.657 0.33599999999999997 0.599 0.34900000000000003 0.5650000000000001 0.34900000000000003 0.536 0.34199999999999997 0.484 0.321 0.409 0.309 0.33999999999999997 0.317 0.29100000000000004 0.33199999999999996 0.258 0.337 0.236 0.346 0.182 0.33399999999999996 0.176 0.325 0.16499999999999998 0.32599999999999996 0.161 0.318 0.156 0.318 0.146 0.34199999999999997 0.132 0.358 0.10800000000000001 0.35 0.059 0.344 0.028999999999999998 0.32999999999999996 0.003 0.32799999999999996 0 0.329 0 0.619