10 0.164285 0.39143500000000003 0.125715 0.39143500000000003 0.125715 0.41214500000000004 0.164285 0.41214500000000004 0.164285 0.39143500000000003
10 0.032029999999999996 0.32735 0.013309999999999999 0.32735 0.013309999999999999 0.34307 0.032029999999999996 0.34307 0.032029999999999996 0.32735
10 0.366465 0.441655 0.35473499999999997 0.441655 0.35473499999999997 0.45238500000000004 0.366465 0.45238500000000004 0.366465 0.441655
10 0.38344 0.53013 0.37096 0.53013 0.37096 0.5401900000000001 0.38344 0.5401900000000001 0.38344 0.53013
10 0.999995 0.46105 0.9916050000000001 0.46105 0.9916050000000001 0.47352999999999995 0.999995 0.47352999999999995 0.999995 0.46105
10 0.23188 0.40814000000000006 0.21781999999999999 0.40814000000000006 0.21781999999999999 0.42241999999999996 0.23188 0.42241999999999996 0.23188 0.40814000000000006
10 0.8666050000000001 0.42321 0.852155 0.42321 0.852155 0.43811 0.8666050000000001 0.43811 0.8666050000000001 0.42321
10 0.11932000000000001 0.417925 0.0982 0.417925 0.0982 0.44095500000000004 0.11932000000000001 0.44095500000000004 0.11932000000000001 0.417925
10 0.303125 0.35429 0.287695 0.35429 0.287695 0.36885 0.303125 0.36885 0.303125 0.35429
10 0.576935 0.33767 0.562705 0.33767 0.562705 0.34836999999999996 0.576935 0.34836999999999996 0.576935 0.33767
10 0.29368 0.43388 0.27664 0.43388 0.27664 0.44551999999999997 0.29368 0.44551999999999997 0.29368 0.43388
10 0.38170000000000004 0.38534999999999997 0.36878 0.38534999999999997 0.36878 0.39883 0.38170000000000004 0.39883 0.38170000000000004 0.38534999999999997
10 0.059140000000000005 0.56282 0.01776 0.56282 0.01776 0.59344 0.059140000000000005 0.59344 0.059140000000000005 0.56282
10 0.351985 0.549425 0.333555 0.549425 0.333555 0.559955 0.351985 0.559955 0.351985 0.549425
10 0.41610500000000006 0.41569500000000004 0.402255 0.41569500000000004 0.402255 0.42902500000000005 0.41610500000000006 0.42902500000000005 0.41610500000000006 0.41569500000000004
10 0.10081999999999999 0.481075 0.0862 0.481075 0.0862 0.49450500000000003 0.10081999999999999 0.49450500000000003 0.10081999999999999 0.481075
10 0.340385 0.41289999999999993 0.329055 0.41289999999999993 0.329055 0.42401999999999995 0.340385 0.42401999999999995 0.340385 0.41289999999999993
10 0.9052849999999999 0.40218 0.891595 0.40218 0.891595 0.4152 0.9052849999999999 0.4152 0.9052849999999999 0.40218
10 0.16088 0.37543000000000004 0.14796 0.37543000000000004 0.14796 0.38628999999999997 0.16088 0.38628999999999997 0.16088 0.37543000000000004
10 0.6534 0.617165 0.63762 0.617165 0.63762 0.632835 0.6534 0.632835 0.6534 0.617165
10 0.47830500000000004 0.33126500000000003 0.46407499999999996 0.33126500000000003 0.46407499999999996 0.344035 0.47830500000000004 0.344035 0.47830500000000004 0.33126500000000003
10 0.25116 0.291925 0.23443999999999998 0.291925 0.23443999999999998 0.304755 0.25116 0.304755 0.25116 0.291925
10 0.26051 0.608485 0.24633 0.608485 0.24633 0.619055 0.26051 0.619055 0.26051 0.608485
10 0.176045 0.349575 0.164035 0.349575 0.164035 0.360865 0.176045 0.360865 0.176045 0.349575
10 0.06732 0.33892500000000003 0.054200000000000005 0.33892500000000003 0.054200000000000005 0.349055 0.06732 0.349055 0.06732 0.33892500000000003
10 0.10973999999999999 0.427725 0.09888 0.427725 0.09888 0.439455 0.10973999999999999 0.439455 0.10973999999999999 0.427725
10 0.26195 0.38981499999999997 0.25075 0.38981499999999997 0.25075 0.40168499999999996 0.26195 0.40168499999999996 0.26195 0.38981499999999997
10 0.48862500000000003 0.359415 0.47767499999999996 0.359415 0.47767499999999996 0.369585 0.48862500000000003 0.369585 0.48862500000000003 0.359415
10 0.180255 0.427745 0.169605 0.427745 0.169605 0.44091500000000006 0.180255 0.44091500000000006 0.180255 0.427745
10 0.14111 0.606555 0.12915000000000001 0.606555 0.12915000000000001 0.617085 0.14111 0.617085 0.14111 0.606555
10 0.293815 0.45987999999999996 0.281385 0.45987999999999996 0.281385 0.47078 0.293815 0.47078 0.293815 0.45987999999999996
10 0.13386 0.31799 0.12396 0.31799 0.12396 0.32995 0.13386 0.32995 0.13386 0.31799
10 0.48250000000000004 0.39832 0.46719999999999995 0.39832 0.46719999999999995 0.41222000000000003 0.48250000000000004 0.41222000000000003 0.48250000000000004 0.39832
10 0.11037 0.31828500000000004 0.09789 0.31828500000000004 0.09789 0.33015500000000003 0.11037 0.33015500000000003 0.11037 0.31828500000000004
10 0.12527 0.5899650000000001 0.10789 0.5899650000000001 0.10789 0.601435 0.12527 0.601435 0.12527 0.5899650000000001
10 0.64479 0.43324999999999997 0.62181 0.43324999999999997 0.62181 0.45347 0.64479 0.45347 0.64479 0.43324999999999997
10 0.5821850000000001 0.62315 0.5672349999999999 0.62315 0.5672349999999999 0.63563 0.5821850000000001 0.63563 0.5821850000000001 0.62315
10 0.99794 0.46057 0.9795999999999999 0.46057 0.9795999999999999 0.47546999999999995 0.99794 0.47546999999999995 0.99794 0.46057
10 0.442 0.39556 0.43007999999999996 0.39556 0.43007999999999996 0.40668 0.442 0.40668 0.442 0.39556
10 0.544405 0.6896 0.5346949999999999 0.6896 0.5346949999999999 0.69614 0.544405 0.69614 0.544405 0.6896
10 0.614175 0.471565 0.602625 0.471565 0.602625 0.482055 0.614175 0.482055 0.614175 0.471565
10 0.81036 0.42136500000000005 0.79608 0.42136500000000005 0.79608 0.434095 0.81036 0.434095 0.81036 0.42136500000000005
10 0.376685 0.58108 0.364535 0.58108 0.364535 0.59178 0.376685 0.59178 0.376685 0.58108
10 0.39419 0.31747000000000003 0.38412999999999997 0.31747000000000003 0.38412999999999997 0.32707 0.39419 0.32707 0.39419 0.31747000000000003
10 0.11907000000000001 0.516985 0.11091 0.516985 0.11091 0.526955 0.11907000000000001 0.526955 0.11907000000000001 0.516985
10 0.762875 0.45549 0.747865 0.45549 0.747865 0.46638999999999997 0.762875 0.46638999999999997 0.762875 0.45549
10 0.751445 0.636005 0.732935 0.636005 0.732935 0.655015 0.751445 0.655015 0.751445 0.636005
10 0.65217 0.415655 0.63983 0.415655 0.63983 0.426145 0.65217 0.426145 0.65217 0.415655
10 0.8884000000000001 0.586225 0.87332 0.586225 0.87332 0.595415 0.8884000000000001 0.595415 0.8884000000000001 0.586225
10 0.55259 0.41083499999999995 0.5411699999999999 0.41083499999999995 0.5411699999999999 0.422165 0.55259 0.422165 0.55259 0.41083499999999995
10 0.868665 0.48441 0.855935 0.48441 0.855935 0.49557 0.868665 0.49557 0.868665 0.48441
10 0.666005 0.466735 0.654315 0.466735 0.654315 0.477105 0.666005 0.477105 0.666005 0.466735
10 0.21624500000000002 0.45135 0.203675 0.45135 0.203675 0.46369 0.21624500000000002 0.46369 0.21624500000000002 0.45135
10 0.9911749999999999 0.44580000000000003 0.9639049999999999 0.44580000000000003 0.9639049999999999 0.46582 0.9911749999999999 0.46582 0.9911749999999999 0.44580000000000003
10 0.386955 0.520185 0.377685 0.520185 0.377685 0.527675 0.386955 0.527675 0.386955 0.520185
10 0.5872499999999999 0.589055 0.55435 0.589055 0.55435 0.617005 0.5872499999999999 0.617005 0.5872499999999999 0.589055
10 0.064845 0.428195 0.05337499999999999 0.428195 0.05337499999999999 0.439485 0.064845 0.439485 0.064845 0.428195
10 0.200095 0.49260000000000004 0.185645 0.49260000000000004 0.185645 0.51032 0.200095 0.51032 0.200095 0.49260000000000004
10 0.8665800000000001 0.46426 0.85706 0.46426 0.85706 0.4708 0.8665800000000001 0.4708 0.8665800000000001 0.46426
10 0.836505 0.37567 0.8119350000000001 0.37567 0.8119350000000001 0.38459 0.836505 0.38459 0.836505 0.37567
10 0.008935 0.52858 0.000645 0.52858 0.000645 0.53684 0.008935 0.53684 0.008935 0.52858
9 0.172 0.634 0.221 0.641 0.274 0.641 0.351 0.63 0.4 0.631 0.43499999999999994 0.638 0.48600000000000004 0.659 0.528 0.671 0.605 0.6849999999999999 0.637 0.6849999999999999 0.724 0.675 0.769 0.653 0.899 0.601 0.9269999999999999 0.597 0.999 0.599 0.999 0.413 0.9339999999999999 0.41 0.869 0.388 0.8230000000000001 0.379 0.7809999999999999 0.386 0.733 0.384 0.7 0.378 0.626 0.351 0.533 0.32599999999999996 0.314 0.296 0.205 0.28900000000000003 0.124 0.29100000000000004 0.06899999999999999 0.29500000000000004 0.002 0.308 0 0.61 0.017 0.616 0.068 0.627 0.172 0.634