10 0.729615 0.38499 0.693025 0.38499 0.693025 0.40555 0.729615 0.40555 0.729615 0.38499
10 0.7206400000000001 0.38228 0.6934199999999999 0.38228 0.6934199999999999 0.40386 0.7206400000000001 0.40386 0.7206400000000001 0.38228
10 0.70344 0.42184999999999995 0.67352 0.42184999999999995 0.67352 0.45023 0.70344 0.45023 0.70344 0.42184999999999995
10 0.6149600000000001 0.36345 0.5959800000000001 0.36345 0.5959800000000001 0.38069000000000003 0.6149600000000001 0.38069000000000003 0.6149600000000001 0.36345
10 0.533435 0.361615 0.509525 0.361615 0.509525 0.379605 0.533435 0.379605 0.533435 0.361615
10 0.11125499999999999 0.41622000000000003 0.084185 0.41622000000000003 0.084185 0.43876 0.11125499999999999 0.43876 0.11125499999999999 0.41622000000000003
10 0.36771 0.29133 0.34323000000000004 0.29133 0.34323000000000004 0.31413 0.36771 0.31413 0.36771 0.29133
10 0.34131 0.30450499999999997 0.32372999999999996 0.30450499999999997 0.32372999999999996 0.322935 0.34131 0.322935 0.34131 0.30450499999999997
10 0.250585 0.547415 0.221335 0.547415 0.221335 0.5756249999999999 0.250585 0.5756249999999999 0.250585 0.547415
10 0.38142 0.40134 0.3598 0.40134 0.3598 0.41898 0.38142 0.41898 0.38142 0.40134
10 0.13327 0.5076050000000001 0.11649000000000001 0.5076050000000001 0.11649000000000001 0.525595 0.13327 0.525595 0.13327 0.5076050000000001
10 0.18051 0.30219999999999997 0.16299 0.30219999999999997 0.16299 0.31792 0.18051 0.31792 0.18051 0.30219999999999997
10 0.11374999999999999 0.37328 0.09303 0.37328 0.09303 0.39283999999999997 0.11374999999999999 0.39283999999999997 0.11374999999999999 0.37328
10 0.765965 0.5739 0.752595 0.5739 0.752595 0.58528 0.765965 0.58528 0.765965 0.5739
10 0.68848 0.5405949999999999 0.6708999999999999 0.5405949999999999 0.6708999999999999 0.556085 0.68848 0.556085 0.68848 0.5405949999999999
10 0.7554350000000001 0.45092999999999994 0.723085 0.45092999999999994 0.723085 0.47339000000000003 0.7554350000000001 0.47339000000000003 0.7554350000000001 0.45092999999999994
10 0.48949 0.290135 0.47095000000000004 0.290135 0.47095000000000004 0.304585 0.48949 0.304585 0.48949 0.290135
10 0.198545 0.60682 0.183295 0.60682 0.183295 0.61974 0.198545 0.61974 0.198545 0.60682
10 0.060295 0.385675 0.042065000000000005 0.385675 0.042065000000000005 0.406325 0.060295 0.406325 0.060295 0.385675
10 0.34521999999999997 0.48724 0.29346 0.48724 0.29346 0.52252 0.34521999999999997 0.52252 0.34521999999999997 0.48724
10 0.38176 0.35905 0.36238000000000004 0.35905 0.36238000000000004 0.37533 0.38176 0.37533 0.38176 0.35905
10 0.64948 0.5360699999999999 0.62592 0.5360699999999999 0.62592 0.55865 0.64948 0.55865 0.64948 0.5360699999999999
10 0.6723 0.45403000000000004 0.6509400000000001 0.45403000000000004 0.6509400000000001 0.47126999999999997 0.6723 0.47126999999999997 0.6723 0.45403000000000004
10 0.027485 0.42276499999999995 0.005575 0.42276499999999995 0.005575 0.445395 0.027485 0.445395 0.027485 0.42276499999999995
10 0.41308 0.337655 0.39698 0.337655 0.39698 0.361565 0.41308 0.361565 0.41308 0.337655
10 0.8314 0.52959 0.81118 0.52959 0.81118 0.54561 0.8314 0.54561 0.8314 0.52959
10 0.431405 0.5289699999999999 0.41429499999999997 0.5289699999999999 0.41429499999999997 0.54427 0.431405 0.54427 0.431405 0.5289699999999999
10 0.8497350000000001 0.593925 0.8328849999999999 0.593925 0.8328849999999999 0.607255 0.8497350000000001 0.607255 0.8497350000000001 0.593925
10 0.32089 0.6135849999999999 0.30655 0.6135849999999999 0.30655 0.628595 0.32089 0.628595 0.32089 0.6135849999999999
10 0.03242 0.523455 0.01824 0.523455 0.01824 0.536125 0.03242 0.536125 0.03242 0.523455
10 0.8836499999999999 0.5503250000000001 0.8634299999999999 0.5503250000000001 0.8634299999999999 0.570775 0.8836499999999999 0.570775 0.8836499999999999 0.5503250000000001
10 0.19820500000000002 0.379155 0.185575 0.379155 0.185575 0.391345 0.19820500000000002 0.391345 0.19820500000000002 0.379155
10 0.044935 0.551285 0.030264999999999997 0.551285 0.030264999999999997 0.563955 0.044935 0.563955 0.044935 0.551285
10 0.367395 0.602605 0.350865 0.602605 0.350865 0.6180950000000001 0.367395 0.6180950000000001 0.367395 0.602605
10 0.944885 0.588915 0.9125349999999999 0.588915 0.9125349999999999 0.618125 0.944885 0.618125 0.944885 0.588915
10 0.68834 0.617875 0.6642 0.617875 0.6642 0.640905 0.68834 0.640905 0.68834 0.617875
10 0.730705 0.52362 0.717535 0.52362 0.717535 0.5378999999999999 0.730705 0.5378999999999999 0.730705 0.52362
10 0.385 0.61005 0.37038000000000004 0.61005 0.37038000000000004 0.6243299999999999 0.385 0.6243299999999999 0.385 0.61005
10 0.720645 0.635645 0.697315 0.635645 0.697315 0.660255 0.720645 0.660255 0.720645 0.635645
10 0.14432499999999998 0.564065 0.131555 0.564065 0.131555 0.575575 0.14432499999999998 0.575575 0.14432499999999998 0.564065
10 0.210435 0.62288 0.199485 0.62288 0.199485 0.632 0.210435 0.632 0.210435 0.62288
10 0.22224 0.60904 0.21014 0.60904 0.21014 0.62046 0.22224 0.62046 0.22224 0.60904
10 0.7972699999999999 0.60314 0.78379 0.60314 0.78379 0.6156200000000001 0.7972699999999999 0.6156200000000001 0.7972699999999999 0.60314
10 0.63943 0.43795 0.61839 0.43795 0.61839 0.45804999999999996 0.63943 0.45804999999999996 0.63943 0.43795
10 0.27563499999999996 0.44979500000000006 0.25610499999999997 0.44979500000000006 0.25610499999999997 0.469145 0.27563499999999996 0.469145 0.27563499999999996 0.44979500000000006
10 0.988925 0.60127 0.973975 0.60127 0.973975 0.61455 0.988925 0.61455 0.988925 0.60127
10 0.662465 0.5876 0.648075 0.5876 0.648075 0.60088 0.662465 0.60088 0.662465 0.5876
10 0.42892 0.512765 0.41776 0.512765 0.41776 0.5233749999999999 0.42892 0.5233749999999999 0.42892 0.512765
10 0.571305 0.41110499999999994 0.552715 0.41110499999999994 0.552715 0.431175 0.571305 0.431175 0.571305 0.41110499999999994
10 0.6665949999999999 0.380085 0.653725 0.380085 0.653725 0.39237500000000003 0.6665949999999999 0.39237500000000003 0.6665949999999999 0.380085
10 0.02467 0.5909099999999999 0.015609999999999999 0.5909099999999999 0.015609999999999999 0.59855 0.02467 0.59855 0.02467 0.5909099999999999
10 0.60327 0.6115999999999999 0.57641 0.6115999999999999 0.57641 0.6286400000000001 0.60327 0.6286400000000001 0.60327 0.6115999999999999
10 0.34110999999999997 0.65157 0.33222999999999997 0.65157 0.33222999999999997 0.65995 0.34110999999999997 0.65995 0.34110999999999997 0.65157
9 0 0.626 0.033 0.64 0.08499999999999999 0.654 0.129 0.659 0.26280000000000003 0.662 0.331 0.669 0.385 0.67 0.48200000000000004 0.654 0.5469999999999999 0.631 0.58 0.628 0.625 0.637 0.654 0.651 0.6900000000000001 0.679 0.724 0.689 0.8800000000000001 0.679 0.966 0.657 0.999 0.653 0.999 0.46299999999999997 0.9490000000000001 0.433 0.9269999999999999 0.42800000000000005 0.899 0.43 0.89 0.42699999999999994 0.8119999999999999 0.385 0.717 0.312 0.658 0.29 0.592 0.284 0.5660000000000001 0.288 0.524 0.28700000000000003 0.47000000000000003 0.27599999999999997 0.35 0.268 0.251 0.271 0.173 0.282 0.16399999999999998 0.28700000000000003 0.067 0.31 0.009 0.32999999999999996 0 0.33399999999999996 0 0.626