10 0.22483499999999998 0.31675 0.178205 0.31675 0.178205 0.37711 0.22483499999999998 0.37711 0.22483499999999998 0.31675
10 0.21263 0.317625 0.17775000000000002 0.317625 0.17775000000000002 0.347895 0.21263 0.347895 0.21263 0.317625
10 0.20001000000000002 0.34464 0.17401 0.34464 0.17401 0.3702 0.20001000000000002 0.3702 0.20001000000000002 0.34464
10 0.197925 0.29296 0.15315499999999999 0.29296 0.15315499999999999 0.33155999999999997 0.197925 0.33155999999999997 0.197925 0.29296
10 0.034089999999999995 0.30541 0.00833 0.30541 0.00833 0.33083 0.034089999999999995 0.33083 0.034089999999999995 0.30541
10 0.08183 0.34646499999999997 0.05403 0.34646499999999997 0.05403 0.366915 0.08183 0.366915 0.08183 0.34646499999999997
10 0.33344999999999997 0.47777000000000003 0.31743 0.47777000000000003 0.31743 0.49099000000000004 0.33344999999999997 0.49099000000000004 0.33344999999999997 0.47777000000000003
10 0.42437500000000006 0.46861499999999995 0.40520500000000004 0.46861499999999995 0.40520500000000004 0.48646500000000004 0.42437500000000006 0.48646500000000004 0.42437500000000006 0.46861499999999995
10 0.300945 0.319495 0.270835 0.319495 0.270835 0.342125 0.300945 0.342125 0.300945 0.319495
10 0.156765 0.52864 0.13253500000000001 0.52864 0.13253500000000001 0.54948 0.156765 0.54948 0.156765 0.52864
10 0.47268999999999994 0.41231 0.45505000000000007 0.41231 0.45505000000000007 0.42803 0.47268999999999994 0.42803 0.47268999999999994 0.41231
10 0.07463 0.23386 0.058789999999999995 0.23386 0.058789999999999995 0.24564 0.07463 0.24564 0.07463 0.23386
10 0.190105 0.503385 0.166335 0.503385 0.166335 0.526895 0.190105 0.526895 0.190105 0.503385
10 0.39626 0.2931 0.3801 0.2931 0.3801 0.307 0.39626 0.307 0.39626 0.2931
10 0.111125 0.332425 0.096395 0.332425 0.096395 0.378015 0.111125 0.378015 0.111125 0.332425
10 0.02276 0.483615 0.00044 0.483615 0.00044 0.506125 0.02276 0.506125 0.02276 0.483615
10 0.065195 0.43538 0.036605 0.43538 0.036605 0.46403999999999995 0.065195 0.46403999999999995 0.065195 0.43538
10 0.053149999999999996 0.523885 0.02991 0.523885 0.02991 0.543495 0.053149999999999996 0.543495 0.053149999999999996 0.523885
10 0.17243999999999998 0.444355 0.15642 0.444355 0.15642 0.462865 0.17243999999999998 0.462865 0.17243999999999998 0.444355
10 0.11556 0.431145 0.09562000000000001 0.431145 0.09562000000000001 0.44581499999999996 0.11556 0.44581499999999996 0.11556 0.431145
10 0.552555 0.510275 0.529485 0.510275 0.529485 0.523905 0.552555 0.523905 0.552555 0.510275
10 0.025885000000000002 0.42857500000000004 0.012454999999999999 0.42857500000000004 0.012454999999999999 0.43910499999999997 0.025885000000000002 0.43910499999999997 0.025885000000000002 0.42857500000000004
10 0.186165 0.50163 0.174435 0.50163 0.174435 0.51301 0.186165 0.51301 0.186165 0.50163
10 0.949365 0.40573 0.921735 0.40573 0.921735 0.42336999999999997 0.949365 0.42336999999999997 0.949365 0.40573
10 0.13140000000000002 0.48111 0.11750000000000001 0.48111 0.11750000000000001 0.49349 0.13140000000000002 0.49349 0.13140000000000002 0.48111
10 0.71784 0.31872 0.69036 0.31872 0.69036 0.33802 0.71784 0.33802 0.71784 0.31872
10 0.41730999999999996 0.33316 0.37321 0.33316 0.37321 0.36507999999999996 0.41730999999999996 0.36507999999999996 0.41730999999999996 0.33316
10 0.70913 0.44276 0.6990700000000001 0.44276 0.6990700000000001 0.45178 0.70913 0.45178 0.70913 0.44276
10 0.33411 0.319965 0.32215 0.319965 0.32215 0.32847499999999996 0.33411 0.32847499999999996 0.33411 0.319965
10 0.599715 0.416505 0.591685 0.416505 0.591685 0.42479500000000003 0.599715 0.42479500000000003 0.599715 0.416505
10 0.108715 0.40023 0.099905 0.40023 0.099905 0.40935 0.108715 0.40935 0.108715 0.40023
10 0.633265 0.38228 0.605995 0.38228 0.605995 0.4229 0.633265 0.4229 0.633265 0.38228
10 0.22273 0.19585999999999998 0.20695000000000002 0.19585999999999998 0.20695000000000002 0.20501999999999998 0.22273 0.20501999999999998 0.22273 0.19585999999999998
10 0.016489999999999998 0.37972 0.00015000000000000001 0.37972 0.00015000000000000001 0.39568 0.016489999999999998 0.39568 0.016489999999999998 0.37972
10 0.9947100000000001 0.437485 0.9789300000000001 0.437485 0.9789300000000001 0.454595 0.9947100000000001 0.454595 0.9947100000000001 0.437485
10 0.604595 0.310385 0.553605 0.310385 0.553605 0.340495 0.604595 0.340495 0.604595 0.310385
10 0.22229000000000002 0.41386500000000004 0.20227 0.41386500000000004 0.20227 0.424515 0.22229000000000002 0.424515 0.22229000000000002 0.41386500000000004
10 0.29401 0.290875 0.28704999999999997 0.290875 0.28704999999999997 0.298485 0.29401 0.298485 0.29401 0.290875
10 0.61464 0.38375 0.60606 0.38375 0.60606 0.39213 0.61464 0.39213 0.61464 0.38375
10 0.68014 0.28764500000000004 0.6352800000000001 0.28764500000000004 0.6352800000000001 0.321735 0.68014 0.321735 0.68014 0.28764500000000004
10 0.658035 0.336065 0.649585 0.336065 0.649585 0.343615 0.658035 0.343615 0.658035 0.336065
10 0.204355 0.58666 0.186505 0.58666 0.186505 0.59498 0.204355 0.59498 0.204355 0.58666
10 0.157545 0.5936899999999999 0.11857500000000001 0.5936899999999999 0.11857500000000001 0.61041 0.157545 0.61041 0.157545 0.5936899999999999
10 0.45389999999999997 0.23184 0.41328 0.23184 0.41328 0.24496 0.45389999999999997 0.24496 0.45389999999999997 0.23184
10 0.9640599999999999 0.014185 0.94804 0.014185 0.94804 0.032834999999999996 0.9640599999999999 0.032834999999999996 0.9640599999999999 0.014185
10 0.410665 0.36398 0.391575 0.36398 0.391575 0.43338 0.410665 0.43338 0.410665 0.36398
10 0.47458999999999996 0.58494 0.45021000000000005 0.58494 0.45021000000000005 0.59572 0.47458999999999996 0.59572 0.47458999999999996 0.58494
10 0.274215 0.5649 0.259485 0.5649 0.259485 0.5728 0.274215 0.5728 0.274215 0.5649
10 0.533155 0.25756 0.5039450000000001 0.25756 0.5039450000000001 0.26686 0.533155 0.26686 0.533155 0.25756
10 0.917685 0.38915500000000003 0.863575 0.38915500000000003 0.863575 0.410165 0.917685 0.410165 0.917685 0.38915500000000003
10 0.7976300000000001 0.49056 0.78147 0.49056 0.78147 0.49968 0.7976300000000001 0.49968 0.7976300000000001 0.49056
10 0.39696 0.565615 0.35842 0.565615 0.35842 0.580865 0.39696 0.580865 0.39696 0.565615
10 0.8374650000000001 0.39646 0.823675 0.39646 0.823675 0.41312 0.8374650000000001 0.41312 0.8374650000000001 0.39646
10 0.772485 0.49498 0.756815 0.49498 0.756815 0.50404 0.772485 0.50404 0.772485 0.49498
10 0.78502 0.33526 0.76772 0.33526 0.76772 0.37273999999999996 0.78502 0.37273999999999996 0.78502 0.33526
10 0.767725 0.00008999999999999999 0.755715 0.00008999999999999999 0.755715 0.009909999999999999 0.767725 0.009909999999999999 0.767725 0.00008999999999999999
10 0.638375 0.517875 0.618465 0.517875 0.618465 0.530945 0.638375 0.530945 0.638375 0.517875
10 0.88322 0.38981 0.8648199999999999 0.38981 0.8648199999999999 0.40609 0.88322 0.40609 0.88322 0.38981
10 0.868525 0.396905 0.8531549999999999 0.396905 0.8531549999999999 0.41169500000000003 0.868525 0.41169500000000003 0.868525 0.396905
10 0.87637 0.394245 0.84433 0.394245 0.84433 0.42215499999999995 0.87637 0.42215499999999995 0.87637 0.394245
10 0.709935 0.29752999999999996 0.684605 0.29752999999999996 0.684605 0.31283 0.709935 0.31283 0.709935 0.29752999999999996
10 0.669765 0.297855 0.601715 0.297855 0.601715 0.329105 0.669765 0.329105 0.669765 0.297855
10 0.191645 0.9209400000000001 0.171155 0.9209400000000001 0.171155 0.94528 0.191645 0.94528 0.191645 0.9209400000000001
10 0.795355 0.33731 0.758365 0.33731 0.758365 0.40243 0.795355 0.40243 0.795355 0.33731
10 0.146395 0.31667999999999996 0.10080499999999999 0.31667999999999996 0.10080499999999999 0.41719999999999996 0.146395 0.41719999999999996 0.146395 0.31667999999999996
9 0.321 0.563 0.357 0.5650000000000001 0.442 0.591 0.46699999999999997 0.593 0.489 0.5900000000000001 0.521 0.584 0.55 0.5730000000000001 0.584 0.5549999999999999 0.654 0.508 0.683 0.496 0.727 0.49400000000000005 0.75 0.501 0.771 0.502 0.8019999999999999 0.489 0.8460000000000001 0.462 0.999 0.46399999999999997 0.999 0.43499999999999994 0.9550000000000001 0.40700000000000003 0.875 0.396 0.866 0.403 0.8539999999999999 0.40499999999999997 0.798 0.399 0.79 0.393 0.783 0.374 0.775 0.364 0.78 0.346 0.778 0.34199999999999997 0.714 0.306 0.6990000000000001 0.302 0.6799999999999999 0.306 0.667 0.29100000000000004 0.512 0.261 0.40700000000000003 0.22999999999999998 0.29500000000000004 0.21800000000000003 0.209 0.196 0.081 0.18 0.002 0.181 0 0.626 0.08299999999999999 0.624 0.244 0.5730000000000001 0.321 0.563