10 0.53681 0.615235 0.50973 0.615235 0.50973 0.644325 0.53681 0.644325 0.53681 0.615235
10 0.277955 0.53101 0.26110500000000003 0.53101 0.26110500000000003 0.54711 0.277955 0.54711 0.277955 0.53101
10 0.24459499999999998 0.569705 0.235145 0.569705 0.235145 0.580695 0.24459499999999998 0.580695 0.24459499999999998 0.569705
10 0.12965 0.465055 0.10595000000000002 0.465055 0.10595000000000002 0.48318500000000003 0.12965 0.48318500000000003 0.12965 0.465055
10 0.58917 0.389095 0.57489 0.389095 0.57489 0.407285 0.58917 0.407285 0.58917 0.389095
10 0.9056749999999999 0.436705 0.886325 0.436705 0.886325 0.449535 0.9056749999999999 0.449535 0.9056749999999999 0.436705
10 0.504575 0.556875 0.485665 0.556875 0.485665 0.573985 0.504575 0.573985 0.504575 0.556875
10 0.216185 0.36086999999999997 0.199595 0.36086999999999997 0.199595 0.37985 0.216185 0.37985 0.216185 0.36086999999999997
10 0.893645 0.52757 0.8807750000000001 0.52757 0.8807750000000001 0.54079 0.893645 0.54079 0.893645 0.52757
10 0.336885 0.575395 0.29739499999999996 0.575395 0.29739499999999996 0.606245 0.336885 0.606245 0.336885 0.575395
10 0.774715 0.478655 0.751645 0.478655 0.751645 0.502305 0.774715 0.502305 0.774715 0.478655
10 0.6621349999999999 0.6328750000000001 0.640605 0.6328750000000001 0.640605 0.651305 0.6621349999999999 0.651305 0.6621349999999999 0.6328750000000001
10 0.42906500000000003 0.47317 0.403935 0.47317 0.403935 0.48825 0.42906500000000003 0.48825 0.42906500000000003 0.47317
10 0.451205 0.637195 0.422335 0.637195 0.422335 0.6606650000000001 0.451205 0.6606650000000001 0.451205 0.637195
10 0.44630000000000003 0.3336 0.43212 0.3336 0.43212 0.34608 0.44630000000000003 0.34608 0.44630000000000003 0.3336
10 0.14952000000000001 0.54054 0.13222 0.54054 0.13222 0.55516 0.14952000000000001 0.55516 0.14952000000000001 0.54054
10 0.8087199999999999 0.48649 0.786 0.48649 0.786 0.50277 0.8087199999999999 0.50277 0.8087199999999999 0.48649
10 0.66432 0.47196 0.61888 0.47196 0.61888 0.49776 0.66432 0.49776 0.66432 0.47196
10 0.709075 0.480415 0.695225 0.480415 0.695225 0.49566499999999997 0.709075 0.49566499999999997 0.709075 0.480415
10 0.53981 0.5218849999999999 0.52659 0.5218849999999999 0.52659 0.5357350000000001 0.53981 0.5357350000000001 0.53981 0.5218849999999999
10 0.9442299999999999 0.579915 0.9317500000000001 0.579915 0.9317500000000001 0.590005 0.9442299999999999 0.590005 0.9442299999999999 0.579915
10 0.58752 0.479715 0.57362 0.479715 0.57362 0.492445 0.58752 0.492445 0.58752 0.479715
10 0.72539 0.40446499999999996 0.71211 0.40446499999999996 0.71211 0.416335 0.72539 0.416335 0.72539 0.40446499999999996
10 0.7760900000000001 0.36252 0.7629699999999999 0.36252 0.7629699999999999 0.37429999999999997 0.7760900000000001 0.37429999999999997 0.7760900000000001 0.36252
10 0.018535 0.376865 0.004305 0.376865 0.004305 0.39071500000000003 0.018535 0.39071500000000003 0.018535 0.376865
10 0.745615 0.390465 0.733885 0.390465 0.733885 0.401035 0.745615 0.401035 0.745615 0.390465
10 0.5966549999999999 0.44079499999999994 0.583025 0.44079499999999994 0.583025 0.45128500000000005 0.5966549999999999 0.45128500000000005 0.5966549999999999 0.44079499999999994
10 0.253595 0.45437500000000003 0.241025 0.45437500000000003 0.241025 0.467005 0.253595 0.467005 0.253595 0.45437500000000003
10 0.67192 0.357215 0.65132 0.357215 0.65132 0.373745 0.67192 0.373745 0.67192 0.357215
10 0.56541 0.34379499999999996 0.55471 0.34379499999999996 0.55471 0.354445 0.56541 0.354445 0.56541 0.34379499999999996
10 0.385695 0.4082 0.37504499999999996 0.4082 0.37504499999999996 0.41798 0.385695 0.41798 0.385695 0.4082
10 0.13966499999999998 0.41247999999999996 0.111555 0.41247999999999996 0.111555 0.43078000000000005 0.13966499999999998 0.43078000000000005 0.13966499999999998 0.41247999999999996
10 0.44211 0.564175 0.42899000000000004 0.564175 0.42899000000000004 0.574505 0.44211 0.574505 0.44211 0.564175
10 0.337245 0.435345 0.319015 0.435345 0.319015 0.44599500000000003 0.337245 0.44599500000000003 0.337245 0.435345
10 0.299345 0.373755 0.290995 0.373755 0.290995 0.381625 0.299345 0.381625 0.299345 0.373755
10 0.37998 0.655135 0.36856 0.655135 0.36856 0.663225 0.37998 0.663225 0.37998 0.655135
10 0.09834000000000001 0.39922 0.06328 0.39922 0.06328 0.42695999999999995 0.09834000000000001 0.42695999999999995 0.09834000000000001 0.39922
10 0.345105 0.45275999999999994 0.295515 0.45275999999999994 0.295515 0.47106000000000003 0.345105 0.47106000000000003 0.345105 0.45275999999999994
10 0.9110699999999999 0.478925 0.8652900000000001 0.478925 0.8652900000000001 0.503495 0.9110699999999999 0.503495 0.9110699999999999 0.478925
10 0.276105 0.422465 0.26441499999999996 0.422465 0.26441499999999996 0.43447500000000006 0.276105 0.43447500000000006 0.276105 0.422465
10 0.54742 0.4377 0.51312 0.4377 0.51312 0.45342000000000005 0.54742 0.45342000000000005 0.54742 0.4377
10 0.676195 0.29693 0.662665 0.29693 0.662665 0.30853 0.676195 0.30853 0.676195 0.29693
10 0.994105 0.48358999999999996 0.9746549999999999 0.48358999999999996 0.9746549999999999 0.49687000000000003 0.994105 0.49687000000000003 0.994105 0.48358999999999996
10 0.505395 0.44145 0.490205 0.44145 0.490205 0.45601 0.505395 0.45601 0.505395 0.44145
10 0.6420250000000001 0.353425 0.626535 0.353425 0.626535 0.367275 0.6420250000000001 0.367275 0.6420250000000001 0.353425
10 0.78871 0.4104 0.74351 0.4104 0.74351 0.44702000000000003 0.78871 0.44702000000000003 0.78871 0.4104
10 0.511215 0.4709 0.48976499999999995 0.4709 0.48976499999999995 0.48418 0.511215 0.48418 0.511215 0.4709
10 0.9370100000000001 0.37205 0.91943 0.37205 0.91943 0.38821 0.9370100000000001 0.38821 0.9370100000000001 0.37205
10 0.494365 0.402895 0.485135 0.402895 0.485135 0.41546500000000003 0.494365 0.41546500000000003 0.494365 0.402895
10 0.366885 0.32133 0.358695 0.32133 0.358695 0.32955 0.366885 0.32955 0.366885 0.32133
10 0.662255 0.42629 0.634625 0.42629 0.634625 0.44431000000000004 0.662255 0.44431000000000004 0.662255 0.42629
10 0.9697100000000001 0.500655 0.95411 0.500655 0.95411 0.513985 0.9697100000000001 0.513985 0.9697100000000001 0.500655
10 0.03702 0.424875 0.0074800000000000005 0.424875 0.0074800000000000005 0.443785 0.03702 0.443785 0.03702 0.424875
10 0.84055 0.44449500000000003 0.82351 0.44449500000000003 0.82351 0.45394500000000004 0.84055 0.45394500000000004 0.84055 0.44449500000000003
10 0.49511000000000005 0.5166350000000001 0.47901 0.5166350000000001 0.47901 0.537085 0.49511000000000005 0.537085 0.49511000000000005 0.5166350000000001
10 0.708005 0.43138 0.675775 0.43138 0.675775 0.45094 0.708005 0.45094 0.708005 0.43138
10 0.15642 0.6144149999999999 0.14314 0.6144149999999999 0.14314 0.621905 0.15642 0.621905 0.15642 0.6144149999999999
10 0.8668850000000001 0.595045 0.853815 0.595045 0.853815 0.6070949999999999 0.8668850000000001 0.6070949999999999 0.8668850000000001 0.595045
10 0.70233 0.569585 0.6550900000000001 0.569585 0.6550900000000001 0.609135 0.70233 0.609135 0.70233 0.569585
10 0.798915 0.381505 0.777265 0.381505 0.777265 0.40315500000000004 0.798915 0.40315500000000004 0.798915 0.381505
10 0.59322 0.62581 0.57474 0.62581 0.57474 0.64177 0.59322 0.64177 0.59322 0.62581
10 0.96763 0.348485 0.96011 0.348485 0.96011 0.356095 0.96763 0.356095 0.96763 0.348485
10 0.93388 0.31913 0.9167 0.31913 0.9167 0.33466999999999997 0.93388 0.33466999999999997 0.93388 0.31913
10 0.77641 0.6692750000000001 0.76559 0.6692750000000001 0.76559 0.679365 0.77641 0.679365 0.77641 0.6692750000000001
10 0.36866 0.441245 0.35888 0.441245 0.35888 0.45279499999999995 0.36866 0.45279499999999995 0.36866 0.441245
10 0.352025 0.5033350000000001 0.325215 0.5033350000000001 0.325215 0.526945 0.352025 0.526945 0.352025 0.5033350000000001
10 0.620925 0.67314 0.6144350000000001 0.67314 0.6144350000000001 0.68136 0.620925 0.68136 0.620925 0.67314
10 0.652585 0.27267 0.6198750000000001 0.27267 0.6198750000000001 0.29667 0.652585 0.29667 0.652585 0.27267
10 0.87525 0.330865 0.86107 0.330865 0.86107 0.343935 0.87525 0.343935 0.87525 0.330865
10 0.541195 0.5619 0.522285 0.5619 0.522285 0.57482 0.541195 0.57482 0.541195 0.5619
10 1 0.60988 0.996215 0.60988 0.996215 0.6196200000000001 1 0.6196200000000001 1 0.60988
10 0.532705 0.337225 0.492695 0.337225 0.492695 0.369815 0.532705 0.369815 0.532705 0.337225
10 0.21278999999999998 0.41483499999999995 0.20200999999999997 0.41483499999999995 0.20200999999999997 0.42500499999999997 0.21278999999999998 0.42500499999999997 0.21278999999999998 0.41483499999999995
10 0.362655 0.38122500000000004 0.352685 0.38122500000000004 0.352685 0.391235 0.362655 0.391235 0.362655 0.38122500000000004
10 0.7856 0.30191 0.77788 0.30191 0.77788 0.30991 0.7856 0.30991 0.7856 0.30191
10 0.9885999999999999 0.431055 0.97136 0.431055 0.97136 0.44102499999999994 0.9885999999999999 0.44102499999999994 0.9885999999999999 0.431055
10 0.2938 0.453085 0.27896 0.453085 0.27896 0.465375 0.2938 0.465375 0.2938 0.453085
9 0 0.517 0.067 0.588 0.092 0.609 0.11599999999999999 0.623 0.148 0.629 0.185 0.625 0.219 0.629 0.267 0.637 0.32 0.655 0.40599999999999997 0.667 0.49400000000000005 0.689 0.568 0.6980000000000001 0.632 0.6910000000000001 0.8119999999999999 0.689 0.9269999999999999 0.6759999999999999 0.999 0.659 0.999 0.319 0.9199999999999999 0.296 0.826 0.28300000000000003 0.771 0.265 0.674 0.246 0.6 0.24900000000000003 0.533 0.262 0.49874999999999997 0.264 0.45599999999999996 0.264 0.414 0.257 0.367 0.255 0.22200000000000003 0.27799999999999997 0.192 0.277 0.143 0.267 0.093 0.267 0.012 0.27599999999999997 0 0.27799999999999997 0 0.517