10 0.313985 0.660325 0.265635 0.660325 0.265635 0.692715 0.313985 0.692715 0.313985 0.660325
10 0.184305 0.622655 0.136255 0.622655 0.136255 0.649505 0.184305 0.649505 0.184305 0.622655
10 0.127035 0.68031 0.11344499999999999 0.68031 0.11344499999999999 0.69761 0.127035 0.69761 0.127035 0.68031
10 0.295095 0.6684650000000001 0.281085 0.6684650000000001 0.281085 0.681135 0.295095 0.681135 0.295095 0.6684650000000001
10 0.03629 0.30931000000000003 0.021670000000000002 0.30931000000000003 0.021670000000000002 0.32155 0.03629 0.32155 0.03629 0.30931000000000003
10 0.23713 0.6364 0.22601 0.6364 0.22601 0.64778 0.23713 0.64778 0.23713 0.6364
10 0.483275 0.63127 0.471805 0.63127 0.471805 0.64217 0.483275 0.64217 0.483275 0.63127
10 0.33880499999999997 0.6483399999999999 0.33013499999999996 0.6483399999999999 0.33013499999999996 0.6563399999999999 0.33880499999999997 0.6563399999999999 0.33880499999999997 0.6483399999999999
10 0.45854 0.31901999999999997 0.44282000000000005 0.31901999999999997 0.44282000000000005 0.3387 0.45854 0.3387 0.45854 0.31901999999999997
10 0.07249 0.26839 0.05447 0.26839 0.05447 0.28435 0.07249 0.28435 0.07249 0.26839
10 0.176765 0.679935 0.156975 0.679935 0.156975 0.695065 0.176765 0.695065 0.176765 0.679935
10 0.45767499999999994 0.5576450000000001 0.448585 0.5576450000000001 0.448585 0.5673549999999999 0.45767499999999994 0.5673549999999999 0.45767499999999994 0.5576450000000001
10 0.631425 0.642375 0.621495 0.642375 0.621495 0.651565 0.631425 0.651565 0.631425 0.642375
10 0.035955 0.60284 0.025505 0.60284 0.025505 0.612 0.035955 0.612 0.035955 0.60284
10 0.182505 0.41420500000000005 0.173695 0.41420500000000005 0.173695 0.424655 0.182505 0.424655 0.182505 0.41420500000000005
10 0.256685 0.547145 0.24257499999999999 0.547145 0.24257499999999999 0.557355 0.256685 0.557355 0.256685 0.547145
10 0.461665 0.47967000000000004 0.45093500000000003 0.47967000000000004 0.45093500000000003 0.48956999999999995 0.461665 0.48956999999999995 0.461665 0.47967000000000004
10 0 0.25789 0.023960000000000002 0.25789 0.023960000000000002 0.23113 0 0.23113 0 0.25789
10 0.585385 0.31233 0.566955 0.31233 0.566955 0.32683 0.585385 0.32683 0.585385 0.31233
10 0.43316999999999994 0.70733 0.42424999999999996 0.70733 0.42424999999999996 0.7164900000000001 0.43316999999999994 0.7164900000000001 0.43316999999999994 0.70733
10 0.312945 0.7144999999999999 0.293495 0.7144999999999999 0.293495 0.7327600000000001 0.312945 0.7327600000000001 0.312945 0.7144999999999999
10 0.08254500000000001 0.601425 0.074195 0.601425 0.074195 0.609515 0.08254500000000001 0.609515 0.08254500000000001 0.601425
10 0.56046 0.275155 0.55086 0.275155 0.55086 0.28442500000000004 0.56046 0.28442500000000004 0.56046 0.275155
10 0.13241 0.46834499999999996 0.11574999999999999 0.46834499999999996 0.11574999999999999 0.47989499999999996 0.13241 0.47989499999999996 0.13241 0.46834499999999996
10 0.641545 0.397445 0.6045550000000001 0.397445 0.6045550000000001 0.424815 0.641545 0.424815 0.641545 0.397445
10 0.16042 0.6434249999999999 0.13962000000000002 0.6434249999999999 0.13962000000000002 0.663215 0.16042 0.663215 0.16042 0.6434249999999999
10 0.220635 0.19296 0.192945 0.19296 0.192945 0.21696 0.220635 0.21696 0.220635 0.19296
10 0.015029999999999998 0.446825 0.00129 0.446825 0.00129 0.456495 0.015029999999999998 0.456495 0.015029999999999998 0.446825
10 0.167455 0.49249 0.127965 0.49249 0.127965 0.5289900000000001 0.167455 0.5289900000000001 0.167455 0.49249
10 0.00825 0.362435 0.000029999999999999997 0.362435 0.000029999999999999997 0.374865 0.00825 0.374865 0.00825 0.362435
10 0.241775 0.269225 0.19328499999999998 0.269225 0.19328499999999998 0.310855 0.241775 0.310855 0.241775 0.269225
10 0.55191 0.220825 0.5418499999999999 0.220825 0.5418499999999999 0.231075 0.55191 0.231075 0.55191 0.220825
10 0.47859999999999997 0.37593 0.4633 0.37593 0.4633 0.39165 0.47859999999999997 0.39165 0.47859999999999997 0.37593
10 0.578505 0.46318000000000004 0.517195 0.46318000000000004 0.517195 0.51436 0.578505 0.51436 0.578505 0.46318000000000004
10 0.076115 0.60949 0.043645 0.60949 0.043645 0.6395299999999999 0.076115 0.6395299999999999 0.076115 0.60949
10 0.12782500000000002 0.39971 0.108995 0.39971 0.108995 0.41376999999999997 0.12782500000000002 0.41376999999999997 0.12782500000000002 0.39971
10 0.5441900000000001 0.65855 0.50073 0.65855 0.50073 0.69203 0.5441900000000001 0.69203 0.5441900000000001 0.65855
10 0.48608 0.48125999999999997 0.45288000000000006 0.48125999999999997 0.45288000000000006 0.51776 0.48608 0.51776 0.48608 0.48125999999999997
10 0.39672999999999997 0.47713 0.30933 0.47713 0.30933 0.53655 0.39672999999999997 0.53655 0.39672999999999997 0.47713
10 0.38397000000000003 0.50745 0.33429000000000003 0.50745 0.33429000000000003 0.56287 0.38397000000000003 0.56287 0.38397000000000003 0.50745
10 0.7388899999999999 0.5113800000000001 0.72987 0.5113800000000001 0.72987 0.5227999999999999 0.7388899999999999 0.5227999999999999 0.7388899999999999 0.5113800000000001
10 0.5801499999999999 0.35224 0.5702499999999999 0.35224 0.5702499999999999 0.3631 0.5801499999999999 0.3631 0.5801499999999999 0.35224
10 0.39774 0.38881 0.3801 0.38881 0.3801 0.40610999999999997 0.39774 0.40610999999999997 0.39774 0.38881
10 0.12327999999999999 0.60234 0.10706 0.60234 0.10706 0.61836 0.12327999999999999 0.61836 0.12327999999999999 0.60234
10 0.584865 0.45827999999999997 0.569435 0.45827999999999997 0.569435 0.47140000000000004 0.584865 0.47140000000000004 0.584865 0.45827999999999997
10 0.4101 0.20419 0.39849999999999997 0.20419 0.39849999999999997 0.21597 0.4101 0.21597 0.4101 0.20419
10 0.29995 0.21529500000000001 0.27525 0.21529500000000001 0.27525 0.24076499999999998 0.29995 0.24076499999999998 0.29995 0.21529500000000001
10 0.8615 0.38896000000000003 0.85334 0.38896000000000003 0.85334 0.4006 0.8615 0.4006 0.8615 0.38896000000000003
10 0.077655 0.40556000000000003 0.05308500000000001 0.40556000000000003 0.05308500000000001 0.44844 0.077655 0.44844 0.077655 0.40556000000000003
10 0.537625 0.31567 0.529755 0.31567 0.529755 0.32545 0.537625 0.32545 0.537625 0.31567
10 0.10909500000000001 0.39913 0.044585 0.39913 0.044585 0.42313 0.10909500000000001 0.42313 0.10909500000000001 0.39913
10 0.6519199999999999 0.427095 0.64202 0.427095 0.64202 0.43618499999999993 0.6519199999999999 0.43618499999999993 0.6519199999999999 0.427095
10 0.9262549999999999 0.277585 0.914565 0.277585 0.914565 0.289315 0.9262549999999999 0.289315 0.9262549999999999 0.277585
10 0.74474 0.31526 0.73182 0.31526 0.73182 0.33121999999999996 0.74474 0.33121999999999996 0.74474 0.31526
9 0 0.713 0.009 0.718 0.079 0.728 0.11499999999999999 0.738 0.254 0.751 0.35 0.75 0.502 0.725 0.597 0.693 0.648 0.6639999999999999 0.7070000000000001 0.615 0.767 0.537 0.7849999999999999 0.507 0.8109999999999999 0.445 0.8390000000000001 0.41500000000000004 0.9119999999999999 0.383 0.9789999999999999 0.365 0.9869999999999999 0.366 0.999 0.358 0.999 0.322 0.9960000000000001 0.322 0.9550000000000001 0.341 0.9480000000000001 0.348 0.897 0.368 0.874 0.374 0.8470000000000001 0.375 0.8240000000000001 0.363 0.806 0.34500000000000003 0.775 0.29900000000000004 0.742 0.275 0.662 0.236 0.564 0.21000000000000002 0.44699999999999995 0.198 0.399 0.198 0.322 0.189 0.233 0.185 0.13 0.188 0.003 0.20099999999999998 0 0.202 0 0.713