10 0.33447499999999997 0.6722349999999999 0.29390499999999997 0.6722349999999999 0.29390499999999997 0.708245 0.33447499999999997 0.708245 0.33447499999999997 0.6722349999999999
10 0.32254 0.6765399999999999 0.29562 0.6765399999999999 0.29562 0.70138 0.32254 0.70138 0.32254 0.6765399999999999
10 0.280635 0.64522 0.25744500000000003 0.64522 0.25744500000000003 0.67118 0.280635 0.67118 0.280635 0.64522
10 0.11592 0.6072949999999999 0.07854 0.6072949999999999 0.07854 0.645625 0.11592 0.645625 0.11592 0.6072949999999999
10 0.23147 0.723275 0.21507 0.723275 0.21507 0.743525 0.23147 0.743525 0.23147 0.723275
10 0.44735500000000006 0.75858 0.418865 0.75858 0.418865 0.78244 0.44735500000000006 0.78244 0.44735500000000006 0.75858
10 0.62472 0.43298500000000006 0.6038 0.43298500000000006 0.6038 0.456175 0.62472 0.456175 0.62472 0.43298500000000006
10 0.50035 0.6279950000000001 0.47962999999999995 0.6279950000000001 0.47962999999999995 0.646425 0.50035 0.646425 0.50035 0.6279950000000001
10 0.509665 0.765395 0.481555 0.765395 0.481555 0.795145 0.509665 0.795145 0.509665 0.765395
10 0.201675 0.6922349999999999 0.173085 0.6922349999999999 0.173085 0.724765 0.201675 0.724765 0.201675 0.6922349999999999
10 0.94144 0.5354300000000001 0.9247799999999999 0.5354300000000001 0.9247799999999999 0.55247 0.94144 0.55247 0.94144 0.5354300000000001
10 0.87604 0.64805 0.85442 0.64805 0.85442 0.66543 0.87604 0.66543 0.87604 0.64805
10 0.08283 0.55854 0.06171 0.55854 0.06171 0.5781799999999999 0.08283 0.5781799999999999 0.08283 0.55854
10 0.9709300000000001 0.7340150000000001 0.94899 0.7340150000000001 0.94899 0.754265 0.9709300000000001 0.754265 0.9709300000000001 0.7340150000000001
10 0.072755 0.526875 0.043945 0.526875 0.043945 0.556125 0.072755 0.556125 0.072755 0.526875
10 0.42503 0.844985 0.40309 0.844985 0.40309 0.8659549999999999 0.42503 0.8659549999999999 0.42503 0.844985
10 0.723105 0.75996 0.7065750000000001 0.75996 0.7065750000000001 0.77812 0.723105 0.77812 0.723105 0.75996
10 0.415275 0.80758 0.392345 0.80758 0.392345 0.83206 0.415275 0.83206 0.415275 0.80758
10 0.47945000000000004 0.76874 0.46489 0.76874 0.46489 0.7830199999999999 0.47945000000000004 0.7830199999999999 0.47945000000000004 0.76874
10 0.055075 0.495035 0.029404999999999997 0.495035 0.029404999999999997 0.517665 0.055075 0.517665 0.055075 0.495035
10 0.019819999999999997 0.5868800000000001 0.00076 0.5868800000000001 0.00076 0.6152599999999999 0.019819999999999997 0.6152599999999999 0.019819999999999997 0.5868800000000001
10 0.362955 0.35807 0.340665 0.35807 0.340665 0.37485 0.362955 0.37485 0.362955 0.35807
10 0.45560999999999996 0.32747000000000004 0.42965 0.32747000000000004 0.42965 0.34831 0.45560999999999996 0.34831 0.45560999999999996 0.32747000000000004
10 0.80902 0.356655 0.78474 0.356655 0.78474 0.37478500000000003 0.80902 0.37478500000000003 0.80902 0.356655
10 0.10806 0.33848500000000004 0.07638 0.33848500000000004 0.07638 0.366595 0.10806 0.366595 0.10806 0.33848500000000004
10 0.708175 0.79661 0.690265 0.79661 0.690265 0.80983 0.708175 0.80983 0.708175 0.79661
10 0.34234 0.311045 0.31782 0.311045 0.31782 0.335935 0.34234 0.335935 0.34234 0.311045
10 0.122315 0.720005 0.092165 0.720005 0.092165 0.7428950000000001 0.122315 0.7428950000000001 0.122315 0.720005
10 0.46689499999999995 0.62441 0.439365 0.62441 0.439365 0.64513 0.46689499999999995 0.64513 0.46689499999999995 0.62441
10 0.14361 0.67884 0.12617 0.67884 0.12617 0.70104 0.14361 0.70104 0.14361 0.67884
10 0.46875 0.282605 0.45117 0.282605 0.45117 0.303815 0.46875 0.303815 0.46875 0.282605
10 0.887065 0.853825 0.865855 0.853825 0.865855 0.868835 0.887065 0.868835 0.887065 0.853825
10 0.40744499999999995 0.66026 0.388935 0.66026 0.388935 0.67666 0.40744499999999995 0.67666 0.40744499999999995 0.66026
10 0.962885 0.41949 0.9355549999999999 0.41949 0.9355549999999999 0.43647 0.962885 0.43647 0.962885 0.41949
10 0.96211 0.6677500000000001 0.93829 0.6677500000000001 0.93829 0.69651 0.96211 0.69651 0.96211 0.6677500000000001
10 0.60142 0.32687499999999997 0.56654 0.32687499999999997 0.56654 0.355745 0.60142 0.355745 0.60142 0.32687499999999997
10 0.9715999999999999 0.52443 0.9532 0.52443 0.9532 0.53905 0.9715999999999999 0.53905 0.9715999999999999 0.52443
10 0.505525 0.594975 0.444675 0.594975 0.444675 0.623785 0.505525 0.623785 0.505525 0.594975
10 0.42252999999999996 0.34379 0.39925 0.34379 0.39925 0.36227 0.42252999999999996 0.36227 0.42252999999999996 0.34379
10 0.58358 0.41330999999999996 0.56486 0.41330999999999996 0.56486 0.43140999999999996 0.58358 0.43140999999999996 0.58358 0.41330999999999996
10 0.32089500000000004 0.3913 0.300205 0.3913 0.300205 0.40752 0.32089500000000004 0.40752 0.32089500000000004 0.3913
10 0.995045 0.5082099999999999 0.9746750000000001 0.5082099999999999 0.9746750000000001 0.5249900000000001 0.995045 0.5249900000000001 0.995045 0.5082099999999999
10 0.06531 0.70896 0.04009 0.70896 0.04009 0.7256199999999999 0.06531 0.7256199999999999 0.06531 0.70896
10 0.184205 0.650485 0.167355 0.650485 0.167355 0.671775 0.184205 0.671775 0.184205 0.650485
10 0.70579 0.48829 0.68875 0.48829 0.68875 0.50439 0.70579 0.50439 0.70579 0.48829
10 0.222375 0.61549 0.21220500000000003 0.61549 0.21220500000000003 0.62669 0.222375 0.62669 0.222375 0.61549
10 0.42953 0.73719 0.41423 0.73719 0.41423 0.75109 0.42953 0.75109 0.42953 0.73719
10 0.82699 0.54326 0.81071 0.54326 0.81071 0.55732 0.82699 0.55732 0.82699 0.54326
10 0.23230499999999998 0.752245 0.21519499999999997 0.752245 0.21519499999999997 0.774115 0.23230499999999998 0.774115 0.23230499999999998 0.752245
10 0.206345 0.637895 0.195015 0.637895 0.195015 0.650185 0.206345 0.650185 0.206345 0.637895
10 0.43618499999999993 0.828965 0.42075500000000005 0.828965 0.42075500000000005 0.842915 0.43618499999999993 0.842915 0.43618499999999993 0.828965
10 0.59835 0.465615 0.57841 0.465615 0.57841 0.483605 0.59835 0.483605 0.59835 0.465615
10 0.579375 0.8916600000000001 0.5593049999999999 0.8916600000000001 0.5593049999999999 0.9032600000000001 0.579375 0.9032600000000001 0.579375 0.8916600000000001
10 0.42493 0.8274050000000001 0.40027 0.8274050000000001 0.40027 0.8483750000000001 0.42493 0.8483750000000001 0.42493 0.8274050000000001
10 0.617615 0.583915 0.5991850000000001 0.583915 0.5991850000000001 0.5967450000000001 0.617615 0.5967450000000001 0.617615 0.583915
10 0.999995 0.631855 0.9913449999999999 0.631855 0.9913449999999999 0.6454850000000001 0.999995 0.6454850000000001 0.999995 0.631855
10 0.9195550000000001 0.622285 0.8870850000000001 0.622285 0.8870850000000001 0.637475 0.9195550000000001 0.637475 0.9195550000000001 0.622285
10 0.423215 0.5373 0.402965 0.5373 0.402965 0.55352 0.423215 0.55352 0.423215 0.5373
10 0.13019 0.7003199999999999 0.12177 0.7003199999999999 0.12177 0.70984 0.13019 0.70984 0.13019 0.7003199999999999
10 0.27176999999999996 0.8119799999999999 0.24777 0.8119799999999999 0.24777 0.82864 0.27176999999999996 0.82864 0.27176999999999996 0.8119799999999999
10 0.526895 0.11670499999999999 0.512165 0.11670499999999999 0.512165 0.129135 0.526895 0.129135 0.526895 0.11670499999999999
10 0.16613 0.366725 0.15321 0.366725 0.15321 0.37887499999999996 0.16613 0.37887499999999996 0.16613 0.366725
10 0.30052 0.79454 0.2444 0.79454 0.2444 0.82362 0.30052 0.82362 0.30052 0.79454
10 0.11819500000000001 0.31849500000000003 0.061005 0.31849500000000003 0.061005 0.337765 0.11819500000000001 0.337765 0.11819500000000001 0.31849500000000003
10 0.84339 0.89 0.82165 0.89 0.82165 0.9058999999999999 0.84339 0.9058999999999999 0.84339 0.89
9 0.192 0.775 0.246 0.8140000000000001 0.279 0.8230000000000001 0.29300000000000004 0.833 0.392 0.861 0.545 0.897 0.601 0.9029999999999999 0.827 0.9019999999999999 0.845 0.9029999999999999 0.8939999999999999 0.916 0.923 0.917 0.999 0.9099999999999999 0.999 0.40199999999999997 0.9390000000000001 0.384 0.898 0.364 0.86 0.33799999999999997 0.8099999999999999 0.321 0.761 0.312 0.595 0.305 0.491 0.275 0.418 0.27 0.361 0.274 0.28300000000000003 0.304 0.231 0.309 0.16799999999999998 0.322 0.08199999999999999 0.327 0.002 0.353 0 0.712 0.041999999999999996 0.7150000000000001 0.149 0.753 0.192 0.775
9 0.192 0.775 0.246 0.8140000000000001 0.279 0.8230000000000001 0.29300000000000004 0.833 0.392 0.861 0.545 0.897 0.601 0.9029999999999999 0.837 0.9019999999999999 0.8939999999999999 0.916 0.923 0.917 0.999 0.9099999999999999 0.999 0.40199999999999997 0.932 0.381 0.898 0.364 0.8619999999999999 0.339 0.8140000000000001 0.322 0.761 0.312 0.595 0.305 0.491 0.275 0.418 0.27 0.361 0.274 0.28300000000000003 0.304 0.21200000000000002 0.312 0.16799999999999998 0.322 0.072 0.329 0.002 0.353 0 0.712 0.043 0.7150000000000001 0.149 0.753 0.192 0.775