10 0.65776 0.33269000000000004 0.61832 0.33269000000000004 0.61832 0.36907 0.65776 0.36907 0.65776 0.33269000000000004
10 0.77667 0.5960799999999999 0.74241 0.5960799999999999 0.74241 0.6273799999999999 0.77667 0.6273799999999999 0.77667 0.5960799999999999
10 0.80479 0.678965 0.78701 0.678965 0.78701 0.6921350000000001 0.80479 0.6921350000000001 0.80479 0.678965
10 0.851195 0.6228100000000001 0.8343450000000001 0.6228100000000001 0.8343450000000001 0.63891 0.851195 0.63891 0.851195 0.6228100000000001
10 0.35484499999999997 0.47867 0.331195 0.47867 0.331195 0.50473 0.35484499999999997 0.50473 0.35484499999999997 0.47867
10 0.74336 0.665045 0.7166 0.665045 0.7166 0.681635 0.74336 0.681635 0.74336 0.665045
10 0.9922549999999999 0.637265 0.979425 0.637265 0.979425 0.649835 0.9922549999999999 0.649835 0.9922549999999999 0.637265
10 0.8975350000000001 0.58913 0.885665 0.58913 0.885665 0.60033 0.8975350000000001 0.60033 0.8975350000000001 0.58913
10 0.9449500000000001 0.600525 0.9300499999999999 0.600525 0.9300499999999999 0.614315 0.9449500000000001 0.614315 0.9449500000000001 0.600525
10 0.80762 0.456375 0.7900400000000001 0.456375 0.7900400000000001 0.47624500000000003 0.80762 0.47624500000000003 0.80762 0.456375
10 0.556955 0.627675 0.534845 0.627675 0.534845 0.6447849999999999 0.556955 0.6447849999999999 0.556955 0.627675
10 0.8896649999999999 0.611255 0.871075 0.611255 0.871075 0.626045 0.8896649999999999 0.626045 0.8896649999999999 0.611255
10 0.11279999999999998 0.44692 0.09874000000000001 0.44692 0.09874000000000001 0.46421999999999997 0.11279999999999998 0.46421999999999997 0.11279999999999998 0.44692
10 0.95182 0.62237 0.9388 0.62237 0.9388 0.63349 0.95182 0.63349 0.95182 0.62237
10 0.14193499999999998 0.45036 0.12978499999999998 0.45036 0.12978499999999998 0.46956 0.14193499999999998 0.46956 0.14193499999999998 0.45036
10 0.09330000000000001 0.45241499999999996 0.07846 0.45241499999999996 0.07846 0.466525 0.09330000000000001 0.466525 0.09330000000000001 0.45241499999999996
10 0.577285 0.6498700000000001 0.559435 0.6498700000000001 0.559435 0.66361 0.577285 0.66361 0.577285 0.6498700000000001
10 0.824225 0.673445 0.812495 0.673445 0.812495 0.684955 0.824225 0.684955 0.824225 0.673445
10 0.53251 0.520725 0.51241 0.520725 0.51241 0.542755 0.53251 0.542755 0.53251 0.520725
10 0.555805 0.46139 0.536975 0.46139 0.536975 0.47903 0.555805 0.47903 0.555805 0.46139
10 0.9042999999999999 0.48561 0.8867200000000001 0.48561 0.8867200000000001 0.50121 0.9042999999999999 0.50121 0.9042999999999999 0.48561
10 0.850085 0.47807000000000005 0.838395 0.47807000000000005 0.838395 0.49361 0.850085 0.49361 0.850085 0.47807000000000005
10 0.74846 0.48845 0.732 0.48845 0.732 0.50617 0.74846 0.50617 0.74846 0.48845
10 0.9876950000000001 0.654155 0.9722649999999999 0.654155 0.9722649999999999 0.667125 0.9876950000000001 0.667125 0.9876950000000001 0.654155
10 0.8578749999999999 0.589485 0.845245 0.589485 0.845245 0.603875 0.8578749999999999 0.603875 0.8578749999999999 0.589485
10 0.68842 0.36284 0.669 0.36284 0.669 0.37886000000000003 0.68842 0.37886000000000003 0.68842 0.36284
10 0.83531 0.398905 0.8180099999999999 0.398905 0.8180099999999999 0.41457499999999997 0.83531 0.41457499999999997 0.83531 0.398905
10 0.70755 0.57835 0.69089 0.57835 0.69089 0.59451 0.70755 0.59451 0.70755 0.57835
10 0.699945 0.616465 0.686775 0.616465 0.686775 0.628655 0.699945 0.628655 0.699945 0.616465
10 0.7613000000000001 0.425315 0.7348 0.425315 0.7348 0.44676499999999997 0.7613000000000001 0.44676499999999997 0.7613000000000001 0.425315
10 0.870195 0.638265 0.858325 0.638265 0.858325 0.650795 0.870195 0.650795 0.870195 0.638265
10 0.7810349999999999 0.45433500000000004 0.765845 0.45433500000000004 0.765845 0.471445 0.7810349999999999 0.471445 0.7810349999999999 0.45433500000000004
10 0.22668499999999997 0.484965 0.21325500000000003 0.484965 0.21325500000000003 0.495995 0.22668499999999997 0.495995 0.22668499999999997 0.484965
10 0.831705 0.629705 0.8216150000000001 0.629705 0.8216150000000001 0.6398349999999999 0.831705 0.6398349999999999 0.831705 0.629705
10 0.141485 0.51885 0.09851499999999999 0.51885 0.09851499999999999 0.54561 0.141485 0.54561 0.141485 0.51885
10 0.9773099999999999 0.498225 0.95433 0.498225 0.95433 0.520335 0.9773099999999999 0.520335 0.9773099999999999 0.498225
10 0.71397 0.45578 0.66493 0.45578 0.66493 0.49588 0.71397 0.49588 0.71397 0.45578
10 0.416945 0.51318 0.360395 0.51318 0.360395 0.5581 0.416945 0.5581 0.416945 0.51318
10 0.26179 0.4285 0.24407 0.4285 0.24407 0.44358000000000003 0.26179 0.44358000000000003 0.26179 0.4285
10 0.9380050000000001 0.573935 0.9252750000000001 0.573935 0.9252750000000001 0.5881649999999999 0.9380050000000001 0.5881649999999999 0.9380050000000001 0.573935
10 0.70394 0.64928 0.6827799999999999 0.64928 0.6827799999999999 0.67298 0.70394 0.67298 0.70394 0.64928
10 0.5075350000000001 0.58415 0.480265 0.58415 0.480265 0.60531 0.5075350000000001 0.60531 0.5075350000000001 0.58415
10 0.8632199999999999 0.6664950000000001 0.85358 0.6664950000000001 0.85358 0.675305 0.8632199999999999 0.675305 0.8632199999999999 0.6664950000000001
10 0.05974 0.45061999999999997 0.0511 0.45061999999999997 0.0511 0.45953999999999995 0.05974 0.45953999999999995 0.05974 0.45061999999999997
10 0.629805 0.5032300000000001 0.599695 0.5032300000000001 0.599695 0.53193 0.629805 0.53193 0.629805 0.5032300000000001
10 0.23242500000000002 0.536665 0.221435 0.536665 0.221435 0.545375 0.23242500000000002 0.545375 0.23242500000000002 0.536665
10 0.5262450000000001 0.43928 0.503055 0.43928 0.503055 0.46208 0.5262450000000001 0.46208 0.5262450000000001 0.43928
10 0.39807000000000003 0.604505 0.38855 0.604505 0.38855 0.612295 0.39807000000000003 0.612295 0.39807000000000003 0.604505
10 0.318275 0.535955 0.255465 0.535955 0.255465 0.5685450000000001 0.318275 0.5685450000000001 0.318275 0.535955
10 0.207555 0.342265 0.188205 0.342265 0.188205 0.354995 0.207555 0.354995 0.207555 0.342265
10 0.927975 0.53365 0.915785 0.53365 0.915785 0.54447 0.927975 0.54447 0.927975 0.53365
10 0.57643 0.418415 0.5671299999999999 0.418415 0.5671299999999999 0.430705 0.57643 0.430705 0.57643 0.418415
10 0.588275 0.48743499999999995 0.580665 0.48743499999999995 0.580665 0.494005 0.588275 0.494005 0.588275 0.48743499999999995
10 0.87599 0.49806999999999996 0.86815 0.49806999999999996 0.86815 0.50681 0.87599 0.50681 0.87599 0.49806999999999996
10 0.63466 0.497645 0.62218 0.497645 0.62218 0.506255 0.63466 0.506255 0.63466 0.497645
10 0.982175 0.40925500000000004 0.9729050000000001 0.40925500000000004 0.9729050000000001 0.416925 0.982175 0.416925 0.982175 0.40925500000000004
9 0.079 0.537 0.187 0.58 0.24900000000000003 0.593 0.305 0.596 0.44299999999999995 0.632 0.509 0.671 0.5549999999999999 0.686 0.645 0.7070000000000001 0.8099999999999999 0.721 0.881 0.722 0.999 0.6990000000000001 0.999 0.397 0.9390000000000001 0.37 0.799 0.33799999999999997 0.659 0.32 0.572 0.322 0.545 0.32599999999999996 0.533 0.333 0.521 0.333 0.509 0.331 0.502 0.324 0.499 0.32 0.506 0.31 0.497 0.301 0.48600000000000004 0.29700000000000004 0.484 0.3 0.265 0.312 0.205 0.32 0.176 0.32799999999999996 0.13999999999999999 0.34500000000000003 0.127 0.34500000000000003 0.125 0.354 0.10400000000000001 0.368 0.095 0.368 0.087 0.374 0.048 0.378 0.009 0.399 0 0.40499999999999997 0.002 0.47400000000000003 0.039 0.501 0.079 0.537