10 0.708005 0.548055 0.6693749999999999 0.548055 0.6693749999999999 0.585785 0.708005 0.585785 0.708005 0.548055
10 0.52084 0.528985 0.46832 0.528985 0.46832 0.574695 0.52084 0.574695 0.52084 0.528985
10 0.831395 0.574055 0.8028449999999999 0.574055 0.8028449999999999 0.5982649999999999 0.831395 0.5982649999999999 0.831395 0.574055
10 0.902325 0.576755 0.883815 0.576755 0.883815 0.591205 0.902325 0.591205 0.902325 0.576755
10 0.38114 0.615715 0.36252 0.615715 0.36252 0.640145 0.38114 0.640145 0.38114 0.615715
10 0.7889 0.628485 0.7697 0.628485 0.7697 0.642015 0.7889 0.642015 0.7889 0.628485
10 0.627 0.533665 0.6064 0.533665 0.6064 0.549335 0.627 0.549335 0.627 0.533665
10 0.644765 0.5109250000000001 0.626715 0.5109250000000001 0.626715 0.529115 0.644765 0.529115 0.644765 0.5109250000000001
10 0.31409 0.59175 0.29529 0.59175 0.29529 0.61333 0.31409 0.61333 0.31409 0.59175
10 0.3846 0.5041599999999999 0.36736 0.5041599999999999 0.36736 0.5202600000000001 0.3846 0.5202600000000001 0.3846 0.5041599999999999
10 0.6625099999999999 0.6110800000000001 0.6372899999999999 0.6110800000000001 0.6372899999999999 0.6311 0.6625099999999999 0.6311 0.6625099999999999 0.6110800000000001
10 0.46228499999999995 0.5563 0.44249499999999997 0.5563 0.44249499999999997 0.57456 0.46228499999999995 0.57456 0.46228499999999995 0.5563
10 0.23327 0.494475 0.20764999999999997 0.494475 0.20764999999999997 0.5172450000000001 0.23327 0.5172450000000001 0.23327 0.494475
10 0.496875 0.534755 0.478225 0.534755 0.478225 0.557045 0.496875 0.557045 0.496875 0.534755
10 0.754305 0.64878 0.730075 0.64878 0.730075 0.6695800000000001 0.754305 0.6695800000000001 0.754305 0.64878
10 0.6874399999999999 0.697715 0.66022 0.697715 0.66022 0.717325 0.6874399999999999 0.717325 0.6874399999999999 0.697715
10 0.328455 0.5128250000000001 0.31460499999999997 0.5128250000000001 0.31460499999999997 0.527215 0.328455 0.527215 0.328455 0.5128250000000001
10 0.36016 0.47095000000000004 0.34052 0.47095000000000004 0.34052 0.48949 0.36016 0.48949 0.36016 0.47095000000000004
10 0.51714 0.69642 0.49555999999999994 0.69642 0.49555999999999994 0.71472 0.51714 0.71472 0.51714 0.69642
10 0.650075 0.606625 0.625325 0.606625 0.625325 0.625795 0.650075 0.625795 0.650075 0.606625
10 0.37409 0.6703 0.35636999999999996 0.6703 0.35636999999999996 0.68614 0.37409 0.68614 0.37409 0.6703
10 0.11396999999999999 0.27163 0.09941 0.27163 0.09941 0.28355 0.11396999999999999 0.28355 0.11396999999999999 0.27163
10 0.238095 0.663835 0.208445 0.663835 0.208445 0.693585 0.238095 0.693585 0.238095 0.663835
10 0.12236 0.2909 0.10518000000000001 0.2909 0.10518000000000001 0.30382 0.12236 0.30382 0.12236 0.2909
10 0.218425 0.23174999999999998 0.19367499999999999 0.23174999999999998 0.19367499999999999 0.25189 0.218425 0.25189 0.218425 0.23174999999999998
10 0.57523 0.690905 0.55759 0.690905 0.55759 0.7045950000000001 0.57523 0.7045950000000001 0.57523 0.690905
10 0.060605 0.55352 0.023555 0.55352 0.023555 0.57734 0.060605 0.57734 0.060605 0.55352
10 0.17908 0.6662399999999999 0.15222 0.6662399999999999 0.15222 0.6892199999999999 0.17908 0.6892199999999999 0.17908 0.6662399999999999
10 0.61028 0.71263 0.59284 0.71263 0.59284 0.72585 0.61028 0.72585 0.61028 0.71263
10 0.999995 0.55687 0.9934649999999999 0.55687 0.9934649999999999 0.57009 0.999995 0.57009 0.999995 0.55687
10 0.94915 0.268435 0.93269 0.268435 0.93269 0.281865 0.94915 0.281865 0.94915 0.268435
10 0.97249 0.45632 0.95329 0.45632 0.95329 0.47434000000000004 0.97249 0.47434000000000004 0.97249 0.45632
10 0.22885 0.258895 0.19229000000000002 0.258895 0.19229000000000002 0.285045 0.22885 0.285045 0.22885 0.258895
10 0.21073 0.2934 0.19063000000000002 0.2934 0.19063000000000002 0.31452 0.21073 0.31452 0.21073 0.2934
10 0.30749499999999996 0.657575 0.294065 0.657575 0.294065 0.671525 0.30749499999999996 0.671525 0.30749499999999996 0.657575
10 0.05401 0.50988 0.01953 0.50988 0.01953 0.5408999999999999 0.05401 0.5408999999999999 0.05401 0.50988
10 0.307105 0.72228 0.286655 0.72228 0.286655 0.7406200000000001 0.307105 0.7406200000000001 0.307105 0.72228
10 0.97736 0.264905 0.95624 0.264905 0.95624 0.28295499999999996 0.97736 0.28295499999999996 0.97736 0.264905
10 0.91027 0.369985 0.88465 0.369985 0.88465 0.41029499999999997 0.91027 0.41029499999999997 0.91027 0.369985
10 0.031995 0.36930999999999997 0.000565 0.36930999999999997 0.000565 0.40998999999999997 0.031995 0.40998999999999997 0.031995 0.36930999999999997
10 0.138205 0.49043000000000003 0.078235 0.49043000000000003 0.078235 0.53007 0.138205 0.53007 0.138205 0.49043000000000003
10 0.13637 0.33781500000000003 0.12047000000000001 0.33781500000000003 0.12047000000000001 0.351145 0.13637 0.351145 0.13637 0.33781500000000003
10 1 0.35931 0.99154 0.35931 0.99154 0.38923 1 0.38923 1 0.35931
10 0.999995 0.352305 0.976545 0.352305 0.976545 0.400615 0.999995 0.400615 0.999995 0.352305
10 0.051739999999999994 0.430575 0.032619999999999996 0.430575 0.032619999999999996 0.45320499999999997 0.051739999999999994 0.45320499999999997 0.051739999999999994 0.430575
10 0.13033999999999998 0.5168 0.06924 0.5168 0.06924 0.55742 0.13033999999999998 0.55742 0.13033999999999998 0.5168
10 0.46945 0.36848000000000003 0.45193000000000005 0.36848000000000003 0.45193000000000005 0.38444 0.46945 0.38444 0.46945 0.36848000000000003
10 0.531205 0.62996 0.474655 0.62996 0.474655 0.66496 0.531205 0.66496 0.531205 0.62996
10 0.52747 0.40645 0.51257 0.40645 0.51257 0.42217000000000005 0.52747 0.42217000000000005 0.52747 0.40645
10 0.50713 0.40730500000000003 0.49385 0.40730500000000003 0.49385 0.421315 0.50713 0.421315 0.50713 0.40730500000000003
10 0.82311 0.4043 0.80677 0.4043 0.80677 0.41308 0.82311 0.41308 0.82311 0.4043
10 0.86478 0.27656000000000003 0.85104 0.27656000000000003 0.85104 0.29278 0.86478 0.29278 0.86478 0.27656000000000003
10 0.8539899999999999 0.312005 0.8383900000000001 0.312005 0.8383900000000001 0.323735 0.8539899999999999 0.323735 0.8539899999999999 0.312005
10 0.719595 0.399135 0.712045 0.399135 0.712045 0.40554500000000004 0.719595 0.40554500000000004 0.719595 0.399135
10 0.41109999999999997 0.3347 0.38724 0.3347 0.38724 0.34792 0.41109999999999997 0.34792 0.41109999999999997 0.3347
10 0.31683500000000003 0.29464999999999997 0.303765 0.29464999999999997 0.303765 0.30643 0.31683500000000003 0.30643 0.31683500000000003 0.29464999999999997
10 0.68933 0.43623 0.67981 0.43623 0.67981 0.44218999999999997 0.68933 0.44218999999999997 0.68933 0.43623
10 0.536435 0.40990000000000004 0.5084850000000001 0.40990000000000004 0.5084850000000001 0.43288000000000004 0.536435 0.43288000000000004 0.536435 0.40990000000000004
10 0.380245 0.33614 0.339475 0.33614 0.339475 0.35624 0.380245 0.35624 0.380245 0.33614
10 0.8764 0.29706 0.85212 0.29706 0.85212 0.3167 0.8764 0.3167 0.8764 0.29706
10 0.540265 0.42805 0.504655 0.42805 0.504655 0.45037000000000005 0.540265 0.45037000000000005 0.540265 0.42805
10 0.87668 0.24989 0.85964 0.24989 0.85964 0.26623 0.87668 0.26623 0.87668 0.24989
10 0.8695700000000001 0.25545 0.85015 0.25545 0.85015 0.28459 0.8695700000000001 0.28459 0.8695700000000001 0.25545
10 0.573955 0.42767499999999997 0.525645 0.42767499999999997 0.525645 0.446845 0.573955 0.446845 0.573955 0.42767499999999997
10 0.79209 0.41065500000000005 0.78017 0.41065500000000005 0.78017 0.423825 0.79209 0.423825 0.79209 0.41065500000000005
10 0.697375 0.308685 0.689345 0.308685 0.689345 0.315835 0.697375 0.315835 0.697375 0.308685
10 0.49156500000000003 0.35745499999999997 0.437155 0.35745499999999997 0.437155 0.402805 0.49156500000000003 0.402805 0.49156500000000003 0.35745499999999997
10 0.84088 0.36252 0.82416 0.36252 0.82416 0.38016 0.84088 0.38016 0.84088 0.36252
10 0.909365 0.18929 0.8699350000000001 0.18929 0.8699350000000001 0.20840999999999998 0.909365 0.20840999999999998 0.909365 0.18929
10 0.98187 0.57926 0.97223 0.57926 0.97223 0.5877399999999999 0.98187 0.5877399999999999 0.98187 0.57926
10 0.456065 0.358955 0.438955 0.358955 0.438955 0.37444500000000003 0.456065 0.37444500000000003 0.456065 0.358955
10 0.8296699999999999 0.40591 0.80411 0.40591 0.80411 0.43687 0.8296699999999999 0.43687 0.8296699999999999 0.40591
10 0.54791 0.714275 0.51947 0.714275 0.51947 0.726145 0.54791 0.726145 0.54791 0.714275
10 0.31838500000000003 0.236165 0.303195 0.236165 0.303195 0.242835 0.31838500000000003 0.242835 0.31838500000000003 0.236165
10 0.16557 0.33569499999999997 0.10615000000000001 0.33569499999999997 0.10615000000000001 0.449465 0.16557 0.449465 0.16557 0.33569499999999997
10 0.362665 0.9712400000000001 0.35119500000000003 0.9712400000000001 0.35119500000000003 0.9858 0.362665 0.9858 0.362665 0.9712400000000001
10 0.434025 0.337295 0.372135 0.337295 0.372135 0.359965 0.434025 0.359965 0.434025 0.337295
10 0.6077899999999999 0.4366 0.5758099999999999 0.4366 0.5758099999999999 0.44523999999999997 0.6077899999999999 0.44523999999999997 0.6077899999999999 0.4366
10 0.30978 0.18355 0.28886 0.18355 0.28886 0.23149000000000003 0.30978 0.23149000000000003 0.30978 0.18355
10 0.228205 0.721005 0.200255 0.721005 0.200255 0.731135 0.228205 0.731135 0.228205 0.721005
10 0.30562 0.18707000000000001 0.2979 0.18707000000000001 0.2979 0.20379 0.30562 0.20379 0.30562 0.18707000000000001
10 0.82012 0.177265 0.79024 0.177265 0.79024 0.206515 0.82012 0.206515 0.82012 0.177265
10 0.16670000000000001 0.160195 0.14898 0.160195 0.14898 0.166705 0.16670000000000001 0.166705 0.16670000000000001 0.160195
9 0 0.72 0.047 0.722 0.11299999999999999 0.733 0.16699999999999998 0.728 0.225 0.729 0.306 0.742 0.397 0.738 0.43200000000000005 0.73 0.483 0.725 0.633 0.725 0.852 0.688 0.966 0.64 0.999 0.63 0.999 0.44400000000000006 0.993 0.441 0.9369999999999999 0.44800000000000006 0.9099999999999999 0.446 0.8949999999999999 0.45099999999999996 0.8 0.453 0.753 0.45 0.732 0.45599999999999996 0.716 0.45199999999999996 0.712 0.44699999999999995 0.6980000000000001 0.45599999999999996 0.683 0.457 0.661 0.45099999999999996 0.655 0.45899999999999996 0.643 0.45999999999999996 0.617 0.45999999999999996 0.6085 0.458 0.6 0.45 0.579 0.44800000000000006 0.5660000000000001 0.457 0.54 0.458 0.536 0.45499999999999996 0.5389999999999999 0.43499999999999994 0.516 0.42300000000000004 0.513 0.418 0.504 0.41600000000000004 0.465 0.383 0.45899999999999996 0.373 0.45099999999999996 0.373 0.43 0.363 0.404 0.34500000000000003 0.367 0.351 0.33799999999999997 0.343 0.312 0.29900000000000004 0.296 0.257 0.296 0.23500000000000001 0.29100000000000004 0.23199999999999998 0.28700000000000003 0.221 0.29 0.21600000000000003 0.29500000000000004 0.21600000000000003 0.296 0.211 0.28900000000000003 0.19 0.28300000000000003 0.184 0.284 0.177 0.27799999999999997 0.17099999999999999 0.255 0.16399999999999998 0.227 0.16499999999999998 0.209 0.161 0.142 0.16399999999999998 0.13799999999999998 0.16699999999999998 0.11299999999999999 0.16299999999999998 0.013000000000000001 0.16799999999999998 0 0.16899999999999998 0 0.72
9 0.857 0.24100000000000002 0.8550000000000001 0.288 0.858 0.29500000000000004 0.853 0.311 0.843 0.321 0.8140000000000001 0.43099999999999994 0.857 0.433 0.876 0.429 0.999 0.426 0.999 0.22400000000000003 0.933 0.20099999999999998 0.866 0.185 0.794 0.179 0.7929999999999999 0.194 0.8009999999999999 0.20299999999999999 0.85 0.22599999999999998 0.857 0.24100000000000002