10 0.419995 0.524285 0.394285 0.524285 0.394285 0.547855 0.419995 0.547855 0.419995 0.524285
10 0.6371450000000001 0.39714 0.6128549999999999 0.39714 0.6128549999999999 0.425 0.6371450000000001 0.425 0.6371450000000001 0.39714
10 0.41596 0.34881 0.40162000000000003 0.34881 0.40162000000000003 0.36086999999999997 0.41596 0.36086999999999997 0.41596 0.34881
10 0.23406500000000002 0.539845 0.205375 0.539845 0.205375 0.559075 0.23406500000000002 0.559075 0.23406500000000002 0.539845
10 0.045075 0.584465 0.033605 0.584465 0.033605 0.598155 0.045075 0.598155 0.045075 0.584465
10 0.366485 0.316975 0.351295 0.316975 0.351295 0.329025 0.366485 0.329025 0.366485 0.316975
10 0.374465 0.38079999999999997 0.364295 0.38079999999999997 0.364295 0.39166 0.374465 0.39166 0.374465 0.38079999999999997
10 0.6914100000000001 0.5786 0.65235 0.5786 0.65235 0.60694 0.6914100000000001 0.60694 0.6914100000000001 0.5786
10 0.668835 0.485095 0.648545 0.485095 0.648545 0.510025 0.668835 0.510025 0.668835 0.485095
10 0.464105 0.39971 0.448975 0.39971 0.448975 0.41376999999999997 0.464105 0.41376999999999997 0.464105 0.39971
10 0.585125 0.544765 0.574055 0.544765 0.574055 0.552895 0.585125 0.552895 0.585125 0.544765
10 0.41952 0.64811 0.40324 0.64811 0.40324 0.66341 0.41952 0.66341 0.41952 0.64811
10 0.53603 0.679745 0.52939 0.679745 0.52939 0.687435 0.53603 0.687435 0.53603 0.679745
10 0.086705 0.46743499999999993 0.049655 0.46743499999999993 0.049655 0.5130250000000001 0.086705 0.5130250000000001 0.086705 0.46743499999999993
10 0.6103799999999999 0.62847 0.5820000000000001 0.62847 0.5820000000000001 0.6478900000000001 0.6103799999999999 0.6478900000000001 0.6103799999999999 0.62847
10 0.795005 0.518435 0.787995 0.518435 0.787995 0.529425 0.795005 0.529425 0.795005 0.518435
10 0.684335 0.373205 0.676985 0.373205 0.676985 0.383135 0.684335 0.383135 0.684335 0.373205
10 0.544435 0.5320750000000001 0.532705 0.5320750000000001 0.532705 0.541165 0.544435 0.541165 0.544435 0.5320750000000001
10 0.742675 0.552475 0.726085 0.552475 0.726085 0.559825 0.742675 0.559825 0.742675 0.552475
10 0.150735 0.436085 0.13222499999999998 0.436085 0.13222499999999998 0.457955 0.150735 0.457955 0.150735 0.436085
10 0.47343 0.46203500000000003 0.43623 0.46203500000000003 0.43623 0.505245 0.47343 0.505245 0.47343 0.46203500000000003
10 0.95877 0.534975 0.9494300000000001 0.534975 0.9494300000000001 0.5451050000000001 0.95877 0.5451050000000001 0.95877 0.534975
10 0.14593499999999998 0.46826 0.10992500000000001 0.46826 0.10992500000000001 0.5224599999999999 0.14593499999999998 0.5224599999999999 0.14593499999999998 0.46826
10 0.166635 0.47411000000000003 0.152945 0.47411000000000003 0.152945 0.48195 0.166635 0.48195 0.166635 0.47411000000000003
10 0.59965 0.6043350000000001 0.59371 0.6043350000000001 0.59371 0.611485 0.59965 0.611485 0.59965 0.6043350000000001
10 0.87338 0.42351 0.85122 0.42351 0.85122 0.44075 0.87338 0.44075 0.87338 0.42351
10 0.47546499999999997 0.29573 0.38293499999999997 0.29573 0.38293499999999997 0.32439 0.47546499999999997 0.32439 0.47546499999999997 0.29573
10 0.04213 0.454165 0.026350000000000002 0.454165 0.026350000000000002 0.461855 0.04213 0.461855 0.04213 0.454165
10 0.836505 0.531785 0.827555 0.531785 0.827555 0.541455 0.836505 0.541455 0.836505 0.531785
10 0.09891 0.43987499999999996 0.08713 0.43987499999999996 0.08713 0.452705 0.09891 0.452705 0.09891 0.43987499999999996
10 0.189725 0.46329000000000004 0.180635 0.46329000000000004 0.180635 0.46882999999999997 0.189725 0.46882999999999997 0.189725 0.46329000000000004
10 0.76295 0.52635 0.7546299999999999 0.52635 0.7546299999999999 0.53323 0.76295 0.53323 0.76295 0.52635
10 0.43486 0.51911 0.42695999999999995 0.51911 0.42695999999999995 0.5287499999999999 0.43486 0.5287499999999999 0.43486 0.51911
10 0.9600899999999999 0.510455 0.95397 0.510455 0.95397 0.515905 0.9600899999999999 0.515905 0.9600899999999999 0.510455
10 0.761545 0.632365 0.756035 0.632365 0.756035 0.6371749999999999 0.761545 0.6371749999999999 0.761545 0.632365
10 0.80525 0.68486 0.79827 0.68486 0.79827 0.69112 0.80525 0.69112 0.80525 0.68486
10 0.07400999999999999 0.446035 0.06563 0.446035 0.06563 0.451905 0.07400999999999999 0.451905 0.07400999999999999 0.446035
10 1 0.457275 0.9978999999999999 0.457275 0.9978999999999999 0.467525 1 0.467525 1 0.457275
10 0.15911999999999998 0.470275 0.14678 0.470275 0.14678 0.47796500000000003 0.15911999999999998 0.47796500000000003 0.15911999999999998 0.470275
10 0.114735 0.46541499999999997 0.102065 0.46541499999999997 0.102065 0.47208500000000003 0.114735 0.47208500000000003 0.114735 0.46541499999999997
10 0.41894 0.62004 0.4126 0.62004 0.4126 0.62508 0.41894 0.62508 0.41894 0.62004
10 0.00877 0.55625 0.00279 0.55625 0.00279 0.56191 0.00877 0.56191 0.00877 0.55625
10 0.61336 0.640885 0.59464 0.640885 0.59464 0.659895 0.61336 0.659895 0.61336 0.640885
10 0.46865500000000004 0.494615 0.404385 0.494615 0.404385 0.518085 0.46865500000000004 0.518085 0.46865500000000004 0.494615
10 0.815895 0.5472400000000001 0.8061849999999999 0.5472400000000001 0.8061849999999999 0.55334 0.815895 0.55334 0.815895 0.5472400000000001
10 0.45278999999999997 0.67843 0.41489000000000004 0.67843 0.41489000000000004 0.7053499999999999 0.45278999999999997 0.7053499999999999 0.45278999999999997 0.67843
10 0.218465 0.486505 0.21049500000000002 0.486505 0.21049500000000002 0.49299499999999996 0.218465 0.49299499999999996 0.218465 0.486505
10 0.20719500000000002 0.46383 0.196125 0.46383 0.196125 0.47221 0.20719500000000002 0.47221 0.20719500000000002 0.46383
10 0.707325 0.514985 0.6998949999999999 0.514985 0.6998949999999999 0.521155 0.707325 0.521155 0.707325 0.514985
10 0.779045 0.532395 0.769775 0.532395 0.769775 0.538885 0.779045 0.538885 0.779045 0.532395
10 0.8070499999999999 0.42990000000000006 0.78865 0.42990000000000006 0.78865 0.44753999999999994 0.8070499999999999 0.44753999999999994 0.8070499999999999 0.42990000000000006
10 0.984005 0.35550000000000004 0.854855 0.35550000000000004 0.854855 0.42135999999999996 0.984005 0.42135999999999996 0.984005 0.35550000000000004
10 0.01993 0.43550500000000003 0.01151 0.43550500000000003 0.01151 0.44095500000000004 0.01993 0.44095500000000004 0.01993 0.43550500000000003
10 0.370825 0.502825 0.352315 0.502825 0.352315 0.511815 0.370825 0.511815 0.370825 0.502825
10 0.89437 0.6699550000000001 0.8888299999999999 0.6699550000000001 0.8888299999999999 0.676725 0.89437 0.676725 0.89437 0.6699550000000001
10 0.660975 0.684485 0.636885 0.684485 0.636885 0.704195 0.660975 0.704195 0.660975 0.684485
10 0.48678499999999997 0.714175 0.454615 0.714175 0.454615 0.724305 0.48678499999999997 0.724305 0.48678499999999997 0.714175
10 0.5047699999999999 0.30996999999999997 0.48205 0.30996999999999997 0.48205 0.37851 0.5047699999999999 0.37851 0.5047699999999999 0.30996999999999997
10 0.5042150000000001 0.6601950000000001 0.48504500000000006 0.6601950000000001 0.48504500000000006 0.676725 0.5042150000000001 0.676725 0.5042150000000001 0.6601950000000001
10 0.81881 0.542465 0.8071699999999999 0.542465 0.8071699999999999 0.548355 0.81881 0.548355 0.81881 0.542465
10 0.15041 0.427525 0.14475 0.427525 0.14475 0.434295 0.15041 0.434295 0.15041 0.427525
10 0.258215 0.489505 0.24568500000000001 0.489505 0.24568500000000001 0.49731500000000006 0.258215 0.49731500000000006 0.258215 0.489505
10 0.380135 0.503035 0.36546500000000004 0.503035 0.36546500000000004 0.513565 0.380135 0.513565 0.380135 0.503035
10 0.40866499999999994 0.283435 0.396515 0.283435 0.396515 0.29078499999999996 0.40866499999999994 0.29078499999999996 0.40866499999999994 0.283435
10 0.24437000000000003 0.59977 0.23317000000000002 0.59977 0.23317000000000002 0.61507 0.24437000000000003 0.61507 0.24437000000000003 0.59977
10 0.923085 0.64737 0.900155 0.64737 0.900155 0.66415 0.923085 0.66415 0.923085 0.64737
10 0.82607 0.535315 0.8174899999999999 0.535315 0.8174899999999999 0.5408649999999999 0.82607 0.5408649999999999 0.82607 0.535315
10 0.26488 0.38502000000000003 0.25368 0.38502000000000003 0.25368 0.39038 0.26488 0.39038 0.26488 0.38502000000000003
10 0.62393 0.727655 0.61729 0.727655 0.61729 0.734265 0.62393 0.734265 0.62393 0.727655
10 0.9545049999999999 0.549915 0.9429550000000001 0.549915 0.9429550000000001 0.5565249999999999 0.9545049999999999 0.5565249999999999 0.9545049999999999 0.549915
10 0.631695 0.520735 0.623185 0.520735 0.623185 0.526145 0.631695 0.526145 0.631695 0.520735
10 0.91342 0.54095 0.9010400000000001 0.54095 0.9010400000000001 0.5498700000000001 0.91342 0.5498700000000001 0.91342 0.54095
10 0.30899 0.380925 0.24277 0.380925 0.24277 0.39593500000000004 0.30899 0.39593500000000004 0.30899 0.380925
10 0.79089 0.353215 0.69055 0.353215 0.69055 0.41632499999999995 0.79089 0.41632499999999995 0.79089 0.353215
9 0 0.638 0.009 0.643 0.161 0.689 0.229 0.696 0.261 0.705 0.5730000000000001 0.727 0.635 0.721 0.689 0.71 0.8800000000000001 0.653 0.999 0.625 0.999 0.358 0.942 0.352 0.873 0.356 0.8140000000000001 0.354 0.724 0.33599999999999997 0.613 0.325 0.518 0.307 0.409 0.301 0.176 0.275 0.068 0.27 0.004 0.272 0 0.273 0 0.638