10 0.639555 0.5597000000000001 0.592905 0.5597000000000001 0.592905 0.59914 0.639555 0.59914 0.639555 0.5597000000000001
10 0.6735450000000001 0.551615 0.6438349999999999 0.551615 0.6438349999999999 0.575345 0.6735450000000001 0.575345 0.6735450000000001 0.551615
10 0.83269 0.54597 0.80989 0.54597 0.80989 0.56829 0.83269 0.56829 0.83269 0.54597
10 0.33182 0.577185 0.30782 0.577185 0.30782 0.598595 0.33182 0.598595 0.33182 0.577185
10 0.294325 0.40368000000000004 0.268655 0.40368000000000004 0.268655 0.4264 0.294325 0.4264 0.294325 0.40368000000000004
10 0.09466 0.6300749999999999 0.07832 0.6300749999999999 0.07832 0.6453249999999999 0.09466 0.6453249999999999 0.09466 0.6300749999999999
10 0.296625 0.48929 0.281495 0.48929 0.281495 0.50827 0.296625 0.50827 0.296625 0.48929
10 0.15046500000000002 0.654705 0.14005499999999999 0.654705 0.14005499999999999 0.666575 0.15046500000000002 0.666575 0.15046500000000002 0.654705
10 0.57004 0.61909 0.54128 0.61909 0.54128 0.64067 0.57004 0.64067 0.57004 0.61909
10 0.84765 0.2686 0.82617 0.2686 0.82617 0.28902 0.84765 0.28902 0.84765 0.2686
10 0.619915 0.43718500000000005 0.582225 0.43718500000000005 0.582225 0.46809500000000004 0.619915 0.46809500000000004 0.619915 0.43718500000000005
10 0.21279499999999998 0.26554 0.19272499999999998 0.26554 0.19272499999999998 0.27792 0.21279499999999998 0.27792 0.21279499999999998 0.26554
10 0.344965 0.653425 0.334235 0.653425 0.334235 0.663955 0.344965 0.663955 0.344965 0.653425
10 0.8567899999999999 0.45431 0.83949 0.45431 0.83949 0.47293 0.8567899999999999 0.47293 0.8567899999999999 0.45431
10 0.23052999999999998 0.31866500000000003 0.21892999999999999 0.31866500000000003 0.21892999999999999 0.331735 0.23052999999999998 0.331735 0.23052999999999998 0.31866500000000003
10 0.750305 0.54328 0.692075 0.54328 0.692075 0.5953999999999999 0.750305 0.5953999999999999 0.750305 0.54328
10 0.09939 0.21703 0.07823 0.21703 0.07823 0.22951000000000002 0.09939 0.22951000000000002 0.09939 0.21703
10 0.36258 0.50893 0.35324 0.50893 0.35324 0.51841 0.36258 0.51841 0.36258 0.50893
10 0.9831799999999999 0.30402999999999997 0.96214 0.30402999999999997 0.96214 0.31999 0.9831799999999999 0.31999 0.9831799999999999 0.30402999999999997
10 0.0236 0.66155 0.00608 0.66155 0.00608 0.67927 0.0236 0.67927 0.0236 0.66155
10 0.59123 0.46859 0.5650299999999999 0.46859 0.5650299999999999 0.49381 0.59123 0.49381 0.59123 0.46859
10 0.080965 0.29169 0.009735 0.29169 0.009735 0.40119 0.080965 0.40119 0.080965 0.29169
10 0.922635 0.52216 0.8937649999999999 0.52216 0.8937649999999999 0.54816 0.922635 0.54816 0.922635 0.52216
10 0.89033 0.35797500000000004 0.8713900000000001 0.35797500000000004 0.8713900000000001 0.370545 0.89033 0.370545 0.89033 0.35797500000000004
10 0.065585 0.23579 0.055255 0.23579 0.055255 0.24467 0.065585 0.24467 0.065585 0.23579
10 0.19982 0.655775 0.1869 0.655775 0.1869 0.667465 0.19982 0.667465 0.19982 0.655775
10 0.913905 0.31271499999999997 0.862455 0.31271499999999997 0.862455 0.362585 0.913905 0.362585 0.913905 0.31271499999999997
10 0.11209 0.47643500000000005 0.045129999999999997 0.47643500000000005 0.045129999999999997 0.5382049999999999 0.11209 0.5382049999999999 0.11209 0.47643500000000005
10 0.77324 0.43692000000000003 0.74336 0.43692000000000003 0.74336 0.46982 0.77324 0.46982 0.77324 0.43692000000000003
10 0.97698 0.333385 0.96248 0.333385 0.96248 0.347775 0.97698 0.347775 0.97698 0.333385
10 0.362005 0.63586 0.322575 0.63586 0.322575 0.66688 0.362005 0.66688 0.362005 0.63586
10 0.14079 0.48461 0.13215 0.48461 0.13215 0.49245 0.14079 0.49245 0.14079 0.48461
10 0.41720499999999994 0.60016 0.384555 0.60016 0.384555 0.63226 0.41720499999999994 0.63226 0.41720499999999994 0.60016
10 0.17613 0.622875 0.16151 0.622875 0.16151 0.636885 0.17613 0.636885 0.17613 0.622875
10 0.20728 0.56637 0.16846 0.56637 0.16846 0.6015900000000001 0.20728 0.6015900000000001 0.20728 0.56637
10 0.44032 0.345005 0.39854 0.345005 0.39854 0.372275 0.44032 0.372275 0.44032 0.345005
10 0.27427 0.22195499999999999 0.25503 0.22195499999999999 0.25503 0.235805 0.27427 0.235805 0.27427 0.22195499999999999
10 0.36923 0.656345 0.31631 0.656345 0.31631 0.692295 0.36923 0.692295 0.36923 0.656345
10 0.46792999999999996 0.41559 0.45101 0.41559 0.45101 0.42718999999999996 0.46792999999999996 0.42718999999999996 0.46792999999999996 0.41559
10 0.574045 0.5163800000000001 0.543135 0.5163800000000001 0.543135 0.53342 0.574045 0.53342 0.574045 0.5163800000000001
10 0.8492000000000001 0.498285 0.79924 0.498285 0.79924 0.544675 0.8492000000000001 0.544675 0.8492000000000001 0.498285
10 0.61516 0.54633 0.57234 0.54633 0.57234 0.5767100000000001 0.61516 0.5767100000000001 0.61516 0.54633
10 0.344245 0.41939000000000004 0.33299500000000004 0.41939000000000004 0.33299500000000004 0.43021000000000004 0.344245 0.43021000000000004 0.344245 0.41939000000000004
10 0.025185000000000003 0.5102800000000001 0.017395 0.5102800000000001 0.017395 0.51804 0.025185000000000003 0.51804 0.025185000000000003 0.5102800000000001
10 0.149945 0.44882999999999995 0.137655 0.44882999999999995 0.137655 0.45838999999999996 0.149945 0.45838999999999996 0.149945 0.44882999999999995
10 0.632565 0.20937 0.5930150000000001 0.20937 0.5930150000000001 0.23813 0.632565 0.23813 0.632565 0.20937
10 0.75462 0.343445 0.72682 0.343445 0.72682 0.375795 0.75462 0.375795 0.75462 0.343445
10 0.07061500000000001 0.4643 0.059625 0.4643 0.059625 0.47515999999999997 0.07061500000000001 0.47515999999999997 0.07061500000000001 0.4643
10 0.18983 0.507235 0.18225 0.507235 0.18225 0.5142450000000001 0.18983 0.5142450000000001 0.18983 0.507235
10 0.8858650000000001 0.38792 0.8416750000000001 0.38792 0.8416750000000001 0.41773999999999994 0.8858650000000001 0.41773999999999994 0.8858650000000001 0.38792
10 0.95078 0.368655 0.9359400000000001 0.368655 0.9359400000000001 0.38182499999999997 0.95078 0.38182499999999997 0.95078 0.368655
10 0.39165 0.38309000000000004 0.35201 0.38309000000000004 0.35201 0.41623 0.39165 0.41623 0.39165 0.38309000000000004
10 0.991085 0.359175 0.950315 0.359175 0.950315 0.388385 0.991085 0.388385 0.991085 0.359175
10 0.2779 0.63112 0.26556 0.63112 0.26556 0.64232 0.2779 0.64232 0.2779 0.63112
10 0.455585 0.439365 0.44529500000000005 0.439365 0.44529500000000005 0.448815 0.455585 0.448815 0.455585 0.439365
10 0.675115 0.44237000000000004 0.6530050000000001 0.44237000000000004 0.6530050000000001 0.46143 0.675115 0.46143 0.675115 0.44237000000000004
10 0.192125 0.345645 0.13527499999999998 0.345645 0.13527499999999998 0.428775 0.192125 0.428775 0.192125 0.345645
10 0.60438 0.36755 0.56944 0.36755 0.56944 0.40979 0.60438 0.40979 0.60438 0.36755
10 0.968445 0.46363000000000004 0.961235 0.46363000000000004 0.961235 0.47095000000000004 0.968445 0.47095000000000004 0.968445 0.46363000000000004
10 0.15993 0.35868500000000003 0.14915 0.35868500000000003 0.14915 0.36885500000000004 0.15993 0.36885500000000004 0.15993 0.35868500000000003
10 0.721765 0.43169 0.700115 0.43169 0.700115 0.45942999999999995 0.721765 0.45942999999999995 0.721765 0.43169
10 0.43522999999999995 0.35057499999999997 0.39095 0.35057499999999997 0.39095 0.40968499999999997 0.43522999999999995 0.40968499999999997 0.43522999999999995 0.35057499999999997
10 0.76296 0.38625 0.7468 0.38625 0.7468 0.39744999999999997 0.76296 0.39744999999999997 0.76296 0.38625
10 0.49671000000000004 0.44787499999999997 0.33533 0.44787499999999997 0.33533 0.580445 0.49671000000000004 0.580445 0.49671000000000004 0.44787499999999997
10 0.24272 0.34602499999999997 0.23359999999999997 0.34602499999999997 0.23359999999999997 0.356115 0.24272 0.356115 0.24272 0.34602499999999997
10 0.6513950000000001 0.29251499999999997 0.5800449999999999 0.29251499999999997 0.5800449999999999 0.399385 0.6513950000000001 0.399385 0.6513950000000001 0.29251499999999997
10 0.321725 0.43327499999999997 0.298395 0.43327499999999997 0.298395 0.443685 0.321725 0.443685 0.321725 0.43327499999999997
10 0.54278 0.377085 0.52656 0.377085 0.52656 0.392455 0.54278 0.392455 0.54278 0.377085
10 0.5210600000000001 0.35722 0.4809 0.35722 0.4809 0.41181999999999996 0.5210600000000001 0.41181999999999996 0.5210600000000001 0.35722
10 0.31313 0.37966500000000003 0.28257 0.37966500000000003 0.28257 0.42159500000000005 0.31313 0.42159500000000005 0.31313 0.37966500000000003
10 0.500895 0.34241 0.492765 0.34241 0.492765 0.35047 0.500895 0.35047 0.500895 0.34241
10 0.38751 0.20375000000000001 0.19501 0.20375000000000001 0.19501 0.26231 0.38751 0.26231 0.38751 0.20375000000000001
10 0.645965 0.305465 0.629435 0.305465 0.629435 0.334675 0.645965 0.334675 0.645965 0.305465
10 0.19397 0.31389999999999996 0.18519000000000002 0.31389999999999996 0.18519000000000002 0.32136 0.19397 0.32136 0.19397 0.31389999999999996
10 0.790135 0.387625 0.763585 0.387625 0.763585 0.400455 0.790135 0.400455 0.790135 0.387625
10 0.57962 0.416855 0.54636 0.416855 0.54636 0.430805 0.57962 0.430805 0.57962 0.416855
10 0.99176 0.3724 0.9516 0.3724 0.9516 0.43472 0.99176 0.43472 0.99176 0.3724
10 0.740465 0.408505 0.704855 0.408505 0.704855 0.462095 0.740465 0.462095 0.740465 0.408505
10 0.5716249999999999 0.243105 0.45767499999999994 0.243105 0.45767499999999994 0.321355 0.5716249999999999 0.321355 0.5716249999999999 0.243105
10 0.832895 0.381845 0.8126049999999999 0.381845 0.8126049999999999 0.394035 0.832895 0.394035 0.832895 0.381845
10 0.838805 0.37964000000000003 0.7578750000000001 0.37964000000000003 0.7578750000000001 0.4021 0.838805 0.4021 0.838805 0.37964000000000003
10 0.701755 0.42041000000000006 0.670325 0.42041000000000006 0.670325 0.45361 0.701755 0.45361 0.701755 0.42041000000000006
10 0.27026500000000003 0.6757299999999999 0.016355 0.6757299999999999 0.016355 0.73637 0.27026500000000003 0.73637 0.27026500000000003 0.6757299999999999
10 0.999995 0.41537499999999994 0.9562649999999999 0.41537499999999994 0.9562649999999999 0.503085 0.999995 0.503085 0.999995 0.41537499999999994
10 0.226565 0.318265 0.176515 0.318265 0.176515 0.43221499999999996 0.226565 0.43221499999999996 0.226565 0.318265
10 0.24586000000000002 0.34402499999999997 0.22534 0.34402499999999997 0.22534 0.425995 0.24586000000000002 0.425995 0.24586000000000002 0.34402499999999997
9 0 0.734 0.213 0.734 0.288 0.726 0.32999999999999996 0.713 0.372 0.709 0.445 0.693 0.622 0.638 0.708 0.631 0.8310000000000001 0.606 0.9109999999999999 0.581 0.999 0.5469999999999999 0.999 0.242 0.9039999999999999 0.225 0.885 0.217 0.755 0.196 0.6759999999999999 0.196 0.606 0.20099999999999998 0.404 0.22200000000000003 0.314 0.207 0.154 0.21400000000000002 0.008 0.21400000000000002 0 0.215 0 0.734